8.899641366532215839e-03 7.679422551081730489e+03 1.300000000000000000e+01
1.507912288335236557e-02 9.095232421875000000e+03 3.300000000000000000e+01
2.144790238028840279e-02 8.851914037776898112e+03 7.900000000000000000e+01
2.783660839001337803e-02 7.854999048477564429e+03 1.170000000000000000e+02
3.435099897224728333e-02 6.668674294969512630e+03 2.050000000000000000e+02
4.047886852888350762e-02 5.705748533078457513e+03 2.350000000000000000e+02
4.676716823161133213e-02 4.985750972592733888e+03 3.690000000000000000e+02
5.308225183095997834e-02 4.495283181699263878e+03 4.330000000000000000e+02
5.945362628270418198e-02 4.153607517027243375e+03 5.850000000000000000e+02
6.576224888327897311e-02 3.867138383508606239e+03 6.790000000000000000e+02
7.196633099849814030e-02 3.570120605468750000e+03 8.130000000000000000e+02
7.827861083643085360e-02 3.228405573098429613e+03 9.850000000000000000e+02
8.470399068733039383e-02 2.858019566539980588e+03 1.183000000000000000e+03
9.096854837087310630e-02 2.513571770417775042e+03 1.269000000000000000e+03
9.720789911631415314e-02 2.222415145963372197e+03 1.537000000000000000e+03
1.034763067582125246e-01 1.998848107311989452e+03 1.653000000000000000e+03
1.097576477722859295e-01 1.842744015134480151e+03 1.963000000000000000e+03
1.160543097296395099e-01 1.735972809744353299e+03 2.121000000000000000e+03
1.223669711375355018e-01 1.653847901655340138e+03 2.413000000000000000e+03
1.286817294313966353e-01 1.573506482697980800e+03 2.635000000000000000e+03
1.349500825432468076e-01 1.481175034317159771e+03 2.877000000000000000e+03
1.411949598984825194e-01 1.373978607919246997e+03 3.169000000000000000e+03
1.475133603331979515e-01 1.257334810464172051e+03 3.507000000000000000e+03
1.537865113128315253e-01 1.145637573639702850e+03 3.685000000000000000e+03
1.600657585574513098e-01 1.048526428764865386e+03 4.165000000000000000e+03
1.663991183124232387e-01 9.710266742039576684e+02 4.377000000000000000e+03
1.727195676550437875e-01 9.139472175511714340e+02 4.855000000000000000e+03
1.789765243151531793e-01 8.724823405938545875e+02 4.929000000000000000e+03
1.852353737358977681e-01 8.388351894064928729e+02 5.581000000000000000e+03
1.914806840710078228e-01 8.059637065550919033e+02 5.679000000000000000e+03
1.977889912499052050e-01 7.689424581768182634e+02 6.385000000000000000e+03
2.040937762760341168e-01 7.270245165639336165e+02 6.553000000000000000e+03
2.103939340553785675e-01 6.820021739309210034e+02 7.125000000000000000e+03
2.166909768415070381e-01 6.374079779333854958e+02 7.447000000000000000e+03
2.229700342773534294e-01 5.969625466065654109e+02 7.929000000000000000e+03
2.292620082907971812e-01 5.623414807387573546e+02 8.353000000000000000e+03
2.355141554174260132e-01 5.345069131860977905e+02 8.775000000000000000e+03
2.417910667859329010e-01 5.125148517809760733e+02 9.313000000000000000e+03
2.480856600621526575e-01 4.936583441428180663e+02 9.841000000000000000e+03
2.543492296933776986e-01 4.760077940385272086e+02 1.019100000000000000e+04
2.606334330713551140e-01 4.578762351175486742e+02 1.089700000000000000e+04
2.669257423685943431e-01 4.384672294193406401e+02 1.130100000000000000e+04
2.732423402688111680e-01 4.180374662365189806e+02 1.202500000000000000e+04
2.795529764247268734e-01 3.975901814184163641e+02 1.242300000000000000e+04
2.858366371208178047e-01 3.780911206977175425e+02 1.302100000000000000e+04
2.920876345653135586e-01 3.606792953428604847e+02 1.340500000000000000e+04
2.983449910233763047e-01 3.453570308400144313e+02 1.424700000000000000e+04
3.046382692007175153e-01 3.320206256369426683e+02 1.471300000000000000e+04
3.109279206077096291e-01 3.204740570145199854e+02 1.548900000000000000e+04
3.172168249548444341e-01 3.096697909349709903e+02 1.591300000000000000e+04
3.235187638557397438e-01 2.991969541319950849e+02 1.687900000000000000e+04
3.298168281540781455e-01 2.886441467157356442e+02 1.719300000000000000e+04
3.361176499784954697e-01 2.779013707288635260e+02 1.815700000000000000e+04
3.423700432242688940e-01 2.672930693686466839e+02 1.833900000000000000e+04
3.486478282721584554e-01 2.569275954547683796e+02 1.957300000000000000e+04
3.549411678217364030e-01 2.471330500545762732e+02 1.994100000000000000e+04
3.611917028618862324e-01 2.381758601816321459e+02 2.062900000000000000e+04
3.674767166795864792e-01 2.299762487664725938e+02 2.165500000000000000e+04
3.737647869486350194e-01 2.224596292456654112e+02 2.211300000000000000e+04
3.800654123961629827e-01 2.155012546693145055e+02 2.318500000000000000e+04
3.863539965316843960e-01 2.088411549730043362e+02 2.366700000000000000e+04
3.926140268183350712e-01 2.024176061421015618e+02 2.438500000000000000e+04
3.989264585714052402e-01 1.960142473853941283e+02 2.574900000000000000e+04
4.052073321741767042e-01 1.897621250064185006e+02 2.567500000000000000e+04
4.114916561031216058e-01 1.835891606251088604e+02 2.740900000000000000e+04
4.177814351677177074e-01 1.777609742380193438e+02 2.740500000000000000e+04
4.240400734774502078e-01 1.721635640529543991e+02 2.871700000000000000e+04
4.303425767158289839e-01 1.669004542927420687e+02 2.959500000000000000e+04
4.366358654408017403e-01 1.619992331291463756e+02 3.030100000000000000e+04
4.428996297022272377e-01 1.573198181649833032e+02 3.110100000000000000e+04
4.491634546846772214e-01 1.529415042935448810e+02 3.202300000000000000e+04
4.554414216830138806e-01 1.486832113877057679e+02 3.297700000000000000e+04
4.617634586244367401e-01 1.445173357982082507e+02 3.444900000000000000e+04
4.680644339618229011e-01 1.404817867496016390e+02 3.454900000000000000e+04
4.743485343043289393e-01 1.365715611207383233e+02 3.611100000000000000e+04
4.806356229933411717e-01 1.327488876688947244e+02 3.654100000000000000e+04
4.869019348941476255e-01 1.291301516498940316e+02 3.771700000000000000e+04
4.931697216584374210e-01 1.256443248337765084e+02 3.861900000000000000e+04
4.994506893203705666e-01 1.222568998498619237e+02 3.966100000000000000e+04
5.057159170899795386e-01 1.191184756342146613e+02 4.054500000000000000e+04
5.119924112995831722e-01 1.160624896326718414e+02 4.181500000000000000e+04
5.183126200344251311e-01 1.130621042788298212e+02 4.312500000000000000e+04
5.246089766776097507e-01 1.102593449365770368e+02 4.368100000000000000e+04
5.308757393302815375e-01 1.075090842030862461e+02 4.462900000000000000e+04
5.371573631137898097e-01 1.048069994862890866e+02 4.622700000000000000e+04
5.434579693678205370e-01 1.022465990496676937e+02 4.690900000000000000e+04
5.497430800183124022e-01 9.973597862100830014e+01 4.823700000000000000e+04
5.559937532006536953e-01 9.729409258652667347e+01 4.858300000000000000e+04
5.622854803132901758e-01 9.498790599365881349e+01 5.099700000000000000e+04
5.686011663807025718e-01 9.272937723045453140e+01 5.139700000000000000e+04
5.748804726504169738e-01 9.053456176523503984e+01 5.248900000000000000e+04
5.811550348899043872e-01 8.846115187751820486e+01 5.378700000000000000e+04
5.874394618980551819e-01 8.643649830008092749e+01 5.491300000000000000e+04
5.937176309436124066e-01 8.446713747375871151e+01 5.597700000000000000e+04
5.999972067258815267e-01 8.256581145129344179e+01 5.741500000000000000e+04
6.062679241142834297e-01 8.071338968023397342e+01 5.810500000000000000e+04
6.125469718145756248e-01 7.893165261867812887e+01 6.003300000000000000e+04
6.188477867230408602e-01 7.717999663336772187e+01 6.094900000000000000e+04
6.251310732428440042e-01 7.548284864703785502e+01 6.223500000000000000e+04
6.314027615222762568e-01 7.385650066334767416e+01 6.322900000000000000e+04
6.377003718199972804e-01 7.227596994628174798e+01 6.513300000000000000e+04
6.439857930550499931e-01 7.073656077781690499e+01 6.570700000000000000e+04
6.502685530156656624e-01 6.922609480075850286e+01 6.756100000000000000e+04
6.565586246988928121e-01 6.780234233437728619e+01 6.850500000000000000e+04
6.628369424596141091e-01 6.640168710197605151e+01 6.994300000000000000e+04
6.691185559465481214e-01 6.502028227067707178e+01 7.109700000000000000e+04
6.754070310799917820e-01 6.368033924834941928e+01 7.302100000000000000e+04
6.816835621456999172e-01 6.242121493062750659e+01 7.331700000000000000e+04
6.879592682977492268e-01 6.117092824245509064e+01 7.579900000000000000e+04
6.942344479254694001e-01 5.992955142342943020e+01 7.602100000000000000e+04
7.005175563849601605e-01 5.874438084877039756e+01 7.875300000000000000e+04
7.068125114371639484e-01 5.761481454507685385e+01 7.929100000000000000e+04
7.131019140896182051e-01 5.649674529445306348e+01 8.112900000000000000e+04
7.193918372712783116e-01 5.538765382937351234e+01 8.244100000000000000e+04
7.256833943957551325e-01 5.432764642896285068e+01 8.394900000000000000e+04
7.319652850879165840e-01 5.331046829890464522e+01 8.512300000000000000e+04
7.382508135613710110e-01 5.230804207142072215e+01 8.692900000000000000e+04
7.445266028199800656e-01 5.132156967368010214e+01 8.778900000000000000e+04
7.507871253111656484e-01 5.036838152965574267e+01 8.962300000000000000e+04
7.570758611164480900e-01 4.944923900860214871e+01 9.134100000000000000e+04
7.633641360200108528e-01 4.854366851417138662e+01 9.284500000000000000e+04
7.696463136717470732e-01 4.766298855521635147e+01 9.408700000000000000e+04
7.759395055689795040e-01 4.679397035471463795e+01 9.633300000000000000e+04
7.822329304664709104e-01 4.596158504946009771e+01 9.724900000000000000e+04
7.885315090900385515e-01 4.513700872864014002e+01 9.950100000000000000e+04
7.947896741918292207e-01 4.435072315632909579e+01 9.928300000000000000e+04
8.010491271689893500e-01 4.357095668315817960e+01 1.025370000000000000e+05
8.073364249441802309e-01 4.281385924992001435e+01 1.034770000000000000e+05
8.136229646920474234e-01 4.206592364345081592e+01 1.057510000000000000e+05
8.199153172706454829e-01 4.134403500413585419e+01 1.068690000000000000e+05
8.261952811458017631e-01 4.064591904189782667e+01 1.086970000000000000e+05
8.324897258535074451e-01 3.995306654775157540e+01 1.105770000000000000e+05
8.387959526007869870e-01 3.927570858814266330e+01 1.125550000000000000e+05
8.450634854070663282e-01 3.860772616975500426e+01 1.125930000000000000e+05
8.513283072836113075e-01 3.797907431356090058e+01 1.155730000000000000e+05
8.576198447667759961e-01 3.735672154581924786e+01 1.172830000000000000e+05
8.639058656535316683e-01 3.674234056773161683e+01 1.185810000000000000e+05
8.701838914466027974e-01 3.613520503603287892e+01 1.206250000000000000e+05
8.764641314096036639e-01 3.553815642094198779e+01 1.219350000000000000e+05
8.827504037439891649e-01 3.498108359915375587e+01 1.244410000000000000e+05
8.890332963462141969e-01 3.442845876001656791e+01 1.255170000000000000e+05
8.953084452997464027e-01 3.388100203827382728e+01 1.273570000000000000e+05
9.015956726019704881e-01 3.333507701034307757e+01 1.298950000000000000e+05
9.078833512098413161e-01 3.279993636753636110e+01 1.307010000000000000e+05
9.141744272906558999e-01 3.230287380262515029e+01 1.339210000000000000e+05
9.204630999074844278e-01 3.180933257385279944e+01 1.341870000000000000e+05
9.267434610459841515e-01 3.132101559494143572e+01 1.371250000000000000e+05
9.330324406249552727e-01 3.083523353497532327e+01 1.384570000000000000e+05
9.393266003063709402e-01 3.035423140037704215e+01 1.409370000000000000e+05
9.455975031471062220e-01 2.990588183879525275e+01 1.413670000000000000e+05
9.518660226057367169e-01 2.946286938362709051e+01 1.443810000000000000e+05
9.581413475697029281e-01 2.902391625610432868e+01 1.455490000000000000e+05
9.644351135439162004e-01 2.859152674577631004e+01 1.491390000000000000e+05
9.707355840191599361e-01 2.815924906055901999e+01 1.496410000000000000e+05
9.770081029620610868e-01 2.774918040978619871e+01 1.518250000000000000e+05
9.832823530967786940e-01 2.735000172333690216e+01 1.534530000000000000e+05
9.895569905468067917e-01 2.695227939157381414e+01 1.558870000000000000e+05
9.958456514499454126e-01 2.656574284022309484e+01 1.581210000000000000e+05
1.002136232779608838e+00 2.618175268924088428e+01 1.598410000000000000e+05
1.008404851598815100e+00 2.580398641750500843e+01 1.611750000000000000e+05
1.014694174576919794e+00 2.544233545379684003e+01 1.646770000000000000e+05
1.020992581151014100e+00 2.508167798837428819e+01 1.660570000000000000e+05
1.027274002250675000e+00 2.472825839289573935e+01 1.677030000000000000e+05
1.033559203584765163e+00 2.438707488489778186e+01 1.702690000000000000e+05
1.039847580169829699e+00 2.404606146084880081e+01 1.722570000000000000e+05
1.046126998403850594e+00 2.371283927218654952e+01 1.736530000000000000e+05
1.052403458101502931e+00 2.338940746786275682e+01 1.766190000000000000e+05
1.058680726296697738e+00 2.306597794445311678e+01 1.775650000000000000e+05
1.064964357561877906e+00 2.275260750653546182e+01 1.812850000000000000e+05
1.071256798566221358e+00 2.244961331040291697e+01 1.825470000000000000e+05
1.077544071354557431e+00 2.214686853060188554e+01 1.849930000000000000e+05
1.083824845094000233e+00 2.185016817655887778e+01 1.867770000000000000e+05
1.090108045700157291e+00 2.155897138784960987e+01 1.890730000000000000e+05
1.096389688798609985e+00 2.126784679329910688e+01 1.914910000000000000e+05
1.102681157973254944e+00 2.098686668843498992e+01 1.938450000000000000e+05
1.108963073020351908e+00 2.071842118983939685e+01 1.951810000000000000e+05
1.115225453612966655e+00 2.045082413036859137e+01 1.973190000000000000e+05
1.121502150378710372e+00 2.018511954391843943e+01 2.002330000000000000e+05
1.127792598432213689e+00 1.992292443942822189e+01 2.030370000000000000e+05
1.134089574740247297e+00 1.966051390959247058e+01 2.048710000000000000e+05
1.140364073342102547e+00 1.940520449041844486e+01 2.062210000000000000e+05
1.146639207245351288e+00 1.916647982971144160e+01 2.095290000000000000e+05
1.152942436437851992e+00 1.892759348354605820e+01 2.125450000000000000e+05
1.159228931282626940e+00 1.868977188777865805e+01 2.132070000000000000e+05
1.165508749916801978e+00 1.845459256210731880e+01 2.165770000000000000e+05
1.171793104463751956e+00 1.821960898348201852e+01 2.181930000000000000e+05
1.178087463769067478e+00 1.798506461134216750e+01 2.221510000000000000e+05
1.184367680775410436e+00 1.776724474749598670e+01 2.216410000000000000e+05
1.190634666438431077e+00 1.755627384907583632e+01 2.261730000000000000e+05
1.196912235146298853e+00 1.734494672583820218e+01 2.269810000000000000e+05
1.203201604007285042e+00 1.713456457839823344e+01 2.319030000000000000e+05
1.209486869999778058e+00 1.692601010083131641e+01 2.314930000000000000e+05
1.215763929540806032e+00 1.671773357618340938e+01 2.360410000000000000e+05
1.222049780172183464e+00 1.651208734810816026e+01 2.372310000000000000e+05
1.228340637371898136e+00 1.632005597646471173e+01 2.409250000000000000e+05
1.234633015923105148e+00 1.612973170352757180e+01 2.427690000000000000e+05
1.240902278141391646e+00 1.594014723213873275e+01 2.437570000000000000e+05
1.247174864338172373e+00 1.575358474473381776e+01 2.479830000000000000e+05
1.253465485011332481e+00 1.556843982576013552e+01 2.502730000000000000e+05
1.259749980798759106e+00 1.538347521333589896e+01 2.523730000000000000e+05
1.266032170905827758e+00 1.520139834630199438e+01 2.554470000000000000e+05
1.272316320759243613e+00 1.502968034763589245e+01 2.570890000000000000e+05
1.278604180880545282e+00 1.485883795736325474e+01 2.612370000000000000e+05
1.284886614385056358e+00 1.468816030842193854e+01 2.616670000000000000e+05
1.291175450242393996e+00 1.452114078844011580e+01 2.668890000000000000e+05
1.297465753684127421e+00 1.435699541506823351e+01 2.670490000000000000e+05
1.303741854869400862e+00 1.419322067148970312e+01 2.705770000000000000e+05
1.310017351600176516e+00 1.403053564306566336e+01 2.726430000000000000e+05
1.316301474270663796e+00 1.387559444434879197e+01 2.762050000000000000e+05
1.322586786137195158e+00 1.372223694646445757e+01 2.781690000000000000e+05
1.328865520948248502e+00 1.356903989500482588e+01 2.808190000000000000e+05
1.335144831823233069e+00 1.341815762760769282e+01 2.836290000000000000e+05
1.341440542598177910e+00 1.327234690013623997e+01 2.877370000000000000e+05
1.347730895708934895e+00 1.312688513032643733e+01 2.882290000000000000e+05
1.354001621712590531e+00 1.298187799406529130e+01 2.915190000000000000e+05
1.360282639593320075e+00 1.284055884884705989e+01 2.946970000000000000e+05
1.366565714589564218e+00 1.270293074623184815e+01 2.968170000000000000e+05
1.372851534424878173e+00 1.256524251942984449e+01 3.007390000000000000e+05
1.379135407129832958e+00 1.242776684272698340e+01 3.019210000000000000e+05
1.385409599148118120e+00 1.229636746012802462e+01 3.054570000000000000e+05
1.391698675215097714e+00 1.216755522918118082e+01 3.088390000000000000e+05
1.397984478543130127e+00 1.203881002623040253e+01 3.106410000000000000e+05
1.404267912261491391e+00 1.191036337263218670e+01 3.144850000000000000e+05
1.410554812563175942e+00 1.178553945760208066e+01 3.161130000000000000e+05
1.416837860492211609e+00 1.166201900632550270e+01 3.202750000000000000e+05
1.423118207853388384e+00 1.153855170848824230e+01 3.211090000000000000e+05
1.429397832052551998e+00 1.141571351218480324e+01 3.261210000000000000e+05
1.435686950784322180e+00 1.129968544164964150e+01 3.277270000000000000e+05
1.441977152768831871e+00 1.118562570511009469e+01 3.318210000000000000e+05
1.448253698195793193e+00 1.107181355952764790e+01 3.324970000000000000e+05
1.454532379242246209e+00 1.095813570597496422e+01 3.373530000000000000e+05
1.460819348021602515e+00 1.084654387255887720e+01 3.395590000000000000e+05
1.467110398447264430e+00 1.073556769104447106e+01 3.433090000000000000e+05
1.473392938716745260e+00 1.062474159501499926e+01 3.447570000000000000e+05
1.479669997165725226e+00 1.051429984564373754e+01 3.487030000000000000e+05
1.485956181246867347e+00 1.041053649611045806e+01 3.512610000000000000e+05
1.492233645368827855e+00 1.030980435467824563e+01 3.540610000000000000e+05
1.498502502070437004e+00 1.020921035623757334e+01 3.561150000000000000e+05
1.504785781106828813e+00 1.010838841524041776e+01 3.616690000000000000e+05
1.511076018870604054e+00 1.000824221505149580e+01 3.628930000000000000e+05
1.517361672018678886e+00 9.908768567181882148e+00 3.671010000000000000e+05
1.523648603665754386e+00 9.809274679520488149e+00 3.694390000000000000e+05
1.529938073783499997e+00 9.709740610234360858e+00 3.732570000000000000e+05
1.536230209894147603e+00 9.613734803914702809e+00 3.759490000000000000e+05
1.542510753688646874e+00 9.524446733852894198e+00 3.780430000000000000e+05
1.548783993959166105e+00 9.435402520857723019e+00 3.811170000000000000e+05
1.555073106620426415e+00 9.346133065491633474e+00 3.864490000000000000e+05
1.561357360437646280e+00 9.257085049235396212e+00 3.863970000000000000e+05
1.567629155977046107e+00 9.169067848042962154e+00 3.913150000000000000e+05
1.573913727838968546e+00 9.081003182041470723e+00 3.943050000000000000e+05
1.580203583051146721e+00 8.992864547183099688e+00 3.980770000000000000e+05
1.586485424495109431e+00 8.904901228732052587e+00 3.999190000000000000e+05
1.592760048351496094e+00 8.821953649628966332e+00 4.031130000000000000e+05
1.599046473644109678e+00 8.741939364405912016e+00 4.082290000000000000e+05
1.605342170892531284e+00 8.661807083572625743e+00 4.103130000000000000e+05
1.611619901400826782e+00 8.581903424281591697e+00 4.126870000000000000e+05
1.617897637173894232e+00 8.502440289061775403e+00 4.165890000000000000e+05
1.624183273274892869e+00 8.424362514708258587e+00 4.199410000000000000e+05
1.630464632448940909e+00 8.346458809106255927e+00 4.229950000000000000e+05
1.636749016518817434e+00 8.268517563204454746e+00 4.264410000000000000e+05
1.643030957649984414e+00 8.190642400672864198e+00 4.296730000000000000e+05
1.649309215673383511e+00 8.116525089810545879e+00 4.319670000000000000e+05
1.655593672372293934e+00 8.044816736518230371e+00 4.375090000000000000e+05
1.661879609228423593e+00 7.973091460811740028e+00 4.387050000000000000e+05
1.668169397756880334e+00 7.901322252711733718e+00 4.445530000000000000e+05
1.674450194602470354e+00 7.829971512621269447e+00 4.443910000000000000e+05
1.680722754511547734e+00 7.760777755230565234e+00 4.497330000000000000e+05
1.687013924332251280e+00 7.691751746442292870e+00 4.541290000000000000e+05
1.693309023567647342e+00 7.622682639761517720e+00 4.569030000000000000e+05
1.699582184529626838e+00 7.553854206082212031e+00 4.575370000000000000e+05
1.705863782629779113e+00 7.486318884344260738e+00 4.652170000000000000e+05
1.712154468807867591e+00 7.421858670428426841e+00 4.655250000000000000e+05
1.718438413236833551e+00 7.357594833202812268e+00 4.712350000000000000e+05
1.724721302022623304e+00 7.293341779019550053e+00 4.721250000000000000e+05
1.730997481727017506e+00 7.229157335530393524e+00 4.769410000000000000e+05
1.737287110698811921e+00 7.166406108223519311e+00 4.815630000000000000e+05
1.743568019711331685e+00 7.105466729627821110e+00 4.820410000000000000e+05
1.749840724610719489e+00 7.044607835712327848e+00 4.876690000000000000e+05
1.756128585426761868e+00 6.983601871562540531e+00 4.911990000000000000e+05
1.762413576290274841e+00 6.922639466314679524e+00 4.940890000000000000e+05
1.768696225545751233e+00 6.863687525800115985e+00 4.983090000000000000e+05
1.774979392258164257e+00 6.806110629879952079e+00 5.007370000000000000e+05
1.781265588076748063e+00 6.748505991678136695e+00 5.063670000000000000e+05
1.787549469556652282e+00 6.690922539649171163e+00 5.070610000000000000e+05
1.793834152714548491e+00 6.633365048487960713e+00 5.140570000000000000e+05
1.800115088640694028e+00 6.578111752700999126e+00 5.135430000000000000e+05
1.806393949240306718e+00 6.524265917133696746e+00 5.205010000000000000e+05
1.812674134744620469e+00 6.470408711357952924e+00 5.215290000000000000e+05
1.818956961763506408e+00 6.416528863914757963e+00 5.276890000000000000e+05
1.825244201089838203e+00 6.362618397520416913e+00 5.300710000000000000e+05
1.831527291831864357e+00 6.310062534534980117e+00 5.339130000000000000e+05
1.837811334526000762e+00 6.258474184664255091e+00 5.375170000000000000e+05
1.844100755274497239e+00 6.206841677972621873e+00 5.425110000000000000e+05
1.850384858444586333e+00 6.155252826549641121e+00 5.438890000000000000e+05
1.856666102272343855e+00 6.103687440038285672e+00 5.492610000000000000e+05
1.862947772291545290e+00 6.053868789480297607e+00 5.513410000000000000e+05
1.869229368732079566e+00 6.006266477038598950e+00 5.569630000000000000e+05
1.875517658880313743e+00 5.958620681238754102e+00 5.600370000000000000e+05
1.881800808623774079e+00 5.911013794956502920e+00 5.631370000000000000e+05
1.888078904859593399e+00 5.863445237006020605e+00 5.669070000000000000e+05
1.894354016602919799e+00 5.816248023489343666e+00 5.701810000000000000e+05
1.900642754540889712e+00 5.769945993772285675e+00 5.770050000000000000e+05
1.906933539732843963e+00 5.723690099021123245e+00 5.780110000000000000e+05
1.913207609481020421e+00 5.677557088163503352e+00 5.814730000000000000e+05
1.919490932642516468e+00 5.631356104019434206e+00 5.877810000000000000e+05
1.925776897892065298e+00 5.585435379832992986e+00 5.891770000000000000e+05
1.932064493267848349e+00 5.542564562549775253e+00 5.961390000000000000e+05
1.938342653881060640e+00 5.500554101039154986e+00 5.949130000000000000e+05
1.944618386308852642e+00 5.458559884469835310e+00 6.033930000000000000e+05
1.950906299252908260e+00 5.416484169516315283e+00 6.053710000000000000e+05
1.957194595870784370e+00 5.374405892385477834e+00 6.107410000000000000e+05
1.963479659683463385e+00 5.332660079454436541e+00 6.131130000000000000e+05
1.969760406545119746e+00 5.291304018892818206e+00 6.172810000000000000e+05
1.976048408206027229e+00 5.249900668264133152e+00 6.227790000000000000e+05
1.982338029498461829e+00 5.208486649024282933e+00 6.253570000000000000e+05
1.988617535379774592e+00 5.167139240822950619e+00 6.286690000000000000e+05
1.994896368707261614e+00 5.126221120710097168e+00 6.334350000000000000e+05
2.001179636839495402e+00 5.088454588759480757e+00 6.370090000000000000e+05
2.007459803210732918e+00 5.051356909130678474e+00 6.414090000000000000e+05
2.013737463117888815e+00 5.014274008208774447e+00 6.441310000000000000e+05
2.020017269399334570e+00 4.977178443449054690e+00 6.499650000000000000e+05
2.026310292142863734e+00 4.940004798250488882e+00 6.549250000000000000e+05
2.032600589499427457e+00 4.903017383489939540e+00 6.576010000000000000e+05
2.038873908624716513e+00 4.866440412545295580e+00 6.596430000000000000e+05
2.045154131583326151e+00 4.829829831662602047e+00 6.668650000000000000e+05
2.051444750083316837e+00 4.793158639512046015e+00 6.701370000000000000e+05
2.057730477518978418e+00 4.756515982310635771e+00 6.742630000000000000e+05
2.064013981613451065e+00 4.719912524282410260e+00 6.776970000000000000e+05
2.070299933408402904e+00 4.685407566129066836e+00 6.831370000000000000e+05
2.076589765890210160e+00 4.652217249350452555e+00 6.865810000000000000e+05
2.082865529781856129e+00 4.619101178406438635e+00 6.886950000000000000e+05
2.089134541001091083e+00 4.586020697570327265e+00 6.934330000000000000e+05
2.095424255017540816e+00 4.552831001405865052e+00 7.011570000000000000e+05
2.101707164431554808e+00 4.519715231522464016e+00 7.007830000000000000e+05
2.107986518825044175e+00 4.487189062463984079e+00 7.084530000000000000e+05
2.114271853468083773e+00 4.454822519890254462e+00 7.110370000000000000e+05
2.120552760513600532e+00 4.422478772507843381e+00 7.153330000000000000e+05
2.126836977385017757e+00 4.390117993667748131e+00 7.203510000000000000e+05
2.133122092119955848e+00 4.357752571821352561e+00 7.245250000000000000e+05
2.139411756043959834e+00 4.325573901930610532e+00 7.293210000000000000e+05
2.145697120571732786e+00 4.295400350324348970e+00 7.327030000000000000e+05
2.151973595051769994e+00 4.265760063206558428e+00 7.352410000000000000e+05
2.158259954480660436e+00 4.236073082857127581e+00 7.440810000000000000e+05
2.164545449823881640e+00 4.206390193319992754e+00 7.435750000000000000e+05
2.170830747891504764e+00 4.176708237324731954e+00 7.523850000000000000e+05
2.177114189543003508e+00 4.147112413458808433e+00 7.523290000000000000e+05
2.183387692501795208e+00 4.118372187288881214e+00 7.580970000000000000e+05
2.189670320506250434e+00 4.089804694092459059e+00 7.639510000000000000e+05
2.195960199497599685e+00 4.061204237328816191e+00 7.680850000000000000e+05
2.202242604819257377e+00 4.032637755241829325e+00 7.710450000000000000e+05
2.208521704064293267e+00 4.004086325019335924e+00 7.761550000000000000e+05
2.214804678516886227e+00 3.975579678824252561e+00 7.806930000000000000e+05
2.221092631939611373e+00 3.948438791316410512e+00 7.865170000000000000e+05
2.227372944257140830e+00 3.921901783905409111e+00 7.874610000000000000e+05
2.233657210814539607e+00 3.895348062439496495e+00 7.964230000000000000e+05
2.239943529128351152e+00 3.868785684307634476e+00 7.970410000000000000e+05
2.246224227644831206e+00 3.842247041245293815e+00 8.037690000000000000e+05
2.252506429437830970e+00 3.815702154309191574e+00 8.067310000000000000e+05
2.258783468156008389e+00 3.789861930320862715e+00 8.110050000000000000e+05
2.265069132598043211e+00 3.764634725789554270e+00 8.182210000000000000e+05
2.271350422959666826e+00 3.739425071267056477e+00 8.191390000000000000e+05
2.277634048433214708e+00 3.714206049401636456e+00 8.274210000000000000e+05
2.283922467648721533e+00 3.688967787880229388e+00 8.300170000000000000e+05
2.290202920535420184e+00 3.663761495969639181e+00 8.339010000000000000e+05
2.296490831598927862e+00 3.638854849212069364e+00 8.418790000000000000e+05
2.302771826763311935e+00 3.615032165072177062e+00 8.406570000000000000e+05
2.309051414366779742e+00 3.591295461968337932e+00 8.509570000000000000e+05
2.315338554641302338e+00 3.567530207497486838e+00 8.519350000000000000e+05
2.321627389952595433e+00 3.543758544220406925e+00 8.603850000000000000e+05
2.327911925020047512e+00 3.520003135796546445e+00 8.607130000000000000e+05
2.334186289560127303e+00 3.496319910740199433e+00 8.661090000000000000e+05
2.340468027992998135e+00 3.473610023948744630e+00 8.726590000000000000e+05
2.346756988659871812e+00 3.451340494321694319e+00 8.772330000000000000e+05
2.353044496806751873e+00 3.429076099317107662e+00 8.815930000000000000e+05
2.359327707923070339e+00 3.406826920409422144e+00 8.857990000000000000e+05
2.365603101336412717e+00 3.384605424644945515e+00 8.882130000000000000e+05
2.371885967127894013e+00 3.362357483637460120e+00 8.980330000000000000e+05
2.378173348421294353e+00 3.340300565359697771e+00 8.985150000000000000e+05
2.384454069732529380e+00 3.319002150657314854e+00 9.058810000000000000e+05
2.390736502803425090e+00 3.297762267027220418e+00 9.086130000000000000e+05
2.397014190536873812e+00 3.276538426966388862e+00 9.134650000000000000e+05
2.403295543543093604e+00 3.255302207572103868e+00 9.200110000000000000e+05
2.409585096780960001e+00 3.234038252224561205e+00 9.251730000000000000e+05
2.415871762874253648e+00 3.212784061274641445e+00 9.287890000000000000e+05
2.422160705283573190e+00 3.192261491006101348e+00 9.355710000000000000e+05
2.428440218767722314e+00 3.172648961087132236e+00 9.355210000000000000e+05
2.434717525377141811e+00 3.153044985051771665e+00 9.450490000000000000e+05
2.441002511295388810e+00 3.133417024130566997e+00 9.470250000000000000e+05
2.447290035663344909e+00 3.113781138589803099e+00 9.557350000000000000e+05
2.453571889273430617e+00 3.094162958760072968e+00 9.555210000000000000e+05
2.459852758822840268e+00 3.074554893198923278e+00 9.646210000000000000e+05
2.466139282850015046e+00 3.055322218987427618e+00 9.677190000000000000e+05
2.472422017268737005e+00 3.036327892067925749e+00 9.724810000000000000e+05
2.478698567770654115e+00 3.017352262316384870e+00 9.765370000000000000e+05
2.484980892560527010e+00 2.998359170000108431e+00 9.838530000000000000e+05
2.491269378498083054e+00 2.979347455323169136e+00 9.882910000000000000e+05
2.497548563126016141e+00 2.960363860942491154e+00 9.911130000000000000e+05
2.503831717117992017e+00 2.941410783053448608e+00 9.990610000000000000e+05
2.510117988996658056e+00 2.923590796139726500e+00 1.003023000000000000e+06
2.516400792721253499e+00 2.906293108465235697e+00 1.007017000000000000e+06
2.522688289015427188e+00 2.888982494750854002e+00 1.015189000000000000e+06
2.528971755404220367e+00 2.871682976387512909e+00 1.015659000000000000e+06
2.535252098348438121e+00 2.854392062708568378e+00 1.024297000000000000e+06
2.541537567337918357e+00 2.837087026927432198e+00 1.027545000000000000e+06
2.547823062981965592e+00 2.819786860337065715e+00 1.034173000000000000e+06
2.554100722003804336e+00 2.802711421949242609e+00 1.035639000000000000e+06
2.560376844179065525e+00 2.785747194480918676e+00 1.043377000000000000e+06
2.566667577722153926e+00 2.768743477511591333e+00 1.051105000000000000e+06
2.572955111598495659e+00 2.751748404368405510e+00 1.052487000000000000e+06
2.579233828959529351e+00 2.734777166399322113e+00 1.058257000000000000e+06
2.585520219328450331e+00 2.717785180964977343e+00 1.065633000000000000e+06
2.591805190434158135e+00 2.700797049314251019e+00 1.067869000000000000e+06
2.598084128067277732e+00 2.684699726608990034e+00 1.074235000000000000e+06
2.604360463213065913e+00 2.669472335547239616e+00 1.077393000000000000e+06
2.610647242103097287e+00 2.654219605279947825e+00 1.087621000000000000e+06
2.616931922960255008e+00 2.638971961393585364e+00 1.087923000000000000e+06
2.623206163747393127e+00 2.623749648824598601e+00 1.093945000000000000e+06
2.629491680348758020e+00 2.608499984734360844e+00 1.102629000000000000e+06
2.635778568352333817e+00 2.593246993508840692e+00 1.104619000000000000e+06
2.642061088527428936e+00 2.578055315502254530e+00 1.111669000000000000e+06
2.648343898035611765e+00 2.563008417134520656e+00 1.116021000000000000e+06
2.654631896353765175e+00 2.547958168259859768e+00 1.122973000000000000e+06
2.660919063847193122e+00 2.532909906693692648e+00 1.127175000000000000e+06
2.667198583931860600e+00 2.517879949868598644e+00 1.130377000000000000e+06
2.673484364536813818e+00 2.502835008687668061e+00 1.140669000000000000e+06
2.679773443507671438e+00 2.487782175178336885e+00 1.142023000000000000e+06
2.686058274112265387e+00 2.472796122447023848e+00 1.149277000000000000e+06
2.692338799749068201e+00 2.458848987226610827e+00 1.152213000000000000e+06
2.698618084087729407e+00 2.445289342849174208e+00 1.158781000000000000e+06
2.704895510636926126e+00 2.431733700907564799e+00 1.162875000000000000e+06
2.711175740452461014e+00 2.418172016351481712e+00 1.169989000000000000e+06
2.717459894448289059e+00 2.404601853016105295e+00 1.175577000000000000e+06
2.723745791186213960e+00 2.391027926296725337e+00 1.181755000000000000e+06
2.730038477978619760e+00 2.377439338229080157e+00 1.188433000000000000e+06
2.736318047316759650e+00 2.363957482135059962e+00 1.188297000000000000e+06
2.742591921096126928e+00 2.350702917029645178e+00 1.196761000000000000e+06
2.748879812449644522e+00 2.337431002169553462e+00 1.204935000000000000e+06
2.755163468419708828e+00 2.324168042239405541e+00 1.206061000000000000e+06
2.761447012931416811e+00 2.310905307024384570e+00 1.215613000000000000e+06
2.767732147456675396e+00 2.297639217546947332e+00 1.218267000000000000e+06
2.774015514492576440e+00 2.284376857499015756e+00 1.225501000000000000e+06
2.780298689845027926e+00 2.271115185649573043e+00 1.229565000000000000e+06
2.786577539972491024e+00 2.258455829869158826e+00 1.235035000000000000e+06
2.792858038411352606e+00 2.246336923585711798e+00 1.240689000000000000e+06
2.799143850794739485e+00 2.234207754571894800e+00 1.249249000000000000e+06
2.805430119179285420e+00 2.222077717983262701e+00 1.251241000000000000e+06
2.811715118473283592e+00 2.209950123064589711e+00 1.260723000000000000e+06
2.817989334345457397e+00 2.197843339610779267e+00 1.257637000000000000e+06
2.824269232441467103e+00 2.185725589783896528e+00 1.274037000000000000e+06
2.830563075103315729e+00 2.173589050383851973e+00 1.275475000000000000e+06
2.836848813429708294e+00 2.161752475454925548e+00 1.281105000000000000e+06
2.843130086469376039e+00 2.150065151752960979e+00 1.285969000000000000e+06
2.849413958227453136e+00 2.138372990818902863e+00 1.292461000000000000e+06
2.855697532180278664e+00 2.126681389020624646e+00 1.298067000000000000e+06
2.861978850248864337e+00 2.114993979668878143e+00 1.302997000000000000e+06
2.868262533068496989e+00 2.103302173878188519e+00 1.309605000000000000e+06
2.874547416099068275e+00 2.091608135840155480e+00 1.315999000000000000e+06
2.880831174591305999e+00 2.079938200241473023e+00 1.319869000000000000e+06
2.887113279437215851e+00 2.068850883855515299e+00 1.327641000000000000e+06
2.893394569048360232e+00 2.058022265091384639e+00 1.330255000000000000e+06
2.899673726387354655e+00 2.047197323680218783e+00 1.338453000000000000e+06
2.905954021090237038e+00 2.036370420759821886e+00 1.342849000000000000e+06
2.912241182269578843e+00 2.025531679358077763e+00 1.352361000000000000e+06
2.918526058974273418e+00 2.014696873994286541e+00 1.354147000000000000e+06
2.924809097082689213e+00 2.003865241642728279e+00 1.362613000000000000e+06
2.931095983635962909e+00 1.993030649347123484e+00 1.368069000000000000e+06
2.937378245530036125e+00 1.982523802146416436e+00 1.372087000000000000e+06
2.943660031210097561e+00 1.972224153327863938e+00 1.379481000000000000e+06
2.949946518919881466e+00 1.961916795808372527e+00 1.386229000000000000e+06
2.956227718241893676e+00 1.951618111191088856e+00 1.388517000000000000e+06
2.962510546714387516e+00 1.941316754314514892e+00 1.399267000000000000e+06
2.968796596523099129e+00 1.931010115684822281e+00 1.401733000000000000e+06
2.975077721900432515e+00 1.920711550579394578e+00 1.408377000000000000e+06
2.981359927244304320e+00 1.910411213194103341e+00 1.414855000000000000e+06
2.987646820670367465e+00 1.900337989490336277e+00 1.421757000000000000e+06
2.993929101123868453e+00 1.890658029531813833e+00 1.425493000000000000e+06
3.000206276886535406e+00 1.880991599957052340e+00 1.430859000000000000e+06
3.006486239034605212e+00 1.871320877687680850e+00 1.438525000000000000e+06
3.012769879570174059e+00 1.861644493762035779e+00 1.445293000000000000e+06
3.019053210639523588e+00 1.851968583868537577e+00 1.449561000000000000e+06
3.025337452591450926e+00 1.842291273631701642e+00 1.458919000000000000e+06
3.031623803940588058e+00 1.832610714866339308e+00 1.461273000000000000e+06
3.037909031772950019e+00 1.822997918284219754e+00 1.471645000000000000e+06
3.044195133629906014e+00 1.813833809724096024e+00 1.473643000000000000e+06
3.050475616239108234e+00 1.804762983261228637e+00 1.480653000000000000e+06
3.056755022708220526e+00 1.795693709963702478e+00 1.485901000000000000e+06
3.063040606532740462e+00 1.786615513012281831e+00 1.495089000000000000e+06
3.069323763138021466e+00 1.777540827720476724e+00 1.498099000000000000e+06
3.075610766610869629e+00 1.768460557632541397e+00 1.508373000000000000e+06
3.081893869363402594e+00 1.759385967294037512e+00 1.508617000000000000e+06
3.088174616923589078e+00 1.750314759763677452e+00 1.519927000000000000e+06
3.094458703431333557e+00 1.741422900981343780e+00 1.522125000000000000e+06
3.100744051441370885e+00 1.732777200365415382e+00 1.533337000000000000e+06
3.107028178643414407e+00 1.724134443482272960e+00 1.533597000000000000e+06
3.113309368712601000e+00 1.715495731148017233e+00 1.544503000000000000e+06
3.119590738250844986e+00 1.706856768311908024e+00 1.546305000000000000e+06
3.125874073938257336e+00 1.698215101717326814e+00 1.557601000000000000e+06
3.132159317663777198e+00 1.689570809766548276e+00 1.559959000000000000e+06
3.138439243763281095e+00 1.680933832749178958e+00 1.567305000000000000e+06
3.144723936107064688e+00 1.672306834820201038e+00 1.575241000000000000e+06
3.151004019145131618e+00 1.664124597696227115e+00 1.577367000000000000e+06
3.157283728541840251e+00 1.656138416287753934e+00 1.587385000000000000e+06
3.163569387492706220e+00 1.648144670156776570e+00 1.593597000000000000e+06
3.169851727185959867e+00 1.640155145215179688e+00 1.597477000000000000e+06
3.176137773236122452e+00 1.632160905831873565e+00 1.609027000000000000e+06
3.182420991719721481e+00 1.624170263049458551e+00 1.608405000000000000e+06
3.188702878528683282e+00 1.616181315142583230e+00 1.621081000000000000e+06
3.194990591398839452e+00 1.608184957737973431e+00 1.624239000000000000e+06
3.201275397142142154e+00 1.600211547770822751e+00 1.631845000000000000e+06
3.207551426058801614e+00 1.592450228648217170e+00 1.633729000000000000e+06
3.213835290608375583e+00 1.584732960892364595e+00 1.647165000000000000e+06
3.220122662964277183e+00 1.577011391822712660e+00 1.649563000000000000e+06
3.226406812265333546e+00 1.569293763375330997e+00 1.657917000000000000e+06
3.232687851181684113e+00 1.561579975319310476e+00 1.660981000000000000e+06
3.238969729891059579e+00 1.553865150432884867e+00 1.671483000000000000e+06
3.245255350695151364e+00 1.546145726099875883e+00 1.674985000000000000e+06
3.251535085779485801e+00 1.538433530906907265e+00 1.682569000000000000e+06
3.257818074422973442e+00 1.530763256590723431e+00 1.688943000000000000e+06
3.264102290995562594e+00 1.523591764431946993e+00 1.696609000000000000e+06
3.270384365691673345e+00 1.516559624850094101e+00 1.700637000000000000e+06
3.276669733423136943e+00 1.509523797980058424e+00 1.711225000000000000e+06
3.282955023329985345e+00 1.502488059391172470e+00 1.714695000000000000e+06
3.289237477063190251e+00 1.495455495452902239e+00 1.721701000000000000e+06
3.295520162439550482e+00 1.488422667931799115e+00 1.728469000000000000e+06
3.301806826058781397e+00 1.481385394529102895e+00 1.737123000000000000e+06
3.308088288460554693e+00 1.474353942775967097e+00 1.738741000000000000e+06
3.314368333718073600e+00 1.467326968508454677e+00 1.749657000000000000e+06
3.320652514081437801e+00 1.460390510175671119e+00 1.753813000000000000e+06
3.326931865666879151e+00 1.453505398680642102e+00 1.760811000000000000e+06
3.333217230260402619e+00 1.446613692200207302e+00 1.770385000000000000e+06
3.339505355687097499e+00 1.439718958707795871e+00 1.775317000000000000e+06
3.345788106449184784e+00 1.432830118379477380e+00 1.781499000000000000e+06
3.352072289476326628e+00 1.425939706687950670e+00 1.788481000000000000e+06
3.358351786654528937e+00 1.419054434824965405e+00 1.793133000000000000e+06
3.364630974381010553e+00 1.412169502271473531e+00 1.801177000000000000e+06
3.370917172134333395e+00 1.405276884125174375e+00 1.810735000000000000e+06
3.377199727501117188e+00 1.398654590750521898e+00 1.813017000000000000e+06
3.383485084668530263e+00 1.392458308797344335e+00 1.824913000000000000e+06
3.389771516416634878e+00 1.386266705866882498e+00 1.828407000000000000e+06
3.396052413034624795e+00 1.380080555471443260e+00 1.833949000000000000e+06
3.402332020639469157e+00 1.373895674332932471e+00 1.842453000000000000e+06
3.408610953726119330e+00 1.367711457057674052e+00 1.846159000000000000e+06
3.414897504104891013e+00 1.361519737369464300e+00 1.860853000000000000e+06
3.421180896416743611e+00 1.355331127519315393e+00 1.858677000000000000e+06
3.427463557603524169e+00 1.349143239966224650e+00 1.872913000000000000e+06
3.433751076992115792e+00 1.342956686034803226e+00 1.876227000000000000e+06
3.440033705170868039e+00 1.336837697260500946e+00 1.883137000000000000e+06
3.446314675023550489e+00 1.330736787302297053e+00 1.889541000000000000e+06
3.452601747428344137e+00 1.324629951111832682e+00 1.900279000000000000e+06
3.458885091657208033e+00 1.318526733426982345e+00 1.900741000000000000e+06
3.465165456911500019e+00 1.312426412842651269e+00 1.913049000000000000e+06
3.471450265713825090e+00 1.306321773089021976e+00 1.916881000000000000e+06
3.477735428834919595e+00 1.300216790148887469e+00 1.927167000000000000e+06
3.484020525440195470e+00 1.294111871398458069e+00 1.930813000000000000e+06
3.490298514647378614e+00 1.288013858225304231e+00 1.936537000000000000e+06
3.496584149140331110e+00 1.282067086892824781e+00 1.950111000000000000e+06
3.502869800760660901e+00 1.276551565509545627e+00 1.949857000000000000e+06
3.509147235442274138e+00 1.271067763576164689e+00 1.959309000000000000e+06
3.515429374085177194e+00 1.265579852783762060e+00 1.966711000000000000e+06
3.521711098491912217e+00 1.260092299493592582e+00 1.973025000000000000e+06
3.527992464516184423e+00 1.254605060979957498e+00 1.981141000000000000e+06
3.534278285380834550e+00 1.249113933053487280e+00 1.988917000000000000e+06
3.540565941936433703e+00 1.243621197652995614e+00 1.997511000000000000e+06
3.546847474797491184e+00 1.238133815281810879e+00 1.998517000000000000e+06
3.553133228599673288e+00 1.232642742678002001e+00 2.014617000000000000e+06
3.559419469495084698e+00 1.227196406737787404e+00 2.013211000000000000e+06
3.565698734013703408e+00 1.221825032544705758e+00 2.023773000000000000e+06
3.571981065019049773e+00 1.216451763721189794e+00 2.030413000000000000e+06
3.578268216457729523e+00 1.211074370150346580e+00 2.040181000000000000e+06
3.584550470509852094e+00 1.205701167569335874e+00 2.042535000000000000e+06
3.590828673591706544e+00 1.200331425142604491e+00 2.050873000000000000e+06
3.597109107700428243e+00 1.194959780243011860e+00 2.058885000000000000e+06
3.603394733114871240e+00 1.189583694775979250e+00 2.068867000000000000e+06
3.609675885779423332e+00 1.184211432930438068e+00 2.069793000000000000e+06
3.615957480583990691e+00 1.178838792451984974e+00 2.084209000000000000e+06
3.622243106788453737e+00 1.173646876386984728e+00 2.086057000000000000e+06
3.628522080141253436e+00 1.168748681882588070e+00 2.095215000000000000e+06
3.634806558155559308e+00 1.163849586569094763e+00 2.103877000000000000e+06
3.641095413230732269e+00 1.158947077768336387e+00 2.112369000000000000e+06
3.647383076937616320e+00 1.154045501281346198e+00 2.118163000000000000e+06
3.653664885959395203e+00 1.149148484897266842e+00 2.122645000000000000e+06
3.659946654017739665e+00 1.144251500458576265e+00 2.133201000000000000e+06
3.666233887415311088e+00 1.139350259057962500e+00 2.140723000000000000e+06
3.672516271657691345e+00 1.134452794795423936e+00 2.144013000000000000e+06
3.678797006581282059e+00 1.129556616744535447e+00 2.155381000000000000e+06
3.685080895147973212e+00 1.124698834934624969e+00 2.160057000000000000e+06
3.691361622238872986e+00 1.119962667347843777e+00 2.168347000000000000e+06
3.697645362889450560e+00 1.115231850310084649e+00 2.176741000000000000e+06
3.703928278908183103e+00 1.110501654139046446e+00 2.182413000000000000e+06
3.710210582537289969e+00 1.105771918630839457e+00 2.191699000000000000e+06
3.716496382825223765e+00 1.101039550276785350e+00 2.198781000000000000e+06
3.722776577925123842e+00 1.096311403207054891e+00 2.203573000000000000e+06
3.729060500858559557e+00 1.091580448344303456e+00 2.215545000000000000e+06
3.735344225068066848e+00 1.086849645025337097e+00 2.218903000000000000e+06
3.741626286405683732e+00 1.082120090475173102e+00 2.229301000000000000e+06
3.747907918076426981e+00 1.077411092234706880e+00 2.232849000000000000e+06
3.754191400954483004e+00 1.072961210902433349e+00 2.246503000000000000e+06
3.760479403309136437e+00 1.068587652282702249e+00 2.250333000000000000e+06
3.766759232591597062e+00 1.064219778293716834e+00 2.256517000000000000e+06
3.773036971131844997e+00 1.059853356585716666e+00 2.257647000000000000e+06
3.779324580820333956e+00 1.055480070593957542e+00 2.261584000000000000e+06
3.785609690904560676e+00 1.051108520825354775e+00 2.248744000000000000e+06
3.791892061973138883e+00 1.046738879269915712e+00 2.251626000000000000e+06
3.798177313941433209e+00 1.042367234214620186e+00 2.243602000000000000e+06
3.804459541150642998e+00 1.037997690431955888e+00 2.240694000000000000e+06
3.810740699393939224e+00 1.033628891998494170e+00 2.235886000000000000e+06
3.817024291784277601e+00 1.029323284496222346e+00 2.234416000000000000e+06
3.823308353352988576e+00 1.025155733854596019e+00 2.228166000000000000e+06
3.829590045077324145e+00 1.020994356181865514e+00 2.224552000000000000e+06
3.835872183548974856e+00 1.016832680161166902e+00 2.220582000000000000e+06
3.842159839362672358e+00 1.012667352488875405e+00 2.221030000000000000e+06
3.848444579542536825e+00 1.008503951705235435e+00 2.209746000000000000e+06
3.854724686457089877e+00 1.004343619858708792e+00 2.209360000000000000e+06
3.861007427915322587e+00 1.000181545961094320e+00 2.204026000000000000e+06
3.867288463683216548e+00 9.960206015298197491e-01 2.199414000000000000e+06
3.873570956408624699e+00 9.918586915118220437e-01 2.197252000000000000e+06
3.879853785717761294e+00 9.876970029381108018e-01 2.190696000000000000e+06
3.886138863802459653e+00 9.836800602411734928e-01 2.190496000000000000e+06
3.892422312593451394e+00 9.797812520058596375e-01 2.181948000000000000e+06
3.898705823526684267e+00 9.758824050303809283e-01 2.180632000000000000e+06
3.904991106570325776e+00 9.719824577078219896e-01 2.175874000000000000e+06
3.911271999327227356e+00 9.680852349904989218e-01 2.167692000000000000e+06
3.917554826925048861e+00 9.641868116613012685e-01 2.169904000000000000e+06
3.923841069224317302e+00 9.602862703553404211e-01 2.160570000000000000e+06
3.930124562478136241e+00 9.563874340397613416e-01 2.158828000000000000e+06
3.936402427492438516e+00 9.524920899690815235e-01 2.149122000000000000e+06
3.942686825700089770e+00 9.485926920928033912e-01 2.153122000000000000e+06
3.948974970075749269e+00 9.446931843086358027e-01 2.143678000000000000e+06
3.955260428048017474e+00 9.409421644434192711e-01 2.141886000000000000e+06
3.961540565279101589e+00 9.372826854037357158e-01 2.131222000000000000e+06
3.967822870090167875e+00 9.336219435278449996e-01 2.134182000000000000e+06
3.974109415469140316e+00 9.299587311395025591e-01 2.124592000000000000e+06
3.980389200471228239e+00 9.262994565692413973e-01 2.121496000000000000e+06
3.986669378137031927e+00 9.226399548640017434e-01 2.114574000000000000e+06
3.992953153727603954e+00 9.189783563984548209e-01 2.114950000000000000e+06
3.999237688768542132e+00 9.153163149768986928e-01 2.106072000000000000e+06
4.005520669869395256e+00 9.116551794522781416e-01 2.104168000000000000e+06
4.011800513802258550e+00 9.079958708274357138e-01 2.095014000000000000e+06
4.018084103173476862e+00 9.043344275531078891e-01 2.096440000000000000e+06
4.024369047401084920e+00 9.007680619925987342e-01 2.086900000000000000e+06
4.030648702925354598e+00 8.972925896766480447e-01 2.083662000000000000e+06
4.036930992958478015e+00 8.938156587383137008e-01 2.078380000000000000e+06
4.043218071914653322e+00 8.903360781071754104e-01 2.077494000000000000e+06
4.049505046839214195e+00 8.868565548278177779e-01 2.068156000000000000e+06
4.055786093651023272e+00 8.833803110583483553e-01 2.064666000000000000e+06
4.062065797033734604e+00 8.799048121667629729e-01 2.056972000000000000e+06
4.068351472421418258e+00 8.764260086951563000e-01 2.058046000000000000e+06
4.074634163438767054e+00 8.729488554143755019e-01 2.046348000000000000e+06
4.080915619904161851e+00 8.694723863099320660e-01 2.046142000000000000e+06
4.087204289547438307e+00 8.659919248590072227e-01 2.042148000000000000e+06
4.093489318789274023e+00 8.625787615340479997e-01 2.032336000000000000e+06
4.099769172714879062e+00 8.593504518485450827e-01 2.029720000000000000e+06
4.106050606480104115e+00 8.561320190887015125e-01 2.023116000000000000e+06
4.112334518548570017e+00 8.529123156833007258e-01 2.020312000000000000e+06
4.118620506801017100e+00 8.496915491182792657e-01 2.015190000000000000e+06
4.124900209184759525e+00 8.464740037790842164e-01 2.004790000000000000e+06
4.131178772216225425e+00 8.432570420347819118e-01 2.005320000000000000e+06
4.137465651390908938e+00 8.400358206443447884e-01 1.998946000000000000e+06
4.143751729249618876e+00 8.368150079439738986e-01 1.994302000000000000e+06
4.150034936172071198e+00 8.335956671915907279e-01 1.986876000000000000e+06
4.156316952236912776e+00 8.303769359764704427e-01 1.982668000000000000e+06
4.162599664723678039e+00 8.271601992663665248e-01 1.977210000000000000e+06
4.168886221418997451e+00 8.240194608520600150e-01 1.973662000000000000e+06
4.175167755975830453e+00 8.209190163009454366e-01 1.964004000000000000e+06
4.181450311347239435e+00 8.178180677621036399e-01 1.963114000000000000e+06
4.187737932780270178e+00 8.147146177732300654e-01 1.956370000000000000e+06
4.194019198486672373e+00 8.116143055130790041e-01 1.948560000000000000e+06
4.200297227213930285e+00 8.085155920026992904e-01 1.943050000000000000e+06
4.206580254131173646e+00 8.054144108173753036e-01 1.940856000000000000e+06
4.212862421355453080e+00 8.023136535010079173e-01 1.931710000000000000e+06
4.219145845787571680e+00 7.992122759472066740e-01 1.930032000000000000e+06
4.225433121491076527e+00 7.961089969552292978e-01 1.923592000000000000e+06
4.231716058016358417e+00 7.930078610938591233e-01 1.915300000000000000e+06
4.237995779120032225e+00 7.899402100048825703e-01 1.911312000000000000e+06
4.244278153218406402e+00 7.870748073092037611e-01 1.905214000000000000e+06
4.250564954056455846e+00 7.842434643939650840e-01 1.902462000000000000e+06
4.256849775801052616e+00 7.814130138442286766e-01 1.893274000000000000e+06
4.263130927149427762e+00 7.785842170217774916e-01 1.887808000000000000e+06
4.269411842834864856e+00 7.757555256193369164e-01 1.882956000000000000e+06
4.275694124756659775e+00 7.729262191534295168e-01 1.875682000000000000e+06
4.281977755264027685e+00 7.700963059825820523e-01 1.873374000000000000e+06
4.288262256566300223e+00 7.672659994951546159e-01 1.863970000000000000e+06
4.294547506982092422e+00 7.644353562641152955e-01 1.861878000000000000e+06
4.300829814253217087e+00 7.616060384251841509e-01 1.851424000000000000e+06
4.307112935993297143e+00 7.587763537188763063e-01 1.849270000000000000e+06
4.313395895360453203e+00 7.559569784834299089e-01 1.840890000000000000e+06
4.319678031527764084e+00 7.531859732039116739e-01 1.835758000000000000e+06
4.325959539872076043e+00 7.504213599198052975e-01 1.829064000000000000e+06
4.332245069070710386e+00 7.476549767679216973e-01 1.826434000000000000e+06
4.338532059785155326e+00 7.448879500783398555e-01 1.817082000000000000e+06
4.344814178180569364e+00 7.421230682488856312e-01 1.812352000000000000e+06
4.351096190523207063e+00 7.393582325115166665e-01 1.804138000000000000e+06
4.357380223019157839e+00 7.365925078909701940e-01 1.801926000000000000e+06
4.363666946958309367e+00 7.338255986128301434e-01 1.793278000000000000e+06
4.369949956291093507e+00 7.310603248648118724e-01 1.787004000000000000e+06
4.376228048273009819e+00 7.282972146104067512e-01 1.778902000000000000e+06
4.382506941165246417e+00 7.255337527527609964e-01 1.774662000000000000e+06
4.388793478500106815e+00 7.227929564195281209e-01 1.770784000000000000e+06
4.395077144772248978e+00 7.202612692385335080e-01 1.760806000000000000e+06
4.401357697972775540e+00 7.177759415370309481e-01 1.755966000000000000e+06
4.407640388301480527e+00 7.152897680453145224e-01 1.750420000000000000e+06
4.413924155568630603e+00 7.128031681933132413e-01 1.742586000000000000e+06
4.420210932854294228e+00 7.103153776790198659e-01 1.740466000000000000e+06
4.426491482628479801e+00 7.078300523110829801e-01 1.725988000000000000e+06
4.432774054863319435e+00 7.053439249527047039e-01 1.728702000000000000e+06
4.439057910091944059e+00 7.028572907799303104e-01 1.714204000000000000e+06
4.445341389335003335e+00 7.003708053303603354e-01 1.714704000000000000e+06
4.451627588593451534e+00 6.978832439347800731e-01 1.704322000000000000e+06
4.457912366552361227e+00 6.953962442413762490e-01 1.699320000000000000e+06
4.464197750763985617e+00 6.929091335758836845e-01 1.692646000000000000e+06
4.470478854063828500e+00 6.904440016541841807e-01 1.683382000000000000e+06
4.476759406883448200e+00 6.879937519856791361e-01 1.679472000000000000e+06
4.483046145368712487e+00 6.855410888572718298e-01 1.673638000000000000e+06
4.489331174447989348e+00 6.830890928951905972e-01 1.664346000000000000e+06
4.495610744313181861e+00 6.806392255876931863e-01 1.658962000000000000e+06
4.501888853392881806e+00 6.781899291753995529e-01 1.649142000000000000e+06
4.508170535113835697e+00 6.757392392986912855e-01 1.647772000000000000e+06
4.514456837755600027e+00 6.732867461365703576e-01 1.638190000000000000e+06
4.520738544024334615e+00 6.708360459549971289e-01 1.631610000000000000e+06
4.527020905032332898e+00 6.683850906842455641e-01 1.625734000000000000e+06
4.533306183032937753e+00 6.659329967935156969e-01 1.618356000000000000e+06
4.539587796032527045e+00 6.634823337552936406e-01 1.611070000000000000e+06
4.545870518960031248e+00 6.610654009531627961e-01 1.605178000000000000e+06
4.552154564509410584e+00 6.588380183043560656e-01 1.597482000000000000e+06
4.558442448400234603e+00 6.566385616965069172e-01 1.593850000000000000e+06
4.564725544886607977e+00 6.544407803875645913e-01 1.580700000000000000e+06
4.571005305073856384e+00 6.522441659449966789e-01 1.578970000000000000e+06
4.577289838024750424e+00 6.500458819962513513e-01 1.568712000000000000e+06
4.583573547722926023e+00 6.478478862890897361e-01 1.564024000000000000e+06
4.589856555014695694e+00 6.456501367193450136e-01 1.555594000000000000e+06
4.596137353496863476e+00 6.434531588828708015e-01 1.547604000000000000e+06
4.602422483760170380e+00 6.412546664828804310e-01 1.544536000000000000e+06
4.608709827442825535e+00 6.390553987902490851e-01 1.533642000000000000e+06
4.614991289575026912e+00 6.368581887294433308e-01 1.527916000000000000e+06
4.621272593638744652e+00 6.346610344720923225e-01 1.519584000000000000e+06
4.627556127331199143e+00 6.324744537906538122e-01 1.513498000000000000e+06
4.633839563718086474e+00 6.303172740883493663e-01 1.506418000000000000e+06
4.640119062259785210e+00 6.281629370998276229e-01 1.496202000000000000e+06
4.646400604092805864e+00 6.260078986579276084e-01 1.493776000000000000e+06
4.652688221641351873e+00 6.238507754781320580e-01 1.483836000000000000e+06
4.658974026467339158e+00 6.216942744142942567e-01 1.478188000000000000e+06
4.665253447019598987e+00 6.195399638074736703e-01 1.467252000000000000e+06
4.671534271543701600e+00 6.173851709506710250e-01 1.462816000000000000e+06
4.677820053302886194e+00 6.152286779415963025e-01 1.455730000000000000e+06
4.684104602178839727e+00 6.130726085356706934e-01 1.446948000000000000e+06
4.690385550725416408e+00 6.109177733885680084e-01 1.439494000000000000e+06
4.696670237754271504e+00 6.087616575998511248e-01 1.433862000000000000e+06
4.702955952534767725e+00 6.066051860482668534e-01 1.424206000000000000e+06
4.709236443460580013e+00 6.045015516969370895e-01 1.417702000000000000e+06
4.715517855780809064e+00 6.025354638538311658e-01 1.408656000000000000e+06
4.721801589840906921e+00 6.005763583397566441e-01 1.404046000000000000e+06
4.728084863561102580e+00 5.986173970913607478e-01 1.393218000000000000e+06
4.734367403089022375e+00 5.966586643343053664e-01 1.388284000000000000e+06
4.740650632800896602e+00 5.946997170030214885e-01 1.378956000000000000e+06
4.746933372481143110e+00 5.927409217419182808e-01 1.371526000000000000e+06
4.753215042442050731e+00 5.907824604651917832e-01 1.364500000000000000e+06
4.759494670521858595e+00 5.888246357085836769e-01 1.354530000000000000e+06
4.765780472289058878e+00 5.868648852076553402e-01 1.351558000000000000e+06
4.772069246989768310e+00 5.849042091814996569e-01 1.341000000000000000e+06
4.778351037405353274e+00 5.829457102429620452e-01 1.331896000000000000e+06
4.784635097163741690e+00 5.809865033999386252e-01 1.327758000000000000e+06
4.790920697667634620e+00 5.790341057934578206e-01 1.315648000000000000e+06
4.797203987945950487e+00 5.771304097753298112e-01 1.311586000000000000e+06
4.803486029328326801e+00 5.752358015833501925e-01 1.299714000000000000e+06
4.809770008617790360e+00 5.733406082400368531e-01 1.295740000000000000e+06
4.816056202342012149e+00 5.714447486599166792e-01 1.285614000000000000e+06
4.822335283479661783e+00 5.695510327676449602e-01 1.276144000000000000e+06
4.828611881361839053e+00 5.676580663095696089e-01 1.269570000000000000e+06
4.834894930492216858e+00 5.657631536043083997e-01 1.262044000000000000e+06
4.841181848210013072e+00 5.638670742952685000e-01 1.254988000000000000e+06
4.847463167969389808e+00 5.619726834839754437e-01 1.244388000000000000e+06
4.853747178515076754e+00 5.600774809624331496e-01 1.239112000000000000e+06
4.860036267863899084e+00 5.581807479674406602e-01 1.230918000000000000e+06
4.866316939094457616e+00 5.562865534700947023e-01 1.218832000000000000e+06
4.872599495404340786e+00 5.543917895573475807e-01 1.215862000000000000e+06
4.878884930295136257e+00 5.525708321496836106e-01 1.203636000000000000e+06
4.885166423330927543e+00 5.508255458968532858e-01 1.197100000000000000e+06
4.891448960984424943e+00 5.490799692999996928e-01 1.188720000000000000e+06
4.897729754574929650e+00 5.473348771867890816e-01 1.179016000000000000e+06
4.904015556607934201e+00 5.455883935842419374e-01 1.174710000000000000e+06
4.910299327194730168e+00 5.438424746599580528e-01 1.161298000000000000e+06
4.916578592089801525e+00 5.420978068249481252e-01 1.156036000000000000e+06
4.922864794412823208e+00 5.403512116761599593e-01 1.148214000000000000e+06
4.929145966682947133e+00 5.386060140370136917e-01 1.136128000000000000e+06
4.935429526484935714e+00 5.368601546410611824e-01 1.133250000000000000e+06
4.941713645398544408e+00 5.351141385331964484e-01 1.118968000000000000e+06
4.947993107250694855e+00 5.333694156776422890e-01 1.114854000000000000e+06
4.954278912669360047e+00 5.316229313143275848e-01 1.104454000000000000e+06
4.960565700730146688e+00 5.298794872315273352e-01 1.097242000000000000e+06
4.966844850090552654e+00 5.281947352679152718e-01 1.086252000000000000e+06
4.973125153803765741e+00 5.265302254192241183e-01 1.079206000000000000e+06
4.979410494587371616e+00 5.248643659511613713e-01 1.071498000000000000e+06
4.985695629423863018e+00 5.231985894981094898e-01 1.061752000000000000e+06
4.991977447254736688e+00 5.215336773322587494e-01 1.052826000000000000e+06
4.998261439734915434e+00 5.198681891936962618e-01 1.046026000000000000e+06
5.004546067079403748e+00 5.182025328128961883e-01 1.034254000000000000e+06
5.010828118303679801e+00 5.165375591724157278e-01 1.029126000000000000e+06
5.017104789922044006e+00 5.148740130411619820e-01 1.014592000000000000e+06
5.023389826991440543e+00 5.132082469178508299e-01 1.013772000000000000e+06
5.029679147272736017e+00 5.115413470411208641e-01 9.993100000000000000e+05
5.035956736274738610e+00 5.098775565595859982e-01 9.914080000000000000e+05
5.042238978970454255e+00 5.082125326839389556e-01 9.843000000000000000e+05
5.048525421527505941e+00 5.065522741688150976e-01 9.739120000000000000e+05
5.054810144483300682e+00 5.049715045892301246e-01 9.664740000000000000e+05
5.061096501270522907e+00 5.034151486626304850e-01 9.569020000000000000e+05
5.067378742957806104e+00 5.018598121242976440e-01 9.465420000000000000e+05
5.073658297123104788e+00 5.003051402290564775e-01 9.391000000000000000e+05
5.079939759004630240e+00 4.987499967656499611e-01 9.281020000000000000e+05
5.086223431246846616e+00 4.971943055800889799e-01 9.229140000000000000e+05
5.092505761642871498e+00 4.956389467685003436e-01 9.089500000000000000e+05
5.098792587586746805e+00 4.940824748751017070e-01 9.057480000000000000e+05
5.105077179779563323e+00 4.925265561538999526e-01 8.911240000000000000e+05
5.111351777381902828e+00 4.909731118108967562e-01 8.836320000000000000e+05
5.117636561141399199e+00 4.894171456133818432e-01 8.768080000000000000e+05
5.123921747090451895e+00 4.878610797639276742e-01 8.644060000000000000e+05
5.130202404103975766e+00 4.863061357881939273e-01 8.577540000000000000e+05
5.136486717628216070e+00 4.847509809077034104e-01 8.473060000000000000e+05
5.142773088721148689e+00 4.832516263659240030e-01 8.386800000000000000e+05
5.149057590972378584e+00 4.817883908927552694e-01 8.294800000000000000e+05
5.155334650816867814e+00 4.803268890714511574e-01 8.174560000000000000e+05
5.161619173094414315e+00 4.788636499832576998e-01 8.131380000000000000e+05
5.167906296138358613e+00 4.773998048083686885e-01 7.994620000000000000e+05
5.174189699887751459e+00 4.759368257012156489e-01 7.927380000000000000e+05
5.180474288719184806e+00 4.744735711881837847e-01 7.824400000000000000e+05
5.186758961358133746e+00 4.730102964613922545e-01 7.721820000000000000e+05
5.193039356126610606e+00 4.715480186321926448e-01 7.639660000000000000e+05
5.199317021141126816e+00 4.700863758410033233e-01 7.517860000000000000e+05
5.205599366100557290e+00 4.686236432317760214e-01 7.463520000000000000e+05
5.211884775250106294e+00 4.671601972080151044e-01 7.339000000000000000e+05
5.218168299571531499e+00 4.656971901305010930e-01 7.255980000000000000e+05
5.224449744840089060e+00 4.642346673397521606e-01 7.160680000000000000e+05
5.230726555695680347e+00 4.627902349056943754e-01 7.038660000000000000e+05
5.237013255806448164e+00 4.613992846849000462e-01 6.999700000000000000e+05
5.243306576029807431e+00 4.600111357994747796e-01 6.856420000000000000e+05
5.249585071784101054e+00 4.586262560045150094e-01 6.772560000000000000e+05
5.255866379352156059e+00 4.572407563886041193e-01 6.676000000000000000e+05
5.262152685364924309e+00 4.558541541128934282e-01 6.576720000000000000e+05
5.268431065049503204e+00 4.544693003172186052e-01 6.477220000000000000e+05
5.274705774719165241e+00 4.530852565231393569e-01 6.367800000000000000e+05
5.280990880809774524e+00 4.516989187060713729e-01 6.303040000000000000e+05
5.287280056723415278e+00 4.503116835367104720e-01 6.179980000000000000e+05
5.293563590739524649e+00 4.489256924802539350e-01 6.093840000000000000e+05
5.299846481420847688e+00 4.475398438505492349e-01 5.986720000000000000e+05
5.306131487683147796e+00 4.461535285196888134e-01 5.891820000000000000e+05
5.312415028706844566e+00 4.447675357795739526e-01 5.791600000000000000e+05
5.318692120204670637e+00 4.433829661846441228e-01 5.680120000000000000e+05
5.324976629372521586e+00 4.420429687253786821e-01 5.604960000000000000e+05
5.331267093588904160e+00 4.407566521130022452e-01 5.490850000000000000e+05
5.337550562445253277e+00 4.394718538739877944e-01 5.398890000000000000e+05
5.343829976242012947e+00 4.381878859151237537e-01 5.302990000000000000e+05
5.350114058138841777e+00 4.369029631549707360e-01 5.230860000000000000e+05
5.356399194302976952e+00 4.356178250856146961e-01 5.136070000000000000e+05
5.362681836060962048e+00 4.343331967245234737e-01 5.065570000000000000e+05
5.368962293024269528e+00 4.330490155598230029e-01 4.974660000000000000e+05
5.375245961895317670e+00 4.317641772582868631e-01 4.912660000000000000e+05
5.381536085001711101e+00 4.304780194441139018e-01 4.834380000000000000e+05
5.387813154141159799e+00 4.291945305512581132e-01 4.745230000000000000e+05
5.394091672850011676e+00 4.279107455395571580e-01 4.691040000000000000e+05
5.400382314722158128e+00 4.266244812716751822e-01 4.619320000000000000e+05
5.406664503414273071e+00 4.253399460556843148e-01 4.537630000000000000e+05
5.412937647890453619e+00 4.240572595923569610e-01 4.471770000000000000e+05
5.419218450076615845e+00 4.227972768834504791e-01 4.412680000000000000e+05
5.425509864441961483e+00 4.215610644779322347e-01 4.350210000000000000e+05
5.431795460680319820e+00 4.203259998144359688e-01 4.276240000000000000e+05
5.438068789377490830e+00 4.190933455068024949e-01 4.205970000000000000e+05
5.444353173513460931e+00 4.178585185705272487e-01 4.161250000000000000e+05
5.450647757586462028e+00 4.166216876819349713e-01 4.094500000000000000e+05
5.456926207426612940e+00 4.153880272594215328e-01 4.018290000000000000e+05
5.463203313294267005e+00 4.141546304444523319e-01 3.972490000000000000e+05
5.469490718976965482e+00 4.129192100648402808e-01 3.908700000000000000e+05
5.475775385445419197e+00 4.116843276849155853e-01 3.851860000000000000e+05
5.482055297270012062e+00 4.104503798497012856e-01 3.787930000000000000e+05
5.488344926379379984e+00 4.092145225069446779e-01 3.748620000000000000e+05
5.494630057051059779e+00 4.079795493612376478e-01 3.667060000000000000e+05
5.500905168338737106e+00 4.067465442955838228e-01 3.626340000000000000e+05
5.507184139095792297e+00 4.055127812362798734e-01 3.562780000000000000e+05
5.513465618694969983e+00 4.043083915652221361e-01 3.519300000000000000e+05
5.519755159350468787e+00 4.031760064789506881e-01 3.463060000000000000e+05
5.526038946600535517e+00 4.020480381401628778e-01 3.408220000000000000e+05
5.532311359351086644e+00 4.009221107419136954e-01 3.347190000000000000e+05
5.538594006630226829e+00 3.997943468560818947e-01 3.314140000000000000e+05
5.544889364304908419e+00 3.986643008472665062e-01 3.257700000000000000e+05
5.551170345875367396e+00 3.975368360305486237e-01 3.199750000000000000e+05
5.557444519639743064e+00 3.964105927489551262e-01 3.152820000000000000e+05
5.563732833609551953e+00 3.952818114772116975e-01 3.112090000000000000e+05
5.570022288640361197e+00 3.941528253880329236e-01 3.057700000000000000e+05
5.576296741694337200e+00 3.930265324910299229e-01 3.003270000000000000e+05
5.582577145320577472e+00 3.918991708131791540e-01 2.968660000000000000e+05
5.588875933100839077e+00 3.907685096361663835e-01 2.923830000000000000e+05
5.595158583863027779e+00 3.896407446901010707e-01 2.862670000000000000e+05
5.601428669553884632e+00 3.885152354583408241e-01 2.822940000000000000e+05
5.607714990865613203e+00 3.873876488048157984e-01 2.784790000000000000e+05
5.614008597284460222e+00 3.862781034514756184e-01 2.738950000000000000e+05
5.620282656021774237e+00 3.851800539073503282e-01 2.681670000000000000e+05
5.626558581750705557e+00 3.840816776767222440e-01 2.653990000000000000e+05
5.632857267067254092e+00 3.829793180927980045e-01 2.612310000000000000e+05
5.639143849282652887e+00 3.818790764639642399e-01 2.559070000000000000e+05
5.645422801789928613e+00 3.807801700283014457e-01 2.523070000000000000e+05
5.651705025504325519e+00 3.796806917795563230e-01 2.479230000000000000e+05
5.657993762263756388e+00 3.785800731550731379e-01 2.443150000000000000e+05
5.664285253194270453e+00 3.774789728412596967e-01 2.401110000000000000e+05
5.670556590206389913e+00 3.763813995696194681e-01 2.348710000000000000e+05
5.676835202040352968e+00 3.752825529940353455e-01 2.327190000000000000e+05
5.683131948771336539e+00 3.741805327230916522e-01 2.281510000000000000e+05
5.689419402826403349e+00 3.730801385453457741e-01 2.243590000000000000e+05
5.695689229961690359e+00 3.719828294835781368e-01 2.194770000000000000e+05
5.701968798512614178e+00 3.708838157308287919e-01 2.172550000000000000e+05
5.708269141608673714e+00 3.697932905332527165e-01 2.133030000000000000e+05
5.714549769248566946e+00 3.687883962799566318e-01 2.086840000000000000e+05
5.720816452370871552e+00 3.678011995475292117e-01 2.052270000000000000e+05
5.727110955680443816e+00 3.668096211339898494e-01 2.029630000000000000e+05
5.733405809487862825e+00 3.658179860646929571e-01 1.981120000000000000e+05
5.739677351650798620e+00 3.648300249289335717e-01 1.946310000000000000e+05
5.745951504767863760e+00 3.638416521763548350e-01 1.913590000000000000e+05
5.752251738326229713e+00 3.628491701969331351e-01 1.889790000000000000e+05
5.758539164557565648e+00 3.618587061885946699e-01 1.839400000000000000e+05
5.764798552821542188e+00 3.608726589582035849e-01 1.807630000000000000e+05
5.771082224055749776e+00 3.598827864815031807e-01 1.785840000000000000e+05
5.777379936444204667e+00 3.588907022306558892e-01 1.748110000000000000e+05
5.783657046599679497e+00 3.579018633651253611e-01 1.710870000000000000e+05
5.789929916186745018e+00 3.569136927495574207e-01 1.683160000000000000e+05
5.796221950963357905e+00 3.559225024551645467e-01 1.655130000000000000e+05
5.802508483370691472e+00 3.549321788221217466e-01 1.617760000000000000e+05
5.808787618245536244e+00 3.539442196494470561e-01 1.590430000000000000e+05
5.815068155175959319e+00 3.529666127122775277e-01 1.558200000000000000e+05
5.821352069812554042e+00 3.519909722976692912e-01 1.529230000000000000e+05
5.827641478650871676e+00 3.510144795135917706e-01 1.501320000000000000e+05
5.833921072619059345e+00 3.500395096237071679e-01 1.467190000000000000e+05
5.840198783685696782e+00 3.490648326370950350e-01 1.442520000000000000e+05
5.846494164294757212e+00 3.480874120779253733e-01 1.414990000000000000e+05
5.852784308668968372e+00 3.471108047065217250e-01 1.384360000000000000e+05
5.859041664429921248e+00 3.461392880579296505e-01 1.346160000000000000e+05
5.865315713714365664e+00 3.451651795209983442e-01 1.335070000000000000e+05
5.871624642072577949e+00 3.441856556303565240e-01 1.304280000000000000e+05
5.877911738147732379e+00 3.432095209626574994e-01 1.273330000000000000e+05
5.884173167770694768e+00 3.422373721207874753e-01 1.242600000000000000e+05
5.890459140547212868e+00 3.412614117971108918e-01 1.227160000000000000e+05
5.896761767495942053e+00 3.402828666314162143e-01 1.197190000000000000e+05
5.903033785116927668e+00 3.393090733547911575e-01 1.165440000000000000e+05
5.909303360764248225e+00 3.383358946783017740e-01 1.146520000000000000e+05
5.915616456081485453e+00 3.374144870586044953e-01 1.128030000000000000e+05
5.921905101440239072e+00 3.365416790728227303e-01 1.089040000000000000e+05
5.928152243303753899e+00 3.356746314158412514e-01 1.066960000000000000e+05
5.934427792680313729e+00 3.348036413786956711e-01 1.050360000000000000e+05
5.940747485670342165e+00 3.339265238367930544e-01 1.031230000000000000e+05
5.947044119968581732e+00 3.330526069011043866e-01 9.973200000000000000e+04
5.953285452510387543e+00 3.321863654839858349e-01 9.691000000000000000e+04
5.959571090316131858e+00 3.313139750023356700e-01 9.640800000000000000e+04
5.965883963942300916e+00 3.304378040301140240e-01 9.309100000000000000e+04
5.972153662354505954e+00 3.295676258355438315e-01 9.084400000000000000e+04
5.978411943354505098e+00 3.286990320984224390e-01 8.854800000000000000e+04
5.984716221620693055e+00 3.278240545742132639e-01 8.749600000000000000e+04
5.991034023314097290e+00 3.269472000029567393e-01 8.469900000000000000e+04
5.997289265880949571e+00 3.260790280914292461e-01 8.177200000000000000e+04
6.003548611769173426e+00 3.252102862141284523e-01 8.076000000000000000e+04
6.009861210783130403e+00 3.243341540223935171e-01 7.872400000000000000e+04
6.016158858041103841e+00 3.234615845515492749e-01 7.645600000000000000e+04
6.022396420412730933e+00 3.226085888537647550e-01 7.350600000000000000e+04
6.028659661273987780e+00 3.217544680188208495e-01 7.312000000000000000e+04
6.034988423987490691e+00 3.208914106555245116e-01 7.094700000000000000e+04
6.041276481915794250e+00 3.200339050191268186e-01 6.854800000000000000e+04
6.047523611591430814e+00 3.191819811094282477e-01 6.649200000000000000e+04
6.053823192873231562e+00 3.183229039121187598e-01 6.575200000000000000e+04
6.060147356803241792e+00 3.174604744743326212e-01 6.331600000000000000e+04
6.066401303882415164e+00 3.166076209272167818e-01 6.094800000000000000e+04
6.072635118487314188e+00 3.157575125374860181e-01 5.957200000000000000e+04
6.078957357261707273e+00 3.148953455769842869e-01 5.883600000000000000e+04
6.085291088269775273e+00 3.140316115157658627e-01 5.641600000000000000e+04
6.091530132482718685e+00 3.131807900299179992e-01 5.398600000000000000e+04
6.097764520139580924e+00 3.123306032529510334e-01 5.313900000000000000e+04
6.104098832241316330e+00 3.114667896847494455e-01 5.212000000000000000e+04
6.110418488663363235e+00 3.106049755395177137e-01 4.980000000000000000e+04
6.116641452033507065e+00 3.097563470618895365e-01 4.765600000000000000e+04
6.122914029809077618e+00 3.089115102399424551e-01 4.741200000000000000e+04
6.129258339249855858e+00 3.081176814101266870e-01 4.553200000000000000e+04
6.135536637490335288e+00 3.073418570943275974e-01 4.361200000000000000e+04
6.141757031645093790e+00 3.065731884560414788e-01 4.200000000000000000e+04
6.148069643958305797e+00 3.057931243110608155e-01 4.172800000000000000e+04
6.154412262070509954e+00 3.050093517423887457e-01 3.955800000000000000e+04
6.160637979217012727e+00 3.042400251047809312e-01 3.769600000000000000e+04
6.166873769119719739e+00 3.034694535760238954e-01 3.708000000000000000e+04
6.173224345291016490e+00 3.026846977210952416e-01 3.605200000000000000e+04
6.179555215599237705e+00 3.019023772057569666e-01 3.430000000000000000e+04
6.185745740993113806e+00 3.011373992723621607e-01 3.223200000000000000e+04
6.191976029977069196e+00 3.003675076091345542e-01 3.222400000000000000e+04
6.198363717618067703e+00 2.995781656476971810e-01 3.106800000000000000e+04
6.204691535616636777e+00 2.987962222664450329e-01 2.932000000000000000e+04
6.210842498698097458e+00 2.980361326544698763e-01 2.734200000000000000e+04
6.217094097739569669e+00 2.972636078499609757e-01 2.778100000000000000e+04
6.223501556779898358e+00 2.964718230544686750e-01 2.629600000000000000e+04
6.229796093528710443e+00 2.956950829192562247e-01 2.472000000000000000e+04
6.235978779352203460e+00 2.949487630467121368e-01 2.346400000000000000e+04
6.242287315930069802e+00 2.941933725747473694e-01 2.334000000000000000e+04
6.248655462230068736e+00 2.934308445068146698e-01 2.183200000000000000e+04
6.254867041918199533e+00 2.926870638769671906e-01 2.038000000000000000e+04
6.261113461359502530e+00 2.919391113135179627e-01 2.018400000000000000e+04
6.267522385063087675e+00 2.911717004367804229e-01 1.922200000000000000e+04
6.273816218873335515e+00 2.904180700946839000e-01 1.772400000000000000e+04
6.279917773122593694e+00 2.896874641777815729e-01 1.652800000000000000e+04
6.286217543691882348e+00 2.889331231549815415e-01 1.693200000000000000e+04
6.292724257589902059e+00 2.881540032733903023e-01 1.564900000000000000e+04
6.298955900222063420e+00 2.874078199436718717e-01 1.408000000000000000e+04
6.304939239185799238e+00 2.866913684608180524e-01 1.317600000000000000e+04
6.311340903424289550e+00 2.859248273198234935e-01 1.398400000000000000e+04
6.317947664293161125e+00 2.851337268479964826e-01 1.240200000000000000e+04
6.324072032285159572e+00 2.844003891274773932e-01 1.081600000000000000e+04
6.330002218790022006e+00 2.836903021909271128e-01 1.054800000000000000e+04
6.336513936720457707e+00 2.829105822660701319e-01 1.098100000000000000e+04
6.343153736138393839e+00 2.821352449862095657e-01 9.580000000000000000e+03
6.349118758151025332e+00 2.814782582674965616e-01 7.920000000000000000e+03
6.355053476638194532e+00 2.808253848442062162e-01 8.404000000000000000e+03
6.361743945381483023e+00 2.800893741914793345e-01 8.328000000000000000e+03
6.368417330672231813e+00 2.793552420572953388e-01 7.120000000000000000e+03
6.374059871692933754e+00 2.787345121078376731e-01 5.323000000000000000e+03
6.380051140127511289e+00 2.780754190823993000e-01 6.612000000000000000e+03
6.386990312321263907e+00 2.773120482789022678e-01 6.028000000000000000e+03
6.393683224273242871e+00 2.765757689158693244e-01 5.004000000000000000e+03
6.399009705825884353e+00 2.759898081765196909e-01 3.472000000000000000e+03
6.405087469807199341e+00 2.753211996079392154e-01 4.764000000000000000e+03
6.412215562949489467e+00 2.745370462791563160e-01 4.153000000000000000e+03
6.418984348800219841e+00 2.737924188849683582e-01 3.268000000000000000e+03
6.424157757746171704e+00 2.732232979077310886e-01 2.214000000000000000e+03
6.430242829782645053e+00 2.725538865932542465e-01 3.028000000000000000e+03
6.437435061598868913e+00 2.717626751706674337e-01 2.601000000000000000e+03
6.444214918700974515e+00 2.710168317893668632e-01 1.852000000000000000e+03
6.449202715813576958e+00 2.704681304392513863e-01 1.332000000000000000e+03
6.455440851684986825e+00 2.697924429864894669e-01 1.684000000000000000e+03
6.462646603584289551e+00 2.690350701136422495e-01 1.372000000000000000e+03
6.468708236144619761e+00 2.683979508397881242e-01 6.870000000000000000e+02
6.473685549241360526e+00 2.678748042644741312e-01 8.560000000000000000e+02
6.480666903198742723e+00 2.671410172689156481e-01 7.320000000000000000e+02
6.487873625934572175e+00 2.663835402494086346e-01 5.320000000000000000e+02
6.493454805060999036e+00 2.657969202568282174e-01 2.010000000000000000e+02
6.498671551273293545e+00 2.652486036085102694e-01 2.920000000000000000e+02
6.505848546360814666e+00 2.644942555316658894e-01 1.720000000000000000e+02
6.512977838516235352e+00 2.637449194278035924e-01 8.400000000000000000e+01
6.518801789534719227e+00 2.631327807903289795e-01 1.900000000000000000e+01
6.523332715034484863e+00 2.626565471291542053e-01 1.200000000000000000e+01
6.529677867889404297e+00 2.619896233081817627e-01 1.000000000000000000e+00
