-17.366624 -7.216131 -1.9077463 0.0032648371
-17.086177 -7.1451375 -1.9582042 0.003549136
-17.547802 -7.3507859 -2.0351129 0.00386253
-18.320439 -7.6815136 -2.1253859 0.0042082347
-19.02646 -7.9887335 -2.2163402 0.0045898162
-19.762159 -8.3092387 -2.3112597 0.005011231
-20.520366 -8.6405321 -2.4100434 0.005476872
-21.306353 -8.9846636 -2.5129847 0.0059916185
-22.11961 -9.3415935 -2.6201993 0.0065608941
-22.961878 -9.7120851 -2.7318746 0.0071907303
-23.833661 -10.096471 -2.8481626 0.0078878389
-24.736143 -10.495324 -2.9692377 0.0086596938
-25.6701 -10.909076 -3.0952632 0.0095146215
-26.636572 -11.338256 -3.226411 0.010461904
-27.636433 -11.783335 -3.3628479 0.011511897
-28.670672 -12.244825 -3.504743 0.012676167
-29.740193 -12.723206 -3.6522607 0.013967639
-30.845953 -13.218975 -3.8055636 0.015400727
-31.988849 -13.732605 -3.9648085 0.016991438
-33.169788 -14.264568 -4.1301474 0.018757482
-34.389622 -14.815315 -4.3017243 0.020718455
-35.649183 -15.385279 -4.479674 0.022896192
-36.949235 -15.974863 -4.6641177 0.025315265
-38.290499 -16.584438 -4.8551587 0.028003533
-39.673612 -17.214326 -5.0528776 0.030992642
-41.099159 -17.864802 -5.2573283 0.034318453
-42.567577 -18.536075 -5.4685326 0.038021469
-44.078361 -19.227889 -5.6864402 0.042147329
-45.611317 -19.913854 -5.9051112 0.046747386
-47.003516 -20.390645 -6.0793804 0.051879374
-48.420099 -20.863775 -6.2546566 0.057608163
-49.854995 -21.329595 -6.4301802 0.064006608
-51.304491 -21.785021 -6.6051544 0.071156529
-52.765633 -22.227072 -6.7786974 0.079149824
-54.234535 -22.652197 -6.9497727 0.088089824
-55.706605 -23.05626 -7.11715 0.098095814
-57.176408 -23.434467 -7.2793814 0.10930432
-58.64977 -23.791191 -7.4375719 0.1216101
-60.139999 -24.136879 -7.5946063 0.13474764
-61.647849 -24.471684 -7.750516 0.14872897
-63.172028 -24.794092 -7.9048497 0.16361247
-64.71159 -25.102885 -8.0572265 0.17945008
-66.265584 -25.396863 -8.2072564 0.1962951
-67.83308 -25.674857 -8.3545412 0.21420234
-69.413178 -25.935747 -8.4986764 0.23322823
-71.004901 -26.178423 -8.6392507 0.25343049
-72.607853 -26.401984 -8.7758636 0.27486764
-74.081903 -26.450473 -8.8749987 0.29759815
-75.386127 -26.281301 -8.9275632 0.32167951
-76.664271 -26.055523 -8.9678276 0.34716714
-77.912006 -25.769734 -8.9949336 0.37411296
-79.126257 -25.421034 -9.008085 0.40256376
-80.304401 -25.00683 -9.0065537 0.43255855
-81.443751 -24.524545 -8.989621 0.46413322
-82.54056 -23.970781 -8.9563393 0.49734227
-83.590178 -23.341454 -8.9055624 0.53225579
-84.587802 -22.632387 -8.8361018 0.56894477
-85.528552 -21.839352 -8.746737 0.60748008
-86.407485 -20.958082 -8.6362189 0.64793146
-87.219597 -19.984279 -8.5032815 0.69036523
-87.960129 -18.913731 -8.346663 0.73484193
-88.509789 -17.627389 -8.1414993 0.78141449
-88.90819 -16.167788 -7.8963323 0.83012653
-89.198641 -14.580125 -7.6201784 0.88101049
-89.37446 -12.859036 -7.3116635 0.93408469
-89.429228 -10.999315 -6.9694828 0.98935249
-89.355581 -8.9950926 -6.5922026 1.0468187
-89.144483 -6.8392488 -6.1780958 1.106505
-88.786087 -4.5240121 -5.725277 1.1684393
-88.270297 -2.0413172 -5.2317944 1.2326467
-87.586663 0.6172489 -4.6956434 1.2991432
-86.723913 3.4606011 -4.1147813 1.3679292
-85.860524 6.3211875 -3.5223529 1.4389873
-84.97497 9.2207367 -2.9136037 1.5122822
-83.916927 12.298747 -2.2605958 1.5877612
-82.676311 15.563341 -1.5617075 1.6653545
-81.241452 19.023666 -0.81520227 1.744984
-79.598921 22.6902 -0.019120435 1.8265761
-77.734108 26.574509 0.82869044 1.9100611
-75.631357 30.68916 1.7305376 1.9953666
-73.272652 35.048224 2.688901 2.0824078
-71.576881 38.845599 3.5474568 2.1710834
-69.835437 42.711434 4.428758 2.2612804
-67.912523 46.765313 5.3556215 2.3528844
-65.792383 51.020237 6.3300592 2.4457844
-63.457609 55.490353 7.354188 2.5398652
-60.890044 60.190606 8.4301876 2.6350075
-58.069394 65.137667 9.5604959 2.7310979
-55.330534 70.049973 10.691007 2.8280307
-53.536078 74.213139 11.686585 2.9257105
-51.596638 78.546703 12.721107 3.0240698
-49.491823 83.068288 13.797226 3.12308
-47.199966 87.796035 14.917563 3.2227116
-44.700077 92.747557 16.084486 3.3229165
-41.968359 97.942353 17.300665 3.4236657
-39.821862 102.7223 18.443304 3.5249725
-38.24506 107.11034 19.516988 3.6269088
-36.535371 111.67586 20.627033 3.729624
-34.667327 116.43933 21.776877 3.8333129
-32.617585 121.41909 22.969474 3.9381564
-30.362061 126.63328 24.207723 4.0443449
-28.308735 131.76209 25.433245 4.1521344
-26.425839 136.83271 26.651633 4.2618774
-24.338554 142.13598 27.91647 4.3740221
-22.018228 147.69045 29.231872 4.4890478
-19.439283 153.51121 30.601365 4.6074175
-16.504478 159.66645 32.038139 4.7296129
-12.964743 166.33672 33.575689 4.8561776
-9.0379893 173.34628 35.184125 4.9877176
-4.6916064 180.7096 36.868023 5.1248534
0.10410957 188.43762 38.631471 5.2681693
5.9055712 196.93117 40.547509 5.4182093
12.981503 206.36971 42.649586 5.5754792
20.739604 216.29435 44.858888 5.7404264
29.217593 226.71545 47.179781 5.9134239
38.452156 237.64203 49.61644 6.0947454
49.403298 249.75382 52.28958 6.2845026
61.294848 262.46143 55.09788 6.4825951
74.170165 275.77599 58.044779 6.6887436
88.081401 289.71588 61.134786 6.9025247
102.3263 303.76111 64.279179 7.1232842
117.46089 318.29722 67.544694 7.3500485
133.70476 333.46608 70.954751 7.5815913
150.9663 349.19007 74.494432 7.8165145
165.92413 363.12088 77.761284 8.0532094
181.84069 377.56738 81.147276 8.2898394
198.81359 392.5946 84.659032 8.5244164
213.69599 406.01071 87.920829 8.7548763
226.57051 417.90027 90.943903 8.9791371
240.20064 430.2035 94.05072 9.1951353
253.02775 441.85759 97.055896 9.4008662
260.832 449.98866 99.472404 9.5945204
269.02024 458.3551 101.92537 9.7745702
276.99591 466.56822 104.34275 9.9397751
279.56854 471.1185 106.1349 10.089351
282.29156 475.82713 107.93427 10.223107
284.67195 480.37545 109.6831 10.341348
283.99313 482.94539 111.0778 10.444975
283.50099 485.74288 112.48202 10.535598
283.20537 488.77187 113.89564 10.615361
283.11346 492.02668 115.31859 10.686932
283.55049 495.70544 116.78609 10.753482
286.66565 501.20763 118.5307 10.818448
291.62444 507.93197 120.45838 10.885393
298.43485 515.83422 122.56776 10.95784
309.95582 526.74542 125.16238 11.038984
323.11986 538.57907 127.90913 11.13146
340.03706 552.66695 131.02959 11.237106
359.47121 568.14262 134.38775 11.356698
380.26216 584.20552 137.85755 11.489834
402.31328 600.76563 141.42585 11.634877
424.80375 617.27632 145.00384 11.78899
444.74026 631.80286 148.2786 11.94828
464.98025 646.22524 151.54637 12.108013
478.64719 656.14189 154.09715 12.262943
492.48944 665.97024 156.62812 12.407706
497.69587 670.1047 158.23763 12.537275
502.50215 673.91402 159.77101 12.64742
500.00564 673.03786 160.52766 12.735144
496.72395 671.70695 161.1717 12.799053
489.96134 668.23511 161.43141 12.839569
483.62428 665.12721 161.70048 12.859002
477.86122 662.46349 161.99216 12.861375
475.45841 661.97245 162.58188 12.852052
475.65051 663.10688 163.38951 12.837211
482.23191 668.1881 164.78682 12.823147
492.21554 675.24634 166.47335 12.81545
506.99769 685.08583 168.58269 12.818203
524.07846 696.07457 170.86595 12.833428
542.9708 707.87411 173.27386 12.860748
559.89518 718.11385 175.43749 12.897367
573.95855 726.26688 177.27241 12.938559
585.35088 732.50971 178.80054 12.978352
589.77938 734.24456 179.61095 13.010126
588.28951 732.21018 179.8087 13.027666
583.29984 727.9838 179.62912 13.026628
575.65661 722.14037 179.15507 13.00537
567.21701 715.85048 178.56429 12.964982
560.986 710.95772 178.1413 12.909064
558.15075 708.14809 177.99578 12.843127
559.82039 708.03873 178.22945 12.773507
566.32062 710.75784 178.87011 12.706075
575.78385 715.09608 179.7399 12.644967
586.49236 719.96442 180.67727 12.591683
596.09011 723.91624 181.4628 12.544891
602.54855 725.74017 181.90971 12.500894
604.91727 724.9109 181.93299 12.454572
602.67286 721.17527 181.487 12.400579
596.11176 714.77384 180.60111 12.33473
588.58127 707.78257 179.58614 12.255356
581.75165 701.21953 178.59585 12.163825
577.78879 696.37384 177.82897 12.063925
577.51992 693.70147 177.36051 11.960553
580.08796 692.63545 177.11139 11.858122
584.17901 692.3492 176.96203 11.759192
587.49013 691.44448 176.7036 11.663781
588.21326 688.85058 176.17337 11.569582
585.81922 684.28681 175.32529 11.473076
580.81505 678.09889 174.20688 11.371018
574.46616 671.07627 172.93349 11.261641
568.58835 664.31845 171.66962 11.145248
564.39648 658.54252 170.52518 11.023955
562.14373 653.87695 169.52376 10.900686
561.40605 650.04676 168.62862 10.777854
560.15341 645.82651 167.65887 10.656366
558.14961 641.08458 166.59516 10.535465
553.8956 634.94243 165.30406 10.413341
548.47866 628.07278 163.88359 10.288185
542.4418 620.81258 162.38258 10.159218
537.1705 613.99042 160.92546 10.027029
532.6973 607.61675 159.51637 9.8931508
529.5203 601.9799 158.20138 9.7591047
525.32276 595.69469 156.77599 9.6255552
521.63509 589.67995 155.37742 9.4921667
515.60947 582.24881 153.75362 9.3580365
510.50027 575.34977 152.19353 9.2224177
503.98125 567.60309 150.49206 9.0852248
499.00125 560.76336 148.91132 8.9470271
493.50442 553.6065 147.27143 8.8086167
488.54238 546.75773 145.66655 8.6704342
482.83903 539.46263 143.98512 8.5324144
477.03463 532.10605 142.28404 8.3942532
470.90126 524.55694 140.54387 8.2557829
464.96286 517.12797 138.81159 8.1171598
459.02508 509.70429 137.07137 7.9787713
453.49284 502.52542 135.35972 7.8409547
447.30859 494.96691 133.5849 7.7037893
441.70647 487.76116 131.85533 7.5671652
434.94397 479.88171 130.01979 7.4309875
429.46524 472.7749 128.29246 7.2953275
422.61242 464.87421 126.44302 7.1602994
416.92272 457.67946 124.69324 7.0259674
410.20207 449.89897 122.85319 6.8923608
404.07075 442.49023 121.06435 6.7595039
397.69226 434.96172 119.25489 6.6275107
391.38499 427.50252 117.45319 6.4964905
385.0669 420.06557 115.65281 6.3665208
378.83243 412.7069 113.86249 6.2377019
372.60528 405.38217 112.07614 6.1101166
366.42209 398.11425 110.29753 5.9837879
359.98905 390.73192 108.502 5.8587359
354.13588 383.72325 106.76166 5.7350256
347.55096 376.31916 104.96405 5.6126828
341.80882 369.44499 103.24538 5.491732
335.29933 362.15736 101.46772 5.3721927
329.42984 355.28342 99.752723 5.2540551
323.1004 348.18003 98.006455 5.1373115
317.0004 341.25264 96.288658 5.0219793
311.07656 334.47022 94.595153 4.9081435
304.94936 327.61083 92.893733 4.7958574
299.14243 320.9814 91.229612 4.68515
293.21929 314.32665 89.565717 4.5760546
287.36154 307.75318 87.917922 4.4685886
281.75915 301.3722 86.302766 4.3627789
275.82221 294.83919 84.670163 4.2586274
270.46061 288.68652 83.098157 4.1561308
264.52277 282.24195 81.488761 4.0552704
259.23486 276.222 79.946881 3.9560636
253.66246 270.08071 78.393068 3.8585488
248.22804 264.06554 76.863648 3.7626926
242.89965 258.15892 75.356204 3.6684482
237.35412 252.17284 73.843453 3.5758083
232.40248 246.57982 72.394473 3.4848299
226.99665 240.76773 70.920156 3.3955538
222.16464 235.3358 69.508027 3.3079762
216.97558 229.74169 68.079173 3.2220617
212.01722 224.32862 66.683729 3.137767
207.20861 219.04935 65.314923 3.0550974
202.20618 213.70378 63.943664 2.9740394
197.61873 208.64615 62.621583 2.8945969
192.85203 203.52967 61.298224 2.8167844
188.28939 198.57652 60.00601 2.7406173
183.99791 193.82471 58.750614 2.6661123
179.25601 188.8548 57.471115 2.5931985
175.18858 184.32221 56.262899 2.521799
170.42861 179.43161 55.010316 2.451905
166.71823 175.19514 53.860588 2.3835569
162.10864 170.47896 52.648931 2.3167419
158.3663 166.3104 51.524731 2.2514098
154.089 161.87448 50.369569 2.1875279
150.17779 157.69525 49.259523 2.1250532
146.30315 153.58042 48.166585 2.0640019
142.4636 149.52813 47.090389 2.004384
138.76499 145.59888 46.039658 1.9461954
135.19319 141.78351 45.012997 1.8894254
131.44749 137.90634 43.984886 1.8340645
128.37681 134.45913 43.026781 1.7801136
124.40463 130.52676 42.005929 1.7275004
121.62171 127.32328 41.098543 1.6761697
117.65778 123.47277 40.104945 1.6260955
115.03833 120.44047 39.237718 1.5772681
111.30001 116.79692 38.289472 1.5296528
108.49542 113.73344 37.432886 1.4831975
105.22178 110.43538 36.549656 1.4379165
102.32014 107.38981 35.710259 1.3938025
99.35568 104.3436 34.87785 1.3508508
96.547233 101.42271 34.070569 1.3090511
93.671302 98.49668 33.269407 1.2683855
91.147077 95.807702 32.509364 1.228835
88.154095 92.879196 31.7213 1.1903838
86.13271 90.544902 31.026075 1.1530289
82.868039 87.5211 30.237749 1.1167101
81.183502 85.443921 29.593456 1.0813989
77.91858 82.482499 28.828015 1.0470347
76.089273 80.385259 28.194539 1.013558
73.266978 77.744419 27.488898 0.98098482
71.234007 75.591958 26.860333 0.94930419
68.824783 73.251662 26.210712 0.91852294
66.72807 71.121606 25.597533 0.8886325
64.520741 68.956008 24.985078 0.85961639
62.532079 66.944869 24.40074 0.83145746
60.332993 64.839079 23.808344 0.80413647
58.631264 63.047784 23.267015 0.77763481
56.252888 60.890478 22.678149 0.75193855
55.047415 59.436775 22.196668 0.72705261
52.38291 57.163613 21.602325 0.70290952
51.349911 55.860426 21.154085 0.67947038
48.806238 53.708979 20.588833 0.65669931
47.514467 52.308882 20.137704 0.63455347
45.468309 50.49787 19.632195 0.61306687
43.98202 49.035716 19.182063 0.59223788
42.225898 47.441762 18.717627 0.57205506
40.6959 46.002512 18.280215 0.55250536
39.050233 44.519838 17.841048 0.5335728
37.635375 43.193839 17.428967 0.51524207
35.925803 41.720179 16.999843 0.49749743
34.791262 40.601613 16.626325 0.48032662
32.858547 39.043548 16.193435 0.46371336
32.133431 38.205596 15.869038 0.44766122
29.959521 36.552614 15.43143 0.43210384
29.195185 35.73904 15.119587 0.41699969
27.295592 34.293124 14.72051 0.4023568
26.264701 33.374298 14.401563 0.38815657
24.720228 32.183125 14.046933 0.37440741
23.502415 31.205791 13.726775 0.36110071
22.125949 30.16235 13.400537 0.34822125
20.85006 29.203635 13.089894 0.33575411
19.466472 28.2106 12.777604 0.32367928
18.251456 27.344783 12.486874 0.31197757
16.674478 26.301968 12.173772 0.30062288
15.627288 25.600926 11.913236 0.28959569
13.681353 24.421595 11.587198 0.27882406
12.549781 23.761838 11.339436 0.26824799
10.303405 22.517935 11.011265 0.25775469
8.5950796 21.662099 10.742049 0.2472087
5.9561521 20.375538 10.416845 0.23625795
2.8652961 18.983392 10.079631 0.22449823
2.767894 19.630345 10.082961 0.20955879
-22.497327 6.7002892 7.9708626 0.17052772
-171.89698 -77.621404 -5.4041741 0.12648692
