-52.52854 -33.368043 -10.909434 0.023710518
-52.016823 -33.275798 -11.092747 0.025775202
-53.528921 -34.335888 -11.506765 0.028051186
-55.895769 -35.924352 -12.031081 0.030561821
-58.094894 -37.429208 -12.548977 0.033333005
-60.387921 -39.002998 -13.090076 0.036393473
-62.756051 -40.636292 -13.652962 0.039775126
-65.214261 -42.338474 -14.239831 0.0435134
-67.761879 -44.11037 -14.851239 0.047647683
-70.404379 -45.956181 -15.488395 0.052221778
-73.143922 -47.878404 -16.152183 0.057284428
-75.984544 -49.88059 -16.843685 0.06288991
-78.929223 -51.965808 -17.563889 0.069098695
-81.981704 -54.13759 -18.313863 0.07597819
-85.145317 -56.399329 -19.094636 0.083603606
-88.423766 -58.754679 -19.907275 0.092058942
-91.820572 -61.207271 -20.752816 0.10143806
-95.339455 -63.760907 -21.632306 0.11184563
-98.984032 -66.419406 -22.546758 0.12339792
-102.75802 -69.186703 -23.497169 0.13622353
-106.66503 -72.066754 -24.484492 0.15046479
-110.7087 -75.063587 -25.509635 0.16628026
-114.89257 -78.181228 -26.573429 0.18384838
-119.22012 -81.423726 -27.67662 0.20337149
-123.6947 -84.795086 -28.819832 0.22507941
-128.31956 -88.299295 -30.003557 0.24923257
-133.0977 -91.940239 -31.228114 0.27612512
-138.0296 -95.72009 -32.493305 0.30608849
-143.03904 -99.528835 -33.765222 0.33949564
-147.50698 -102.4965 -34.784651 0.37676586
-152.06605 -105.51078 -35.813139 0.41837023
-156.70075 -108.56055 -36.846206 0.46483786
-161.40206 -111.63729 -37.879405 0.51676296
-166.16303 -114.73317 -38.907937 0.57481291
-170.97424 -117.83828 -39.92606 0.63973814
-175.82441 -120.9407 -40.92691 0.71240494
-180.70001 -124.02615 -41.902345 0.79380484
-185.61728 -127.11123 -42.858233 0.88317341
-190.61223 -130.23335 -43.810294 0.97858247
-195.68781 -133.39552 -44.75863 1.0801193
-200.84157 -136.59518 -45.700684 1.188208
-206.07201 -139.83078 -46.634258 1.3032257
-211.37762 -143.10086 -47.557076 1.4255594
-216.75694 -146.40407 -48.466789 1.5556072
-222.20864 -149.73928 -49.360999 1.693779
-227.73117 -153.10534 -50.237225 1.8404938
-233.32458 -156.50192 -51.093059 1.9961767
-238.48909 -159.2686 -51.735644 2.1612522
-243.08536 -161.22866 -52.112601 2.3361381
-247.63182 -163.07145 -52.420835 2.5212365
-252.11642 -164.7857 -52.655083 2.7169247
-256.53046 -166.36202 -52.810505 2.9235423
-260.86633 -167.79197 -52.882634 3.1413729
-265.11616 -169.06703 -52.867022 3.3706769
-269.2692 -170.17571 -52.75791 3.6118501
-273.31221 -171.10403 -52.548391 3.8654016
-277.23143 -171.83746 -52.231299 4.131847
-281.01278 -172.36112 -51.799282 4.4117008
-284.64187 -172.65978 -51.244822 4.7054696
-288.10403 -172.71786 -50.560281 5.013635
-291.38511 -172.51988 -49.738017 5.3366366
-294.08241 -171.56584 -48.634553 5.6748588
-296.33562 -170.03755 -47.298524 6.0286184
-298.29464 -168.12708 -45.78119 6.3981511
-299.93885 -165.81266 -44.073984 6.7835897
-301.24814 -163.07273 -42.16868 7.1849588
-302.19966 -159.883 -40.056225 7.6022933
-302.76589 -156.21449 -37.725833 8.0357504
-302.91694 -152.03557 -35.165877 8.4855334
-302.62196 -147.3133 -32.364481 8.9518238
-301.84891 -142.0132 -29.309538 9.4347378
-300.56324 -136.09852 -25.988632 9.9342792
-299.34932 -130.27035 -22.591661 10.450321
-298.13316 -124.43633 -19.090351 10.982607
-296.42415 -118.01228 -15.322961 11.530754
-294.19073 -110.96372 -11.27902 12.094256
-291.39681 -103.25204 -6.9472464 12.672545
-288.00135 -94.833528 -2.3150504 13.265087
-283.95985 -85.66047 2.631062 13.871375
-279.22471 -75.681477 7.9052131 14.490885
-273.74169 -64.839431 13.522528 15.122999
-270.42358 -56.484407 18.584627 15.766982
-267.0102 -47.995619 23.797854 16.422015
-263.07197 -38.878274 29.294888 17.087265
-258.56196 -29.08132 35.088951 17.761926
-253.42855 -18.549309 41.19384 18.445164
-247.61785 -7.2239209 47.623381 19.13611
-241.07 4.9592298 54.392576 19.833941
-234.82778 16.830981 61.191093 20.53789
-231.55462 25.437531 67.242594 21.247264
-227.86653 34.573236 73.549011 21.961572
-223.70539 44.301891 80.127356 22.680607
-219.0094 54.689669 86.994322 23.404155
-213.71829 65.801149 94.16471 24.131867
-207.7641 77.707833 101.65488 24.863531
-203.63875 87.694488 108.75942 25.599244
-201.28309 95.849993 115.50606 26.339529
-198.56048 104.50464 122.50238 27.085471
-195.40021 113.73133 129.76967 27.838484
-191.73688 123.59639 137.32584 28.599881
-187.50285 134.16681 145.18844 29.371047
-183.92699 144.12626 153.0227 30.153839
-180.91238 153.58166 160.86215 30.950818
-177.33981 163.71806 169.01631 31.765239
-173.12933 174.60853 177.5096 32.600582
-168.20864 186.31636 186.36258 33.46021
-162.29282 199.12465 195.65165 34.347621
-154.65015 213.77659 205.57011 35.266763
-145.93231 229.56519 215.94623 36.222037
-136.0458 246.56422 226.80601 37.217949
-124.90414 264.83837 238.17227 38.258742
-110.87505 286.04221 250.4645 39.348368
-93.179694 310.93159 263.87421 40.490498
-73.558409 337.67325 277.94655 41.688383
-51.899112 366.34674 292.70481 42.944732
-28.091662 397.0295 308.17049 44.261531
0.65714768 432.52046 325.03521 45.639592
32.088071 470.47504 342.71335 47.078186
66.33092 510.98612 361.22245 48.575286
103.54076 554.17428 380.58521 50.127814
141.69732 597.98177 400.28697 51.731022
182.41655 644.01253 420.70873 53.377839
226.33509 692.8783 441.98376 55.059357
273.19123 744.29587 464.02432 56.765425
313.47239 788.81629 484.51345 58.48436
356.55167 835.77551 505.70798 60.202823
402.70336 885.43897 527.64835 61.906377
442.94868 928.97228 548.1742 63.580031
477.55069 966.70673 567.35508 65.208665
514.3851 1006.425 587.0545 66.777294
549.01307 1043.812 606.21211 68.27136
569.47573 1067.2728 622.03359 69.677721
591.11862 1091.8598 638.12784 70.985284
612.23385 1115.9463 654.09184 72.18504
618.15579 1125.3856 666.54505 73.271297
624.57424 1135.4507 679.14113 74.242658
630.07777 1144.8016 691.56036 75.101355
627.0129 1146.1047 702.06755 75.853919
624.50441 1148.1625 712.76697 76.512037
622.5622 1150.9696 723.66527 77.091299
621.19325 1154.5036 734.76625 77.611062
621.29893 1159.5794 746.2739 78.094358
628.87958 1171.838 759.52188 78.566156
641.58753 1188.9426 773.95995 79.052322
659.4412 1210.8062 789.56569 79.578449
690.40453 1244.8443 808.06477 80.167734
725.9284 1282.8431 827.51453 80.839316
771.89098 1330.2364 849.16 81.60654
824.86004 1383.6819 872.18574 82.475048
881.62821 1440.0892 895.83435 83.441912
941.94383 1499.1778 920.0017 84.49525
1003.5466 1558.8164 944.1541 85.614454
1058.1711 1611.3146 966.47671 86.771254
1113.7343 1664.1267 988.66916 87.931273
1151.2531 1699.678 1006.6524 89.056413
1189.3661 1735.4376 1024.4556 90.10772
1203.7786 1748.9977 1036.9195 91.048679
1217.1865 1761.5567 1048.945 91.848578
1210.578 1755.6542 1056.5449 92.485649
1201.8742 1747.9701 1063.5862 92.949766
1183.648 1731.7168 1068.5483 93.244001
1166.6112 1716.7838 1073.7314 93.385123
1151.1514 1703.4882 1079.2323 93.402359
1144.8901 1698.7359 1086.641 93.334647
1145.719 1700.4585 1095.4829 93.226867
1164.0161 1717.9921 1107.8625 93.124737
1191.6086 1743.6886 1121.999 93.068838
1232.3212 1780.8896 1138.5976 93.088828
1279.3383 1823.2641 1156.1592 93.199394
1331.3461 1869.5583 1174.3398 93.397805
1378.054 1910.421 1190.9755 93.663735
1417.0448 1943.7338 1205.5634 93.96288
1448.8428 1970.097 1218.2311 94.251866
1461.7703 1979.101 1226.6361 94.482618
1458.6748 1973.507 1231.4361 94.609997
1446.1185 1959.3911 1234.062 94.602459
1426.3826 1938.9053 1235.0637 94.448082
1404.4944 1916.6143 1235.5152 94.154772
1388.5933 1899.8063 1237.0825 93.748679
1381.8867 1891.2609 1240.3961 93.26983
1387.3764 1893.5333 1246.0082 92.764232
1405.9459 1907.2674 1254.0185 92.274528
1432.5469 1927.8176 1263.3271 91.830748
1462.5441 1950.9706 1272.9318 91.443787
1489.5779 1971.0419 1281.5207 91.103973
1508.1738 1983.2099 1288.0018 90.784454
1515.768 1985.3044 1291.899 90.448056
1510.9455 1976.201 1292.9876 90.055946
1494.5001 1956.7265 1291.4987 89.57773
1475.4496 1934.974 1289.2921 89.001298
1458.2849 1914.9315 1287.302 88.33658
1448.8356 1901.7158 1286.6818 87.611083
1449.3283 1897.2054 1287.8332 86.86037
1457.4584 1899.261 1290.2431 86.116489
1469.6962 1904.6968 1293.1574 85.398038
1479.8541 1908.0301 1295.323 84.705141
1483.0747 1905.0138 1295.7843 84.02104
1477.9356 1894.4712 1294.2958 83.320193
1465.7949 1877.6807 1291.1748 82.57902
1450.0453 1857.6868 1287.1325 81.784698
1435.5558 1838.7912 1283.1486 80.939425
1425.5831 1823.8318 1279.8615 80.058565
1420.8067 1813.3571 1277.3841 79.163353
1420.0921 1806.3282 1275.4645 78.271318
1417.9994 1797.9487 1273.0247 77.389041
1413.8988 1787.6868 1269.9367 76.511031
1403.7735 1772.0552 1265.4392 75.624134
1390.5331 1753.6501 1260.121 74.715226
1375.6274 1733.7656 1254.291 73.778636
1362.7628 1715.6485 1248.6792 72.81865
1352.0257 1699.3549 1243.3041 71.846392
1344.7495 1686.0334 1238.4081 70.872918
1334.7393 1670.2574 1232.7929 69.90305
1326.088 1655.6197 1227.2403 68.934351
1311.1832 1635.4851 1220.3063 67.960264
1298.7197 1617.471 1213.6681 66.975367
1282.4813 1596.1563 1206.1563 65.979039
1270.3427 1578.4153 1199.2807 64.975413
1256.8142 1559.4531 1191.9979 63.970244
1244.7037 1541.7197 1184.8378 62.966731
1230.606 1522.2527 1177.1544 61.964399
1216.2291 1502.5499 1169.2775 60.961039
1200.9644 1482.0884 1161.1001 59.955435
1186.2088 1462.0877 1152.8949 58.948722
1171.4435 1442.096 1144.5698 57.943714
1157.7473 1423.0506 1136.3304 56.942858
1142.3031 1402.5048 1127.6466 55.946732
1128.3983 1383.3196 1119.1432 54.954535
1111.3884 1361.4673 1109.9543 53.965575
1097.7853 1342.6053 1101.3159 52.980373
1080.5164 1320.6012 1091.9025 51.999762
1066.3309 1301.314 1082.9896 51.024216
1049.386 1279.6819 1073.4827 50.053944
1033.9955 1259.448 1064.197 49.089116
1017.9334 1238.6857 1054.7194 48.130556
1002.0477 1218.1325 1045.2102 47.179058
986.12064 1197.6017 1035.6329 46.235184
970.40296 1177.3108 1026.0382 45.299667
954.69263 1157.0857 1016.3906 44.373108
939.08626 1137.012 1006.7114 43.455676
922.8029 1116.4172 996.86144 42.547517
908.0473 1097.2075 987.25695 41.649102
891.33448 1076.3737 977.25122 40.760619
876.84752 1057.5308 967.63073 39.882245
860.30914 1036.9877 957.60287 39.014122
845.45735 1017.9743 947.86915 38.156179
829.37104 997.97293 937.88921 37.308358
813.88099 978.56564 928.00755 36.470787
798.84561 959.63035 918.19969 35.644084
783.25803 940.29941 908.27872 34.828635
768.50782 921.77104 898.50597 34.024651
753.43675 903.04725 888.66824 33.232375
738.52724 884.54412 878.85838 32.451932
724.28239 866.69488 869.17265 31.683517
709.13852 848.15368 859.32465 30.927144
695.50851 830.99851 849.7651 30.18279
680.33848 812.60214 839.93113 29.450318
666.87997 795.76273 830.42884 28.729855
652.65611 778.34871 820.80211 28.021679
638.78638 761.32448 811.26155 27.325549
625.18634 744.61939 801.79448 26.641125
610.99929 727.49805 792.2437 25.968353
598.3753 711.80714 783.00627 25.307648
584.53701 695.15815 773.56958 24.659304
572.20836 679.89098 764.43995 24.023295
558.92328 663.88767 755.16536 23.399363
546.23898 648.48701 746.03627 22.787195
533.94094 633.50454 737.0138 22.186827
521.1199 618.15975 727.92995 21.598163
509.3883 603.83605 719.08177 21.021231
497.17228 589.18109 710.17818 20.456138
485.4875 575.06451 701.40799 19.902994
474.51139 561.63632 692.80718 19.361922
462.33366 547.25869 684.02948 18.832404
451.93282 534.4882 675.62576 18.313884
439.68941 520.2207 666.92977 17.806297
430.21628 508.40932 658.78893 17.309938
418.35411 494.62965 650.25715 16.824712
408.77898 482.89069 642.19746 16.350255
397.78018 470.01234 633.92916 15.88633
387.74194 458.03867 625.88853 15.432623
377.79277 446.22146 617.91198 14.989254
367.92894 434.55562 609.99565 14.556294
358.43081 423.27943 602.19017 14.133715
349.2611 412.3591 594.4881 13.721437
339.62466 401.11165 586.74529 13.319393
331.76728 391.45782 579.37768 12.92759
321.51825 379.82703 571.62731 12.545501
314.40848 370.95517 564.5109 12.172725
304.16842 359.47516 556.88004 11.809074
297.47824 351.10409 549.95935 11.454479
287.82237 340.26569 542.55686 11.108685
280.63009 331.60713 535.66455 10.771315
272.19122 321.95214 528.59796 10.442474
264.73071 313.20305 521.76069 10.122107
257.09876 304.37442 514.93978 9.8101817
249.87391 295.95943 508.23955 9.5066218
242.46575 287.45155 501.55149 9.2112976
235.98278 279.79725 495.07803 8.9240724
228.25578 271.13972 488.42331 8.6448311
223.0927 264.73294 482.28852 8.373551
214.63834 255.57065 475.61091 8.1097955
210.35647 250.03401 469.76044 7.8533563
201.89268 240.98215 463.21593 7.6037949
197.21965 235.23248 457.4299 7.3606791
189.91746 227.29621 451.22159 7.1241248
184.69758 221.19952 445.44586 6.8940526
178.47949 214.30779 439.53516 6.6705117
173.08399 208.17555 433.82027 6.4534403
167.39251 201.84575 428.09588 6.2427185
162.27571 196.06116 422.5204 6.0382217
156.59966 189.85193 416.88632 5.8398102
152.23495 184.81505 411.53507 5.6473489
146.07922 178.29885 405.90048 5.4607365
143.02029 174.47665 400.88308 5.2800088
136.10313 167.40871 395.22626 5.104676
133.49432 164.07178 390.42243 4.9344555
126.89095 157.37559 384.95914 4.7690866
123.59288 153.55645 380.15649 4.6082581
118.29937 148.08548 375.03566 4.4522172
114.48288 143.92685 370.22772 4.3009522
109.95125 139.20783 365.33129 4.1543799
106.01522 135.04705 360.5847 4.0124054
101.7717 130.67299 355.82247 3.8749126
98.136241 126.86699 351.21129 3.7417906
93.720621 122.44358 346.49746 3.6129248
90.822451 119.36387 342.10121 3.4882261
85.814426 114.53115 337.36284 3.3675766
83.995294 112.4679 333.25944 3.2510021
78.347385 107.18671 328.52817 3.1380208
76.421521 105.13585 324.53507 3.028331
71.495631 100.57827 320.04899 2.9219907
68.863128 98.033562 316.02563 2.8188653
64.873021 94.386052 311.79302 2.7190156
61.744616 91.531006 307.7535 2.6223791
58.196067 88.376431 303.67332 2.5288454
54.91227 85.509357 299.67423 2.4383059
51.342889 82.463611 295.65668 2.3506156
48.217518 79.866181 291.74825 2.265635
44.134963 76.527301 287.69579 2.1831746
41.450101 74.463795 283.92396 2.1030926
36.389519 70.468619 279.76104 2.0248665
33.477312 68.418418 275.99888 1.9480608
27.617141 63.989474 271.72893 1.8718563
23.173332 60.941246 267.6595 1.795269
16.263876 56.024646 263.17824 1.7157424
8.1498369 50.417057 258.25371 1.630341
7.9108478 52.175885 256.13472 1.5218484
-58.868501 -0.83404993 233.55167 1.2384008
-453.38361 -332.60754 107.61811 0.91857237
