-34.481275 -28.314827 -10.151134 0.032440531
-34.177214 -28.189272 -10.021527 0.035265414
-35.193858 -29.091437 -10.32753 0.038379395
-36.769393 -30.465068 -10.82957 0.041814423
-38.238219 -31.763931 -11.295346 0.045605933
-39.770906 -33.124314 -11.782523 0.049793238
-41.355382 -34.537932 -12.287219 0.054419985
-43.001596 -36.013321 -12.812656 0.059534658
-44.709312 -37.551396 -13.358774 0.065191147
-46.482311 -39.156112 -13.926756 0.07144938
-48.322231 -40.829926 -14.517091 0.078376052
-50.231946 -42.576266 -15.130624 0.086045421
-52.213658 -44.39816 -15.767958 0.094540222
-54.270084 -46.299087 -16.429815 0.10395268
-56.403692 -48.282437 -17.116792 0.11438571
-58.617213 -50.351876 -17.829508 0.12595422
-60.913276 -52.511096 -18.568486 0.13878663
-63.294668 -54.763991 -19.334215 0.15302618
-65.764128 -57.114524 -20.127077 0.16883191
-68.324485 -59.566817 -20.94737 0.18637979
-70.978533 -62.125072 -21.795254 0.20586454
-73.72911 -64.793617 -22.670748 0.22750311
-76.579009 -67.576852 -23.573683 0.25153965
-79.531031 -70.479269 -24.503683 0.27825099
-82.587914 -73.505409 -25.460116 0.30795155
-85.752389 -76.659883 -26.442064 0.34099767
-89.027028 -79.947306 -27.448269 0.37779179
-92.412839 -83.370877 -28.476446 0.41878739
-95.851136 -86.841447 -29.492677 0.46449473
-98.86504 -89.642889 -30.25099 0.51548747
-101.94326 -92.510379 -30.995953 0.57241016
-105.07602 -95.436323 -31.719372 0.63598673
-108.25777 -98.415687 -32.413369 0.70703014
-111.48435 -101.44423 -33.069642 0.7864535
-114.75002 -104.51608 -33.67834 0.87528356
-118.04784 -107.62382 -34.227836 0.97470556
-121.36945 -110.75821 -34.704458 1.0860761
-124.72552 -113.93211 -35.115376 1.2083493
-128.13944 -117.17362 -35.482426 1.338887
-131.61341 -120.48641 -35.804156 1.4778087
-135.14623 -123.87021 -36.07508 1.6256945
-138.73728 -127.32548 -36.290157 1.7830605
-142.38597 -130.85278 -36.444133 1.9504361
-146.09174 -134.45273 -36.531558 2.1283663
-149.85413 -138.12612 -36.546812 2.3174113
-153.67254 -141.8737 -36.484045 2.518145
-157.54744 -145.69693 -36.337451 2.7311485
-161.10351 -149.0552 -35.92159 2.9570031
-164.23818 -151.8057 -35.183605 3.19628
-167.34253 -154.51626 -34.305606 3.4495295
-170.40858 -157.17906 -33.27874 3.7172679
-173.43047 -159.78783 -32.094933 3.9999598
-176.40305 -162.33697 -30.74673 4.2979931
-179.32095 -164.82074 -29.226728 4.6117242
-182.17693 -167.23121 -27.525573 4.9416946
-184.9621 -169.55852 -25.63222 5.2886008
-187.66722 -171.79231 -23.5353 5.6531482
-190.28278 -173.92183 -21.223256 6.036041
-192.79903 -175.93595 -18.684398 6.4379719
-195.20599 -177.82316 -15.906951 6.8596001
-197.49396 -179.5719 -12.879247 7.3015271
-199.36777 -180.77472 -9.4614857 7.7642786
-200.93188 -181.58132 -5.6954034 8.2482882
-202.29744 -182.1492 -1.6253684 8.7538783
-203.45006 -182.46098 2.7603616 9.2812308
-204.37555 -182.49925 7.4727749 9.830379
-205.0579 -182.24444 12.523932 10.401371
-205.47802 -181.67331 17.928295 10.994422
-205.61514 -180.76047 23.70118 11.609809
-205.44782 -179.47943 29.857722 12.247782
-204.95371 -177.80235 36.412899 12.908499
-204.10873 -175.69945 43.381779 13.591965
-203.3353 -173.74062 50.588205 14.298007
-202.57882 -171.84993 58.061783 15.026274
-201.48534 -169.55211 65.957798 15.776243
-200.03261 -166.81884 74.288416 16.547219
-198.19539 -163.61849 83.066705 17.338427
-195.94507 -159.91552 92.307204 18.149135
-193.25075 -155.67135 102.02498 18.978652
-190.07937 -150.84467 112.23508 19.826257
-186.39344 -145.38969 122.95334 20.691108
-184.2654 -142.01927 133.33295 21.572198
-182.08237 -138.61009 144.04296 22.468406
-179.53918 -134.76267 155.21104 23.378593
-176.60361 -130.43719 166.85279 24.301656
-173.24035 -125.59045 178.984 25.236454
-169.41251 -120.17724 191.61943 26.181797
-165.07925 -114.14798 204.77448 27.13656
-160.97601 -108.44918 218.15782 28.099695
-158.97271 -105.46591 231.03903 29.070251
-156.68661 -102.13893 244.36919 30.047559
-154.07891 -98.421629 258.17092 31.031334
-151.10839 -94.265342 272.46558 32.021283
-147.7347 -89.622585 287.27046 33.016928
-143.91249 -84.440752 302.60435 34.017981
-141.38024 -80.909798 317.80589 35.024575
-140.09277 -78.961677 332.9086 36.037423
-138.56253 -76.727482 348.4966 37.058011
-136.74327 -74.15488 364.60034 38.088273
-134.59206 -71.195814 381.24398 39.130007
-132.06446 -67.801149 398.45039 40.185106
-130.01255 -65.03161 415.91182 41.256112
-128.36939 -62.804451 433.67113 42.346528
-126.36387 -60.172139 452.03369 43.460808
-123.94373 -57.078076 471.0334 44.603713
-121.06141 -53.471397 490.69718 45.779845
-117.5233 -49.123563 511.10423 46.993991
-112.83013 -43.43663 532.44515 48.251549
-107.43247 -36.971834 554.56558 49.558542
-101.26813 -29.662705 577.49536 50.921136
-94.279089 -21.447264 601.25772 52.345136
-85.351472 -10.990527 626.24811 53.835947
-73.957788 2.3251721 652.64402 55.398595
-61.288223 17.051991 680.009 57.037527
-47.266307 33.273286 708.35472 58.756446
-31.81639 51.072591 737.68697 60.558075
-13.040378 72.705566 768.6391 62.443521
7.5254181 96.325964 800.63385 64.411787
29.970401 122.03328 833.66137 66.4601
54.401127 149.94843 867.7129 68.58425
79.453269 178.45687 902.2664 70.777738
106.22457 208.85967 937.6433 73.030892
135.14704 241.664 973.93177 75.331524
166.04495 276.66054 1011.0104 77.665745
192.51117 306.34807 1046.6531 80.01757
220.87115 338.1613 1082.9598 82.36875
251.30797 372.31212 1119.9393 84.69953
277.78762 401.77826 1155.5221 86.989403
300.4981 426.81653 1189.7592 89.21768
324.72918 453.59111 1224.4073 91.36386
347.5011 478.65377 1258.4594 93.408021
360.80861 492.78041 1289.2819 95.332188
374.93321 507.88222 1320.3082 97.12118
388.72458 522.63227 1351.1836 98.762671
392.3826 525.78274 1378.7507 100.24887
396.39038 529.404 1406.5132 101.57788
399.79675 532.39997 1434.2182 102.75273
397.49558 528.93657 1460.2784 103.78238
395.56462 525.96363 1486.7406 104.68281
394.0023 523.46554 1513.6576 105.47535
392.80685 521.42533 1541.0711 106.18648
392.57236 520.50091 1569.2041 106.84772
397.27842 525.17879 1599.326 107.49323
405.35945 533.64996 1630.9077 108.1584
416.82539 545.89689 1663.898 108.87824
436.95202 567.83752 1699.8699 109.68449
460.07349 593.04928 1736.9077 110.60334
490.08445 625.89081 1776.0857 111.65304
524.71605 663.78709 1816.5125 112.84133
561.85389 704.35533 1857.3452 114.16418
601.33931 747.41684 1898.3606 115.60534
641.68665 791.31511 1938.9425 117.13662
677.45073 829.99055 1977.2874 118.71934
713.8605 869.30247 2014.941 120.30646
738.41053 895.36019 2048.0279 121.84586
763.38539 921.8716 2080.3722 123.28425
772.79073 931.11112 2107.1609 124.57165
781.56445 939.69668 2133.1206 125.66607
777.198 933.79941 2154.6128 126.5377
771.46933 926.48152 2175.435 127.1727
759.49022 912.34745 2194.2979 127.57527
748.28777 899.1521 2213.5047 127.76835
738.10748 887.14577 2233.2407 127.79193
733.9411 881.79202 2255.056 127.69929
734.40066 881.52412 2278.4921 127.55182
746.28387 893.76287 2305.4606 127.41209
764.23599 912.58796 2334.1432 127.33561
790.76558 940.71662 2365.0231 127.36296
821.41746 973.24977 2396.4805 127.51424
855.33989 1009.2513 2427.9958 127.7857
885.81199 1041.3916 2457.3764 128.14954
911.26267 1067.9866 2484.0675 128.55883
932.03873 1089.4503 2508.1692 128.95422
940.51775 1097.5293 2527.5082 129.26993
938.56027 1094.2962 2542.8352 129.4442
930.44341 1084.4281 2555.7161 129.43389
917.64745 1069.5445 2566.8881 129.22267
903.44405 1053.1938 2577.5313 128.82137
893.13109 1041.0983 2589.3253 128.26576
888.79284 1035.4814 2602.8921 127.6106
892.38211 1038.4184 2618.6872 126.91885
904.47513 1050.4969 2636.6563 126.24884
921.79061 1068.1504 2655.5587 125.64167
941.31889 1088.1257 2674.2455 125.11223
958.92928 1105.9794 2691.3307 124.6473
971.06705 1117.9061 2705.7213 124.21014
976.06824 1122.1468 2716.9889 123.74988
973.01349 1117.7452 2725.013 123.2134
962.41622 1105.2772 2730.1734 122.55911
950.12739 1091.0313 2734.4258 121.77044
939.0565 1078.118 2738.8049 120.86098
932.98295 1070.5686 2744.4504 119.86836
933.35008 1069.9043 2751.6851 118.84125
938.66539 1074.5081 2759.887 117.82348
946.64425 1081.9283 2768.178 116.8405
953.27932 1087.8865 2775.237 115.89249
955.42555 1089.0389 2780.1044 114.95651
952.16182 1084.421 2782.5918 113.99762
944.36626 1074.9843 2783.1107 112.98356
934.23345 1063.0748 2782.4609 111.89678
924.91284 1052.0446 2781.665 110.74029
918.51101 1044.126 2781.3584 109.53511
915.46778 1039.7758 2781.6075 108.31029
915.05057 1038.2077 2782.0832 107.08982
913.74284 1035.6847 2781.6785 105.8827
911.1388 1031.7826 2780.2307 104.68142
904.64146 1023.7527 2777.0339 103.46798
896.13122 1013.5978 2772.7067 102.22443
886.54374 1002.3115 2767.6174 100.943
878.27276 992.4283 2762.5038 99.629552
871.37368 984.00163 2757.3848 98.299319
866.70818 977.94095 2752.4447 96.967424
860.27737 970.0137 2746.5041 95.640463
854.7242 963.01959 2740.2842 94.315102
845.13454 951.76481 2732.4372 92.98237
837.11975 942.18385 2724.5873 91.634847
826.66811 930.03735 2715.6639 90.271685
818.86 920.69079 2707.1105 88.898538
810.15339 910.40348 2697.9311 87.523279
802.36092 901.08947 2688.6045 86.150284
793.28681 890.43349 2678.5127 84.778904
784.03226 879.59798 2667.9761 83.406119
774.20437 868.16919 2656.9097 82.030264
764.70378 857.09605 2645.5838 80.652892
755.19612 846.02599 2633.9179 79.277851
746.37661 835.69056 2622.1018 77.908492
736.43071 824.18028 2609.6329 76.545603
727.47608 813.72319 2597.1066 75.188092
716.52121 801.17378 2583.7219 73.835011
707.75954 790.94091 2570.6617 72.487072
696.6366 778.23895 2556.677 71.145415
687.4979 767.63408 2542.9799 69.810685
676.58271 755.17703 2528.5388 68.483169
666.6676 743.78365 2514.1296 67.163102
656.31985 731.95009 2499.3673 65.851613
646.0852 720.24958 2484.4002 64.549785
635.82328 708.53487 2469.1984 63.25839
625.6958 696.97527 2453.815 61.978426
615.57297 685.43443 2438.2181 60.71072
605.51685 673.97754 2422.4299 59.455501
595.0252 662.07852 2406.331 58.212969
585.51576 651.22212 2390.3208 56.983768
574.74795 639.0622 2373.7927 55.768156
565.41098 628.41409 2357.5003 54.566374
554.75545 616.40039 2340.7011 53.378618
545.18406 605.53571 2324.0653 52.204791
534.81906 593.85613 2307.0855 51.044813
524.83712 582.59277 2290.0922 49.89886
515.1475 571.65051 2273.0637 48.767774
505.10327 560.35307 2255.821 47.652088
495.59739 549.63358 2238.616 46.552088
485.8854 538.71393 2221.2492 45.468107
476.27722 527.91779 2203.8139 44.400316
467.09669 517.58311 2186.4062 43.34898
457.33891 506.66048 2168.7612 42.314119
448.55391 496.76814 2151.3112 41.295703
438.78018 485.85873 2133.528 40.293544
430.10607 476.1116 2115.9928 39.307816
420.94085 465.86661 2098.2781 38.338899
412.00331 455.87389 2080.5887 37.386463
403.23939 446.07734 2062.9173 36.450041
394.0993 435.90391 2045.1159 35.529562
385.96309 426.79213 2027.5589 34.625593
377.04795 416.88297 2009.7622 33.738537
369.10244 407.99877 1992.2122 32.868358
360.54384 398.49006 1974.4878 32.014702
352.37137 389.39831 1956.8694 31.177142
344.44741 380.58005 1939.3211 30.355728
336.18826 371.42733 1921.6821 29.550327
328.62896 363.01799 1904.2331 28.760977
320.75968 354.30002 1886.6966 27.987824
313.23198 345.95137 1869.2563 27.231019
306.15977 338.08999 1851.9551 26.49073
298.31761 329.44043 1834.4774 25.766251
291.61601 321.99156 1817.3495 25.056818
283.73313 313.3272 1799.9397 24.362344
277.62814 306.52601 1783.0485 23.683231
269.9918 298.14477 1765.7877 23.019351
263.82307 291.30341 1748.9816 22.370205
256.74186 283.5264 1731.9887 21.735468
250.27777 276.40496 1715.217 21.114712
243.87168 269.35742 1698.5043 20.508099
237.52116 262.38091 1681.8408 19.91573
231.40609 255.66209 1665.274 19.337561
225.50269 249.17578 1648.7972 18.773488
219.30099 242.39149 1632.2801 18.223416
214.24109 236.80538 1616.1278 17.687355
207.64874 229.63835 1599.6399 17.164586
203.07019 224.57579 1583.7843 16.654558
196.48564 217.44097 1567.4768 16.157017
192.17802 212.68375 1551.8777 15.671864
185.97001 205.9645 1535.8639 15.198754
181.34227 200.89941 1520.3675 14.73717
175.9166 195.01804 1504.7305 14.287253
171.11896 189.80131 1489.3271 13.848932
166.21252 184.48372 1473.9519 13.422159
161.56821 179.45018 1458.7018 13.006832
156.80766 174.30757 1443.4752 12.602774
152.64112 169.79303 1428.4642 12.209796
147.6785 164.46308 1413.299 11.827741
144.36035 160.85087 1398.6566 11.456578
138.93426 155.06127 1383.5516 11.095711
136.18321 152.05912 1369.2931 10.744855
130.75345 146.28813 1354.4565 10.403408
127.75393 143.0515 1340.4032 10.070781
123.07077 138.07988 1325.9995 9.7471302
119.72326 134.50655 1312.0408 9.432348
115.73743 130.283 1297.9811 9.126502
112.27997 126.61962 1284.131 8.8295075
108.63423 122.77277 1270.2957 8.5412006
105.35801 119.32107 1256.6255 8.2614107
101.72499 115.51098 1242.9247 7.9899465
98.933479 112.58549 1229.5178 7.7266236
94.996148 108.48301 1215.8717 7.4713032
93.044123 106.45097 1202.8608 7.2240342
88.621831 101.86849 1189.3274 6.9841462
86.961153 100.1625 1176.6876 6.7512523
82.742837 95.816953 1163.5167 6.5249964
80.643609 93.682797 1151.034 6.3049527
77.267525 90.238277 1138.2873 6.0914595
74.839244 87.790309 1125.8701 5.8845007
71.954493 84.882887 1113.4006 5.6839621
69.452985 82.386857 1101.1039 5.4897142
66.756245 79.702668 1088.823 5.3015982
64.450722 77.438578 1076.7163 5.1194622
61.647266 74.673058 1064.5434 4.9431494
59.817772 72.932279 1052.7065 4.7725384
56.638614 69.807739 1040.5864 4.6074673
55.503884 68.818059 1029.1362 4.4479716
51.918748 65.304994 1017.1994 4.293392
50.719459 64.283027 1006.0415 4.1433157
47.60059 61.290116 994.48357 3.9978224
45.952552 59.841451 983.40768 3.8567275
43.436906 57.514014 972.16271 3.7201144
41.475273 55.782167 961.12458 3.5878975
39.246522 53.796063 950.07122 3.4599258
37.189332 52.011745 939.10943 3.3360509
34.951162 50.065583 928.14503 3.216074
32.999337 48.443949 917.28311 3.0998047
30.4363 46.219306 906.28538 2.9869834
28.769941 44.957419 895.53776 2.8774161
25.583732 42.158921 884.43253 2.7703882
23.774278 40.831585 873.62666 2.6653036
20.077505 37.60189 862.28682 2.5610415
17.287501 35.377701 850.83974 2.4562559
12.91667 31.602044 838.87779 2.3474488
7.7704178 27.143378 825.63519 2.230604
7.6544748 28.107396 817.76369 2.0821663
-35.109122 -14.540536 768.34791 1.6943593
-287.72517 -274.26005 514.02521 1.256777
