-44.56024 -32.794557 -10.154277 0.032440531
-43.714633 -32.579197 -10.024393 0.035265414
-44.912885 -33.600153 -10.330049 0.038379395
-46.967365 -35.186168 -10.831662 0.041814423
-48.839132 -36.678314 -11.296915 0.045605933
-50.793513 -38.24074 -11.783462 0.049793238
-52.811011 -39.863234 -12.287403 0.054419985
-54.906421 -41.55585 -12.811945 0.059534658
-57.078637 -43.319434 -13.357006 0.065191147
-59.332783 -45.158483 -13.923745 0.07144938
-61.67061 -47.075667 -14.51263 0.078376052
-64.095762 -49.074808 -15.124473 0.086045421
-66.610802 -51.159224 -15.75985 0.094540222
-69.21906 -53.332751 -16.419443 0.10395268
-71.923437 -55.599095 -17.103811 0.11438571
-74.727205 -57.962268 -17.813528 0.12595422
-77.633441 -60.426282 -18.549067 0.13878663
-80.645416 -62.995364 -19.31086 0.15302618
-83.766291 -65.673788 -20.099228 0.16883191
-86.999313 -68.46599 -20.914399 0.18637979
-90.34763 -71.376462 -21.756458 0.20586454
-93.814401 -74.409809 -22.625338 0.22750311
-97.402669 -77.570682 -23.520778 0.25153965
-101.11543 -80.8638 -24.442297 0.27825099
-104.95552 -84.293885 -25.389142 0.30795155
-108.92572 -87.865702 -26.360268 0.34099767
-113.02848 -91.58396 -27.354265 0.37779179
-117.26375 -95.451601 -28.368684 0.41878739
-121.55621 -99.363049 -29.369423 0.46449473
-125.29705 -102.47577 -30.110301 0.51548747
-129.10738 -105.65232 -30.835656 0.57241016
-132.97106 -108.88246 -31.537039 0.63598673
-136.87851 -112.15896 -32.206283 0.70703014
-140.82231 -115.47547 -32.834765 0.7864535
-144.79251 -118.8236 -33.412281 0.87528356
-148.77729 -122.19297 -33.926796 0.97470556
-152.76258 -125.57091 -34.36418 1.0860761
-156.76462 -128.97348 -34.73181 1.2083493
-160.8198 -132.43633 -35.052181 1.338887
-164.93077 -135.96332 -35.323749 1.4778087
-169.09471 -139.55314 -35.540803 1.6256945
-173.30978 -143.20543 -35.698092 1.7830605
-177.57414 -146.91994 -35.790153 1.9504361
-181.88606 -150.69651 -35.811316 2.1283663
-186.24389 -154.53517 -35.755738 2.3174113
-190.64582 -158.43593 -35.617346 2.518145
-195.09167 -162.39963 -35.390104 2.7311485
-199.08744 -165.78604 -34.888343 2.9570031
-202.49477 -168.42459 -34.058981 3.19628
-205.8255 -170.9857 -33.083906 3.4495295
-209.06741 -173.45922 -31.954055 3.7172679
-212.21169 -175.83691 -30.661157 3.9999598
-215.25069 -178.11145 -29.197584 4.2979931
-218.17652 -180.27538 -27.555765 4.6117242
-220.97839 -182.31843 -25.726134 4.9416946
-223.643 -184.22793 -23.697385 5.2886008
-226.15654 -185.99065 -21.457888 5.6531482
-228.50495 -187.5929 -18.995827 6.036041
-230.67386 -189.02061 -16.29925 6.4379719
-232.64866 -190.2593 -13.356131 6.8596001
-234.4153 -191.2945 -10.154561 7.3015271
-235.57403 -191.64054 -6.5545183 7.7642786
-236.26325 -191.47449 -2.5975422 8.2482882
-236.63175 -190.98322 1.672167 8.7538783
-236.65912 -190.14565 6.2664808 9.2812308
-236.32549 -188.94076 11.196476 9.830379
-235.60825 -187.34489 16.474307 10.401371
-234.48008 -185.32979 22.114571 10.994422
-232.91128 -182.86464 28.132741 11.609809
-230.87122 -179.91728 34.544105 12.247782
-228.32808 -176.45401 41.36378 12.908499
-225.24757 -172.43884 48.606946 13.591965
-222.21206 -168.55375 56.097515 14.298007
-219.14855 -164.70868 63.865127 15.026274
-215.56859 -160.33482 72.065053 15.776243
-211.44095 -155.39821 80.709402 16.547219
-206.72986 -149.86088 89.811165 17.338427
-201.39454 -143.67995 99.384815 18.149135
-195.39076 -136.80881 109.44537 18.978652
-188.67116 -129.19742 120.00784 19.826257
-181.18169 -120.79024 131.08801 20.691108
-175.83315 -114.85042 141.839 21.572198
-170.36909 -108.82653 152.92974 22.468406
-164.36074 -102.23764 164.48782 23.378593
-157.76146 -95.035026 176.52874 24.301656
-150.51991 -87.16579 189.06818 25.236454
-142.58254 -78.574506 202.12075 26.181797
-133.88978 -69.200209 215.70179 27.13656
-125.48614 -60.184435 229.51987 28.099695
-120.04051 -54.408953 242.84457 29.070251
-114.16594 -48.179549 256.62702 30.047559
-107.80473 -41.437642 270.88994 31.031334
-100.89558 -34.122256 285.65479 32.021283
-93.378865 -26.174013 300.93884 33.016928
-85.187277 -17.52706 316.76095 34.017981
-78.821615 -10.833236 332.45986 35.024575
-74.225337 -6.0111032 348.06935 36.037423
-69.25648 -0.79349307 364.17393 37.058011
-63.845276 4.8860369 380.80448 38.088273
-57.927533 11.088142 397.98546 39.130007
-51.436941 17.874559 415.74002 40.185106
-45.609856 23.957832 433.76075 41.256112
-40.35144 29.439042 452.09102 42.346528
-34.539235 35.471882 471.03684 43.460808
-28.094908 42.12663 490.63271 44.603713
-20.948083 49.46556 510.90598 45.779845
-12.814583 57.766896 531.93621 46.993991
-2.9604855 67.75936 553.91443 48.251549
7.9564677 78.758083 576.68671 49.558542
20.027864 90.841949 600.28328 50.921136
33.338114 104.08315 624.72762 52.345136
49.528291 120.10818 650.4152 53.835947
69.381183 139.6686 677.52342 55.398595
91.1422 160.99005 705.61557 57.037527
114.92194 184.1673 734.70293 58.756446
140.82919 209.29449 764.79072 60.558075
171.67756 239.12507 796.51147 62.443521
205.18886 271.39075 829.2867 64.411787
241.49265 306.20383 863.10516 66.4601
280.74432 343.7032 897.95661 68.58425
320.90507 381.8988 933.31734 70.777738
363.60394 422.37608 969.50669 73.030892
409.48332 465.74944 1006.6106 75.331524
458.2797 511.75573 1044.5053 77.665745
500.39051 551.17139 1080.9624 80.01757
545.27662 593.1236 1118.0796 82.36875
593.21686 637.87291 1155.8631 84.69953
635.14438 676.78086 1192.2414 86.989403
671.3232 710.15945 1227.2635 89.21768
709.70963 745.59937 1262.6844 91.36386
745.82051 778.86271 1297.4957 93.408021
767.5693 798.58906 1329.0629 95.332188
790.46359 819.46289 1360.8186 97.12118
812.77862 839.86351 1392.4079 98.762671
819.68577 845.92727 1420.6738 100.24887
827.04668 852.55449 1449.1205 101.57788
833.43421 858.40742 1477.4962 102.75273
831.10545 856.29152 1504.2149 103.78238
829.28768 854.79737 1531.3251 104.68281
827.98939 853.91256 1558.8813 105.47535
827.21547 853.61818 1586.9266 106.18648
827.87552 854.72513 1615.6859 106.84772
836.04057 862.77699 1646.4297 107.49323
849.33293 875.52585 1678.6297 108.1584
867.76929 892.93394 1712.2352 108.87824
899.41232 922.31106 1748.8189 109.68449
935.60505 955.68209 1786.4643 110.60334
982.30023 998.42377 1826.2441 111.65304
1036.0225 1047.3231 1867.265 112.84133
1093.5235 1099.4047 1908.681 114.16418
1154.5497 1154.4295 1950.2662 115.60534
1216.8134 1210.3316 1991.4009 117.13662
1271.941 1259.5852 2030.2786 118.71934
1327.9581 1309.4662 2068.4421 120.30646
1365.6278 1342.7361 2102.0135 121.84586
1403.844 1376.4362 2134.8155 123.28425
1417.9803 1388.5675 2162.0339 124.57165
1431.0473 1399.8052 2188.3954 125.66607
1423.7695 1392.9873 2210.262 126.5377
1414.3188 1384.3781 2231.4329 127.1727
1395.1632 1367.2882 2250.6204 127.57527
1377.1656 1351.3765 2270.1298 127.76835
1360.7185 1336.9581 2290.149 127.79193
1353.5519 1330.8266 2312.2295 127.69929
1353.5262 1331.0145 2335.9144 127.55182
1371.1704 1346.7386 2363.1163 127.41209
1398.1922 1370.5956 2392.0167 127.33561
1438.4736 1405.9397 2423.0981 127.36296
1485.099 1446.6392 2454.7393 127.51424
1536.7373 1491.5083 2486.4189 127.7857
1582.9459 1531.4005 2515.9421 128.14954
1621.2744 1564.2191 2542.7523 128.55883
1652.2585 1590.4981 2566.9484 128.95422
1664.0457 1599.9659 2586.3563 129.26993
1659.5275 1595.2382 2601.7259 129.4442
1645.3691 1582.1847 2614.6233 129.43389
1623.8885 1562.8536 2625.7871 129.22267
1600.1914 1541.6891 2636.3989 128.82137
1582.5433 1525.8386 2648.1395 128.26576
1574.2017 1518.0679 2661.6326 127.6106
1578.2151 1520.9478 2677.3349 126.91885
1595.482 1535.186 2695.1928 126.24884
1620.8757 1556.2996 2713.9663 125.64167
1649.689 1580.2039 2732.5062 125.11223
1675.4623 1601.3378 2749.4259 124.6473
1692.6362 1614.9504 2763.6321 124.21014
1698.6082 1618.8604 2774.6957 123.74988
1691.9427 1611.8965 2782.4956 123.2134
1673.4481 1594.8035 2787.4115 122.55911
1652.2902 1575.4692 2791.3988 121.77044
1633.0339 1557.7935 2795.4934 120.86098
1621.6038 1546.8157 2800.836 119.86836
1620.2633 1544.4252 2807.7512 118.84125
1626.6711 1548.5785 2815.618 117.82348
1637.241 1556.191 2823.5595 116.8405
1645.6844 1561.8993 2830.2551 115.89249
1647.0649 1561.5206 2834.7451 114.95651
1639.9382 1553.861 2836.8408 113.99762
1625.6868 1540.1297 2836.9532 112.98356
1607.7617 1523.2798 2835.882 111.89678
1591.1141 1507.5178 2834.6501 110.74029
1579.0567 1495.6393 2833.8937 109.53511
1572.2811 1488.2082 2833.6806 108.31029
1569.6345 1484.2308 2833.6832 107.08982
1565.5858 1479.0161 2832.7954 105.8827
1559.4958 1472.0351 2830.8549 104.68142
1547.2802 1459.8476 2827.1557 103.46798
1531.8999 1444.9753 2822.316 102.22443
1514.831 1428.6716 2816.7042 100.943
1499.844 1414.1184 2811.0586 99.629552
1487.0275 1401.3802 2805.3992 98.299319
1477.7382 1391.595 2799.9113 96.967424
1465.6758 1379.4481 2793.4166 95.640463
1455.0047 1368.4565 2786.6366 94.315102
1437.9812 1352.1038 2778.2234 92.98237
1423.4522 1337.8462 2769.8012 91.634847
1405.0945 1320.3633 2760.2998 90.271685
1390.9205 1306.3942 2751.1636 88.898538
1375.3441 1291.2403 2741.3974 87.523279
1361.2243 1277.3057 2731.4807 86.150284
1345.097 1261.6834 2720.796 84.778904
1328.7005 1245.8358 2709.6636 83.406119
1311.4154 1229.2455 2697.9989 82.030264
1294.6643 1213.1061 2686.0725 80.652892
1277.9197 1196.975 2673.8047 79.277851
1262.2799 1181.7718 2661.3857 77.908492
1244.8786 1165.097 2648.3133 76.545603
1229.0619 1149.7527 2635.183 75.188092
1210.1036 1131.7864 2621.1942 73.835011
1194.6313 1116.7423 2607.5302 72.487072
1175.4466 1098.6047 2592.9426 71.145415
1159.4192 1083.1164 2578.6438 69.810685
1140.6036 1065.3123 2563.6024 68.483169
1123.3903 1048.8604 2548.595 67.163102
1105.5139 1031.8701 2533.2365 65.851613
1087.8375 1015.0632 2517.676 64.549785
1070.1392 998.25494 2501.8835 63.25839
1052.6748 981.65878 2485.9125 61.978426
1035.2391 965.10354 2469.7313 60.71072
1017.9303 948.67185 2453.3624 59.455501
999.95368 931.70263 2436.6867 58.212969
983.55353 916.06442 2420.1036 56.983768
965.18267 898.80569 2403.0069 55.768156
949.09913 883.4697 2386.1505 54.566374
930.94927 866.43617 2368.7919 53.378618
914.53824 850.87045 2351.6016 52.204791
896.892 834.30165 2334.0726 51.044813
879.87429 818.27982 2316.5353 49.89886
863.34135 802.68543 2298.9685 48.767774
846.26792 786.66729 2281.1931 47.652088
830.06884 771.40022 2263.4613 46.552088
813.56427 755.90485 2245.5736 45.468107
797.24519 740.58878 2227.6235 44.400316
781.62483 725.87762 2209.7071 43.34898
765.1101 710.45031 2191.5596 42.314119
750.15819 696.34462 2173.6134 41.295703
733.65911 680.9829 2155.3406 40.293544
718.92391 667.10949 2137.3223 39.307816
703.43006 652.6338 2119.131 38.338899
688.31721 638.50077 2100.9718 37.386463
673.49957 624.64019 2082.8374 36.450041
658.10489 610.33051 2064.5799 35.529562
644.32192 597.3832 2046.5736 34.625593
629.32227 583.45645 2028.3346 33.738537
615.87971 570.84547 2010.3492 32.868358
601.48305 557.47276 1992.1963 32.014702
587.71749 544.65037 1974.1564 31.177142
574.3645 532.19756 1956.1936 30.355728
560.49747 519.34837 1938.1472 29.550327
547.75879 507.46043 1920.2978 28.760977
534.54541 495.20805 1902.3678 27.987824
521.89119 483.44488 1884.541 27.231019
509.97679 472.31914 1866.8601 26.49073
496.85673 460.224 1849.0097 25.766251
485.56388 449.66571 1831.5159 25.056818
472.41179 437.59973 1813.7471 24.362344
462.09834 427.90471 1796.5038 23.683231
449.36905 416.24173 1778.8976 23.019351
438.98558 406.54223 1761.7529 22.370205
427.16836 395.68673 1744.4282 21.735468
416.34611 385.68038 1727.3314 21.114712
405.63063 375.78979 1710.3003 20.508099
395.01765 366.01077 1693.3249 19.91573
384.79262 356.57809 1676.4528 19.337561
374.91749 347.45959 1659.6771 18.773488
364.58197 337.98616 1642.8673 18.223416
356.0734 330.04303 1626.4285 17.687355
345.1435 320.12748 1609.6602 17.164586
337.42574 312.88469 1593.5304 16.654558
326.53377 303.05 1576.9547 16.157017
319.27178 296.23199 1561.0934 15.671864
309.0027 286.96055 1544.8234 15.198754
301.25655 279.79388 1529.0767 14.73717
292.25431 271.6175 1513.1952 14.287253
284.2615 264.2977 1497.5531 13.848932
276.107 256.86902 1481.9449 13.422159
268.38003 249.81622 1466.4673 13.006832
260.47905 242.64327 1451.0185 12.602774
253.53261 236.27904 1435.7906 12.209796
245.33124 228.90329 1420.4138 11.827741
239.75361 223.70903 1405.5646 11.456578
230.83566 215.78562 1390.258 11.095711
226.17939 211.39219 1375.8028 10.744855
217.27524 203.52389 1360.7744 10.403408
212.24368 198.8669 1346.5342 10.070781
204.54532 192.03814 1331.9485 9.7471302
198.9793 186.98763 1317.8125 9.432348
192.40754 181.13205 1303.5801 9.126502
186.68449 175.99704 1289.5618 8.8295075
180.67071 170.64458 1275.5628 8.5412006
175.25282 165.80386 1261.7331 8.2614107
169.27595 160.52441 1247.877 7.9899465
164.64509 156.37313 1234.3188 7.7266236
158.20046 150.75014 1220.5255 7.4713032
154.92017 147.74966 1207.3712 7.2240342
147.72013 141.54525 1193.6982 6.9841462
144.91885 138.98002 1180.9226 6.7512523
138.05862 133.09855 1167.6198 6.5249964
134.57553 130.01783 1155.0088 6.3049527
129.06954 125.29636 1142.1376 6.0914595
125.07795 121.8427 1129.5994 5.8845007
120.36767 117.82047 1117.0123 5.6839621
116.27388 114.32752 1104.6014 5.4897142
111.87662 110.60752 1092.2097 5.3015982
108.10839 107.42725 1079.9952 5.1194622
103.55514 103.62434 1067.7177 4.9431494
100.55755 101.12313 1055.7792 4.7725384
95.420268 96.88606 1043.5604 4.6074673
93.54101 95.350084 1032.0145 4.4479716
87.7715 90.641123 1019.9848 4.293392
85.803219 89.083233 1008.737 4.1433157
80.788743 85.049096 997.09205 3.9978224
78.120229 82.971774 985.93204 3.8567275
74.078454 79.795285 974.60575 3.7201144
70.924449 77.378914 963.4891 3.5878975
67.352229 74.650923 952.36 3.4599258
64.059548 72.186582 941.32527 3.3360509
60.485737 69.527568 930.29079 3.216074
57.374179 67.287694 919.36171 3.0998047
53.297358 64.297816 908.29991 2.9869834
50.653867 62.53354 897.49152 2.8774161
45.600295 58.844518 886.32921 2.7703882
42.744358 57.026493 875.47054 2.6653036
36.894736 52.828588 864.08307 2.5610415
32.496513 49.923748 852.59489 2.4562559
25.594659 45.097817 840.60089 2.3474488
17.472265 39.462722 827.33944 2.230604
17.377962 40.778955 819.47584 2.0821663
-50.498141 -12.54762 770.13492 1.6943593
-452.26309 -339.59814 515.89529 1.256777
