-19.667024 -15.27244 -6.4865599 0.01219916
-19.776262 -15.33805 -6.6384798 0.013261449
-20.418296 -15.856753 -6.8965197 0.014432453
-21.290912 -16.586001 -7.2070933 0.015724186
-22.130496 -17.28788 -7.5182686 0.017149973
-23.005052 -18.022004 -7.8434333 0.018724598
-23.91013 -18.784967 -8.1821325 0.020464474
-24.850034 -19.580699 -8.5355301 0.022387833
-25.825037 -20.409815 -8.9040705 0.024514941
-26.837018 -21.274257 -9.2884973 0.026868334
-27.887017 -22.175322 -9.6894201 0.029473092
-28.976577 -23.114734 -10.107549 0.032357139
-30.106989 -24.094047 -10.543562 0.035551588
-31.279759 -25.115013 -10.998188 0.039091122
-32.49631 -26.179353 -11.472149 0.043014435
-33.758181 -27.288909 -11.966198 0.047364747
-35.066886 -28.445536 -12.481091 0.052190347
-36.424016 -29.651181 -13.0176 0.057545094
-37.831158 -30.907821 -13.576502 0.063488805
-39.289949 -32.217504 -14.158581 0.070087646
-40.802029 -33.582314 -14.764621 0.077414842
-42.36907 -35.004388 -15.395404 0.085551979
-43.992742 -36.485896 -16.051699 0.094590868
-45.674738 -38.029047 -16.734255 0.10463561
-47.416739 -39.636067 -17.443794 0.11580444
-49.220442 -41.309209 -18.180996 0.12823136
-51.087497 -43.050728 -18.946496 0.14206771
-53.018956 -44.862248 -19.740718 0.15748402
-54.986449 -46.695522 -20.544095 0.17467217
-56.757509 -48.165099 -21.203343 0.19384788
-58.57151 -49.665977 -21.874295 0.21525354
-60.424968 -51.194432 -22.555237 0.23916138
-62.316088 -52.747788 -23.244483 0.26587711
-64.24363 -54.323664 -23.940198 0.2957441
-66.205717 -55.918907 -24.640139 0.32914847
-68.200003 -57.529619 -25.34157 0.36653591
-70.223573 -59.15103 -26.041197 0.40841658
-72.28087 -60.789656 -26.741969 0.45439717
-74.381276 -62.459656 -27.451235 0.50348563
-76.52601 -64.162662 -28.169418 0.5557269
-78.714963 -65.898279 -28.895774 0.61133911
-80.94825 -67.666493 -29.629729 0.67051632
-83.22599 -69.467328 -30.370692 0.73345768
-85.548312 -71.300856 -31.118055 0.80036804
-87.91537 -73.167229 -31.8712 0.87145816
-90.327257 -75.066601 -32.629493 0.94694379
-92.78448 -76.999442 -33.392348 1.0270435
-95.108806 -78.676987 -34.046181 1.1119758
-97.252597 -80.023125 -34.56074 1.2019556
-99.40258 -81.340801 -35.053698 1.2971899
-101.55552 -82.625817 -35.522801 1.3978726
-103.70898 -83.87465 -35.965968 1.5041786
-105.86079 -85.084106 -36.381272 1.6162538
-108.00865 -86.250916 -36.766774 1.7342321
-110.14951 -87.370696 -37.119938 1.8583172
-112.27963 -88.438092 -37.437693 1.988771
-114.3951 -89.447509 -37.716834 2.1258587
-116.49187 -90.39317 -37.954042 2.2698453
-118.56575 -91.269118 -38.1459 2.4209912
-120.6124 -92.069216 -38.288903 2.5795442
-122.62756 -92.787297 -38.379511 2.7457305
-124.47458 -93.207632 -38.33356 2.919748
-126.20268 -93.409787 -38.180791 3.1017596
-127.8638 -93.477344 -37.95244 3.2918865
-129.45146 -93.401236 -37.644137 3.4901971
-130.95922 -93.172376 -37.251597 3.6967041
-132.37987 -92.780573 -36.770092 3.9114254
-133.70494 -92.213789 -36.194038 4.1344418
-134.92522 -91.458916 -35.517389 4.3658581
-136.0312 -90.50226 -34.733892 4.6057676
-137.01291 -89.329445 -33.837082 4.85423
-137.85964 -87.925121 -32.820241 5.1112473
-138.76341 -86.589315 -31.796575 5.376754
-139.69854 -85.281874 -30.749781 5.6506187
-140.50404 -83.752931 -29.584269 5.9326443
-141.16983 -81.98783 -28.294079 6.2225694
-141.6846 -79.97023 -26.872753 6.5201031
-142.03566 -77.681775 -25.313112 6.8249698
-142.2093 -75.102498 -23.60742 7.1369095
-142.19093 -72.210954 -21.747494 7.4556511
-141.96409 -68.983409 -19.724521 7.7808781
-142.45411 -66.838437 -18.071514 8.1122119
-142.93769 -64.663896 -16.369644 8.4492307
-143.2784 -62.250497 -14.540409 8.7915063
-143.46213 -59.577216 -12.576275 9.1386243
-143.47342 -56.621254 -10.469292 9.4901546
-143.29615 -53.358638 -8.2113179 9.8456509
-142.91252 -49.763032 -5.7934988 10.20469
-142.64697 -46.326542 -3.4000806 10.566876
-143.32053 -44.288127 -1.4919286 10.931854
-143.88177 -42.053381 0.52450784 11.299371
-144.31406 -39.596954 2.6582063 11.669319
-144.59963 -36.892465 4.9181507 12.04159
-144.72098 -33.914004 7.3126447 12.416002
-144.65852 -30.63296 9.8508633 12.792448
-145.16902 -28.182771 12.113504 13.170978
-146.22952 -26.524692 14.115623 13.55186
-147.19201 -24.688153 16.215582 13.935652
-148.03669 -22.644629 18.423908 14.323082
-148.74488 -20.367863 20.74977 14.714827
-149.29719 -17.831163 23.202312 15.111597
-150.06054 -15.581063 25.581282 15.514349
-151.00437 -13.573087 27.904251 15.9244
-151.7961 -11.317331 30.352076 16.343425
-152.41293 -8.7845151 32.936846 16.773215
-152.8338 -5.9487131 35.669128 17.215499
-152.9751 -2.6930836 38.592745 17.672079
-152.62332 1.2883588 41.820677 18.144984
-151.97062 5.7043462 45.249347 18.636478
-150.98952 10.586201 48.892918 19.148882
-149.65402 15.962261 52.764432 19.684377
-147.49037 22.513331 57.112834 20.244997
-144.27556 30.550076 62.052414 20.832631
-140.51352 39.323196 67.314796 21.448951
-136.17033 48.868896 72.915909 22.095351
-131.21236 59.222964 78.871466 22.772853
-124.83893 71.532158 85.595782 23.481875
-117.69693 84.842811 92.746722 24.222041
-109.74741 99.197718 100.34054 24.992309
-100.94446 114.65075 108.39717 25.791095
-91.857857 130.37019 116.61887 26.615956
-82.025582 147.01441 125.24009 27.463255
-71.2664 164.83621 134.34852 28.328407
-59.653779 183.72383 143.90079 29.206191
-49.855055 199.85255 152.5312 30.090595
-39.231628 217.01159 161.58625 30.974756
-27.709266 235.30829 171.09748 31.851246
-17.792595 251.17226 179.79059 32.712353
-9.3981647 264.74261 187.71147 33.550296
-0.33371743 279.16113 195.96816 34.357368
8.1656855 292.68344 203.9345 35.126075
12.79628 300.63836 209.95344 35.849658
17.806007 309.08768 216.16275 36.522408
22.716487 317.36883 222.32003 37.139691
23.494257 319.79222 226.41468 37.698578
24.455083 322.49178 230.60514 38.19835
25.204431 324.9213 234.69341 38.640156
23.646978 324.13558 237.64123 39.027356
22.275723 323.65972 240.68597 39.365962
21.087862 323.48681 243.82283 39.663996
20.081663 323.60557 247.04668 39.931418
19.49965 324.34168 250.47223 40.180078
20.96528 327.94965 254.88782 40.422821
23.838125 333.49822 259.96774 40.672957
28.122688 340.95837 265.70288 40.943653
35.965517 353.29253 273.12576 41.246844
45.06161 367.23496 281.09721 41.592377
56.994584 384.95904 290.37261 41.98712
70.843649 405.1436 300.4889 42.433973
85.753278 426.56987 311.01896 42.931431
101.66124 449.13529 321.9231 43.473381
117.9673 471.99989 332.90516 44.049219
132.47179 492.11712 342.90545 44.6444
147.28869 512.44478 352.94417 45.241237
157.3704 526.01622 360.60786 45.82013
167.67372 539.7473 368.28544 46.361034
171.75115 544.75998 372.9088 46.845164
175.61957 549.4335 377.37066 47.256717
174.24262 546.85281 379.28649 47.584494
172.3559 543.60046 380.92698 47.823286
167.9919 536.98565 381.36682 47.974672
163.97003 530.90581 381.94881 48.04728
160.38583 525.48184 382.7145 48.056149
159.23821 523.43666 384.5982 48.02131
159.96947 523.95917 387.31866 47.965856
165.29979 530.73353 392.13476 47.913309
173.08615 540.75835 398.01033 47.884548
184.33277 555.36022 405.39136 47.894833
197.2609 572.06002 413.42 47.95172
211.53203 590.37331 421.92246 48.053804
224.46598 606.63127 429.63897 48.190627
235.43769 620.00323 436.2846 48.344539
244.58474 630.71978 441.93877 48.493225
248.8711 634.68946 445.20693 48.611948
249.03741 632.98604 446.4607 48.677486
246.78172 627.97865 446.51753 48.673608
242.68848 620.49894 445.67048 48.59418
238.05491 612.32804 444.53129 48.44327
234.9823 606.31614 444.07142 48.234333
234.29574 603.55264 444.65968 47.987962
236.769 605.04306 446.63225 47.727829
242.63051 611.04761 450.06878 47.475872
250.58083 619.75968 454.34557 47.247545
259.42941 629.54047 458.89724 47.048451
267.54196 638.17302 462.96672 46.873614
273.51217 643.77358 465.91535 46.709219
276.68132 645.48974 467.45768 46.53614
276.68452 642.87456 467.44749 46.334397
273.72261 636.24196 465.99883 46.088351
270.10341 628.73922 464.18631 45.791771
266.97231 621.91579 462.54147 45.449769
265.819 617.76517 461.73997 45.076496
267.21197 617.0227 462.02662 44.690248
270.56307 618.86143 463.11504 44.307517
274.97284 622.04668 464.5805 43.937869
278.86322 624.44748 465.69815 43.581368
280.99596 624.41076 465.90906 43.229394
281.00753 621.47437 465.06137 42.868805
279.24162 616.12927 463.32758 42.487467
276.55928 609.55339 461.11154 42.078783
274.19707 603.41483 458.98007 41.643885
272.98168 598.81564 457.30621 41.190677
273.08534 595.97051 456.16111 40.730085
274.22052 594.47859 455.40642 40.271127
275.00696 592.48031 454.4139 39.817189
275.28492 589.76822 453.11285 39.365448
274.0348 584.98727 451.0496 38.909134
271.9931 579.14124 448.56487 38.441494
269.52538 572.729 445.83098 37.959612
267.56874 567.00735 443.2734 37.465693
266.14428 561.99793 440.90144 36.96546
265.58926 558.14614 438.86351 36.464601
264.33773 553.35124 436.45449 35.965597
263.42405 549.00327 434.13993 35.467195
260.9242 542.5324 431.06086 34.966021
259.03298 536.88453 428.20637 34.459285
256.18028 529.96091 424.87733 33.946668
254.35239 524.41969 421.96591 33.430295
252.16421 518.40595 418.85306 32.913129
250.32406 512.86711 415.85546 32.396813
247.97353 506.6574 412.59041 31.881106
245.54244 500.35468 409.25202 31.364871
242.87689 493.75589 405.77419 30.84748
240.32807 487.33136 402.31604 30.32952
237.76519 480.9062 398.82126 29.812436
235.45946 474.84211 395.41166 29.297488
232.70247 468.19399 391.7727 28.784974
230.32006 462.06564 388.27374 28.274482
227.14535 454.90211 384.39849 27.765657
224.81296 448.88538 380.8771 27.258765
221.54654 441.64787 376.92181 26.754236
219.04042 435.45019 373.28783 26.25231
215.82869 428.33954 369.32539 25.753096
212.99313 421.75896 365.51652 25.256683
209.97532 414.96499 361.6149 24.763497
206.98773 408.24141 357.71561 24.273945
203.97561 401.51588 353.79576 23.788316
201.00181 394.87208 349.8844 23.306987
198.01565 388.24263 345.95995 22.830267
195.04132 381.66034 342.03429 22.358243
191.88317 374.86551 338.02293 21.89099
189.09294 368.59243 334.17142 21.42875
185.79868 361.68161 330.09528 20.971619
183.04665 355.52512 326.25914 20.519689
179.76719 348.70111 322.19162 20.073033
176.8949 342.45313 318.30746 19.631615
173.6995 335.81127 314.28526 19.195405
170.63859 329.38442 310.32838 18.764469
167.67686 323.12551 306.42186 18.339125
164.56285 316.70041 302.45492 17.919571
161.64371 310.57026 298.5817 17.505916
158.63035 304.35097 294.67527 17.098285
155.64317 298.20244 290.78973 16.696742
152.80793 292.29147 286.98137 16.301387
149.73443 286.10005 283.07926 15.912227
147.02479 280.42759 279.34976 15.529252
143.91741 274.26348 275.45829 15.15239
141.22313 268.68371 271.76303 14.781707
138.32444 262.86849 267.99277 14.417346
135.50058 257.18865 264.27148 14.059182
132.73065 251.61698 260.5909 13.707041
129.80132 245.87071 256.85758 13.360895
127.24836 240.65979 253.30707 13.020957
124.38015 235.06629 249.63528 12.68738
121.87522 229.98964 246.14137 12.36015
119.11963 224.6159 242.55639 12.039133
116.50109 219.45931 239.05161 11.724168
113.96645 214.44922 235.60387 11.415276
111.28949 209.28568 232.11375 11.112405
108.87172 204.50041 228.7575 10.81557
106.32176 199.57412 225.3629 10.524826
103.89236 194.84094 222.04122 10.240229
101.62785 190.35874 218.81262 9.9618437
99.053247 185.49851 215.47012 9.6894031
96.909346 181.24199 212.33956 9.4226207
94.296315 176.39719 209.02608 9.1614637
92.361218 172.48238 206.03239 8.9060833
89.821599 167.79878 202.79667 8.6564314
87.840008 163.88586 199.82955 8.4123199
85.494197 159.52253 196.72703 8.1736272
83.376923 155.49371 193.74852 7.9401923
81.271786 151.51233 190.79816 7.7120757
79.178121 147.57675 187.8747 7.489315
77.165782 143.77873 185.00836 7.2718948
75.225629 140.10546 182.19482 7.0597754
73.160323 136.29502 179.34792 6.8529209
71.527814 133.08493 176.71281 6.6513352
69.292427 129.10481 173.83776 6.4547479
67.827654 126.1722 171.32478 6.2629522
65.576925 122.22749 168.49266 6.0758514
64.199004 119.46491 166.06742 5.8934095
62.076404 115.7446 163.34164 5.7154962
60.557043 112.8499 160.90451 5.5419176
58.720179 109.5623 158.35178 5.3727265
57.118168 106.61187 155.92398 5.2078957
55.465847 103.62082 153.49556 5.047408
53.907023 100.77872 151.12886 4.8912243
52.295284 97.891392 148.75957 4.739278
50.905737 95.322075 146.50772 4.5914988
49.200401 92.358781 144.13816 4.4478271
48.124078 90.25001 142.06493 4.3082516
46.224392 87.075499 139.6551 4.1725477
45.35272 85.282908 137.71919 4.0406082
43.436999 82.133296 135.35319 3.9122074
42.454614 80.24138 133.42016 3.787123
40.813662 77.502345 131.22248 3.6654143
39.682604 75.460459 129.26904 3.5470407
38.297765 73.105663 127.22481 3.4320274
37.110676 71.034275 125.28642 3.3203426
35.844159 68.879546 123.3324 3.2119247
34.714143 66.926487 121.45676 3.1067096
33.439636 64.803404 119.53654 3.0046254
32.484428 63.122868 117.77415 2.9056028
31.079612 60.868339 115.8337 2.8095895
30.436679 59.640088 114.24609 2.716604
28.831883 57.160809 112.26192 2.626394
28.289311 56.10549 110.7655 2.5388143
26.751189 53.755604 108.85917 2.4537308
26.026738 52.502249 107.32989 2.3709834
24.802402 50.609286 105.60112 2.2906991
23.938858 49.213482 104.0478 2.2128722
22.892926 47.597016 102.43235 2.1374597
21.989399 46.188838 100.89624 2.0644129
21.004586 44.693369 99.34158 1.993672
20.165369 43.410283 97.86724 1.9251799
19.127879 41.885314 96.322954 1.8588776
18.461335 40.870339 94.95736 1.7947195
17.267113 39.178374 93.378698 1.7326445
16.857922 38.543221 92.162397 1.6726662
15.495292 36.669682 90.554229 1.6145365
15.049599 36.029306 89.367844 1.5581003
13.855839 34.423221 87.875372 1.5033875
13.225165 33.583804 86.64661 1.4503287
12.25328 32.316946 85.285392 1.3989554
11.489901 31.349196 84.031012 1.3492353
10.617531 30.262015 82.745008 1.3011116
9.8057499 29.280342 81.500714 1.2545285
8.9182432 28.225435 80.239036 1.2094113
8.135672 27.337475 79.037688 1.1656882
7.1109675 26.160209 77.746178 1.1232617
6.4272435 25.466276 76.618201 1.082059
5.1499002 24.025805 75.2509 1.0418111
4.3991264 23.323574 74.125943 1.002294
2.9126569 21.700939 72.699494 0.96308627
1.7709134 20.596363 71.423854 0.92368158
0.011863895 18.760212 69.907727 0.88276452
-2.0530783 16.636591 68.230123 0.83882483
-2.1823759 17.287446 67.789439 0.78300445
-18.816732 -3.1931429 58.248085 0.6371678
-116.55584 -130.50351 2.5807275 0.47261279
