-9.9532532 -5.6220766 -1.9052869 0.0032648371
-9.9143395 -5.6113596 -1.9559611 0.003549136
-10.212496 -5.7894391 -2.033141 0.00386253
-10.653986 -6.0540814 -2.123749 0.0042082347
-11.069394 -6.305047 -2.215112 0.0045898162
-11.502138 -6.567309 -2.3105249 0.005011231
-11.949156 -6.8393118 -2.4098989 0.005476872
-12.412987 -7.1225783 -2.5135413 0.0059916185
-12.893577 -7.4172286 -2.6215836 0.0065608941
-13.391892 -7.7239341 -2.7342307 0.0071907303
-13.908349 -8.0430845 -2.8516544 0.0078878389
-14.443678 -8.3752407 -2.9740513 0.0086596938
-14.998435 -8.7208815 -3.1016096 0.0095146215
-15.573303 -9.0805597 -3.2345291 0.010461904
-16.168898 -9.4548021 -3.3730079 0.011511897
-16.7859 -9.8441752 -3.5172501 0.012676167
-17.424956 -10.249239 -3.6674595 0.013967639
-18.086752 -10.670576 -3.8238425 0.015400727
-18.771954 -11.10877 -3.9866047 0.016991438
-19.481246 -11.56442 -4.155952 0.018757482
-20.215297 -12.038121 -4.3320882 0.020718455
-20.974779 -12.530479 -4.5152141 0.022896192
-21.760349 -13.042094 -4.7055241 0.025315265
-22.572653 -13.573563 -4.9032037 0.028003533
-23.412318 -14.125473 -5.1084255 0.030992642
-24.279957 -14.698398 -5.321347 0.034318453
-25.176133 -15.292894 -5.5421058 0.038021469
-26.101003 -15.909223 -5.7707809 0.042147329
-27.041704 -16.528466 -6.0015776 0.046747386
-27.89346 -17.001873 -6.1894921 0.051879374
-28.763487 -17.480922 -6.3801139 0.057608163
-29.649268 -17.96361 -6.5728848 0.064006608
-30.549357 -18.44835 -6.7672324 0.071156529
-31.462655 -18.933648 -6.9625252 0.079149824
-32.387647 -19.417659 -7.1580057 0.088089824
-33.322508 -19.898183 -7.3527609 0.098095814
-34.265039 -20.372617 -7.5457025 0.10930432
-35.217958 -20.843814 -7.7377738 0.1216101
-36.187267 -21.318281 -7.9313415 0.13474764
-37.173494 -21.796425 -8.1265112 0.14872897
-38.176277 -22.277669 -8.3230072 0.16361247
-39.195403 -22.761615 -8.5206114 0.17945008
-40.23066 -23.247879 -8.7191005 0.1962951
-41.281841 -23.736097 -8.9182461 0.21420234
-42.348756 -24.225941 -9.1178179 0.23322823
-43.431177 -24.717084 -9.3175813 0.25343049
-44.529139 -25.209337 -9.5173146 0.27486764
-45.558313 -25.589845 -9.6836804 0.29759815
-46.495254 -25.828333 -9.807763 0.32167951
-47.427508 -26.042346 -9.9240053 0.34716714
-48.353075 -26.22987 -10.031714 0.37411296
-49.270505 -26.389199 -10.130247 0.40256376
-50.178525 -26.518799 -10.219012 0.43255855
-51.075821 -26.617127 -10.29742 0.46413322
-51.960591 -26.682127 -10.364693 0.49734227
-52.830621 -26.711308 -10.419886 0.53225579
-53.683605 -26.702096 -10.462015 0.56894477
-54.517181 -26.651861 -10.490064 0.60748008
-55.32893 -26.557923 -10.502986 0.64793146
-56.11638 -26.417552 -10.499715 0.69036523
-56.877144 -26.228042 -10.479176 0.73484193
-57.543452 -25.904059 -10.416678 0.78141449
-58.138829 -25.476585 -10.320917 0.83012653
-58.688495 -24.978363 -10.201041 0.88101049
-59.188963 -24.405677 -10.055778 0.93408469
-59.636827 -23.75486 -9.8838922 0.98935249
-60.028226 -23.021786 -9.6840218 1.0468187
-60.358521 -22.201515 -9.4545476 1.106505
-60.622673 -21.288663 -9.1937054 1.1684393
-60.815484 -20.277625 -8.8996634 1.2326467
-60.931548 -19.162534 -8.5705266 1.2991432
-60.965044 -17.937148 -8.204339 1.3679292
-61.014035 -16.720997 -7.8343015 1.4389873
-61.066013 -15.498354 -7.4556833 1.5122822
-61.038571 -14.169672 -7.0405369 1.5877612
-60.926371 -12.729114 -6.587196 1.6653545
-60.723322 -11.17014 -6.0938637 1.744984
-60.422507 -9.4853302 -5.558529 1.8265761
-60.016434 -7.6665616 -4.9790021 1.9100611
-59.497089 -5.7050627 -4.3529447 1.9953666
-58.855349 -3.5910712 -3.6778373 2.0824078
-58.579221 -1.895282 -3.1099439 2.1710834
-58.289765 -0.17104564 -2.5266346 2.2612804
-57.914938 1.6660582 -1.905014 2.3528844
-57.446828 3.6248601 -1.2429945 2.4457844
-56.876737 5.7149534 -0.53836934 2.5398652
-56.195582 7.946449 0.21114059 2.6350075
-55.39328 10.330536 1.0080489 2.7310979
-54.644254 12.668375 1.7982961 2.8280307
-54.393912 14.457309 2.4467635 2.9257105
-54.075836 16.343957 3.1272965 3.0240698
-53.680213 18.339617 3.8424523 3.12308
-53.196603 20.455979 4.5947895 3.2227116
-52.6148 22.704459 5.3866735 3.3229165
-51.923306 25.097682 6.2207433 3.4236657
-51.538413 27.173907 6.974103 3.5249725
-51.449884 28.948869 7.6511456 3.6269088
-51.300425 30.819858 8.3568788 3.729624
-51.078032 32.799813 9.0944071 3.8333129
-50.771558 34.900471 9.866439 3.9381564
-50.36946 37.133619 10.67567 4.0443449
-50.076646 39.275581 11.463444 4.1521344
-49.87658 41.344889 12.234958 4.2618774
-49.582108 43.543449 13.043294 4.3740221
-49.179583 45.883762 13.8921 4.4890478
-48.656605 48.376466 14.784564 4.6074175
-47.965295 51.069421 15.73359 4.7296129
-46.983267 54.088584 16.772353 4.8561776
-45.818909 57.312993 17.870605 4.9877176
-44.456269 60.754302 19.032614 5.1248534
-42.880554 64.422367 20.2623 5.2681693
-40.819297 68.597225 21.632668 5.4182093
-38.142426 73.40575 23.177243 5.5754792
-35.139764 78.534198 24.817407 5.7404264
-31.79232 83.99401 26.55784 5.9134239
-28.081448 89.7961 28.403156 6.0947454
-23.541579 96.414038 30.474727 6.2845026
-18.548947 103.44652 32.672165 6.4825951
-13.081763 110.90675 35.000018 6.6887436
-7.1140821 118.81272 37.46395 6.9025247
-0.98219939 126.8122 39.976551 7.1232842
5.5830606 135.1757 42.60618 7.3500485
12.687661 144.00527 45.378051 7.5815913
20.28794 153.25123 48.279012 7.8165145
26.800667 161.30619 50.908398 8.0532094
33.785885 169.75681 53.660066 8.2898394
41.288986 178.64817 56.542524 8.5244164
47.815944 186.47925 59.181751 8.7548763
53.41067 193.30789 61.590441 8.9791371
59.383202 200.45894 64.092373 9.1951353
64.995002 207.20144 66.503326 9.4008662
68.257293 211.56803 68.337046 9.5945204
71.722228 216.12056 70.219087 9.7745702
75.105653 220.58627 72.077666 9.9397751
75.969439 222.56507 73.322973 10.089351
76.922334 224.65625 74.586818 10.223107
77.729757 226.63542 75.810691 10.341348
77.119879 227.2592 76.689991 10.444975
76.609664 228.02529 77.587038 10.535598
76.201041 228.93354 78.50042 10.615361
75.895528 229.97972 79.428802 10.686932
75.843248 231.30049 80.406138 10.753482
77.041378 233.85088 81.66401 10.818448
79.100147 237.22928 83.107745 10.885393
82.022912 241.41513 84.73564 10.95784
87.132607 247.66135 86.851428 11.038984
93.009353 254.56541 89.122643 11.13146
100.62935 263.04296 91.772031 11.237106
109.42252 272.51944 94.665295 11.356698
118.85611 282.46419 97.678484 11.489834
128.8881 292.82533 100.80087 11.634877
139.14286 303.23868 103.94618 11.78899
148.24795 312.39825 106.80396 11.94828
157.5171 321.57246 109.67267 12.108013
163.79908 327.7815 111.84418 12.262943
170.18709 333.99878 114.01698 12.407706
172.6488 336.42729 115.29014 12.537275
174.95059 338.67571 116.50906 12.64742
173.93747 337.78785 116.97261 12.735144
172.58316 336.60342 117.34381 12.799053
169.65541 333.97529 117.34948 12.839569
166.9316 331.58529 117.38162 12.859002
164.47627 329.48655 117.45176 12.861375
163.55392 328.84758 117.83386 12.852052
163.81497 329.31016 118.4467 12.837211
166.98086 332.45002 119.66142 12.823147
171.69602 336.95856 121.17747 12.81545
178.59474 343.39315 123.12911 12.818203
186.5464 350.67095 125.26851 12.833428
195.33278 358.57408 127.54785 12.860748
203.24694 365.51385 129.59985 12.897367
209.88766 371.13354 131.34153 12.938559
215.34141 375.54172 132.79573 12.978352
217.67165 376.98082 133.55225 13.010126
217.35031 375.93016 133.7167 13.027666
215.46504 373.43085 133.52416 13.026628
212.39385 369.85528 133.05652 13.00537
208.97019 365.98148 132.4904 12.964982
206.54325 363.04515 132.10916 12.909064
205.64472 361.51276 132.02132 12.843127
206.77213 361.80976 132.32766 12.773507
210.07182 364.03617 133.05527 12.706075
214.70703 367.39551 134.02601 12.644967
219.90931 371.1677 135.07839 12.591683
224.62434 374.38709 135.99337 12.544891
227.94452 376.23877 136.58463 12.500894
229.44463 376.36119 136.76758 12.454572
228.88994 374.57193 136.497 12.400579
226.41184 371.01921 135.80257 12.33473
223.50434 367.08139 134.99502 12.255356
220.91135 363.43594 134.22743 12.163825
219.59867 360.94786 133.69755 12.063925
219.93502 359.92993 133.47925 11.960553
221.53859 360.01299 133.49237 11.858122
223.82456 360.65211 133.61656 11.759192
225.76758 360.91595 133.64256 11.663781
226.56279 360.08643 133.40768 11.569582
225.97428 357.96874 132.86616 11.473076
224.22677 354.78504 132.06587 11.371018
221.88201 351.05555 131.12232 11.261641
219.74641 347.51109 130.19974 11.145248
218.35931 344.63154 129.40733 11.023955
217.83308 342.50671 128.76763 10.900686
217.97966 340.95741 128.24279 10.777854
217.89811 339.16882 127.65116 10.656366
217.48381 337.05163 126.97307 10.535465
216.07135 334.01671 126.07518 10.413341
214.14251 330.50751 125.05579 10.288185
211.93727 326.74528 123.96374 10.159218
210.06919 323.28091 122.92302 10.027029
208.55243 320.12261 121.93694 9.8931508
207.60767 317.46388 121.05062 9.7591047
206.20919 314.38368 120.05892 9.6255552
205.03448 311.49208 119.09877 9.4921667
202.82296 307.66484 117.91813 9.3580365
201.01409 304.19552 116.80593 9.2224177
198.57855 300.16518 115.5568 9.0852248
196.82005 296.73995 114.43224 8.9470271
194.82964 293.10615 113.25162 8.8086167
193.07214 289.67926 112.10856 8.6704342
190.98369 285.95713 110.89124 8.5324144
188.84695 282.19442 109.65644 8.3942532
186.56108 278.30299 108.38457 8.2557829
184.35722 274.4899 107.12222 8.1171598
182.14947 270.67856 105.85311 7.9787713
180.11646 267.02794 104.61332 7.8409547
177.79162 263.12301 103.31087 7.7037893
175.71914 259.44942 102.054 7.5671652
173.13054 255.3248 100.69128 7.4309875
171.10317 251.70862 99.436519 7.2953275
168.46548 247.56028 98.059006 7.1602994
166.33548 243.87465 96.780198 7.0259674
163.74642 239.79382 95.40989 6.8923608
161.412 235.95269 94.08932 6.7595039
158.96375 232.02464 92.746396 6.6275107
156.54187 228.13477 91.409224 6.4964905
154.1102 224.25149 90.071142 6.3665208
151.7103 220.41179 88.740689 6.2377019
149.30858 216.58608 87.411614 6.1101166
146.92113 212.78917 86.087495 5.9837879
144.41869 208.90712 84.74347 5.8587359
142.16615 205.26337 83.451476 5.7350256
139.58672 201.34765 82.098884 5.6126828
137.37267 197.77318 80.82172 5.491732
134.81614 193.91415 79.481879 5.3721927
132.53573 190.31853 78.200827 5.2540551
130.04802 186.55954 76.88446 5.1373115
127.65596 182.90562 75.592358 5.0219793
125.33616 179.33611 74.320203 4.9081435
122.92194 175.70384 73.035678 4.7958574
120.64333 172.21211 71.783898 4.68515
118.30866 168.6917 70.5277 4.5760546
115.99772 165.21314 69.282871 4.4685886
113.79392 161.85006 68.06587 4.3627789
111.43834 158.37411 66.826532 4.2586274
109.33038 155.13784 65.642821 4.1561308
106.96466 151.69578 64.416671 4.0552704
104.8793 148.52249 63.252922 3.9560636
102.66433 145.25637 62.072061 3.8585488
100.50514 142.06117 60.910347 3.7626926
98.387732 138.925 59.765293 3.6684482
96.170417 135.72327 58.609558 3.5758083
94.208955 132.76901 57.512192 3.4848299
92.043803 129.65708 56.384088 3.3955538
90.125768 126.78432 55.312757 3.3079762
88.046752 123.79153 54.219263 3.2220617
86.064474 120.90587 53.153706 3.137767
84.143493 118.09607 52.109293 3.0550974
82.133293 115.22969 51.056925 2.9740394
80.300747 112.54132 50.048244 2.8945969
78.385525 109.8016 49.032823 2.8167844
76.555654 107.15782 48.04313 2.7406173
74.840582 104.63538 47.08487 2.6661123
72.924213 101.95655 46.097127 2.5931985
71.299362 99.554973 45.175267 2.521799
69.367286 96.904314 44.203648 2.451905
67.891135 94.674704 43.329533 2.3835569
66.017428 92.115914 42.388177 2.3167419
64.519826 89.907776 41.52898 2.2514098
62.784328 87.510969 40.633529 2.1875279
61.205549 85.272255 39.77792 2.1250532
59.639284 83.064612 38.93419 2.0640019
58.084972 80.887072 38.102049 2.004384
56.589011 78.779914 37.290298 1.9461954
55.145283 76.737316 36.497621 1.8894254
53.622222 74.643307 35.698582 1.8340645
52.391448 72.823492 34.964714 1.7801136
50.762983 70.672453 34.1633 1.7275004
49.651894 68.993296 33.47057 1.6761697
48.020925 66.875877 32.686879 1.6260955
46.975309 65.289613 32.024855 1.5772681
45.437163 63.288964 31.27714 1.5296528
44.304676 61.661942 30.616442 1.4831975
42.964146 59.869915 29.924523 1.4379165
41.78362 58.23529 29.271942 1.3938025
40.572927 56.590878 28.621943 1.3508508
39.427854 55.02024 27.992759 1.3090511
38.25069 53.43733 27.365467 1.2683855
37.224846 52.002543 26.775161 1.228835
35.991502 50.400936 26.152789 1.1903838
35.180687 49.184177 25.619307 1.1530289
33.823706 47.503327 24.988822 1.1167101
33.155409 46.440461 24.498505 1.0813989
31.793612 44.784716 23.883184 1.0470347
31.057298 43.692204 23.395975 1.013558
29.884498 42.232188 22.832809 0.98098482
29.054643 41.087274 22.343005 0.94930419
28.058119 39.81058 21.828526 0.91852294
27.196136 38.665575 21.346963 0.8886325
26.283728 37.48994 20.862685 0.85961639
25.464901 36.409508 20.403169 0.83145746
24.552095 35.25975 19.932322 0.80413647
23.85477 34.311384 19.50935 0.77763481
22.859729 33.114688 19.03574 0.75193855
22.375538 32.377144 18.666504 0.72705261
21.25166 31.091673 18.181415 0.70290952
20.839082 30.441323 17.839449 0.67947038
19.764306 29.223914 17.377499 0.65669931
19.234908 28.49694 17.026712 0.63455347
18.373994 27.492304 16.618676 0.61306687
17.756044 26.712541 16.263242 0.59223788
17.018442 25.840054 15.890803 0.57205506
16.377975 25.064411 15.542761 0.55250536
15.685284 24.254769 15.190404 0.5335728
15.09181 23.543545 14.862637 0.51524207
14.367907 22.729679 14.515394 0.49749743
13.893678 22.145666 14.221389 0.48032662
13.069042 21.266348 13.865703 0.46371336
12.770522 20.858467 13.616262 0.44766122
11.837279 19.906991 13.251336 0.43210384
11.518366 19.505391 13.009872 0.41699969
10.70178 18.680858 12.6789 0.4023568
10.263187 18.199788 12.425805 0.38815657
9.5986084 17.533835 12.134814 0.37440741
9.0751903 17.004396 11.876112 0.36110071
8.4808786 16.426364 11.609151 0.34822125
7.9289364 15.899333 11.355595 0.33575411
7.3283523 15.344416 11.098161 0.32367928
6.7998212 14.868106 10.859989 0.31197757
6.1115264 14.268898 10.597034 0.30062288
5.6530457 13.889119 10.384066 0.28959569
4.8001928 13.185623 10.102699 0.27882406
4.301346 12.816528 9.8962624 0.26824799
3.3135551 12.050027 9.6053671 0.25775469
2.5587858 11.525389 9.368315 0.2472087
1.3950243 10.695182 9.0681979 0.23625795
0.030995309 9.7644229 8.745736 0.22449823
-0.031106282 10.11732 8.7428808 0.20955879
-11.100591 1.2969384 6.5721858 0.17052772
-76.381363 -54.756039 -6.8678735 0.12648692
