-41.949277 -21.821346 -6.4949199 0.01219916
-41.439988 -21.704657 -6.6461049 0.013261449
-42.609512 -22.370815 -6.9032227 0.014432453
-44.485793 -23.393881 -7.2126574 0.015724186
-46.217983 -24.356218 -7.5224434 0.017149973
-48.023448 -25.361639 -7.8459311 0.018724598
-49.886315 -26.403466 -8.1826238 0.020464474
-51.818779 -27.487832 -8.5336382 0.022387833
-53.820012 -28.615017 -8.8993651 0.024514941
-55.894278 -29.787583 -9.2804887 0.026868334
-58.043073 -31.006908 -9.6775511 0.029473092
-60.269435 -32.275069 -10.091187 0.032357139
-62.575507 -33.593789 -10.52199 0.035551588
-64.964048 -34.965082 -10.970594 0.039091122
-67.437455 -36.39084 -11.437614 0.043014435
-69.998414 -37.873103 -11.923685 0.047364747
-72.64944 -39.413867 -12.429428 0.052190347
-75.393186 -41.015208 -12.955467 0.057545094
-78.232201 -42.679181 -13.502413 0.063488805
-81.169082 -44.407885 -14.070867 0.070087646
-84.206327 -46.203395 -14.66141 0.077414842
-87.346417 -48.067794 -15.274598 0.085551979
-90.591715 -50.003126 -15.910952 0.094590868
-93.944517 -52.011401 -16.570943 0.10463561
-97.406963 -54.094551 -17.254978 0.11580444
-100.9811 -56.254442 -17.963387 0.12823136
-104.66871 -58.492816 -18.69641 0.14206771
-108.46944 -60.810184 -19.454031 0.15748402
-112.32873 -63.13138 -20.216191 0.17467217
-115.80439 -64.868773 -20.829057 0.19384788
-119.34685 -66.619444 -21.447846 0.21525354
-122.94283 -68.374577 -22.070162 0.23916138
-126.58441 -70.127049 -22.693555 0.26587711
-130.26541 -71.870109 -23.315339 0.2957441
-133.97755 -73.595514 -23.932323 0.32914847
-137.71098 -75.293509 -24.540693 0.36653591
-141.45397 -76.952623 -25.135931 0.40841658
-145.21986 -78.584706 -25.721537 0.45439717
-149.03863 -80.217179 -26.306621 0.50348563
-152.91239 -81.851376 -26.891354 0.5557269
-156.83867 -83.48441 -27.474394 0.61133911
-160.81581 -85.114157 -28.054614 0.67051632
-164.84211 -86.738547 -28.630858 0.73345768
-168.91596 -88.355592 -29.201938 0.80036804
-173.03579 -89.963441 -29.766646 0.87145816
-177.19987 -91.560264 -30.323747 0.94694379
-181.40778 -93.144794 -30.872047 1.0270435
-185.293 -94.268767 -31.297353 1.1119758
-188.75127 -94.811119 -31.568813 1.2019556
-192.16102 -95.237536 -31.803512 1.2971899
-195.51237 -95.539445 -31.998635 1.3978726
-198.79821 -95.7096 -32.15158 1.5041786
-202.01244 -95.741512 -32.259953 1.6162538
-205.14874 -95.628672 -32.321379 1.7342321
-208.19842 -95.362416 -32.332745 1.8583172
-211.1507 -94.932256 -32.290294 1.988771
-213.99446 -94.327384 -32.190126 2.1258587
-216.71832 -93.536794 -32.028231 2.2698453
-219.3107 -92.549293 -31.800497 2.4209912
-221.75986 -91.35353 -31.502749 2.5795442
-224.05451 -89.938286 -31.130805 2.7457305
-225.89223 -87.96283 -30.599916 2.919748
-227.37594 -85.55009 -29.939296 3.1017596
-228.617 -82.830265 -29.179733 3.2918865
-229.59925 -79.788295 -28.316517 3.4901971
-230.30707 -76.409389 -27.345124 3.6967041
-230.72262 -72.67688 -26.26058 3.9114254
-230.82424 -68.570727 -25.056937 4.1344418
-230.58836 -64.069068 -23.727735 4.3658581
-229.99073 -59.14917 -22.266315 4.6057676
-229.0062 -53.787273 -20.665837 4.85423
-227.60766 -47.958123 -18.91929 5.1112473
-226.23991 -42.140425 -17.139691 5.376754
-224.8478 -36.271591 -15.310652 5.6506187
-223.05733 -29.952888 -13.33662 5.9326443
-220.84394 -23.16091 -11.211783 6.2225694
-218.17943 -15.869381 -8.9298915 6.5201031
-215.03154 -8.0484 -6.483939 6.8249698
-211.36525 0.33483578 -3.8663171 7.1369095
-207.14305 9.3157965 -1.0689479 7.4556511
-202.32202 18.934032 1.9168472 7.7808781
-199.15188 26.894593 4.5578504 8.1122119
-195.89179 34.992139 7.2726315 8.4492307
-192.20964 43.566316 10.139424 8.7915063
-188.06808 52.653039 13.165505 9.1386243
-183.42596 62.291349 16.35852 9.4901546
-178.24034 72.522397 19.726271 9.8456509
-172.46337 83.391833 23.277357 10.20469
-166.90698 94.098306 26.827374 10.566876
-163.65312 102.61324 29.915394 10.931854
-160.0638 111.54472 33.135083 11.299371
-156.09177 120.93941 36.495737 11.669319
-151.68684 130.84553 40.006556 12.04159
-146.80017 141.31004 43.675854 12.416002
-141.37659 152.3849 47.512906 12.792448
-137.375 162.20335 51.098753 13.170978
-134.75312 170.82821 54.449105 13.55186
-131.82886 179.86749 57.923365 13.935652
-128.544 189.37496 61.533204 14.323082
-124.84488 199.39915 65.288616 14.714827
-120.67607 209.98865 69.199442 15.111597
-117.00914 220.23738 73.066368 15.514349
-113.76774 230.2205 76.908314 15.9244
-110.06312 240.75753 80.907842 16.343425
-105.82956 251.89986 85.078628 16.773215
-101.00797 263.69076 89.432388 17.215499
-95.369936 276.32441 94.013917 17.672079
-88.32986 290.31258 98.937284 18.144984
-80.404603 305.16348 104.10013 18.636478
-71.518308 320.92354 109.51766 19.148882
-61.601318 337.63125 115.2035 19.684377
-49.346702 356.42438 121.40669 20.244997
-34.127194 377.81817 128.24129 20.832631
-17.334867 400.53319 135.43824 21.448951
1.1196015 424.61282 143.01241 22.095351
21.323547 450.09791 150.97801 22.772853
45.521986 478.91553 159.74713 23.481875
71.899568 509.42608 168.97446 24.222041
100.55928 541.67902 178.67249 24.992309
131.62451 575.74352 188.85722 25.791095
163.4628 610.17699 199.22646 26.615956
197.37358 646.07878 210.00913 27.463255
233.86933 683.86176 221.28682 28.328407
272.7378 723.31981 233.01018 29.206191
306.27592 757.87812 243.80741 30.090595
342.06226 794.0186 255.0186 30.974756
380.32093 831.92505 266.66889 31.851246
413.76791 865.45485 277.47818 32.712353
442.60589 894.84135 287.48742 33.550296
473.22746 925.5084 297.80019 34.357368
502.02833 954.46557 307.78636 35.126075
519.27528 973.65362 315.78627 35.849658
537.44898 993.57039 323.93622 36.522408
555.1662 1013.104 331.99295 37.139691
560.47359 1022.4169 337.94636 37.698578
566.15998 1032.1713 343.95712 38.19835
571.08235 1041.4529 349.8298 38.640156
568.99423 1045.1635 354.52951 39.027356
567.35121 1049.4529 359.29819 39.365962
566.16861 1054.324 364.13543 39.663996
565.45753 1059.7609 369.04036 39.931418
565.95988 1066.3252 374.13204 40.180078
572.59489 1077.94 380.20211 40.422821
583.44526 1092.9524 386.92702 40.672957
598.52783 1111.2729 394.29877 40.943653
624.37875 1138.048 403.34927 41.246844
653.98343 1167.5022 412.93709 41.592377
692.16579 1203.3941 423.81372 41.98712
736.10445 1243.3512 435.51027 42.433973
783.15727 1285.1807 447.59241 42.931431
833.1105 1328.6614 460.01225 43.473381
884.0985 1372.2884 472.46502 44.049219
929.30872 1410.678 483.88271 44.6444
975.25516 1449.0552 495.27785 45.241237
1006.2898 1475.1419 504.23073 45.82013
1037.7725 1501.1972 513.12577 46.361034
1049.6652 1511.5744 518.89243 46.845164
1060.6919 1521.1606 524.42317 47.256717
1055.1637 1517.7731 527.33529 47.584494
1047.8818 1513.1341 529.90318 47.823286
1032.7185 1502.5188 531.20651 47.974672
1018.5324 1492.8728 532.59388 48.04728
1005.6523 1484.4184 534.11261 48.056149
1000.3889 1481.9792 536.70201 48.02131
1001.003 1484.0723 540.08458 47.965856
1016.088 1497.199 545.52137 47.913309
1038.8776 1515.9455 551.97638 47.884548
1072.5364 1542.6045 559.89349 47.894833
1111.4118 1572.6928 568.41108 47.95172
1154.4082 1605.3026 577.35056 48.053804
1192.985 1633.8632 585.44652 48.190627
1225.1301 1656.8992 592.4091 48.344539
1251.2755 1674.8639 598.31456 48.493225
1261.7255 1680.4956 601.76589 48.611948
1258.8426 1675.7846 603.13285 48.677486
1248.082 1665.0482 603.23375 48.673608
1231.3464 1649.8366 602.36491 48.59418
1212.8202 1633.375 601.14189 48.44327
1199.2754 1620.7796 600.54012 48.234333
1193.384 1613.9793 600.93231 47.987962
1197.6443 1614.7301 602.65789 47.727829
1212.7913 1623.4393 605.79883 47.475872
1234.6203 1636.801 609.73251 47.247545
1259.2673 1651.8273 613.89322 47.048451
1281.4315 1664.5159 617.52267 46.873614
1296.5497 1671.4924 619.98066 46.709219
1302.4844 1671.2638 620.98027 46.53614
1298.0569 1663.0812 620.37384 46.334397
1283.9311 1647.5654 618.27436 46.088351
1267.6308 1630.4363 615.7568 45.791771
1252.9056 1614.5053 613.35496 45.449769
1244.6211 1603.358 611.74787 45.076496
1244.6355 1598.2882 611.1842 44.690248
1251.0244 1597.7603 611.3812 44.307517
1260.8392 1599.5108 611.91687 43.937869
1268.9107 1599.675 612.06772 43.581368
1271.1809 1595.2758 611.27471 43.229394
1266.4619 1585.5089 609.38497 42.868805
1255.8897 1571.3009 606.56983 42.487467
1242.3015 1554.8145 603.23266 42.078783
1229.7683 1539.0845 599.94109 41.643885
1221.0139 1526.1025 597.07062 41.190677
1216.6058 1516.2399 594.696 40.730085
1215.5947 1508.7516 592.68261 40.271127
1213.4305 1500.2539 590.40483 39.817189
1209.5846 1490.3768 587.79302 39.365448
1200.6966 1476.6761 584.39317 38.909134
1189.2023 1460.9958 580.54513 38.441494
1176.3168 1444.2573 576.42115 37.959612
1165.1427 1428.7494 572.44818 37.465693
1155.7525 1414.5065 568.63836 36.96546
1149.2616 1402.3318 565.1433 36.464601
1140.4832 1388.3987 561.26012 35.965597
1132.8442 1375.2432 557.45532 35.467195
1119.9688 1358.1948 552.86991 34.966021
1109.1409 1342.6305 548.49298 34.459285
1095.1538 1324.7329 543.62639 33.946668
1084.6054 1309.349 539.16437 33.430295
1072.8951 1293.0968 534.49039 32.913129
1062.3769 1277.7043 529.92301 32.396813
1050.1962 1261.0849 525.08041 31.881106
1037.7847 1244.2975 520.15707 31.364871
1024.6321 1226.9766 515.08745 30.84748
1011.9099 1209.9837 510.03193 30.32952
999.18324 1193.0009 504.93581 29.812436
987.35722 1176.6894 499.9223 29.297488
974.06863 1159.3241 494.67771 28.784974
962.07514 1142.9249 489.57197 28.274482
947.48147 1124.6539 484.08955 27.765657
935.75007 1108.5031 478.96184 27.258765
920.94482 1090.1468 473.4024 26.754236
908.73138 1073.7219 468.16754 26.25231
894.20727 1055.6592 462.6084 25.753096
880.99258 1038.6012 457.20781 25.256683
867.21881 1021.1894 451.72038 24.763497
853.59725 1003.9448 446.24211 24.273945
839.94495 986.73648 440.75086 23.788316
826.47268 969.71852 435.27634 23.306987
813.01065 952.76835 429.79756 22.830267
799.64014 935.9476 424.32704 22.358243
785.705 918.78226 418.78095 21.89099
773.05745 902.61878 413.40547 21.42875
758.76985 885.33358 407.81666 20.971619
746.35646 869.47953 402.47978 20.519689
732.22375 852.45181 396.92407 20.073033
719.51267 836.53204 391.56487 19.631615
705.76836 819.94364 386.08139 19.195405
692.52929 803.80454 380.67753 18.764469
679.67663 788.02888 375.33878 18.339125
666.36369 772.00389 369.95477 17.919571
653.7586 756.57612 364.67995 17.505916
640.88784 741.04109 359.38772 17.098285
628.15648 725.69253 354.13244 16.696742
615.98797 710.83692 348.9707 16.301387
603.06718 695.52374 343.73184 15.912227
591.42322 681.22122 338.68248 15.529252
578.48834 666.0744 333.48831 15.15239
566.99622 652.05938 328.50775 14.781707
554.86387 637.67044 323.46978 14.417346
543.0328 623.58935 318.49861 14.059182
531.43234 609.76717 313.58622 13.707041
519.34188 595.68476 308.63937 13.360895
508.56943 582.64588 303.89367 13.020957
496.77896 568.96292 299.04507 12.68738
486.26159 556.28855 294.39275 12.36015
474.94317 543.12709 289.66784 12.039133
464.13306 530.42426 285.04173 11.724168
453.65119 518.05001 280.49134 11.415276
442.73225 505.45274 275.91727 11.112405
432.73288 493.60957 271.49574 10.81557
422.32906 481.56477 267.05442 10.524826
412.37482 469.93173 262.70443 10.240229
403.0196 458.81591 258.46584 9.9618437
392.65622 447.0607 254.13163 9.6894031
383.79081 436.47271 250.0277 9.4226207
373.37764 424.8588 245.75919 9.1614637
365.29821 415.01096 241.82866 8.9060833
355.21079 403.80297 237.67416 8.6564314
347.05079 394.06755 233.80626 8.4123199
337.69499 383.55772 229.82095 8.1736272
329.15007 373.71791 225.97758 7.9401923
320.68236 364.0188 222.18013 7.7120757
312.28874 354.45615 218.4271 7.489315
304.20517 345.1977 214.74844 7.2718948
296.40007 336.21878 211.13956 7.0597754
288.20398 327.03606 207.51401 6.8529209
281.50754 319.00613 204.1167 6.6513352
272.79973 309.60601 200.49575 6.4547479
266.73655 302.18234 197.25313 6.2629522
258.03985 292.94232 193.70751 6.0758514
252.3338 285.92583 190.58476 5.8934095
244.13262 277.19202 187.17736 5.7154962
238.0074 270.02516 184.07438 5.5419176
230.83429 262.18 180.87136 5.3727265
224.48636 255.00014 177.80854 5.2078957
217.99553 247.78856 174.7601 5.047408
211.84913 240.89333 171.78803 4.8912243
205.54977 233.9557 168.82772 4.739278
200.03061 227.64382 165.99892 4.5914988
193.46511 220.64487 163.06615 4.4478271
189.05995 215.25787 160.44314 4.3082516
181.88451 207.94464 157.4968 4.1725477
178.22388 203.2148 155.0375 4.0406082
171.04275 196.02189 152.16122 3.9122074
167.05497 191.18448 149.73102 3.787123
160.85421 184.8229 147.04904 3.6654143
156.40801 179.78211 144.62393 3.5470407
151.12219 174.1994 142.12035 3.4320274
146.52988 169.17269 139.73458 3.3203426
141.68916 164.02511 137.34486 3.2119247
137.33318 159.28106 135.04494 3.1067096
132.50692 154.2546 132.71157 3.0046254
128.78583 150.07399 130.54686 2.9056028
123.55692 144.86441 128.21464 2.8095895
120.93659 141.57456 126.2455 2.716604
115.06722 136.00673 123.88996 2.626394
112.82734 133.09238 122.03231 2.5388143
107.22331 127.82003 119.77484 2.4537308
104.40397 124.59812 117.90448 2.3709834
99.904051 120.22439 115.84439 2.2906991
96.648782 116.79363 113.96918 2.2128722
92.791457 112.98159 112.04102 2.1374597
89.435975 109.57841 110.20113 2.0644129
85.821645 106.03846 108.3514 1.993672
82.719675 102.91368 106.59046 1.9251799
78.960685 99.365833 104.76785 1.8588776
76.480037 96.780739 103.13198 1.7947195
72.221896 92.969014 101.2909 1.7326445
70.650138 91.127124 99.819812 1.6726662
65.853045 87.023474 97.964589 1.6145365
64.191417 85.216669 96.538976 1.5581003
60.002505 81.651241 94.815005 1.5033875
57.745562 79.522085 93.362408 1.4503287
54.344727 76.626472 91.784873 1.3989554
51.669743 74.304215 90.321596 1.3492353
48.640685 71.783597 88.834102 1.3011116
45.834454 69.47989 87.395764 1.2545285
42.78747 67.064215 85.947623 1.2094113
40.114476 64.9807 84.567625 1.1656882
36.635007 62.389563 83.105658 1.1232617
34.333187 60.71828 81.81599 1.082059
30.030086 57.703039 80.296849 1.0418111
27.537547 56.088631 79.031421 1.002294
22.562283 52.825315 77.478265 0.96308627
18.781779 50.580553 76.093295 0.92368158
12.926922 47.076121 74.491893 0.88276452
6.061519 43.173319 72.764146 0.83882483
5.8437399 44.666179 72.344482 0.78300445
-50.404115 8.0422984 63.002299 0.6371678
-382.8143 -225.49148 7.5559554 0.47261279
