1.0561809e-05 8.3767839
1.329653e-05 10.454828
1.6739339e-05 13.048368
2.107358e-05 16.285277
2.6530065e-05 20.325136
3.3399373e-05 25.367099
4.2047319e-05 31.659684
5.2934439e-05 39.512988
6.664051e-05 49.313887
8.3895431e-05 61.544944
0.00010561809 76.807862
0.0001329653 95.852475
0.00016739339 119.6124
0.0002107358 149.24844
0.00026530065 186.20059
0.00033399373 232.24882
0.00042047319 289.58056
0.00052934439 360.85925
0.0006664051 449.28058
0.00083895431 558.59382
0.0010561809 693.06001
0.001329653 857.33327
0.0016739339 1056.2208
0.002107358 1294.2349
0.0026530065 1574.5553
0.0033399373 1898.1768
0.0042047319 2262.6345
0.0052934439 2660.2054
0.006664051 3075.3594
0.0083895431 3482.117
0.010561809 3841.8398
0.01329653 4101.3386
0.016739339 4197.2239
0.021073579 4067.7277
0.026529927 3683.9179
0.033380737 3104.6375
0.041438276 2528.3534
0.048200892 2199.1045
0.053110913 2035.8966
0.05716483 1933.2223
0.060786713 1855.2148
0.064165983 1786.8394
0.06740305 1720.5311
0.070558191 1652.2525
0.07367103 1580.0827
0.076769512 1503.5523
0.079874496 1423.2859
0.083002314 1340.7241
0.086166283 1257.8436
0.089377653 1176.9035
0.092646223 1100.1638
0.09598075 1029.6309
0.099389244 966.84697
0.10287917 912.72565
0.10645759 867.44565
0.11013127 830.42295
0.11390678 800.3263
0.11779053 775.1757
0.12178882 752.50862
0.12590789 729.69176
0.13015392 704.32005
0.13453307 674.69258
0.13905149 640.22289
0.14371533 601.63278
0.14853074 560.82857
0.15350388 520.44844
0.15864096 483.21402
0.16394821 451.24478
0.16943189 425.5305
0.17509835 405.67531
0.18095398 389.98889
0.18700532 376.02647
0.19325898 361.07295
0.19972176 343.15368
0.20640067 322.05059
0.21330295 299.20127
0.22043615 276.96461
0.22780821 257.51188
0.23542751 241.9033
0.24330297 229.70581
0.25144418 219.26351
0.2598615 208.55529
0.26856619 196.33041
0.27757061 182.84468
0.28688838 169.56675
0.29653463 158.00098
0.30652626 148.57825
0.31688223 140.47603
0.32762397 132.41411
0.33877585 123.75625
0.35036572 114.95234
0.36242562 106.92125
0.37499267 100.01737
0.38811018 93.72347
0.40182909 87.399172
0.41620989 81.056391
0.43132504 75.134618
0.44726241 69.782798
0.4641299 64.705234
0.48206193 59.679626
0.50122878 54.894134
0.52185047 50.442945
0.54421774 46.110499
0.5687253 41.916884
0.59592649 37.902658
0.6266277 33.964391
0.66206112 30.109113
0.70422301 26.268935
0.7565887 22.394407
0.82574594 18.40142
0.92525289 14.213685
1.0827407 9.9018401
1.3331735 6.0876445
1.6756859 3.5329687
2.1095136 2.0241608
2.6557201 1.1501149
3.3433535 0.64862297
4.2090326 0.36332518
5.2988581 0.20226143
6.6708672 0.11196309
8.3981242 0.061658203
10.572612 0.033793247
