1.0561809e-05 28.598918
1.329653e-05 35.693494
1.6739339e-05 44.548009
2.107358e-05 55.59901
2.6530065e-05 69.391317
3.3399373e-05 86.604823
4.2047319e-05 108.08794
5.2934439e-05 134.89925
6.664051e-05 168.35939
8.3895431e-05 210.11547
0.00010561809 262.22096
0.0001329653 327.23433
0.00016739339 408.33998
0.0002107358 509.49497
0.00026530065 635.6038
0.00033399373 792.72034
0.00042047319 988.26879
0.00052934439 1231.2628
0.0006664051 1532.4853
0.00083895431 1904.5812
0.0010561809 2362.0201
0.001329653 2920.7761
0.0016739339 3597.1393
0.002107358 4405.9482
0.0026530065 5357.933
0.0033399373 6456.2028
0.0042047319 7692.1768
0.0052934439 9039.2082
0.006664051 10444.176
0.0083895431 11818.666
0.010561809 13031.385
0.01329653 13902.663
0.016739339 14220.088
0.021073579 13773.687
0.026529927 12468.276
0.033380737 10503.673
0.041438276 8551.5312
0.048200892 7436.7157
0.053110913 6884.1729
0.05716483 6536.5858
0.060786713 6272.5319
0.064165983 6041.1231
0.06740305 5816.7567
0.070558191 5585.7713
0.07367103 5341.6626
0.076769512 5082.8407
0.079874496 4811.4115
0.083002314 4532.2412
0.086166283 4252.0116
0.089377653 3978.3532
0.092646223 3718.904
0.09598075 3480.4438
0.099389244 3268.1829
0.10287917 3085.2095
0.10645759 2932.1239
0.11013127 2806.9523
0.11390678 2705.1938
0.11779053 2620.1559
0.12178882 2543.5151
0.12590789 2466.3711
0.13015392 2380.5957
0.13453307 2280.4394
0.13905149 2163.9213
0.14371533 2033.48
0.14853074 1895.5587
0.15350388 1759.0711
0.15864096 1633.2183
0.16394821 1525.1599
0.16943189 1438.2428
0.17509835 1371.1278
0.18095398 1318.1027
0.18700532 1270.9056
0.19325898 1220.3595
0.19972176 1159.7915
0.20640067 1088.465
0.21330295 1011.2382
0.22043615 936.0819
0.22780821 870.33491
0.23542751 817.57937
0.24330297 776.35228
0.25144418 741.05729
0.2598615 704.86425
0.26856619 663.54618
0.27757061 617.96693
0.28688838 573.09083
0.29653463 534.00093
0.30652626 502.1537
0.31688223 474.76972
0.32762397 447.52157
0.33877585 418.26008
0.35036572 388.5053
0.36242562 361.36279
0.37499267 338.02913
0.38811018 316.75703
0.40182909 295.38283
0.41620989 273.94608
0.43132504 253.93219
0.44726241 235.84429
0.4641299 218.68355
0.48206193 201.69852
0.50122878 185.52494
0.52185047 170.48124
0.54421774 155.83885
0.5687253 141.66572
0.59592649 128.09884
0.6266277 114.78872
0.66206112 101.75906
0.70422301 88.780465
0.7565887 75.685791
0.82574594 62.190735
0.92525289 48.037556
1.0827407 33.4649
1.3331735 20.574192
1.6756859 11.940237
2.1095136 6.8409685
2.6557201 3.8869873
3.3433535 2.1921141
4.2090326 1.2279053
5.2988581 0.68356491
6.6708672 0.37838794
8.3981242 0.20837552
10.572612 0.11420243
