1.0561809e-05 -9.3544806e-07
1.132117e-05 -1.0396588e-06
1.2135126e-05 -1.1906409e-06
1.3007603e-05 -1.3725662e-06
1.3942808e-05 -1.5777628e-06
1.4945252e-05 -1.8132154e-06
1.6019768e-05 -2.0836562e-06
1.7171538e-05 -2.3940225e-06
1.8406117e-05 -2.7509554e-06
1.9729459e-05 -3.1608324e-06
2.1147944e-05 -3.6319378e-06
2.2668414e-05 -4.1731847e-06
2.4298201e-05 -4.7952063e-06
2.6045165e-05 -5.5098734e-06
2.791773e-05 -6.3309664e-06
2.9924926e-05 -7.2741758e-06
3.2076433e-05 -8.3579028e-06
3.4382627e-05 -9.602778e-06
3.6854629e-05 -1.1033028e-05
3.9504359e-05 -1.2676077e-05
4.2344597e-05 -1.4563601e-05
4.5389039e-05 -1.6732069e-05
4.8652367e-05 -1.9223223e-05
5.2150318e-05 -2.2085046e-05
5.589976e-05 -2.5372744e-05
5.9918776e-05 -2.9149545e-05
6.4226746e-05 -3.3488203e-05
6.8844445e-05 -3.8472195e-05
7.3794142e-05 -4.4197463e-05
7.9099706e-05 -5.0774148e-05
8.4786724e-05 -5.8328726e-05
9.088262e-05 -6.700648e-05
9.7416792e-05 -7.697421e-05
0.00010442075 -8.8423472e-05
0.00011192827 -0.00010157418
0.00011997556 -0.00011667886
0.00012860142 -0.00013402744
0.00013784745 -0.00015395274
0.00014775825 -0.00017683681
0.0001583816 -0.00020311826
0.00016976873 -0.00023330051
0.00018197456 -0.00026796135
0.00019505796 -0.00030776387
0.00020908201 -0.00035346902
0.00022411434 -0.00040594995
0.00024022745 -0.00046620844
0.00025749904 -0.00053539379
0.0002760124 -0.00061482429
0.00029585682 -0.00070601201
0.00031712798 -0.00081069099
0.00033992848 -0.00093084951
0.00036436826 -0.0010687671
0.00039056518 -0.0012270568
0.00041864558 -0.0014087134
0.00044874486 -0.0016171683
0.0004810082 -0.0018563529
0.00051559116 -0.0021307702
0.00055266053 -0.0024455766
0.00059239506 -0.0028066754
0.00063498639 -0.003220823
0.00068063989 -0.00369575
0.00072957574 -0.0042402986
0.00078202992 -0.0048645795
0.00083825539 -0.0055801487
0.00089852329 -0.0064002097
0.00096312427 -0.0073398409
0.0010323698 -0.0084162542
0.001106594 -0.0096490867
0.0011861546 -0.011060729
0.0012714353 -0.012676698
0.0013628475 -0.01452605
0.0014608319 -0.016641851
0.001565861 -0.0190617
0.0016784415 -0.021828309
0.0017991161 -0.024990159
0.0019284668 -0.028602213
0.0020671175 -0.032726718
0.0022157367 -0.037434076
0.0023750411 -0.0428038
0.002545799 -0.048925556
0.0027288339 -0.05590028
0.0029250284 -0.063841372
0.0031353286 -0.072875961
0.0033607488 -0.083146214
0.003602376 -0.09481067
0.0038613754 -0.10804556
0.004138996 -0.12304609
0.0044365767 -0.14002751
0.0047555525 -0.15922608
0.0050974616 -0.18089953
0.0054639529 -0.20532712
0.0058567938 -0.23280877
0.0062778786 -0.26366324
0.0067292382 -0.29822465
0.007213049 -0.33683694
0.0077316444 -0.37984546
0.0082875251 -0.42758415
0.0088833718 -0.48034853
0.009522058 -0.53835803
0.010206664 -0.60173537
0.010940491 -0.67049307
0.011727077 -0.74449615
0.012570217 -0.82341163
0.013473975 -0.90666172
0.014442711 -0.99341383
0.015481097 -1.0826553
0.016594138 -1.1732281
0.017787204 -1.2636655
0.019066048 -1.3520148
0.020436836 -1.4358947
0.02190618 -1.5127748
0.023481164 -1.5802159
0.025169385 -1.6357947
0.026978984 -1.6770409
0.028918688 -1.7017617
0.03099785 -1.7083798
0.033226497 -1.6958903
0.035615376 -1.6636157
0.038176009 -1.611063
0.040920743 -1.5374206
0.043862814 -1.440603
0.047016411 -1.316419
0.050396742 -1.1576821
0.054020108 -0.95378587
0.057903982 -0.69134345
0.062067094 -0.35613157
0.066529521 0.062784624
0.071312783 0.56727785
0.076439946 1.1444534
0.081935735 1.7643968
0.087826654 2.3849322
0.094141112 2.9648216
0.10090956 3.4832657
0.10816464 3.9564495
0.11594133 4.4370671
0.12427714 4.9854575
0.13321228 5.6185862
0.14278982 6.2755391
0.15305595 6.8489373
0.16406019 7.2781967
0.17585559 7.6146638
0.18849905 7.9640212
0.20205154 8.3481864
0.2165784 8.6716536
0.2321497 8.8664892
0.24884053 8.9901687
0.26673137 9.102195
0.28590851 9.1635783
0.30646442 9.1442527
0.32849824 9.0760653
0.35211622 8.9697318
0.37743226 8.8143138
0.40456844 8.6158602
0.43365563 8.3835024
0.46483409 8.1187419
0.49825419 7.8264674
0.53407709 7.5123336
0.57247553 7.1812751
0.61363471 6.8382267
0.65775309 6.486727
0.70504345 6.1302599
0.75573384 5.7725702
0.8100687 5.4172659
0.86831007 5.0668719
0.93073881 4.7239179
0.99765598 4.390965
1.0693843 4.0694767
1.1462696 3.7601713
1.2286828 3.4642472
1.3170211 3.1831915
1.4117108 2.9176647
1.5132083 2.6676558
1.6220032 2.4332181
1.7386201 2.2142093
1.8636213 2.0098978
1.9976098 1.8196714
2.1412316 1.6437347
2.2951793 1.4821458
2.4601955 1.3340336
2.6370757 1.198341
2.8266731 1.0742618
3.0299019 0.96102086
3.2477422 0.85776684
3.4812446 0.76382773
3.731535 0.67878102
3.9998205 0.60197652
4.2873949 0.53241129
4.595645 0.46919827
4.9260573 0.41162
5.2802252 0.35895363
5.6598566 0.31054063
6.0667823 0.25581887
6.5029647 0.18726795
6.9705073 0.12921327
7.4716646 0.10271658
8.0088536 0.097846233
8.5846647 0.10321522
9.2018749 0.11180905
9.8634605 0.23155894
10.572612 0.44154936
