1.0561809e-05 7568.023
1.132117e-05 7568.023
1.2135126e-05 7568.023
1.3007603e-05 7568.023
1.3942808e-05 7568.023
1.4945252e-05 7568.023
1.6019768e-05 7568.023
1.7171538e-05 7568.023
1.8406117e-05 7568.023
1.9729459e-05 7568.023
2.1147944e-05 7568.023
2.2668414e-05 7568.023
2.4298201e-05 7568.023
2.6045165e-05 7568.0229
2.791773e-05 7568.0229
2.9924926e-05 7568.0229
3.2076433e-05 7568.0229
3.4382627e-05 7568.0229
3.6854629e-05 7568.0228
3.9504359e-05 7568.0228
4.2344597e-05 7568.0227
4.5389039e-05 7568.0227
4.8652367e-05 7568.0226
5.2150318e-05 7568.0226
5.589976e-05 7568.0225
5.9918776e-05 7568.0224
6.4226746e-05 7568.0223
6.8844445e-05 7568.0222
7.3794142e-05 7568.0221
7.9099706e-05 7568.022
8.4786724e-05 7568.0218
9.088262e-05 7568.0216
9.7416792e-05 7568.0214
0.00010442075 7568.0211
0.00011192827 7568.0209
0.00011997556 7568.0205
0.00012860142 7568.0202
0.00013784745 7568.0197
0.00014775825 7568.0192
0.0001583816 7568.0187
0.00016976873 7568.018
0.00018197456 7568.0172
0.00019505796 7568.0164
0.00020908201 7568.0154
0.00022411434 7568.0142
0.00024022745 7568.0129
0.00025749904 7568.0114
0.0002760124 7568.0097
0.00029585682 7568.0077
0.00031712798 7568.0054
0.00033992848 7568.0028
0.00036436826 7567.9998
0.00039056518 7567.9963
0.00041864558 7567.9923
0.00044874486 7567.9878
0.0004810082 7567.9825
0.00051559116 7567.9765
0.00055266053 7567.9696
0.00059239506 7567.9617
0.00063498639 7567.9526
0.00068063989 7567.9421
0.00072957574 7567.9301
0.00078202992 7567.9164
0.00083825539 7567.9006
0.00089852329 7567.8824
0.00096312427 7567.8616
0.0010323698 7567.8377
0.001106594 7567.8103
0.0011861546 7567.7788
0.0012714353 7567.7427
0.0013628475 7567.7013
0.0014608319 7567.6539
0.001565861 7567.5994
0.0016784415 7567.537
0.0017991161 7567.4655
0.0019284668 7567.3834
0.0020671175 7567.2894
0.0022157367 7567.1817
0.0023750411 7567.0583
0.002545799 7566.917
0.0027288339 7566.7551
0.0029250284 7566.5698
0.0031353286 7566.3578
0.0033607488 7566.1151
0.003602376 7565.8376
0.0038613754 7565.5203
0.004138996 7565.1575
0.0044365767 7564.7431
0.0047555525 7564.2697
0.0050974616 7563.7293
0.0054639529 7563.1126
0.0058567938 7562.4091
0.0062778786 7561.6069
0.0067292382 7560.693
0.007213049 7559.6509
0.0077316444 7558.4712
0.0082875251 7557.1431
0.0088833718 7555.5672
0.009522058 7685.2462
0.010206664 7827.6902
0.010940491 7980.1639
0.011727077 8143.3507
0.012570217 8317.9602
0.013473975 8504.7168
0.014442711 8704.5604
0.015481097 8814.9731
0.016594138 8757.3327
0.017787204 8695.5251
0.019066048 8628.935
0.020436836 8557.3415
0.02190618 8430.0678
0.023481164 8174.0219
0.025169385 7900.057
0.026978984 7606.779
0.028918688 7269.4774
0.03099785 6888.9161
0.033226497 6482.0499
0.035615376 6080.3032
0.038176009 5682.6124
0.040920743 5275.8236
0.043862814 4945.3478
0.047016411 4599.9755
0.050396742 4341.8149
0.054020108 4086.1066
0.057903982 3878.3096
0.062067094 3675.522
0.066529521 3470.1215
0.071312783 3242.7186
0.076439946 2976.8847
0.081935735 2682.1781
0.087826654 2374.4094
0.094141112 2081.7971
0.10090956 1833.3531
0.10816464 1643.8204
0.11594133 1506.3745
0.12427714 1396.928
0.13321228 1276.8192
0.14278982 1131.6977
0.15305595 976.19233
0.16406019 845.92832
0.17585559 752.39077
0.18849905 681.67977
0.20205154 607.94045
0.2165784 527.21136
0.2321497 459.01761
0.24884053 408.51017
0.26673137 362.10523
0.28590851 314.80451
0.30646442 277.38133
0.32849824 246.00854
0.35211622 214.83713
0.37743226 189.93641
0.40456844 167.91192
0.43365563 147.72756
0.46483409 131.13237
0.49825419 115.89167
0.53407709 102.93462
0.57247553 91.358869
0.61363471 81.297632
0.65775309 72.444798
0.70504345 64.655471
0.75573384 57.765144
0.8100687 51.668037
0.86831007 46.27638
0.93073881 41.468904
0.99765598 37.178939
1.0693843 33.376491
1.1462696 29.988511
1.2286828 26.931416
1.3170211 24.170428
1.4117108 21.700095
1.5132083 19.483925
1.6220032 17.484883
1.7386201 15.690682
1.8636213 14.092279
1.9976098 12.639569
2.1412316 11.30204
2.2951793 10.091728
2.4601955 9.018385
2.6370757 8.0559523
2.8266731 7.1911796
3.0299019 6.4137582
3.2477422 5.7198501
3.4812446 5.0863414
3.731535 4.5141865
3.9998205 4.0019543
4.2873949 3.559322
4.595645 3.1542669
4.9260573 2.8091532
5.2802252 2.4645098
5.6598566 2.2480775
6.0667823 2.4493228
6.5029647 2.3852178
6.9705073 1.3850104
7.4716646 0.54307764
8.0088536 0.099550037
8.5846647 0.27768912
9.2018749 -0.52431367
9.8634605 -4.7173229
10.572612 -1.9623668
