1.0561809e-05 20546.272
1.132117e-05 20546.272
1.2135126e-05 20546.272
1.3007603e-05 20546.272
1.3942808e-05 20546.272
1.4945252e-05 20546.272
1.6019768e-05 20546.272
1.7171538e-05 20546.272
1.8406117e-05 20546.272
1.9729459e-05 20546.272
2.1147944e-05 20546.272
2.2668414e-05 20546.272
2.4298201e-05 20546.272
2.6045165e-05 20546.272
2.791773e-05 20546.272
2.9924926e-05 20546.272
3.2076433e-05 20546.272
3.4382627e-05 20546.271
3.6854629e-05 20546.271
3.9504359e-05 20546.271
4.2344597e-05 20546.271
4.5389039e-05 20546.271
4.8652367e-05 20546.271
5.2150318e-05 20546.271
5.589976e-05 20546.271
5.9918776e-05 20546.27
6.4226746e-05 20546.27
6.8844445e-05 20546.27
7.3794142e-05 20546.27
7.9099706e-05 20546.269
8.4786724e-05 20546.269
9.088262e-05 20546.268
9.7416792e-05 20546.268
0.00010442075 20546.267
0.00011192827 20546.267
0.00011997556 20546.266
0.00012860142 20546.265
0.00013784745 20546.264
0.00014775825 20546.263
0.0001583816 20546.261
0.00016976873 20546.26
0.00018197456 20546.258
0.00019505796 20546.256
0.00020908201 20546.254
0.00022411434 20546.251
0.00024022745 20546.248
0.00025749904 20546.244
0.0002760124 20546.24
0.00029585682 20546.236
0.00031712798 20546.23
0.00033992848 20546.224
0.00036436826 20546.217
0.00039056518 20546.209
0.00041864558 20546.199
0.00044874486 20546.188
0.0004810082 20546.176
0.00051559116 20546.162
0.00055266053 20546.145
0.00059239506 20546.127
0.00063498639 20546.105
0.00068063989 20546.081
0.00072957574 20546.052
0.00078202992 20546.02
0.00083825539 20545.982
0.00089852329 20545.94
0.00096312427 20545.891
0.0010323698 20545.834
0.001106594 20545.77
0.0011861546 20545.696
0.0012714353 20545.611
0.0013628475 20545.514
0.0014608319 20545.402
0.001565861 20545.274
0.0016784415 20545.128
0.0017991161 20544.96
0.0019284668 20544.768
0.0020671175 20544.549
0.0022157367 20544.297
0.0023750411 20544.009
0.002545799 20543.68
0.0027288339 20543.304
0.0029250284 20542.873
0.0031353286 20542.381
0.0033607488 20541.82
0.003602376 20541.179
0.0038613754 20540.447
0.004138996 20539.613
0.0044365767 20538.662
0.0047555525 20537.578
0.0050974616 20536.345
0.0054639529 20534.943
0.0058567938 20533.349
0.0062778786 20531.538
0.0067292382 20529.484
0.007213049 20527.153
0.0077316444 20524.529
0.0082875251 20521.599
0.0088833718 20518.124
0.009522058 20868.527
0.010206664 21253.507
0.010940491 21665.715
0.011727077 22107.029
0.012570217 22579.401
0.013473975 23084.829
0.014442711 23625.883
0.015481097 23925.019
0.016594138 23769.424
0.017787204 23602.901
0.019066048 23423.824
0.020436836 23231.655
0.02190618 22889.704
0.023481164 22200.792
0.025169385 21464.279
0.026978984 20676.448
0.028918688 19771.427
0.03099785 18751.431
0.033226497 17661.76
0.035615376 16588.068
0.038176009 15527.586
0.040920743 14444.104
0.043862814 13569.109
0.047016411 12654.777
0.050396742 11977.447
0.054020108 11307.078
0.057903982 10766.817
0.062067094 10240.806
0.066529521 9709.7073
0.071312783 9123.2701
0.076439946 8439.688
0.081935735 7686.3332
0.087826654 6905.0397
0.094141112 6167.5487
0.10090956 5544.0946
0.10816464 5065.7086
0.11594133 4709.8051
0.12427714 4418.5309
0.13321228 4106.7693
0.14278982 3753.0244
0.15305595 3390.8101
0.16406019 3085.0885
0.17585559 2840.1752
0.18849905 2631.4682
0.20205154 2432.6086
0.2165784 2245.9068
0.2321497 2082.2839
0.24884053 1930.1828
0.26673137 1787.9813
0.28590851 1662.8423
0.30646442 1554.6288
0.32849824 1447.6957
0.35211622 1346.0589
0.37743226 1260.4614
0.40456844 1176.2089
0.43365563 1096.5027
0.46483409 1024.9347
0.49825419 955.12563
0.53407709 890.5843
0.57247553 828.79415
0.61363471 770.81874
0.65775309 716.05624
0.70504345 664.29549
0.75573384 615.17596
0.8100687 568.77294
0.86831007 525.08507
0.93073881 483.7635
0.99765598 444.83271
1.0693843 408.46657
1.1462696 374.45878
1.2286828 342.47392
1.3170211 312.50817
1.4117108 284.7055
1.5132083 258.93245
1.6220032 235.02503
1.7386201 212.98007
1.8636213 192.77678
1.9976098 174.10179
2.1412316 156.76467
2.2951793 140.88266
2.4601955 126.50902
2.6370757 113.43958
2.8266731 101.56287
3.0299019 90.785644
3.2477422 81.056727
3.4812446 72.188908
3.731535 64.166894
3.9998205 56.954827
4.2873949 50.58654
4.595645 44.804616
4.9260573 39.743477
5.2802252 34.953549
5.6598566 31.313964
6.0667823 30.737206
6.5029647 28.390309
6.9705073 19.867181
7.4716646 13.382158
8.0088536 10.215983
8.5846647 11.682253
9.2018749 6.2354347
9.8634605 -22.042266
10.572612 -0.57021613
