1.0561809e-05 12145.48
1.132117e-05 12145.48
1.2135126e-05 12145.48
1.3007603e-05 12145.48
1.3942808e-05 12145.48
1.4945252e-05 12145.48
1.6019768e-05 12145.48
1.7171538e-05 12145.48
1.8406117e-05 12145.48
1.9729459e-05 12145.48
2.1147944e-05 12145.48
2.2668414e-05 12145.48
2.4298201e-05 12145.48
2.6045165e-05 12145.48
2.791773e-05 12145.48
2.9924926e-05 12145.48
3.2076433e-05 12145.48
3.4382627e-05 12145.48
3.6854629e-05 12145.479
3.9504359e-05 12145.479
4.2344597e-05 12145.479
4.5389039e-05 12145.479
4.8652367e-05 12145.479
5.2150318e-05 12145.479
5.589976e-05 12145.479
5.9918776e-05 12145.478
6.4226746e-05 12145.478
6.8844445e-05 12145.478
7.3794142e-05 12145.478
7.9099706e-05 12145.477
8.4786724e-05 12145.477
9.088262e-05 12145.476
9.7416792e-05 12145.476
0.00010442075 12145.475
0.00011192827 12145.474
0.00011997556 12145.474
0.00012860142 12145.473
0.00013784745 12145.471
0.00014775825 12145.47
0.0001583816 12145.469
0.00016976873 12145.467
0.00018197456 12145.465
0.00019505796 12145.463
0.00020908201 12145.46
0.00022411434 12145.457
0.00024022745 12145.454
0.00025749904 12145.45
0.0002760124 12145.446
0.00029585682 12145.441
0.00031712798 12145.435
0.00033992848 12145.428
0.00036436826 12145.42
0.00039056518 12145.411
0.00041864558 12145.401
0.00044874486 12145.389
0.0004810082 12145.376
0.00051559116 12145.36
0.00055266053 12145.343
0.00059239506 12145.322
0.00063498639 12145.299
0.00068063989 12145.272
0.00072957574 12145.241
0.00078202992 12145.206
0.00083825539 12145.165
0.00089852329 12145.118
0.00096312427 12145.065
0.0010323698 12145.003
0.001106594 12144.933
0.0011861546 12144.852
0.0012714353 12144.759
0.0013628475 12144.652
0.0014608319 12144.53
0.001565861 12144.39
0.0016784415 12144.23
0.0017991161 12144.046
0.0019284668 12143.835
0.0020671175 12143.593
0.0022157367 12143.316
0.0023750411 12142.998
0.002545799 12142.635
0.0027288339 12142.219
0.0029250284 12141.742
0.0031353286 12141.196
0.0033607488 12140.572
0.003602376 12139.858
0.0038613754 12139.042
0.004138996 12138.109
0.0044365767 12137.043
0.0047555525 12135.825
0.0050974616 12134.435
0.0054639529 12132.849
0.0058567938 12131.04
0.0062778786 12128.976
0.0067292382 12126.625
0.007213049 12123.945
0.0077316444 12120.911
0.0082875251 12117.495
0.0088833718 12113.442
0.009522058 12318.935
0.010206664 12544.469
0.010940491 12785.674
0.011727077 13043.581
0.012570217 13319.235
0.013473975 13613.663
0.014442711 13928.386
0.015481097 14099.461
0.016594138 14001.067
0.017787204 13895.542
0.019066048 13781.562
0.020436836 13658.835
0.02190618 13446.769
0.023481164 13028.74
0.025169385 12581.917
0.026978984 12103.959
0.028918688 11555.903
0.03099785 10939.316
0.033226497 10281.113
0.035615376 9631.6893
0.038176009 8989.5015
0.040920743 8333.0226
0.043862814 7798.8517
0.047016411 7240.3319
0.050396742 6820.6657
0.054020108 6403.7125
0.057903982 6062.3437
0.062067094 5728.2046
0.066529521 5390.359
0.071312783 5019.7224
0.076439946 4592.2557
0.081935735 4124.6784
0.087826654 3642.056
0.094141112 3187.0355
0.10090956 2801.4126
0.10816464 2503.8958
0.11594133 2281.3127
0.12427714 2098.7625
0.13321228 1903.846
0.14278982 1681.8853
0.15305595 1454.0289
0.16406019 1264.199
0.17585559 1119.6131
0.18849905 1002.6342
0.20205154 888.2386
0.2165784 775.25162
0.2321497 680.37594
0.24884053 602.6971
0.26673137 531.70037
0.28590851 466.23052
0.30646442 414.43943
0.32849824 368.25305
0.35211622 324.08733
0.37743226 290.03271
0.40456844 258.95221
0.43365563 230.74391
0.46483409 207.84848
0.49825419 186.51331
0.53407709 168.42109
0.57247553 152.04988
0.61363471 137.74652
0.65775309 125.0444
0.70504345 113.72585
0.75573384 103.52159
0.8100687 94.331102
0.86831007 86.061579
0.93073881 78.506489
0.99765598 71.604926
1.0693843 65.375126
1.1462696 59.706933
1.2286828 54.447198
1.3170211 49.569202
1.4117108 45.11566
1.5132083 41.037753
1.6220032 37.278027
1.7386201 33.84116
1.8636213 30.732691
1.9976098 27.848764
2.1412316 25.129176
2.2951793 22.627788
2.4601955 20.385921
2.6370757 18.350299
2.8266731 16.498403
3.0299019 14.813831
3.2477422 13.295359
3.4812446 11.890653
3.731535 10.608174
3.9998205 9.4504001
4.2873949 8.4466253
4.595645 7.5183669
4.9260573 6.7261056
5.2802252 5.920153
5.6598566 5.4307312
6.0667823 6.002674
6.5029647 5.884599
6.9705073 3.3198557
7.4716646 1.1588608
8.0088536 0.020455363
8.5846647 0.47772154
9.2018749 -1.5807501
9.8634605 -12.34301
10.572612 -5.2718631
