2.000000000000000164e-05 5.389388396052983410e+01
2.066869842267550072e-05 5.562695095471283935e+01
2.135975472437544027e-05 5.741575891970393286e+01
2.207391643902171255e-05 5.926207150221272713e+01
2.281195609427394449e-05 6.116775887632863373e+01
2.357467204719313169e-05 6.313473083296550215e+01
2.436288934784564352e-05 6.516494727945618592e+01
2.517746063178175121e-05 6.726043987696867532e+01
2.601926704235410016e-05 6.942330997232571121e+01
2.688921918387384303e-05 7.165572279061314021e+01
2.778825810663545582e-05 7.395993173315051195e+01
2.871735632487579741e-05 7.633822739005618985e+01
2.967751886876853870e-05 7.879298402914551502e+01
3.066978437159193627e-05 8.132667567948641363e+01
3.169522619324599853e-05 8.394184528944511214e+01
3.275495358133433647e-05 8.664109100711590372e+01
3.385011287106671010e-05 8.942711496533351578e+01
3.498188872528021299e-05 9.230271313041006920e+01
3.615150541592045298e-05 9.527077470501829737e+01
3.736022814836899319e-05 9.833426686359946700e+01
3.860936443004954884e-05 1.014962405620260455e+02
3.990026548479344494e-05 1.047598843673570173e+02
4.123432771449419843e-05 1.081284619335556272e+02
4.261299420963254024e-05 1.116053249646553667e+02
4.403775631030562105e-05 1.151939603609727101e+02
4.551015521944909301e-05 1.188979772949268323e+02
4.703178366999723984e-05 1.227210631301531691e+02
4.860428764778435972e-05 1.266670381848289253e+02
5.022936817205134787e-05 1.307398681061377488e+02
5.190878313548323190e-05 1.349436385968870695e+02
5.364434920576834987e-05 1.392825351768501321e+02
5.543794379073590958e-05 1.437608754757694101e+02
5.729150706919781900e-05 1.483831646769444603e+02
5.920704408969155763e-05 1.531540398400856873e+02
6.118662693939432690e-05 1.580782463777867406e+02
6.323239698555469304e-05 1.631607088127370560e+02
6.534656719186627638e-05 1.684065227082396632e+02
6.753142451228926792e-05 1.738209050786022090e+02
6.978933236490913268e-05 1.794092498010134875e+02
7.212273318850868345e-05 1.851772155503030319e+02
7.453415108461877573e-05 1.911305318115711600e+02
7.702619454790587906e-05 1.972751034379106727e+02
7.960155928784993205e-05 2.036170882383493108e+02
8.226303114476471348e-05 2.101628196390632013e+02
8.501348910331518868e-05 2.169188308353978982e+02
8.785590840679157983e-05 2.238918589582391121e+02
9.079336377550881697e-05 2.310888756627860801e+02
9.382903273281309529e-05 2.385170196475225453e+02
9.696619904229312483e-05 2.461836709487498354e+02
1.002082562599141270e-04 2.540965903109770068e+02
1.035587114049174785e-04 2.622635776043454712e+02
1.070211887534562421e-04 2.706927425588750111e+02
1.105994337590709140e-04 2.793924839504883835e+02
1.142973171042456330e-04 2.883714721276756450e+02
1.181188388874281471e-04 2.976386538403874624e+02
1.220681329500424115e-04 3.072031913045528313e+02
1.261494713481742377e-04 3.170746144611480304e+02
1.303672689737678670e-04 3.272627412797073134e+02
1.347260883303314362e-04 3.377776258986358471e+02
1.392306444683180742e-04 3.486296808821202831e+02
1.438858100855209437e-04 3.598297398968889524e+02
1.486966207979997041e-04 3.713888147351111115e+02
1.536682805872396744e-04 3.833183213541072973e+02
1.588061674294368483e-04 3.956301209762006579e+02
1.641158391129971276e-04 4.083363707408866503e+02
1.696030392505434848e-04 4.214495266458882270e+02
1.752737034919339915e-04 4.349825280231547708e+02
1.811339659450114388e-04 4.489487287227285037e+02
1.871901658110307874e-04 4.633618419455251001e+02
1.934488542419408646e-04 4.782360106383508196e+02
1.999168014269393128e-04 4.935858347992092376e+02
2.066010039159656652e-04 5.094263266961954173e+02
2.135086921880547338e-04 5.257729215254797737e+02
2.206473384727377968e-04 5.426416798818714824e+02
2.280246648329511538e-04 5.600489965002981307e+02
2.356486515181963309e-04 5.780117735968631223e+02
2.435275455969876748e-04 5.965474658330826969e+02
2.516698698779247295e-04 6.156739759757592765e+02
2.600844321290405573e-04 6.354098427694940483e+02
2.687803346053976817e-04 6.557742153738483921e+02
2.777669838952388651e-04 6.767864371784162358e+02
2.870541010953427292e-04 6.984667318007520862e+02
2.966517323265922064e-04 7.208360837259393747e+02
3.065702596011295341e-04 7.439154948326930707e+02
3.168204120528543403e-04 7.677272343145231162e+02
3.274132775434116785e-04 7.922936272866813852e+02
3.383603146562264279e-04 8.176379033173179778e+02
3.496733650915567022e-04 8.437841655086413084e+02
3.613646664759745386e-04 8.707568110976230855e+02
3.734468656001317080e-04 8.985808048969447555e+02
3.859330320991275886e-04 9.272822325865033690e+02
3.988366725902805230e-04 9.568878469934538771e+02
4.121717452835938129e-04 9.874247326691753415e+02
4.259526750807212541e-04 1.018920725597313890e+03
4.401943691787655547e-04 1.051404782933910838e+03
4.549122331957894719e-04 1.084906407997179713e+03
4.701221878354804149e-04 1.119455689230149574e+03
4.858406861089974399e-04 1.155083761955668933e+03
5.020847311326308640e-04 1.191822377667617275e+03
5.188718945205230424e-04 1.229703894544526747e+03
5.362203353923492141e-04 1.268761766828884220e+03
5.541488200165187389e-04 1.309030093485203224e+03
5.726767421101455150e-04 1.350543675489875568e+03
5.918241438177454907e-04 1.393338389038794958e+03
6.116117373913557359e-04 1.437450650035682202e+03
6.320609275955268004e-04 1.482917588521635935e+03
6.531938348614238542e-04 1.529777898179660269e+03
6.750333192150836329e-04 1.578070036426894603e+03
6.976030050057104547e-04 1.627833821094603081e+03
7.209273064607610694e-04 1.679110156965191891e+03
7.450314540954613768e-04 1.731940224806830884e+03
7.699415220053250396e-04 1.786365832798780730e+03
7.956844560711916160e-04 1.842430516598278018e+03
8.222881031073025473e-04 1.900177908468034502e+03
8.497812409839368810e-04 1.959652635648249316e+03
8.781936097571961097e-04 2.020899821050581750e+03
9.075559438396131216e-04 2.083965257308491800e+03
9.379000052463793693e-04 2.148896065950008506e+03
9.692586179531593148e-04 2.215739490802770888e+03
1.001665703402655023e-03 2.284543411670911155e+03
1.035156317198330069e-03 2.355356221069315325e+03
1.069766687024985286e-03 2.428227251464174515e+03
1.105534251837205851e-03 2.503206452160212848e+03
1.142497702358069404e-03 2.580343639775953307e+03
1.180697022931930960e-03 2.659689227995303099e+03
1.220173534776542454e-03 2.741288175566643076e+03
1.260969940681316284e-03 2.825195860717144569e+03
1.303130371200056587e-03 2.911468149910610464e+03
1.346700432388157767e-03 3.000149993307683872e+03
1.391727255135877424e-03 3.091292660472000080e+03
1.438259546151070007e-03 3.184946378118858320e+03
1.486347640646530459e-03 3.281160354514723167e+03
1.536043556788919398e-03 3.379984028448806384e+03
1.587401051968200579e-03 3.481466018185572921e+03
1.640475680948428249e-03 3.585653308906018538e+03
1.695324855962815390e-03 3.692593342836086777e+03
1.752007908818060174e-03 3.802330431707419393e+03
1.810586155075142928e-03 3.914909105480575363e+03
1.871122960375984270e-03 4.030371801462088115e+03
1.933683808987751848e-03 4.148758241924443610e+03
1.998336374638913938e-03 4.270107925654778228e+03
2.065150593723721201e-03 4.394455705325176496e+03
2.134198740954243185e-03 4.521836761576254503e+03
2.205555507541849362e-03 4.652280837474711007e+03
2.279298081992675151e-03 4.785815083393798886e+03
2.355506233604463730e-03 4.922466258681320141e+03
2.434262398755145627e-03 5.062254154330873462e+03
2.515651770076436904e-03 5.205197233875263009e+03
2.599762388608985089e-03 5.351306934683254440e+03
2.686685239038679764e-03 5.500592628430988043e+03
2.776514348117217236e-03 5.653060471631235487e+03
2.869346886373309435e-03 5.808708663813881685e+03
2.965283273224645581e-03 5.967531906072646052e+03
3.064427285604211931e-03 6.129519146886626004e+03
3.166886170218578649e-03 6.294651325224576794e+03
3.272770759559481216e-03 6.462904521784012104e+03
3.382195591794276077e-03 6.634249324672136936e+03
3.495279034664920681e-03 6.808644209246853279e+03
3.612143413529477973e-03 6.986038286709845124e+03
3.732915143684721951e-03 7.166401706185712101e+03
3.857724867112893516e-03 7.349644424628356319e+03
3.986707593800617976e-03 7.535669531991982694e+03
4.120002847782761740e-03 7.724415116670615134e+03
4.257754818069308354e-03 7.915777611658366368e+03
4.400112514618404608e-03 8.109645821084371164e+03
4.547229929524409554e-03 8.305898750042097163e+03
4.699266203595197679e-03 8.504404791100550938e+03
4.856385798499019031e-03 8.705017526715773784e+03
5.018758674667020935e-03 8.907575817678403837e+03
5.186560475143959549e-03 9.111912893935364991e+03
5.359972715585955248e-03 9.317842146303955815e+03
5.539182980610755057e-03 9.525163596950098508e+03
5.724385126713026593e-03 9.733659875765057222e+03
5.915779491964028892e-03 9.943096708352077258e+03
6.113573112722652143e-03 1.015322250405428167e+04
6.317979947592099882e-03 1.036375440631150923e+04
6.529221108864616957e-03 1.057441828521214666e+04
6.747525101704480652e-03 1.078490644611102289e+04
6.973128071328140755e-03 1.099488473082110431e+04
7.206274058448705437e-03 1.120400984724210684e+04
7.447215263261310406e-03 1.141191658449979877e+04
7.696212318254701257e-03 1.161822561384071741e+04
7.953534570144332738e-03 1.182252722880520378e+04
8.219460371231864307e-03 1.202439247660828369e+04
8.494277380506187053e-03 1.222337324351163625e+04
8.778282874811823774e-03 1.241899108779202652e+04
9.071784070421121463e-03 1.261073879557849614e+04
9.375098455358292851e-03 1.279809994380487478e+04
9.688554132834568261e-03 1.298053998973008129e+04
1.001249017616620725e-02 1.315749711752140320e+04
1.034725699555901803e-02 1.332838465401399844e+04
1.069321671715643858e-02 1.349259614687293288e+04
1.105074357476093505e-02 1.364950004442848876e+04
1.142022431465263173e-02 1.379844243187454049e+04
1.180205861394306721e-02 1.393876238052940789e+04
1.219665951291643881e-02 1.406978452073745939e+04
1.260445386182631328e-02 1.419081371190928076e+04
1.302588278263077520e-02 1.430114085325734777e+04
1.346140214616583890e-02 1.440003865173909253e+04
1.391148306527291781e-02 1.448679083981971780e+04
1.437661240441416924e-02 1.456067985574390696e+04
1.485729330632660182e-02 1.462098437056127841e+04
1.535404573628500365e-02 1.466699271575252897e+04
1.586740704456205894e-02 1.469801203518255352e+04
1.639793254769450481e-02 1.471336764884875629e+04
1.694619612918364313e-02 1.471243362033242011e+04
1.751279086028037155e-02 1.469461127111575297e+04
1.809832964152614798e-02 1.465934282238401829e+04
1.870344586574363213e-02 1.460614798700447136e+04
1.932879410319460894e-02 1.453461838207444998e+04
1.997505080964588620e-02 1.444441701717749493e+04
2.064291505810955316e-02 1.433531579080766096e+04
2.133310929504865505e-02 1.420720002970591122e+04
2.204638012186681956e-02 1.406007113339845455e+04
2.278349910252664909e-02 1.389407044200376731e+04
2.354526359817107548e-02 1.370950294291266255e+04
2.433249762964985810e-02 1.350682278291737566e+04
2.514605276888498206e-02 1.328666516684745147e+04
2.598680906003840441e-02 1.304985288349746770e+04
2.685567597147924673e-02 1.279739893956595370e+04
2.775359337957988490e-02 1.253050603187733032e+04
2.868153258540498754e-02 1.225058108219164569e+04
2.964049736539381419e-02 1.195922041228758462e+04
3.063152505717161092e-02 1.165820188063639398e+04
3.165568768166540647e-02 1.134947207005518067e+04
3.271409310273729054e-02 1.103512706057228206e+04
3.380788622559029871e-02 1.071738200991121084e+04
3.493825023524253087e-02 1.039855176232321719e+04
3.610640787640997940e-02 1.008099775831683291e+04
3.731362277618164441e-02 9.767089353034403757e+03
3.856120081091872487e-02 9.459161839671689449e+03
3.985049151885547425e-02 9.159446393787773559e+03
4.118288955993056055e-02 8.870025884157144901e+03
4.255983622442782027e-02 8.592773579321490615e+03
4.398282099205792772e-02 8.329277043197149396e+03
4.545338314316834522e-02 8.080794161321088723e+03
4.697311342382341770e-02 7.848176600381162643e+03
4.854365576655684383e-02 7.631816464122114667e+03
5.016670906865677154e-02 7.431585792888582546e+03
5.184402902990837420e-02 7.246792512067231655e+03
5.357743005178047802e-02 7.076139819071610873e+03
5.536878720011212396e-02 6.917703176570400501e+03
5.722003823342062395e-02 6.768938352825966831e+03
5.913318569902666078e-02 6.626715177472831783e+03
6.111029909926251474e-02 6.487401371252154604e+03
6.315351713010779189e-02 6.346994720640110245e+03
6.526504999467336310e-02 6.201320469758845320e+03
6.744718179403717817e-02 6.046293419184896266e+03
6.970227299801623477e-02 5.878239214266518502e+03
7.203276299854979858e-02 5.694250331016355631e+03
7.444117274845411802e-02 5.492549770855702263e+03
7.693010748840443946e-02 5.272824461690597673e+03
7.950225956509210379e-02 5.036458961003843797e+03
8.216041134360790865e-02 4.786608431778417071e+03
8.490743821719984319e-02 4.528108284122155965e+03
8.774631171766281157e-02 4.267138617892212096e+03
9.068010272972255870e-02 4.010718260196164465e+03
9.371198481289348681e-02 3.766036347840323288e+03
9.684523763440215649e-02 3.539718553206832439e+03
1.000832505168899600e-01 3.337112459046968979e+03
1.034295261047340625e-01 3.161671861078750226e+03
1.068876841529496080e-01 3.014494356512962895e+03
1.104614654427753945e-01 2.894050442231550278e+03
1.141547358281756464e-01 2.796139674439657483e+03
1.179714904176376727e-01 2.714124856841288874e+03
1.219158578957853512e-01 2.639543705045251954e+03
1.259921049894874856e-01 2.563168724728944198e+03
1.302046410832891354e-01 2.476509369705212066e+03
1.345580229891604751e-01 2.373539453423723899e+03
1.390569598757198100e-01 2.252231638531964109e+03
1.437063183622670492e-01 2.115332404564536773e+03
1.485111277831346888e-01 1.969960303439182780e+03
1.534765856280515817e-01 1.825960961300419058e+03
1.586080631644066208e-01 1.693450038852511625e+03
1.639111112474894438e-01 1.580268472433788020e+03
1.693914663249987407e-01 1.490059442892563311e+03
1.750550566423093313e-01 1.421381595085575100e+03
1.809080086552135869e-01 1.368015397524532546e+03
1.869566536570689830e-01 1.320535869538934776e+03
1.932075346275276828e-01 1.269068089043403916e+03
1.996674133102498971e-01 1.206857367717148918e+03
2.063432775272630582e-01 1.132648814210822593e+03
2.132423487378718452e-01 1.051574511840748528e+03
2.203720898503036263e-01 9.723090609806017710e+02
2.277402132945338109e-01 9.032041349900301839e+02
2.353546893650253491e-01 8.483914445806713047e+02
2.432237548424092122e-01 8.062131335370937677e+02
2.513559219034258718e-01 7.703441207614605446e+02
2.597599873287743666e-01 7.332316736821645691e+02
2.684450420188219666e-01 6.903815948178252029e+02
2.774204808274743361e-01 6.428763460600466715e+02
2.866960127248350254e-01 5.960258961125064161e+02
2.962816712996577673e-01 5.553010208551011146e+02
3.061878256129444420e-01 5.223532876765041237e+02
3.164251914144354805e-01 4.943761967143807965e+02
3.270048427341168962e-01 4.667569479054226349e+02
3.379382238612947953e-01 4.369993859549408626e+02
3.492371617241852855e-01 4.065143921940065184e+02
3.609138786834163448e-01 3.785472064748831258e+02
3.729810057532814693e-01 3.546550094736346637e+02
3.854515962650386651e-01 3.334520689037317993e+02
3.983391399870480631e-01 3.126037050749746982e+02
4.116575777170102257e-01 2.915126669332047982e+02
4.254213163620995108e-01 2.715049936543054514e+02
4.396452445232932327e-01 2.536554863444925729e+02
4.543447486007690661e-01 2.374303990511279210e+02
4.695357294377799362e-01 2.217698090972045009e+02
4.852346195210218704e-01 2.066144631177583051e+02
5.014584007560848322e-01 1.925876523801011899e+02
5.182246228372336949e-01 1.797583014412217324e+02
5.355514222313770833e-01 1.676512840422121826e+02
5.534575417967635413e-01 1.561317277331187938e+02
5.719623510576314906e-01 1.454191887464949673e+02
5.910858671567322808e-01 1.354884772032477827e+02
6.108487765084068544e-01 1.261418226470234316e+02
6.312724571756275216e-01 1.173746300070163358e+02
6.523790019952193653e-01 1.092243391960942347e+02
6.741912424762606104e-01 1.016058954960842584e+02
6.967327734975364839e-01 9.447870112840394086e+01
7.200279788307419881e-01 8.783248079215633197e+01
7.441020575170596008e-01 8.163495974994260962e+01
7.689810511256225389e-01 7.585447304378595845e+01
7.946918719233755368e-01 7.046302209477340739e+01
8.212623319867858873e-01 6.543654834537773013e+01
8.487211732869031078e-01 6.075247159021172649e+01
8.770980987803161932e-01 5.638928939259674422e+01
9.064238045396205701e-01 5.232647440967479469e+01
9.367300129581793700e-01 4.854465138947134761e+01
9.680495070650749767e-01 4.502546789041999631e+01
1.000416165987385808e+00 4.175144818597816254e+01
1.033865001598128330e+00 3.870619733280289410e+01
1.068432196389532240e+00 3.587446589497197635e+01
1.104155142612600837e+00 3.324219217966420103e+01
1.141072482725305592e+00 3.079618538515238058e+01
1.179224151193147607e+00 2.852397896863313065e+01
1.218651417687333982e+00 2.641370420301009858e+01
1.259396931727273516e+00 2.445423794531876638e+01
1.301504768815691548e+00 2.263522627840733747e+01
1.345020478116276896e+00 2.094709967839470366e+01
1.389991131725407447e+00 1.938091335378848967e+01
1.436465375591293947e+00 1.792826552994897682e+01
1.484493482135585296e+00 1.658121976676980225e+01
1.534127404634392455e+00 1.533235440836330277e+01
1.585420833417506836e+00 1.417476007577335295e+01
1.638429253946665609e+00 1.310203363365434015e+01
1.693210006835640158e+00 1.210820629313209906e+01
1.749822349877109051e+00 1.118770134872426247e+01
1.808327522143368116e+00 1.033529887497796018e+01
1.868788810230267217e+00 9.546129194874009016e+00
1.931271616715998229e+00 8.815656106390266089e+00
1.995843530908793184e+00 8.139655557241699313e+00
2.062574401960084458e+00 7.514195058107661751e+00
2.131536414422164238e+00 6.935614597852523211e+00
2.202804166332139602e+00 6.400509107557134314e+00
2.276454749906602792e+00 5.905711258344306991e+00
2.352567834934338631e+00 5.448275521314932313e+00
2.431225754957225149e+00 5.025463360081356967e+00
2.512513596332623944e+00 4.634729460731996653e+00
2.596519290273538783e+00 4.273708696434387555e+00
2.683333707966161441e+00 3.940203389462612282e+00
2.773050758867611432e+00 3.632172516705586496e+00
2.865767492290306695e+00 3.347721355737890203e+00
2.961584202382770314e+00 3.085091167751373487e+00
3.060604536620467719e+00 2.842650063764366131e+00
3.162935607924048931e+00 2.618884402419883184e+00
3.268688110526199786e+00 2.412390513599529385e+00
3.377976439712552459e+00 2.221867044567372940e+00
3.490918815566087297e+00 2.046107810417471029e+00
3.607637410848952619e+00 1.883995072850249919e+00
3.728258483159945236e+00 1.734493299062858540e+00
3.852912511510727001e+00 1.596643326640056149e+00
3.981734337468417539e+00 1.469556730461299088e+00
4.114863311017320058e+00 1.352410889772398761e+00
4.252443441297450555e+00 1.244444444357689417e+00
4.394623552383071896e+00 1.144952902360871771e+00
4.541557444269631816e+00 1.053284512601940559e+00
4.693404059243289517e+00 9.688364075184208168e-01
4.850327653813030437e+00 8.910509353733025995e-01
5.012497976391239618e+00 8.194124083935271363e-01
5.180090450915090017e+00 7.534441506892789464e-01
5.353286366607249214e+00 6.927056773598297967e-01
5.532273074081278885e+00 6.367900084666777705e-01
5.717244188003695271e+00 5.853211343632049868e-01
5.908399796532135539e+00 5.379516675418212213e-01
6.105946677756002750e+00 4.943607285251831462e-01
6.310098523373801171e+00 4.542520375124428633e-01
6.521076169849157722e+00 4.173520429315723534e-01
6.739107837295406966e+00 3.834082201830280590e-01
6.964429376347387013e+00 3.521875399717015465e-01
7.197284523287298619e+00 3.234750229908970875e-01
7.437925163700752407e+00 2.970723752102404358e-01
7.686611604948010879e+00 2.727966864628054711e-01
7.943612857745410594e+00 2.504792339518723265e-01
8.209206927161357470e+00 2.299643988058221733e-01
8.483681113341843272e+00 2.111087133703346830e-01
8.767332322290526392e+00 1.937799258814815462e-01
9.060467387039910392e+00 1.778561368409949384e-01
9.363403399560734641e+00 1.632250205128251141e-01
9.676468053768756405e+00 1.497831063902571869e-01
1.000000000000001243e+01 1.374351049342489861e-01
