2.000000000000000164e-05 1.581052828476050820e+01
2.066869842267550072e-05 1.631895254562558506e+01
2.135975472437544027e-05 1.684372389676619619e+01
2.207391643902171255e-05 1.738536997323885203e+01
2.281195609427394449e-05 1.794443215418113624e+01
2.357467204719313169e-05 1.852147186108876298e+01
2.436288934784564352e-05 1.911706725737332491e+01
2.517746063178175121e-05 1.973181334720619162e+01
2.601926704235410016e-05 2.036632562552271608e+01
2.688921918387384303e-05 2.102124171066081360e+01
2.778825810663545582e-05 2.169721759287894258e+01
2.871735632487579741e-05 2.239492789465196410e+01
2.967751886876853870e-05 2.311507269552120292e+01
3.066978437159193627e-05 2.385837450607878196e+01
3.169522619324599853e-05 2.462557504702194322e+01
3.275495358133433647e-05 2.541744259395251149e+01
3.385011287106671010e-05 2.623477325683508710e+01
3.498188872528021299e-05 2.707838110653506902e+01
3.615150541592045298e-05 2.794911286975162312e+01
3.736022814836899319e-05 2.884784521994870232e+01
3.860936443004954884e-05 2.977547256131987652e+01
3.990026548479344494e-05 3.073292153393798287e+01
4.123432771449419843e-05 3.172115610650058670e+01
4.261299420963254024e-05 3.274116103579452641e+01
4.403775631030562105e-05 3.379395883687453050e+01
4.551015521944909301e-05 3.488060777733979734e+01
4.703178366999723984e-05 3.600218592313865429e+01
4.860428764778435972e-05 3.715982783964735603e+01
5.022936817205134787e-05 3.835468215291999883e+01
5.190878313548323190e-05 3.958794419958944388e+01
5.364434920576834987e-05 4.086085324932047769e+01
5.543794379073590958e-05 4.217468052047160398e+01
5.729150706919781900e-05 4.353074505734377908e+01
5.920704408969155763e-05 4.493039569917380049e+01
6.118662693939432690e-05 4.637503567492623802e+01
6.323239698555469304e-05 4.786610916355713385e+01
6.534656719186627638e-05 4.940510225705703817e+01
6.753142451228926792e-05 5.099355963261517388e+01
6.978933236490913268e-05 5.263307802420212056e+01
7.212273318850868345e-05 5.432528282086190075e+01
7.453415108461877573e-05 5.607186334385252735e+01
7.702619454790587906e-05 5.787456741974754237e+01
7.960155928784993205e-05 5.973519947920898687e+01
8.226303114476471348e-05 6.165562467982269368e+01
8.501348910331518868e-05 6.363774123346821909e+01
8.785590840679157983e-05 6.568354515653351200e+01
9.079336377550881697e-05 6.779507260837338833e+01
9.382903273281309529e-05 6.997442296824185348e+01
9.696619904229312483e-05 7.222378016681467727e+01
1.002082562599141270e-04 7.454537537281139237e+01
1.035587114049174785e-04 7.694153516321318875e+01
1.070211887534562421e-04 7.941464565909828366e+01
1.105994337590709140e-04 8.196716975033375263e+01
1.142973171042456330e-04 8.460164608728915425e+01
1.181188388874281471e-04 8.732068816123056365e+01
1.220681329500424115e-04 9.012701588977718359e+01
1.261494713481742377e-04 9.302342196453690804e+01
1.303672689737678670e-04 9.601277214620525058e+01
1.347260883303314362e-04 9.909803671018720195e+01
1.392306444683180742e-04 1.022822865588995001e+02
1.438858100855209437e-04 1.055686727831223379e+02
1.486966207979997041e-04 1.089604585942834376e+02
1.536682805872396744e-04 1.124610202001079955e+02
1.588061674294368483e-04 1.160738033197166175e+02
1.641158391129971276e-04 1.198023755446431835e+02
1.696030392505434848e-04 1.236504458286594144e+02
1.752737034919339915e-04 1.276218034433754269e+02
1.811339659450114388e-04 1.317203500585520146e+02
1.871901658110307874e-04 1.359501635306488652e+02
1.934488542419408646e-04 1.403153709978712982e+02
1.999168014269393128e-04 1.448202471441585715e+02
2.066010039159656652e-04 1.494692884635861958e+02
2.135086921880547338e-04 1.542670225602492451e+02
2.206473384727377968e-04 1.592181104181554474e+02
2.280246648329511538e-04 1.643274308382075333e+02
2.356486515181963309e-04 1.695999819483929514e+02
2.435275455969876748e-04 1.750408694983777593e+02
2.516698698779247295e-04 1.806553939145189247e+02
2.600844321290405573e-04 1.864490332169064004e+02
2.687803346053976817e-04 1.924273704574197836e+02
2.777669838952388651e-04 1.985962134925710529e+02
2.870541010953427292e-04 2.049615191148610620e+02
2.966517323265922064e-04 2.115293586973114941e+02
3.065702596011295341e-04 2.183060436322235205e+02
3.168204120528543403e-04 2.252981342758034486e+02
3.274132775434116785e-04 2.325122486521174210e+02
3.383603146562264279e-04 2.399552198165707750e+02
3.496733650915567022e-04 2.476341309865204607e+02
3.613646664759745386e-04 2.555562396240782448e+02
3.734468656001317080e-04 2.637289887193905997e+02
3.859330320991275886e-04 2.721600715439022338e+02
3.988366725902805230e-04 2.808573162066428495e+02
4.121717452835938129e-04 2.898287915297446489e+02
4.259526750807212541e-04 2.990828086269332857e+02
4.401943691787655547e-04 3.086278654154770038e+02
4.549122331957894719e-04 3.184727360299675070e+02
4.701221878354804149e-04 3.286263526471301475e+02
4.858406861089974399e-04 3.390978561684452188e+02
5.020847311326308640e-04 3.498966861093938405e+02
5.188718945205230424e-04 3.610325078612702896e+02
5.362203353923492141e-04 3.725151251745482455e+02
5.541488200165187389e-04 3.843546745987641771e+02
5.726767421101455150e-04 3.965614359354883618e+02
5.918241438177454907e-04 4.091460646005195940e+02
6.116117373913557359e-04 4.221193609310970487e+02
6.320609275955268004e-04 4.354922188918197321e+02
6.531938348614238542e-04 4.492760159044983652e+02
6.750333192150836329e-04 4.634822321980205970e+02
6.976030050057104547e-04 4.781225678960998380e+02
7.209273064607610694e-04 4.932089375150575279e+02
7.450314540954613768e-04 5.087535168195400956e+02
7.699415220053250396e-04 5.247687863163779411e+02
7.956844560711916160e-04 5.412673821619044929e+02
8.222881031073025473e-04 5.582619452375369065e+02
8.497812409839368810e-04 5.757656020646708157e+02
8.781936097571961097e-04 5.937915970928759180e+02
9.075559438396131216e-04 6.123532918397274898e+02
9.379000052463793693e-04 6.314644373514026938e+02
9.692586179531593148e-04 6.511386209887928089e+02
1.001665703402655023e-03 6.713900030006491306e+02
1.035156317198330069e-03 6.922326485299635124e+02
1.069766687024985286e-03 7.136807361235643157e+02
1.105534251837205851e-03 7.357487295277757084e+02
1.142497702358069404e-03 7.584511694621407969e+02
1.180697022931930960e-03 7.818031720453211619e+02
1.220173534776542454e-03 8.058166120175719698e+02
1.260969940681316284e-03 8.305083973074596315e+02
1.303130371200056587e-03 8.558957908766678884e+02
1.346700432388157767e-03 8.819908060870106965e+02
1.391727255135877424e-03 9.088089111488267235e+02
1.438259546151070007e-03 9.363647700804493752e+02
1.486347640646530459e-03 9.646729559079326464e+02
1.536043556788919398e-03 9.937479730701704739e+02
1.587401051968200579e-03 1.023604115959438332e+03
1.640475680948428249e-03 1.054255558416974054e+03
1.695324855962815390e-03 1.085715978743859068e+03
1.752007908818060174e-03 1.117998779745825686e+03
1.810586155075142928e-03 1.151117152755778761e+03
1.871122960375984270e-03 1.185083502385011343e+03
1.933683808987751848e-03 1.219909602733186375e+03
1.998336374638913938e-03 1.255607215422537820e+03
2.065150593723721201e-03 1.292187029011899085e+03
2.134198740954243185e-03 1.329658914753020326e+03
2.205555507541849362e-03 1.368032259457824921e+03
2.279298081992675151e-03 1.407315463742097108e+03
2.355506233604463730e-03 1.447515724487276657e+03
2.434262398755145627e-03 1.488639642911881992e+03
2.515651770076436904e-03 1.530692644694179307e+03
2.599762388608985089e-03 1.573678888490510644e+03
2.686685239038679764e-03 1.617601212525932624e+03
2.776514348117217236e-03 1.662460952451607454e+03
2.869346886373309435e-03 1.708257985391822785e+03
2.965283273224645581e-03 1.754990965416986910e+03
3.064427285604211931e-03 1.802656169886070984e+03
3.166886170218578649e-03 1.851248384176818718e+03
3.272770759559481216e-03 1.900760483226861197e+03
3.382195591794276077e-03 1.951182953395462391e+03
3.495279034664920681e-03 2.002503790037070303e+03
3.612143413529477973e-03 2.054708768588995554e+03
3.732915143684721951e-03 2.107787573366886136e+03
3.857724867112893516e-03 2.161715282403773472e+03
3.986707593800617976e-03 2.216465003432089361e+03
4.120002847782761740e-03 2.272017621757629968e+03
4.257754818069308354e-03 2.328343802163124110e+03
4.400112514618404608e-03 2.385411199437602136e+03
4.547229929524409554e-03 2.443185753128064789e+03
4.699266203595197679e-03 2.501628808204376583e+03
4.856385798499019031e-03 2.560697575009565753e+03
5.018758674667020935e-03 2.620346396648240443e+03
5.186560475143959549e-03 2.680524610633023713e+03
5.359972715585955248e-03 2.741178443416319624e+03
5.539182980610755057e-03 2.802248938728104804e+03
5.724385126713026593e-03 2.863672136670124019e+03
5.915779491964028892e-03 2.925380495052569131e+03
6.113573112722652143e-03 2.987301077684546271e+03
6.317979947592099882e-03 3.049351344540930768e+03
6.529221108864616957e-03 3.111452579447008247e+03
6.747525101704480652e-03 3.173514987304112310e+03
6.973128071328140755e-03 3.235441323220792128e+03
7.206274058448705437e-03 3.297132782355557993e+03
7.447215263261310406e-03 3.358482385173692364e+03
7.696212318254701257e-03 3.419377783667396216e+03
7.953534570144332738e-03 3.479700613985831751e+03
8.219460371231864307e-03 3.539325749058638849e+03
8.494277380506187053e-03 3.598122314271967298e+03
8.778282874811823774e-03 3.655952645824813771e+03
9.071784070421121463e-03 3.712669530997311085e+03
9.375098455358292851e-03 3.768123443368009703e+03
9.688554132834568261e-03 3.822156957352377503e+03
1.001249017616620725e-02 3.874605867927231884e+03
1.034725699555901803e-02 3.925300357977571366e+03
1.069321671715643858e-02 3.974063446139370626e+03
1.105074357476093505e-02 4.020711206930750905e+03
1.142022431465263173e-02 4.065054574714062255e+03
1.180205861394306721e-02 4.106900713146289490e+03
1.219665951291643881e-02 4.146051489977922756e+03
1.260445386182631328e-02 4.182303295565628105e+03
1.302588278263077520e-02 4.215449258152766561e+03
1.346140214616583890e-02 4.245279801159525960e+03
1.391148306527291781e-02 4.271584791686230346e+03
1.437661240441416924e-02 4.294152033737003876e+03
1.485729330632660182e-02 4.312770625478936381e+03
1.535404573628500365e-02 4.327233575239756647e+03
1.586740704456205894e-02 4.337335943377146577e+03
1.639793254769450481e-02 4.342880039322632911e+03
1.694619612918364313e-02 4.343679305945785927e+03
1.751279086028037155e-02 4.339556498136446862e+03
1.809832964152614798e-02 4.330346980808342778e+03
1.870344586574363213e-02 4.315905492404213874e+03
1.932879410319460894e-02 4.296107981733959605e+03
1.997505080964588620e-02 4.270851986949398452e+03
2.064291505810955316e-02 4.240064730747008070e+03
2.133310929504865505e-02 4.203704510382067383e+03
2.204638012186681956e-02 4.161764666979645881e+03
2.278349910252664909e-02 4.114280201833341380e+03
2.354526359817107548e-02 4.061327504574692284e+03
2.433249762964985810e-02 4.003031949800618804e+03
2.514605276888498206e-02 3.939566453343079047e+03
2.598680906003840441e-02 3.871160637889448026e+03
2.685567597147924673e-02 3.798098788542355578e+03
2.775359337957988490e-02 3.720719205300137673e+03
2.868153258540498754e-02 3.639420431640309289e+03
2.964049736539381419e-02 3.554656786062554147e+03
3.063152505717161092e-02 3.466934490003913197e+03
3.165568768166540647e-02 3.376811186051000732e+03
3.271409310273729054e-02 3.284887381994302814e+03
3.380788622559029871e-02 3.191803017568809537e+03
3.493825023524253087e-02 3.098224614112117706e+03
3.610640787640997940e-02 3.004835893482898427e+03
3.731362277618164441e-02 2.912325813960247615e+03
3.856120081091872487e-02 2.821374016317334281e+03
3.985049151885547425e-02 2.732634222581233189e+03
4.118288955993056055e-02 2.646719327435279411e+03
4.255983622442782027e-02 2.564181316498338674e+03
4.398282099205792772e-02 2.485495508541960135e+03
4.545338314316834522e-02 2.411041736949439837e+03
4.697311342382341770e-02 2.341085017866702401e+03
4.854365576655684383e-02 2.275758827324177673e+03
5.016670906865677154e-02 2.215049107467795238e+03
5.184402902990837420e-02 2.158779549524043887e+03
5.357743005178047802e-02 2.106601275911607445e+03
5.536878720011212396e-02 2.057984877237915498e+03
5.722003823342062395e-02 2.012224957234801877e+03
5.913318569902666078e-02 1.968448307226748284e+03
6.111029909926251474e-02 1.925635422029925621e+03
6.315351713010779189e-02 1.882660992500618477e+03
6.526504999467336310e-02 1.838346914834395193e+03
6.744718179403717817e-02 1.791536437930579041e+03
6.970227299801623477e-02 1.741183654555574549e+03
7.203276299854979858e-02 1.686454765287891178e+03
7.444117274845411802e-02 1.626828607715792714e+03
7.693010748840443946e-02 1.562192542129533422e+03
7.950225956509210379e-02 1.492909105671675661e+03
8.216041134360790865e-02 1.419841421027564593e+03
8.490743821719984319e-02 1.344327375906167390e+03
8.774631171766281157e-02 1.268092508840473329e+03
9.068010272972255870e-02 1.193108505373409116e+03
9.371198481289348681e-02 1.121407225903400331e+03
9.684523763440215649e-02 1.054874124483206288e+03
1.000832505168899600e-01 9.950427629045788080e+02
1.034295261047340625e-01 9.429182281929317924e+02
1.068876841529496080e-01 8.988405658345285474e+02
1.104614654427753945e-01 8.624044506169896067e+02
1.141547358281756464e-01 8.324444213121539633e+02
1.179714904176376727e-01 8.071007760335359080e+02
1.219158578957853512e-01 7.839934952793078082e+02
1.259921049894874856e-01 7.605203655934770950e+02
1.302046410832891354e-01 7.342807698805106611e+02
1.345580229891604751e-01 7.035590210884091675e+02
1.390569598757198100e-01 6.677565408972378691e+02
1.437063183622670492e-01 6.276135387728778596e+02
1.485111277831346888e-01 5.851053432712163840e+02
1.534765856280515817e-01 5.429885220996080761e+02
1.586080631644066208e-01 5.041157412281198162e+02
1.639111112474894438e-01 4.707165879924112915e+02
1.693914663249987407e-01 4.438457438069546583e+02
1.750550566423093313e-01 4.231206789663843324e+02
1.809080086552135869e-01 4.068024698393003860e+02
1.869566536570689830e-01 3.922381265926015885e+02
1.932075346275276828e-01 3.766383140803400238e+02
1.996674133102498971e-01 3.580855522195412846e+02
2.063432775272630582e-01 3.362010586063327651e+02
2.132423487378718452e-01 3.124089555383828269e+02
2.203720898503036263e-01 2.891414233149964161e+02
2.277402132945338109e-01 2.687594817054321652e+02
2.353546893650253491e-01 2.524456111329000692e+02
2.432237548424092122e-01 2.397484067309781892e+02
2.513559219034258718e-01 2.288911276270824260e+02
2.597599873287743666e-01 2.177399880650973500e+02
2.684450420188219666e-01 2.050146813653699951e+02
2.774204808274743361e-01 1.910045389520435606e+02
2.866960127248350254e-01 1.771972639075361826e+02
2.962816712996577673e-01 1.651395680482294495e+02
3.061878256129444420e-01 1.553073037317172691e+02
3.164251914144354805e-01 1.469159257185993397e+02
3.270048427341168962e-01 1.386625023885290773e+02
3.379382238612947953e-01 1.298341784670686536e+02
3.492371617241852855e-01 1.208202265994073628e+02
3.609138786834163448e-01 1.125345717777620251e+02
3.729810057532814693e-01 1.054209943570931500e+02
3.854515962650386651e-01 9.909208549284174694e+01
3.983391399870480631e-01 9.288716272644003880e+01
4.116575777170102257e-01 8.663236101389411203e+01
4.254213163620995108e-01 8.069873893380500363e+01
4.396452445232932327e-01 7.539081982340347565e+01
4.543447486007690661e-01 7.055947078101523573e+01
4.695357294377799362e-01 6.590420155966945970e+01
4.852346195210218704e-01 6.140550687712374867e+01
5.014584007560848322e-01 5.723825925653365232e+01
5.182246228372336949e-01 5.342239521563148941e+01
5.355514222313770833e-01 4.982332277172324808e+01
5.534575417967635413e-01 4.640147228612060104e+01
5.719623510576314906e-01 4.321803362295560191e+01
5.910858671567322808e-01 4.026572614505511893e+01
6.108487765084068544e-01 3.748807119247833697e+01
6.312724571756275216e-01 3.488293958630063685e+01
6.523790019952193653e-01 3.246048960842494324e+01
6.741912424762606104e-01 3.019621160530521564e+01
6.967327734975364839e-01 2.807827250329019009e+01
7.200279788307419881e-01 2.610310634198792101e+01
7.441020575170596008e-01 2.426119174666323630e+01
7.689810511256225389e-01 2.254321831220030603e+01
7.946918719233755368e-01 2.094090915695508315e+01
8.212623319867858873e-01 1.944709247104202277e+01
8.487211732869031078e-01 1.805503526552126559e+01
8.770980987803161932e-01 1.675833679174439084e+01
9.064238045396205701e-01 1.555090120492361905e+01
9.367300129581793700e-01 1.442697536596165975e+01
9.680495070650749767e-01 1.338110733139362907e+01
1.000416165987385808e+00 1.240810188836124084e+01
1.033865001598128330e+00 1.150308495318973101e+01
1.068432196389532240e+00 1.066152362832244549e+01
1.104155142612600837e+00 9.879239074807005139e+00
1.141072482725305592e+00 9.152311358641165739e+00
1.179224151193147607e+00 8.477035695514569369e+00
1.218651417687333982e+00 7.849884852411332936e+00
1.259396931727273516e+00 7.267553143181304520e+00
1.301504768815691548e+00 6.726963437008215863e+00
1.345020478116276896e+00 6.225271604428732175e+00
1.389991131725407447e+00 5.759819193079661837e+00
1.436465375591293947e+00 5.328109192676544481e+00
1.484493482135585296e+00 4.927783002049328509e+00
1.534127404634392455e+00 4.556635019068751902e+00
1.585420833417506836e+00 4.212611841783428623e+00
1.638429253946665609e+00 3.893810401932273901e+00
1.693210006835640158e+00 3.598456719496053946e+00
1.749822349877109051e+00 3.324893419419608254e+00
1.808327522143368116e+00 3.071569377576415238e+00
1.868788810230267217e+00 2.837037566733000560e+00
1.931271616715998229e+00 2.619949963206440025e+00
1.995843530908793184e+00 2.419051058424773526e+00
2.062574401960084458e+00 2.233171965117187074e+00
2.131536414422164238e+00 2.061224855238990905e+00
2.202804166332139602e+00 1.902197857730948849e+00
2.276454749906602792e+00 1.755149791414912563e+00
2.352567834934338631e+00 1.619205348997600602e+00
2.431225754957225149e+00 1.493550645891880801e+00
2.512513596332623944e+00 1.377429197087973289e+00
2.596519290273538783e+00 1.270138083618217006e+00
2.683333707966161441e+00 1.171024191819432625e+00
2.773050758867611432e+00 1.079480975421342803e+00
2.865767492290306695e+00 9.949453589188825831e-01
2.961584202382770314e+00 9.168946629567787943e-01
3.060604536620467719e+00 8.448439004813038666e-01
3.162935607924048931e+00 7.783432280848314733e-01
3.268688110526199786e+00 7.169754873273938012e-01
3.377976439712552459e+00 6.603539289699368320e-01
3.490918815566087297e+00 6.081200879695984884e-01
3.607637410848952619e+00 5.599417933017238891e-01
3.728258483159945236e+00 5.155113073213792863e-01
3.852912511510727001e+00 4.745435851578900244e-01
3.981734337468417539e+00 4.367745973062533427e-01
4.114863311017320058e+00 4.019598669963671544e-01
4.252443441297450555e+00 3.698731239997913312e-01
4.394623552383071896e+00 3.403050004543917706e-01
4.541557444269631816e+00 3.130618034917210801e-01
4.693404059243289517e+00 2.879643683904244411e-01
4.850327653813030437e+00 2.648469774705518587e-01
5.012497976391239618e+00 2.435563892098896177e-01
5.180090450915090017e+00 2.239509506257784943e-01
5.353286366607249214e+00 2.058997480530869173e-01
5.532273074081278885e+00 1.892818145082338921e-01
5.717244188003695271e+00 1.739853916146959500e-01
5.908399796532135539e+00 1.599072419184033589e-01
6.105946677756002750e+00 1.469520168494941326e-01
6.310098523373801171e+00 1.350316751286596006e-01
6.521076169849157722e+00 1.240649236735777011e-01
6.739107837295406966e+00 1.139767132283034945e-01
6.964429376347387013e+00 1.046977881591620307e-01
7.197284523287298619e+00 9.616425839803034725e-02
7.437925163700752407e+00 8.831719387226015516e-02
7.686611604948010879e+00 8.110223598567620207e-02
7.943612857745410594e+00 7.446924227976993438e-02
8.209206927161357470e+00 6.837196461464746522e-02
8.483681113341843272e+00 6.276776581193881099e-02
8.767332322290526392e+00 5.761734370422415263e-02
9.060467387039910392e+00 5.288447511175402294e-02
9.363403399560734641e+00 4.853578077926544443e-02
9.676468053768756405e+00 4.454051051407808409e-02
1.000000000000001243e+01 4.087034251868341961e-02
