2.000000000000000164e-05 1.288083064846410643e-02
2.066869842267550072e-05 1.329504617517277693e-02
2.135975472437544027e-05 1.372258405240005426e-02
2.207391643902171255e-05 1.416387101047485685e-02
2.281195609427394449e-05 1.461934596897157546e-02
2.357467204719313169e-05 1.508946951585108873e-02
2.436288934784564352e-05 1.557470958325396157e-02
2.517746063178175121e-05 1.607555391453338589e-02
2.601926704235410016e-05 1.659250793410740540e-02
2.688921918387384303e-05 1.712607940905006704e-02
2.778825810663545582e-05 1.767681429522914571e-02
2.871735632487579741e-05 1.824525726407045731e-02
2.967751886876853870e-05 1.883197658792942070e-02
3.066978437159193627e-05 1.943756572018979362e-02
3.169522619324599853e-05 2.006262965298039047e-02
3.275495358133433647e-05 2.070779321627795599e-02
3.385011287106671010e-05 2.137370033462796318e-02
3.498188872528021299e-05 2.206102454771109028e-02
3.615150541592045298e-05 2.277045006321611748e-02
3.736022814836899319e-05 2.350268417242662791e-02
3.860936443004954884e-05 2.425847118965560045e-02
3.990026548479344494e-05 2.503855638836250189e-02
4.123432771449419843e-05 2.584372738346508297e-02
4.261299420963254024e-05 2.667478964095718746e-02
4.403775631030562105e-05 2.753257481919722804e-02
4.551015521944909301e-05 2.841794546696557039e-02
4.703178366999723984e-05 2.933178351202461384e-02
4.860428764778435972e-05 3.027500853751678017e-02
5.022936817205134787e-05 3.124856060748817249e-02
5.190878313548323190e-05 3.225341721812328283e-02
5.364434920576834987e-05 3.329058943948984967e-02
5.543794379073590958e-05 3.436111072333901395e-02
5.729150706919781900e-05 3.546604845418480090e-02
5.920704408969155763e-05 3.660652097335029276e-02
6.118662693939432690e-05 3.778366663570566220e-02
6.323239698555469304e-05 3.899866048999839352e-02
6.534656719186627638e-05 4.025272001516552040e-02
6.753142451228926792e-05 4.154709925052911534e-02
6.978933236490913268e-05 4.288309956524227057e-02
7.212273318850868345e-05 4.426205354204009595e-02
7.453415108461877573e-05 4.568534748286010028e-02
7.702619454790587906e-05 4.715440664831201112e-02
7.960155928784993205e-05 4.867069741977839148e-02
8.226303114476471348e-05 5.023574425218908790e-02
8.501348910331518868e-05 5.185110315074354520e-02
8.785590840679157983e-05 5.351839443753189651e-02
9.079336377550881697e-05 5.523929269332888969e-02
9.382903273281309529e-05 5.701552023306877270e-02
9.696619904229312483e-05 5.884884886497763340e-02
1.002082562599141270e-04 6.074110841428820295e-02
1.035587114049174785e-04 6.269420987184630423e-02
1.070211887534562421e-04 6.471010211542684021e-02
1.105994337590709140e-04 6.679079131164375460e-02
1.142973171042456330e-04 6.893836707347403281e-02
1.181188388874281471e-04 7.115498924035544570e-02
1.220681329500424115e-04 7.344285717928497603e-02
1.261494713481742377e-04 7.580426073610418980e-02
1.303672689737678670e-04 7.824156139239903107e-02
1.347260883303314362e-04 8.075720469968271364e-02
1.392306444683180742e-04 8.335370748100077998e-02
1.438858100855209437e-04 8.603364707848132342e-02
1.486966207979997041e-04 8.879972009259319565e-02
1.536682805872396744e-04 9.165468733591894401e-02
1.588061674294368483e-04 9.460139627323824185e-02
1.641158391129971276e-04 9.764279355083925471e-02
1.696030392505434848e-04 1.007819192956636994e-01
1.752737034919339915e-04 1.040219022233673934e-01
1.811339659450114388e-04 1.073659665086952597e-01
1.871901658110307874e-04 1.108174781845941842e-01
1.934488542419408646e-04 1.143798728552011534e-01
1.999168014269393128e-04 1.180566744782888672e-01
2.066010039159656652e-04 1.218515698766682864e-01
2.135086921880547338e-04 1.257683829199420511e-01
2.206473384727377968e-04 1.298109499495285757e-01
2.280246648329511538e-04 1.339833286984243865e-01
2.356486515181963309e-04 1.382896874596814540e-01
2.435275455969876748e-04 1.427342840781510025e-01
2.516698698779247295e-04 1.473215602996603424e-01
2.600844321290405573e-04 1.520560657226327772e-01
2.687803346053976817e-04 1.569425205424550551e-01
2.777669838952388651e-04 1.619857859128982780e-01
2.870541010953427292e-04 1.671908509180454194e-01
2.966517323265922064e-04 1.725628699007128453e-01
3.065702596011295341e-04 1.781071857157297822e-01
3.168204120528543403e-04 1.838292717516267494e-01
3.274132775434116785e-04 1.897348473586362994e-01
3.383603146562264279e-04 1.958297270487355524e-01
3.496733650915567022e-04 2.021199030156939913e-01
3.613646664759745386e-04 2.086116309336646379e-01
3.734468656001317080e-04 2.153112963687550119e-01
3.859330320991275886e-04 2.222255109722946764e-01
3.988366725902805230e-04 2.293610620028591340e-01
4.121717452835938129e-04 2.367249871755265078e-01
4.259526750807212541e-04 2.443245276423372525e-01
4.401943691787655547e-04 2.521670954422636224e-01
4.549122331957894719e-04 2.602604332382710273e-01
4.701221878354804149e-04 2.686123896858861881e-01
4.858406861089974399e-04 2.772311411357220590e-01
5.020847311326308640e-04 2.861251103562831299e-01
5.188718945205230424e-04 2.953029238182962035e-01
5.362203353923492141e-04 3.047735112677997238e-01
5.541488200165187389e-04 3.145460046563172685e-01
5.726767421101455150e-04 3.246298613664422295e-01
5.918241438177454907e-04 3.350348126913730296e-01
6.116117373913557359e-04 3.457708594642290856e-01
6.320609275955268004e-04 3.568482904608807349e-01
6.531938348614238542e-04 3.682776711225997368e-01
6.750333192150836329e-04 3.800698971757550670e-01
6.976030050057104547e-04 3.922361957045634728e-01
7.209273064607610694e-04 4.047880219435136540e-01
7.450314540954613768e-04 4.177371958283412345e-01
7.699415220053250396e-04 4.310959379393201618e-01
7.956844560711916160e-04 4.448765812802250030e-01
8.222881031073025473e-04 4.590919886077463041e-01
8.497812409839368810e-04 4.737552969230759969e-01
8.781936097571961097e-04 4.888799903270736880e-01
9.075559438396131216e-04 5.044798693602918771e-01
9.379000052463793693e-04 5.205689841598579726e-01
9.692586179531593148e-04 5.371619739082602596e-01
1.001665703402655023e-03 5.542735875314981353e-01
1.035156317198330069e-03 5.719190314384751117e-01
1.069766687024985286e-03 5.901137825314027863e-01
1.105534251837205851e-03 6.088735986171839309e-01
1.142497702358069404e-03 6.282148582977075124e-01
1.180697022931930960e-03 6.481538424231741979e-01
1.220173534776542454e-03 6.687073378158564507e-01
1.260969940681316284e-03 6.898925715968640127e-01
1.303130371200056587e-03 7.117269375984682789e-01
1.346700432388157767e-03 7.342280058656521780e-01
1.391727255135877424e-03 7.574137665190958657e-01
1.438259546151070007e-03 7.813024187979485946e-01
1.486347640646530459e-03 8.059121715367670857e-01
1.536043556788919398e-03 8.312616134116560529e-01
1.587401051968200579e-03 8.573694938246660957e-01
1.640475680948428249e-03 8.842543438985677184e-01
1.695324855962815390e-03 9.119350848502217888e-01
1.752007908818060174e-03 9.404306859845712463e-01
1.810586155075142928e-03 9.697600577036996627e-01
1.871122960375984270e-03 9.999417939729845495e-01
1.933683808987751848e-03 1.030994376148491654e+00
1.998336374638913938e-03 1.062936383563971354e+00
2.065150593723721201e-03 1.095785453798579834e+00
2.134198740954243185e-03 1.129559638225548834e+00
2.205555507541849362e-03 1.164276031370906184e+00
2.279298081992675151e-03 1.199950944944614628e+00
2.355506233604463730e-03 1.236600378191541116e+00
2.434262398755145627e-03 1.274239108392827724e+00
2.515651770076436904e-03 1.312881565320481059e+00
2.599762388608985089e-03 1.352540430772580571e+00
2.686685239038679764e-03 1.393227314106721959e+00
2.776514348117217236e-03 1.434952684493244757e+00
2.869346886373309435e-03 1.477725113199865659e+00
2.965283273224645581e-03 1.521551665142262921e+00
3.064427285604211931e-03 1.566437133844036600e+00
3.166886170218578649e-03 1.612383900089201738e+00
3.272770759559481216e-03 1.659392646736923327e+00
3.382195591794276077e-03 1.707461327365667136e+00
3.495279034664920681e-03 1.756583996325689956e+00
3.612143413529477973e-03 1.806753419538804639e+00
3.732915143684721951e-03 1.857957585094472286e+00
3.857724867112893516e-03 1.910181125319756479e+00
3.986707593800617976e-03 1.963405765087055999e+00
4.120002847782761740e-03 2.017608767442897300e+00
4.257754818069308354e-03 2.072762186635627835e+00
4.400112514618404608e-03 2.128835222355090373e+00
4.547229929524409554e-03 2.185790822955004487e+00
4.699266203595197679e-03 2.243588577221684144e+00
4.856385798499019031e-03 2.302183006936641352e+00
5.018758674667020935e-03 2.361521495179469632e+00
5.186560475143959549e-03 2.421548779037639765e+00
5.359972715585955248e-03 2.482202360187479862e+00
5.539182980610755057e-03 2.543416098261741087e+00
5.724385126713026593e-03 2.605117922571671407e+00
5.915779491964028892e-03 2.667229611808639600e+00
6.113573112722652143e-03 2.729669500490631506e+00
6.317979947592099882e-03 2.792350197996493311e+00
6.529221108864616957e-03 2.855179999102464450e+00
6.747525101704480652e-03 2.918063014649106890e+00
6.973128071328140755e-03 2.980898235961423559e+00
7.206274058448705437e-03 3.043581188162596707e+00
7.447215263261310406e-03 3.106005843661943100e+00
7.696212318254701257e-03 3.168059252545909477e+00
7.953534570144332738e-03 3.229628817777153493e+00
8.219460371231864307e-03 3.290598000867608341e+00
8.494277380506187053e-03 3.350846664553268628e+00
8.778282874811823774e-03 3.410253811080044883e+00
9.071784070421121463e-03 3.468694777097348414e+00
9.375098455358292851e-03 3.526042159237667839e+00
9.688554132834568261e-03 3.582165857779077367e+00
1.001249017616620725e-02 3.636931975268938189e+00
1.034725699555901803e-02 3.690202488059924235e+00
1.069321671715643858e-02 3.741835051385037136e+00
1.105074357476093505e-02 3.791681338183144678e+00
1.142022431465263173e-02 3.839587264246697718e+00
1.180205861394306721e-02 3.885393475527822105e+00
1.219665951291643881e-02 3.928933181846943956e+00
1.260445386182631328e-02 3.970031965812768071e+00
1.302588278263077520e-02 4.008510055198679645e+00
1.346140214616583890e-02 4.044181541398354618e+00
1.391148306527291781e-02 4.076856239751935895e+00
1.437661240441416924e-02 4.106339749893264113e+00
1.485729330632660182e-02 4.132435591196121472e+00
1.535404573628500365e-02 4.154948759078408216e+00
1.586740704456205894e-02 4.173687698149220360e+00
1.639793254769450481e-02 4.188463866331805896e+00
1.694619612918364313e-02 4.199096315853456218e+00
1.751279086028037155e-02 4.205412249114337975e+00
1.809832964152614798e-02 4.207248779347874112e+00
1.870344586574363213e-02 4.204455459238301884e+00
1.932879410319460894e-02 4.196894538689112331e+00
1.997505080964588620e-02 4.184444326180367213e+00
2.064291505810955316e-02 4.166998803161683362e+00
2.133310929504865505e-02 4.144472717449567689e+00
2.204638012186681956e-02 4.116804930371117166e+00
2.278349910252664909e-02 4.083959558636484743e+00
2.354526359817107548e-02 4.045933258484957662e+00
2.433249762964985810e-02 4.002760786470197729e+00
2.514605276888498206e-02 3.954512054766789575e+00
2.598680906003840441e-02 3.901302706634315332e+00
2.685567597147924673e-02 3.843293233008209686e+00
2.775359337957988490e-02 3.780687656056866519e+00
2.868153258540498754e-02 3.713739780996220929e+00
2.964049736539381419e-02 3.642749220936994714e+00
3.063152505717161092e-02 3.568062797155989507e+00
3.165568768166540647e-02 3.490075468296419015e+00
3.271409310273729054e-02 3.409225705665900996e+00
3.380788622559029871e-02 3.325995345911772372e+00
3.493825023524253087e-02 3.240898401164491016e+00
3.610640787640997940e-02 3.154481674980765149e+00
3.731362277618164441e-02 3.067308579183141148e+00
3.856120081091872487e-02 2.979954388508391450e+00
3.985049151885547425e-02 2.892993273650102282e+00
4.118288955993056055e-02 2.806981841074847051e+00
4.255983622442782027e-02 2.722452970857697441e+00
4.398282099205792772e-02 2.639893960014255914e+00
4.545338314316834522e-02 2.559738050799552411e+00
4.697311342382341770e-02 2.482342727945148209e+00
4.854365576655684383e-02 2.407978178012313286e+00
5.016670906865677154e-02 2.336813769172683131e+00
5.184402902990837420e-02 2.268903554349572360e+00
5.357743005178047802e-02 2.204182341474550721e+00
5.536878720011212396e-02 2.142450498401581971e+00
5.722003823342062395e-02 2.083380998346880286e+00
5.913318569902666078e-02 2.026520353006479258e+00
6.111029909926251474e-02 1.971301166086347978e+00
6.315351713010779189e-02 1.917065283548500920e+00
6.526504999467336310e-02 1.863091705668212805e+00
6.744718179403717817e-02 1.808643707058065431e+00
6.970227299801623477e-02 1.753018879638845062e+00
7.203276299854979858e-02 1.695610477027902574e+00
7.444117274845411802e-02 1.635970667151851465e+00
7.693010748840443946e-02 1.573874907313477900e+00
7.950225956509210379e-02 1.509370512433252376e+00
8.216041134360790865e-02 1.442810136411692090e+00
8.490743821719984319e-02 1.374855248519969431e+00
8.774631171766281157e-02 1.306443287339024595e+00
9.068010272972255870e-02 1.238723436102223019e+00
9.371198481289348681e-02 1.172952373762568001e+00
9.684523763440215649e-02 1.110373017960959885e+00
1.000832505168899600e-01 1.052074009418419109e+00
1.034295261047340625e-01 9.988613010897353650e-01
1.068876841529496080e-01 9.511436354304847463e-01
1.104614654427753945e-01 9.088562590983177980e-01
1.141547358281756464e-01 8.714325679695010818e-01
1.179714904176376727e-01 8.378340164184785444e-01
1.219158578957853512e-01 8.066557949173100983e-01
1.259921049894874856e-01 7.763080151334478263e-01
1.302046410832891354e-01 7.452682948221981407e-01
1.345580229891604751e-01 7.123714884848022511e-01
1.390569598757198100e-01 6.770749431193675560e-01
1.437063183622670492e-01 6.396180483899875924e-01
1.485111277831346888e-01 6.010091793403264937e-01
1.534765856280515817e-01 5.628081528556810875e-01
1.586080631644066208e-01 5.267482385376771603e-01
1.639111112474894438e-01 4.942914427842928782e-01
1.693914663249987407e-01 4.662426570590045283e-01
1.750550566423093313e-01 4.425223300513849156e-01
1.809080086552135869e-01 4.221689371911080402e-01
1.869566536570689830e-01 4.035946236943620535e-01
1.932075346275276828e-01 3.850576572635795447e-01
1.996674133102498971e-01 3.652954874872377800e-01
2.063432775272630582e-01 3.439140601721021318e-01
2.132423487378718452e-01 3.216438835767958526e-01
2.203720898503036263e-01 2.998845899235708101e-01
2.277402132945338109e-01 2.801112196334712423e-01
2.353546893650253491e-01 2.631473911637133289e-01
2.432237548424092122e-01 2.488163091243882630e-01
2.513559219034258718e-01 2.360726204109502568e-01
2.597599873287743666e-01 2.235805040772322061e-01
2.684450420188219666e-01 2.104690687130977844e-01
2.774204808274743361e-01 1.968141449723198877e-01
2.866960127248350254e-01 1.834652743511210882e-01
2.962816712996577673e-01 1.713924842373531487e-01
3.061878256129444420e-01 1.609464323427959309e-01
3.164251914144354805e-01 1.516870016266523569e-01
3.270048427341168962e-01 1.427995914272409128e-01
3.379382238612947953e-01 1.337864835020803056e-01
3.492371617241852855e-01 1.248311709478231862e-01
3.609138786834163448e-01 1.164841579138291006e-01
3.729810057532814693e-01 1.090447868278107413e-01
3.854515962650386651e-01 1.022944092959229834e-01
3.983391399870480631e-01 9.581088397890914765e-02
4.116575777170102257e-01 8.945095848758706503e-02
4.254213163620995108e-01 8.342221155759969864e-02
4.396452445232932327e-01 7.791832627685640889e-02
4.543447486007690661e-01 7.285544215991433814e-02
4.695357294377799362e-01 6.803716425168594706e-02
4.852346195210218704e-01 6.343202310212982253e-02
5.014584007560848322e-01 5.914019072059588378e-02
5.182246228372336949e-01 5.517547433249789246e-02
5.355514222313770833e-01 5.145007649869268174e-02
5.534575417967635413e-01 4.792876693384204995e-02
5.719623510576314906e-01 4.464305645198047429e-02
5.910858671567322808e-01 4.158613977328771971e-02
6.108487765084068544e-01 3.871779601356033912e-02
6.312724571756275216e-01 3.603038215534733191e-02
6.523790019952193653e-01 3.352648094116998656e-02
6.741912424762606104e-01 3.118711390895281127e-02
6.967327734975364839e-01 2.900056998402309946e-02
7.200279788307419881e-01 2.696065541479817848e-02
7.441020575170596008e-01 2.505789892724617079e-02
7.689810511256225389e-01 2.328316867393007139e-02
7.946918719233755368e-01 2.162812912348440614e-02
8.212623319867858873e-01 2.008526780081306209e-02
8.487211732869031078e-01 1.864752272961413965e-02
8.770980987803161932e-01 1.730823166221944279e-02
9.064238045396205701e-01 1.606111859950677678e-02
9.367300129581793700e-01 1.490026349118066945e-02
9.680495070650749767e-01 1.382004580483228891e-02
1.000416165987385808e+00 1.281509450144590646e-02
1.033865001598128330e+00 1.188036959470015544e-02
1.068432196389532240e+00 1.101118561902137728e-02
1.104155142612600837e+00 1.020322558025829607e-02
1.141072482725305592e+00 9.452440390347266116e-03
1.179224151193147607e+00 8.755003497265920198e-03
1.218651417687333982e+00 8.107272357477221872e-03
1.259396931727273516e+00 7.505833188396549178e-03
1.301504768815691548e+00 6.947507922780676859e-03
1.345020478116276896e+00 6.429358510189359110e-03
1.389991131725407447e+00 5.948638670300763695e-03
1.436465375591293947e+00 5.502768991635730890e-03
1.484493482135585296e+00 5.089313135128931305e-03
1.534127404634392455e+00 4.705992866239582656e-03
1.585420833417506836e+00 4.350687307654290716e-03
1.638429253946665609e+00 4.021431254095422445e-03
1.693210006835640158e+00 3.716392823733690419e-03
1.749822349877109051e+00 3.433860360610012288e-03
1.808327522143368116e+00 3.172231445994874895e-03
1.868788810230267217e+00 2.930011143652134619e-03
1.931271616715998229e+00 2.705806947057638311e-03
1.995843530908793184e+00 2.498322286824647669e-03
2.062574401960084458e+00 2.306350121208870611e-03
2.131536414422164238e+00 2.128767046257793762e-03
2.202804166332139602e+00 1.964527929441935074e-03
2.276454749906602792e+00 1.812660610604971108e-03
2.352567834934338631e+00 1.672260996492010285e-03
2.431225754957225149e+00 1.542488491438398718e-03
2.512513596332623944e+00 1.422561801905062023e-03
2.596519290273538783e+00 1.311754953294413072e-03
2.683333707966161441e+00 1.209393390839408377e-03
2.773050758867611432e+00 1.114850652014905521e-03
2.865767492290306695e+00 1.027545181282263440e-03
2.961584202382770314e+00 9.469371752724546620e-04
3.060604536620467719e+00 8.725257679963808717e-04
3.162935607924048931e+00 8.038463815154075782e-04
3.268688110526199786e+00 7.404681787233561956e-04
3.377976439712552459e+00 6.819917221860362973e-04
3.490918815566087297e+00 6.280467861364318278e-04
3.607637410848952619e+00 5.782902888765634793e-04
3.728258483159945236e+00 5.324043805965800701e-04
3.852912511510727001e+00 4.900946574899296346e-04
3.981734337468417539e+00 4.510884498022366238e-04
4.114863311017320058e+00 4.151332948210622415e-04
4.252443441297450555e+00 3.819955246283945915e-04
4.394623552383071896e+00 3.514589047293573717e-04
4.541557444269631816e+00 3.233233771652456305e-04
4.693404059243289517e+00 2.974038932057165960e-04
4.850327653813030437e+00 2.735293051523012171e-04
5.012497976391239618e+00 2.515413584286463919e-04
5.180090450915090017e+00 2.312937644052186843e-04
5.353286366607249214e+00 2.126513191348254259e-04
5.532273074081278885e+00 1.954890869276405937e-04
5.717244188003695271e+00 1.796916438362605349e-04
5.908399796532135539e+00 1.651523709503542625e-04
6.105946677756002750e+00 1.517728003963199107e-04
6.310098523373801171e+00 1.394620097488007257e-04
6.521076169849157722e+00 1.281360424928324078e-04
6.739107837295406966e+00 1.177173877508314818e-04
6.964429376347387013e+00 1.081345187188397915e-04
7.197284523287298619e+00 9.932145132934249029e-05
7.437925163700752407e+00 9.121732525329389327e-05
7.686611604948010879e+00 8.376600152556020655e-05
7.943612857745410594e+00 7.691569774113569350e-05
8.209206927161357470e+00 7.061865595870718613e-05
8.483681113341843272e+00 6.483084605316607129e-05
8.767332322290526392e+00 5.951167817210110419e-05
9.060467387039910392e+00 5.462373791971998665e-05
9.363403399560734641e+00 5.013254883649193342e-05
9.676468053768756405e+00 4.600635201287478141e-05
1.000000000000001243e+01 4.221589920875305275e-05
