2.000000000000000164e-05 9.603665425129824795e-01
2.066869842267550072e-05 9.603683071973453389e-01
2.135975472437544027e-05 9.603659809279546655e-01
2.207391643902171255e-05 9.603661988363539903e-01
2.281195609427394449e-05 9.603672854508551460e-01
2.357467204719313169e-05 9.603668636792063174e-01
2.436288934784564352e-05 9.603667322650442095e-01
2.517746063178175121e-05 9.603652272809580781e-01
2.601926704235410016e-05 9.603681341429376461e-01
2.688921918387384303e-05 9.603659610330657070e-01
2.778825810663545582e-05 9.603644958408261711e-01
2.871735632487579741e-05 9.603653168371748539e-01
2.967751886876853870e-05 9.603647383177973396e-01
3.066978437159193627e-05 9.603665199241389061e-01
3.169522619324599853e-05 9.603656975749838010e-01
3.275495358133433647e-05 9.603654075136740520e-01
3.385011287106671010e-05 9.603664822083147756e-01
3.498188872528021299e-05 9.603643971610856811e-01
3.615150541592045298e-05 9.603655868762003278e-01
3.736022814836899319e-05 9.603643623450588418e-01
3.860936443004954884e-05 9.603646449349074743e-01
3.990026548479344494e-05 9.603655897642673356e-01
4.123432771449419843e-05 9.603686460820795023e-01
4.261299420963254024e-05 9.603624060597969470e-01
4.403775631030562105e-05 9.603631055257783045e-01
4.551015521944909301e-05 9.603637490815037925e-01
4.703178366999723984e-05 9.603595221914907887e-01
4.860428764778435972e-05 9.603597011454578780e-01
5.022936817205134787e-05 9.603596299354481003e-01
5.190878313548323190e-05 9.603600025337787338e-01
5.364434920576834987e-05 9.603619616066796372e-01
5.543794379073590958e-05 9.603610591700407761e-01
5.729150706919781900e-05 9.603605314748767663e-01
5.920704408969155763e-05 9.603612738486765332e-01
6.118662693939432690e-05 9.603588308260867512e-01
6.323239698555469304e-05 9.603602397158688131e-01
6.534656719186627638e-05 9.603628119773177652e-01
6.753142451228926792e-05 9.603556082865868371e-01
6.978933236490913268e-05 9.603557565717926181e-01
7.212273318850868345e-05 9.603595381188652080e-01
7.453415108461877573e-05 9.603556077926383994e-01
7.702619454790587906e-05 9.603542452976505661e-01
7.960155928784993205e-05 9.603529794108983664e-01
8.226303114476471348e-05 9.603542722633013895e-01
8.501348910331518868e-05 9.603524197921943228e-01
8.785590840679157983e-05 9.603508805636857826e-01
9.079336377550881697e-05 9.603522277698006704e-01
9.382903273281309529e-05 9.603521809739388182e-01
9.696619904229312483e-05 9.603487400338573954e-01
1.002082562599141270e-04 9.603482227254852566e-01
1.035587114049174785e-04 9.603456784493806797e-01
1.070211887534562421e-04 9.603479330002234748e-01
1.105994337590709140e-04 9.603418155601788353e-01
1.142973171042456330e-04 9.603372511678118784e-01
1.181188388874281471e-04 9.603391478337341969e-01
1.220681329500424115e-04 9.603363938015578860e-01
1.261494713481742377e-04 9.603349973261429140e-01
1.303672689737678670e-04 9.603324391903675927e-01
1.347260883303314362e-04 9.603299169900978427e-01
1.392306444683180742e-04 9.603257065158945505e-01
1.438858100855209437e-04 9.603245096620928178e-01
1.486966207979997041e-04 9.603267316814224630e-01
1.536682805872396744e-04 9.603167639672451905e-01
1.588061674294368483e-04 9.603161118980014788e-01
1.641158391129971276e-04 9.603139875149986349e-01
1.696030392505434848e-04 9.603078079138062106e-01
1.752737034919339915e-04 9.603053382841630903e-01
1.811339659450114388e-04 9.603012798300027963e-01
1.871901658110307874e-04 9.602960431546886388e-01
1.934488542419408646e-04 9.602940741029031280e-01
1.999168014269393128e-04 9.602859831494785503e-01
2.066010039159656652e-04 9.602832143592250347e-01
2.135086921880547338e-04 9.602777941274974749e-01
2.206473384727377968e-04 9.602712438896739977e-01
2.280246648329511538e-04 9.602645332029247083e-01
2.356486515181963309e-04 9.602576341689154082e-01
2.435275455969876748e-04 9.602516717170894722e-01
2.516698698779247295e-04 9.602403092833123877e-01
2.600844321290405573e-04 9.602339409821599725e-01
2.687803346053976817e-04 9.602234997795067173e-01
2.777669838952388651e-04 9.602177695633277166e-01
2.870541010953427292e-04 9.602044018134634484e-01
2.966517323265922064e-04 9.601985186147470319e-01
3.065702596011295341e-04 9.601822024114491372e-01
3.168204120528543403e-04 9.601716916418274739e-01
3.274132775434116785e-04 9.601625945905194470e-01
3.383603146562264279e-04 9.601467955089902917e-01
3.496733650915567022e-04 9.601326653889852292e-01
3.613646664759745386e-04 9.601153358030911633e-01
3.734468656001317080e-04 9.601010131853868756e-01
3.859330320991275886e-04 9.600854505732170363e-01
3.988366725902805230e-04 9.600653617577924459e-01
4.121717452835938129e-04 9.600497390739239911e-01
4.259526750807212541e-04 9.600280441258225439e-01
4.401943691787655547e-04 9.600079898905294895e-01
4.549122331957894719e-04 9.599882306242526475e-01
4.701221878354804149e-04 9.599647668747098850e-01
4.858406861089974399e-04 9.599373029802720225e-01
5.020847311326308640e-04 9.599115896264258652e-01
5.188718945205230424e-04 9.598841127374354576e-01
5.362203353923492141e-04 9.598592260930584041e-01
5.541488200165187389e-04 9.598305131848252625e-01
5.726767421101455150e-04 9.597991194694437400e-01
5.918241438177454907e-04 9.597669809980713396e-01
6.116117373913557359e-04 9.597290846490178495e-01
6.320609275955268004e-04 9.596989924379555337e-01
6.531938348614238542e-04 9.596618478947769315e-01
6.750333192150836329e-04 9.596245144307331554e-01
6.976030050057104547e-04 9.595835905208340844e-01
7.209273064607610694e-04 9.595426607137645947e-01
7.450314540954613768e-04 9.595035607831381430e-01
7.699415220053250396e-04 9.594582763170089734e-01
7.956844560711916160e-04 9.594175520209782260e-01
8.222881031073025473e-04 9.593718238695724265e-01
8.497812409839368810e-04 9.593237998456024540e-01
8.781936097571961097e-04 9.592759196967417523e-01
9.075559438396131216e-04 9.592316015137158924e-01
9.379000052463793693e-04 9.591814387257371344e-01
9.692586179531593148e-04 9.591288690299123454e-01
1.001665703402655023e-03 9.590818880866824880e-01
1.035156317198330069e-03 9.590311991950183357e-01
1.069766687024985286e-03 9.589830374221325338e-01
1.105534251837205851e-03 9.589298315034145981e-01
1.142497702358069404e-03 9.588867506452591893e-01
1.180697022931930960e-03 9.588325853412061894e-01
1.220173534776542454e-03 9.587893379892571399e-01
1.260969940681316284e-03 9.587401663291489351e-01
1.303130371200056587e-03 9.586952174117480130e-01
1.346700432388157767e-03 9.586529500972443829e-01
1.391727255135877424e-03 9.586063415184535863e-01
1.438259546151070007e-03 9.585645071477664203e-01
1.486347640646530459e-03 9.585237964567964175e-01
1.536043556788919398e-03 9.584878476069849107e-01
1.587401051968200579e-03 9.584439103720661102e-01
1.640475680948428249e-03 9.584121726122555307e-01
1.695324855962815390e-03 9.583784193725147782e-01
1.752007908818060174e-03 9.583434935791934617e-01
1.810586155075142928e-03 9.583139633255671752e-01
1.871122960375984270e-03 9.582804940835940588e-01
1.933683808987751848e-03 9.582490300491501856e-01
1.998336374638913938e-03 9.582231874301546659e-01
2.065150593723721201e-03 9.581919594178079924e-01
2.134198740954243185e-03 9.581691841813643196e-01
2.205555507541849362e-03 9.581409823733749720e-01
2.279298081992675151e-03 9.581139044349210598e-01
2.355506233604463730e-03 9.580909498119367651e-01
2.434262398755145627e-03 9.580665015324441036e-01
2.515651770076436904e-03 9.580479833939687939e-01
2.599762388608985089e-03 9.580253264793866519e-01
2.686685239038679764e-03 9.580070293962413830e-01
2.776514348117217236e-03 9.579862256694254841e-01
2.869346886373309435e-03 9.579679566179051253e-01
2.965283273224645581e-03 9.579481210697990967e-01
3.064427285604211931e-03 9.579270416848122416e-01
3.166886170218578649e-03 9.579102048125138769e-01
3.272770759559481216e-03 9.578933052910093560e-01
3.382195591794276077e-03 9.578748237082500561e-01
3.495279034664920681e-03 9.578543379007482539e-01
3.612143413529477973e-03 9.578408379360855429e-01
3.732915143684721951e-03 9.578242526777666077e-01
3.857724867112893516e-03 9.578074621218205520e-01
3.986707593800617976e-03 9.577966450366303119e-01
4.120002847782761740e-03 9.577763969016691581e-01
4.257754818069308354e-03 9.577626158593757211e-01
4.400112514618404608e-03 9.577516867444129112e-01
4.547229929524409554e-03 9.577386911933135627e-01
4.699266203595197679e-03 9.577253172113858737e-01
4.856385798499019031e-03 9.577086113704736947e-01
5.018758674667020935e-03 9.576973163697963809e-01
5.186560475143959549e-03 9.576880670394832817e-01
5.359972715585955248e-03 9.576744648637443014e-01
5.539182980610755057e-03 9.576664746639625969e-01
5.724385126713026593e-03 9.576572204618289952e-01
5.915779491964028892e-03 9.576425543090496539e-01
6.113573112722652143e-03 9.576307782912262256e-01
6.317979947592099882e-03 9.576265854463292815e-01
6.529221108864616957e-03 9.576115611063575894e-01
6.747525101704480652e-03 9.576055506828954345e-01
6.973128071328140755e-03 9.575980050317814962e-01
7.206274058448705437e-03 9.575913253051335783e-01
7.447215263261310406e-03 9.575805377083230763e-01
7.696212318254701257e-03 9.575698217011913149e-01
7.953534570144332738e-03 9.575651906444930805e-01
8.219460371231864307e-03 9.575561704724709911e-01
8.494277380506187053e-03 9.575522354223787724e-01
8.778282874811823774e-03 9.575414876702622591e-01
9.071784070421121463e-03 9.575380341726159594e-01
9.375098455358292851e-03 9.575300673657427541e-01
9.688554132834568261e-03 9.575233755074336051e-01
1.001249017616620725e-02 9.575198720167643618e-01
1.034725699555901803e-02 9.575134716269647628e-01
1.069321671715643858e-02 9.575088306731096566e-01
1.105074357476093505e-02 9.574996301819987954e-01
1.142022431465263173e-02 9.574978448238267159e-01
1.180205861394306721e-02 9.574932547375670788e-01
1.219665951291643881e-02 9.574890018655459745e-01
1.260445386182631328e-02 9.574865174111036881e-01
1.302588278263077520e-02 9.574807834872354206e-01
1.346140214616583890e-02 9.574735762906206871e-01
1.391148306527291781e-02 9.574716755112004929e-01
1.437661240441416924e-02 9.574699265302525353e-01
1.485729330632660182e-02 9.574673736801189161e-01
1.535404573628500365e-02 9.574580474157498022e-01
1.586740704456205894e-02 9.574589167655872535e-01
1.639793254769450481e-02 9.574569152862119070e-01
1.694619612918364313e-02 9.574542826363328096e-01
1.751279086028037155e-02 9.574524066149112667e-01
1.809832964152614798e-02 9.574461395832147836e-01
1.870344586574363213e-02 9.574426767417595352e-01
1.932879410319460894e-02 9.574420280634606817e-01
1.997505080964588620e-02 9.574382129810967701e-01
2.064291505810955316e-02 9.574396661770335770e-01
2.133310929504865505e-02 9.574369260016456495e-01
2.204638012186681956e-02 9.574378017309141953e-01
2.278349910252664909e-02 9.574341070631933182e-01
2.354526359817107548e-02 9.574336023384051320e-01
2.433249762964985810e-02 9.574291291152959849e-01
2.514605276888498206e-02 9.574298000229489736e-01
2.598680906003840441e-02 9.574264053766899929e-01
2.685567597147924673e-02 9.574270077646540589e-01
2.775359337957988490e-02 9.574247597708588353e-01
2.868153258540498754e-02 9.574223987710931416e-01
2.964049736539381419e-02 9.574229614946042632e-01
3.063152505717161092e-02 9.574213090244126922e-01
3.165568768166540647e-02 9.574200167755970714e-01
3.271409310273729054e-02 9.574149870406346574e-01
3.380788622559029871e-02 9.574163749943791490e-01
3.493825023524253087e-02 9.574182558038172308e-01
3.610640787640997940e-02 9.574120723400257882e-01
3.731362277618164441e-02 9.574114597703711205e-01
3.856120081091872487e-02 9.574126980141481891e-01
3.985049151885547425e-02 9.574105131464071272e-01
4.118288955993056055e-02 9.574113533430369527e-01
4.255983622442782027e-02 9.574162283426713715e-01
4.398282099205792772e-02 9.574080635400956663e-01
4.545338314316834522e-02 9.574080295054723244e-01
4.697311342382341770e-02 9.574092014450696908e-01
4.854365576655684383e-02 9.574099607888504337e-01
5.016670906865677154e-02 9.574079708487053253e-01
5.184402902990837420e-02 9.574122735174097620e-01
5.357743005178047802e-02 9.574143896555552535e-01
5.536878720011212396e-02 9.574096730624856999e-01
5.722003823342062395e-02 9.574072948888298074e-01
5.913318569902666078e-02 9.574039714740180118e-01
6.111029909926251474e-02 9.574061497757212491e-01
6.315351713010779189e-02 9.574051094946006701e-01
6.526504999467336310e-02 9.574030702112020785e-01
6.744718179403717817e-02 9.574064127226844523e-01
6.970227299801623477e-02 9.574038182874320402e-01
7.203276299854979858e-02 9.574051747179774807e-01
7.444117274845411802e-02 9.574082350439978573e-01
7.693010748840443946e-02 9.574061603315420221e-01
7.950225956509210379e-02 9.574032498694126092e-01
8.216041134360790865e-02 9.574004880792205130e-01
8.490743821719984319e-02 9.573984408586445616e-01
8.774631171766281157e-02 9.574039559950946465e-01
9.068010272972255870e-02 9.574015581981003553e-01
9.371198481289348681e-02 9.574069946468537484e-01
9.684523763440215649e-02 9.574029140360494905e-01
1.000832505168899600e-01 9.574021614110317380e-01
1.034295261047340625e-01 9.573998269868480016e-01
1.068876841529496080e-01 9.573998545693536144e-01
1.104614654427753945e-01 9.574033782457238573e-01
1.141547358281756464e-01 9.574043178366227203e-01
1.179714904176376727e-01 9.574038698460187735e-01
1.219158578957853512e-01 9.574051623832906532e-01
1.259921049894874856e-01 9.574016062511692127e-01
1.302046410832891354e-01 9.573967313153374237e-01
1.345580229891604751e-01 9.574017013802403886e-01
1.390569598757198100e-01 9.574006307281537342e-01
1.437063183622670492e-01 9.574027666795205116e-01
1.485111277831346888e-01 9.574038684959151890e-01
1.534765856280515817e-01 9.574009862150488770e-01
1.586080631644066208e-01 9.574003186058386294e-01
1.639111112474894438e-01 9.574000331833428801e-01
1.693914663249987407e-01 9.573982342925000388e-01
1.750550566423093313e-01 9.574024639171232476e-01
1.809080086552135869e-01 9.574013081706672645e-01
1.869566536570689830e-01 9.573993378781595620e-01
1.932075346275276828e-01 9.573996312635892902e-01
1.996674133102498971e-01 9.574011466326085573e-01
2.063432775272630582e-01 9.574002587005897569e-01
2.132423487378718452e-01 9.574037971028989125e-01
2.203720898503036263e-01 9.574051577041371441e-01
2.277402132945338109e-01 9.573993299522701728e-01
2.353546893650253491e-01 9.574011975592208179e-01
2.432237548424092122e-01 9.574011976178622430e-01
2.513559219034258718e-01 9.573980938374443417e-01
2.597599873287743666e-01 9.574044583384530016e-01
2.684450420188219666e-01 9.573972042972773711e-01
2.774204808274743361e-01 9.574009975987866072e-01
2.866960127248350254e-01 9.573997209331569502e-01
2.962816712996577673e-01 9.574022152480065051e-01
3.061878256129444420e-01 9.574021303261824878e-01
3.164251914144354805e-01 9.574005067605442232e-01
3.270048427341168962e-01 9.574004233118226237e-01
3.379382238612947953e-01 9.574039768401020334e-01
3.492371617241852855e-01 9.573986585764848734e-01
3.609138786834163448e-01 9.573977148962707906e-01
3.729810057532814693e-01 9.574019296883446994e-01
3.854515962650386651e-01 9.574016761560920630e-01
3.983391399870480631e-01 9.574005429733790651e-01
4.116575777170102257e-01 9.573969420361619909e-01
4.254213163620995108e-01 9.574027762332553149e-01
4.396452445232932327e-01 9.574018298905504487e-01
4.543447486007690661e-01 9.573982824390011581e-01
4.695357294377799362e-01 9.573987984911245253e-01
4.852346195210218704e-01 9.574017650844385274e-01
5.014584007560848322e-01 9.573997173740290689e-01
5.182246228372336949e-01 9.573996803175994774e-01
5.355514222313770833e-01 9.574022883566000175e-01
5.534575417967635413e-01 9.573977396844051135e-01
5.719623510576314906e-01 9.573986041419106918e-01
5.910858671567322808e-01 9.573983938908872116e-01
6.108487765084068544e-01 9.574006821739439177e-01
6.312724571756275216e-01 9.573977558393019782e-01
6.523790019952193653e-01 9.573978118408793536e-01
6.741912424762606104e-01 9.573821047940089812e-01
6.967327734975364839e-01 9.574027843516237368e-01
7.200279788307419881e-01 9.574080398475813825e-01
7.441020575170596008e-01 9.574024530530976795e-01
7.689810511256225389e-01 9.573974536425206017e-01
7.946918719233755368e-01 9.573990100253997326e-01
8.212623319867858873e-01 9.574031569853774792e-01
8.487211732869031078e-01 9.574048951924849504e-01
8.770980987803161932e-01 9.574018922982170388e-01
9.064238045396205701e-01 9.573972387714488885e-01
9.367300129581793700e-01 9.573946755721682855e-01
9.680495070650749767e-01 9.573961068226884974e-01
1.000416165987385808e+00 9.573992542142817364e-01
1.033865001598128330e+00 9.574012631532711204e-01
1.068432196389532240e+00 9.574005313233814318e-01
1.104155142612600837e+00 9.573986560960524583e-01
1.141072482725305592e+00 9.573977377190134863e-01
1.179224151193147607e+00 9.573990495645707810e-01
1.218651417687333982e+00 9.574014894792873820e-01
1.259396931727273516e+00 9.574035314660662710e-01
1.301504768815691548e+00 9.574040730228858820e-01
1.345020478116276896e+00 9.574033824370175028e-01
1.389991131725407447e+00 9.574020048445724962e-01
1.436465375591293947e+00 9.574004912129540079e-01
1.484493482135585296e+00 9.573994138100335727e-01
1.534127404634392455e+00 9.573993497658802587e-01
1.585420833417506836e+00 9.574005851952682722e-01
1.638429253946665609e+00 9.574022056301999539e-01
1.693210006835640158e+00 9.574029870429264788e-01
1.749822349877109051e+00 9.574020495086069671e-01
1.808327522143368116e+00 9.574001170492325574e-01
1.868788810230267217e+00 9.573983806577759381e-01
1.931271616715998229e+00 9.573977752294026144e-01
1.995843530908793184e+00 9.573978855789717635e-01
2.062574401960084458e+00 9.573978533234818178e-01
2.131536414422164238e+00 9.573970072459918601e-01
2.202804166332139602e+00 9.573957950109495130e-01
2.276454749906602792e+00 9.573950777144081270e-01
2.352567834934338631e+00 9.573955761199012260e-01
2.431225754957225149e+00 9.573970555094072354e-01
2.512513596332623944e+00 9.573988845834995320e-01
2.596519290273538783e+00 9.574004365165311725e-01
2.683333707966161441e+00 9.574011289034051186e-01
2.773050758867611432e+00 9.574004000035564177e-01
2.865767492290306695e+00 9.573978300817180820e-01
2.961584202382770314e+00 9.573942508977032473e-01
3.060604536620467719e+00 9.573911456643510176e-01
3.162935607924048931e+00 9.573898499689381669e-01
3.268688110526199786e+00 9.573901472580362837e-01
3.377976439712552459e+00 9.573909186372863145e-01
3.490918815566087297e+00 9.573911311606616570e-01
3.607637410848952619e+00 9.573908883806697689e-01
3.728258483159945236e+00 9.573910307168973510e-01
3.852912511510727001e+00 9.573923167109096299e-01
3.981734337468417539e+00 9.573942203574069554e-01
4.114863311017320058e+00 9.573952879139864258e-01
4.252443441297450555e+00 9.573941510173763492e-01
4.394623552383071896e+00 9.573911346894381502e-01
4.541557444269631816e+00 9.573879249503469691e-01
4.693404059243289517e+00 9.573861736512302434e-01
4.850327653813030437e+00 9.573861558174783237e-01
5.012497976391239618e+00 9.573869157278473985e-01
5.180090450915090017e+00 9.573874745779670237e-01
5.353286366607249214e+00 9.573873141018162114e-01
5.532273074081278885e+00 9.573863737200327684e-01
5.717244188003695271e+00 9.573846259132264835e-01
5.908399796532135539e+00 9.573824142901784517e-01
6.105946677756002750e+00 9.573804925467523930e-01
6.310098523373801171e+00 9.573796149368523078e-01
6.521076169849157722e+00 9.573798247440281628e-01
6.739107837295406966e+00 9.573802915394546975e-01
6.964429376347387013e+00 9.573801412584573844e-01
7.197284523287298619e+00 9.573789374435699440e-01
7.437925163700752407e+00 9.573768420305613924e-01
7.686611604948010879e+00 9.573740600961178071e-01
7.943612857745410594e+00 9.573707959859564243e-01
8.209206927161357470e+00 9.573672529282889476e-01
8.483681113341843272e+00 9.573636348828684639e-01
8.767332322290526392e+00 9.573602097883551210e-01
9.060467387039910392e+00 9.573573542267750369e-01
9.363403399560734641e+00 9.573554512937284544e-01
9.676468053768756405e+00 9.573544355259276939e-01
1.000000000000001243e+01 9.573533908342677368e-01
