2.000000000000000164e-05 9.603197067736581882e-01
2.066869842267550072e-05 9.603173718010939997e-01
2.135975472437544027e-05 9.603218193527470747e-01
2.207391643902171255e-05 9.603213067586049423e-01
2.281195609427394449e-05 9.603193794474926825e-01
2.357467204719313169e-05 9.603192840502051686e-01
2.436288934784564352e-05 9.603196002601059877e-01
2.517746063178175121e-05 9.603229048884071029e-01
2.601926704235410016e-05 9.603204035300028085e-01
2.688921918387384303e-05 9.603197885913249410e-01
2.778825810663545582e-05 9.603169168537216693e-01
2.871735632487579741e-05 9.603231587215470544e-01
2.967751886876853870e-05 9.603199605490605473e-01
3.066978437159193627e-05 9.603184084775209239e-01
3.169522619324599853e-05 9.603201636383366102e-01
3.275495358133433647e-05 9.603204986560424095e-01
3.385011287106671010e-05 9.603187828354013966e-01
3.498188872528021299e-05 9.603194058251491860e-01
3.615150541592045298e-05 9.603196364980570721e-01
3.736022814836899319e-05 9.603177875351154302e-01
3.860936443004954884e-05 9.603195440387679582e-01
3.990026548479344494e-05 9.603189537761701589e-01
4.123432771449419843e-05 9.603175512809849490e-01
4.261299420963254024e-05 9.603170857544311989e-01
4.403775631030562105e-05 9.603184054153488525e-01
4.551015521944909301e-05 9.603180969951319312e-01
4.703178366999723984e-05 9.603213951592690645e-01
4.860428764778435972e-05 9.603140374442100669e-01
5.022936817205134787e-05 9.603194469184094251e-01
5.190878313548323190e-05 9.603178919657999746e-01
5.364434920576834987e-05 9.603167460940515987e-01
5.543794379073590958e-05 9.603143559525421091e-01
5.729150706919781900e-05 9.603126741928297294e-01
5.920704408969155763e-05 9.603181296382571341e-01
6.118662693939432690e-05 9.603132886203620266e-01
6.323239698555469304e-05 9.603124883230178543e-01
6.534656719186627638e-05 9.603122541084236907e-01
6.753142451228926792e-05 9.603150568492140327e-01
6.978933236490913268e-05 9.603167857351403436e-01
7.212273318850868345e-05 9.603097319554468880e-01
7.453415108461877573e-05 9.603096080015270930e-01
7.702619454790587906e-05 9.603120558379504290e-01
7.960155928784993205e-05 9.603099444820625274e-01
8.226303114476471348e-05 9.603080963559637029e-01
8.501348910331518868e-05 9.603093643801453583e-01
8.785590840679157983e-05 9.603063102329878475e-01
9.079336377550881697e-05 9.603044188595281083e-01
9.382903273281309529e-05 9.603038204278198098e-01
9.696619904229312483e-05 9.603026255363450447e-01
1.002082562599141270e-04 9.603019939659953597e-01
1.035587114049174785e-04 9.602981944701688422e-01
1.070211887534562421e-04 9.603004202399564315e-01
1.105994337590709140e-04 9.602996047753757924e-01
1.142973171042456330e-04 9.602992924162543353e-01
1.181188388874281471e-04 9.602972162416464341e-01
1.220681329500424115e-04 9.602903292910817123e-01
1.261494713481742377e-04 9.602909255695738500e-01
1.303672689737678670e-04 9.602875456518931152e-01
1.347260883303314362e-04 9.602837285454445260e-01
1.392306444683180742e-04 9.602904031316602529e-01
1.438858100855209437e-04 9.602822591716649869e-01
1.486966207979997041e-04 9.602815981462949901e-01
1.536682805872396744e-04 9.602751162082850955e-01
1.588061674294368483e-04 9.602738556288239469e-01
1.641158391129971276e-04 9.602722315778007278e-01
1.696030392505434848e-04 9.602657182144379577e-01
1.752737034919339915e-04 9.602678760916951717e-01
1.811339659450114388e-04 9.602612390851017476e-01
1.871901658110307874e-04 9.602571877548048418e-01
1.934488542419408646e-04 9.602546137074394750e-01
1.999168014269393128e-04 9.602496716874833194e-01
2.066010039159656652e-04 9.602468551173073408e-01
2.135086921880547338e-04 9.602375122330665258e-01
2.206473384727377968e-04 9.602312356619774336e-01
2.280246648329511538e-04 9.602286579242220732e-01
2.356486515181963309e-04 9.602213064566083034e-01
2.435275455969876748e-04 9.602144363492844947e-01
2.516698698779247295e-04 9.602086920528667413e-01
2.600844321290405573e-04 9.602005860393222347e-01
2.687803346053976817e-04 9.601906201217138559e-01
2.777669838952388651e-04 9.601839229030244560e-01
2.870541010953427292e-04 9.601767887366083887e-01
2.966517323265922064e-04 9.601630049804297240e-01
3.065702596011295341e-04 9.601546510489262776e-01
3.168204120528543403e-04 9.601427800020257974e-01
3.274132775434116785e-04 9.601354019504348969e-01
3.383603146562264279e-04 9.601195510883899775e-01
3.496733650915567022e-04 9.601080173835552234e-01
3.613646664759745386e-04 9.600934212095965092e-01
3.734468656001317080e-04 9.600767448525047154e-01
3.859330320991275886e-04 9.600637042707321767e-01
3.988366725902805230e-04 9.600474405556457258e-01
4.121717452835938129e-04 9.600295225154383827e-01
4.259526750807212541e-04 9.600117957766015619e-01
4.401943691787655547e-04 9.599957395603364585e-01
4.549122331957894719e-04 9.599782203755642396e-01
4.701221878354804149e-04 9.599512503745790681e-01
4.858406861089974399e-04 9.599337161552594644e-01
5.020847311326308640e-04 9.599122097201315817e-01
5.188718945205230424e-04 9.598914057879629480e-01
5.362203353923492141e-04 9.598602968461390494e-01
5.541488200165187389e-04 9.598370957536270787e-01
5.726767421101455150e-04 9.598098648836248525e-01
5.918241438177454907e-04 9.597795919749123605e-01
6.116117373913557359e-04 9.597476483702602756e-01
6.320609275955268004e-04 9.597227738233884420e-01
6.531938348614238542e-04 9.596906701595705469e-01
6.750333192150836329e-04 9.596582549196607248e-01
6.976030050057104547e-04 9.596229690797197787e-01
7.209273064607610694e-04 9.595891655076037585e-01
7.450314540954613768e-04 9.595521904348165432e-01
7.699415220053250396e-04 9.595197258209789970e-01
7.956844560711916160e-04 9.594791886002883574e-01
8.222881031073025473e-04 9.594435149514561889e-01
8.497812409839368810e-04 9.594032332688428033e-01
8.781936097571961097e-04 9.593658339461762496e-01
9.075559438396131216e-04 9.593258431410206510e-01
9.379000052463793693e-04 9.592891072466965818e-01
9.692586179531593148e-04 9.592538150599257962e-01
1.001665703402655023e-03 9.592099639244888731e-01
1.035156317198330069e-03 9.591724920157155276e-01
1.069766687024985286e-03 9.591402848594862141e-01
1.105534251837205851e-03 9.590971910188091920e-01
1.142497702358069404e-03 9.590610081435333445e-01
1.180697022931930960e-03 9.590262015645829585e-01
1.220173534776542454e-03 9.589958342425052296e-01
1.260969940681316284e-03 9.589551303176516717e-01
1.303130371200056587e-03 9.589291479766666182e-01
1.346700432388157767e-03 9.588961757378552386e-01
1.391727255135877424e-03 9.588696321110942167e-01
1.438259546151070007e-03 9.588412586748712441e-01
1.486347640646530459e-03 9.588069867297637217e-01
1.536043556788919398e-03 9.587867615795889753e-01
1.587401051968200579e-03 9.587552219351817007e-01
1.640475680948428249e-03 9.587346310036439778e-01
1.695324855962815390e-03 9.587131924191341081e-01
1.752007908818060174e-03 9.586875754070651734e-01
1.810586155075142928e-03 9.586636545509321650e-01
1.871122960375984270e-03 9.586410823005477866e-01
1.933683808987751848e-03 9.586157410741904528e-01
1.998336374638913938e-03 9.585898519596024459e-01
2.065150593723721201e-03 9.585629277392375691e-01
2.134198740954243185e-03 9.585396921088380484e-01
2.205555507541849362e-03 9.585171712446476366e-01
2.279298081992675151e-03 9.584918685198364763e-01
2.355506233604463730e-03 9.584637650514847840e-01
2.434262398755145627e-03 9.584447826956211669e-01
2.515651770076436904e-03 9.584132517906244209e-01
2.599762388608985089e-03 9.583941008249196036e-01
2.686685239038679764e-03 9.583707169880142374e-01
2.776514348117217236e-03 9.583451289955751129e-01
2.869346886373309435e-03 9.583248160297763718e-01
2.965283273224645581e-03 9.583050363108454039e-01
3.064427285604211931e-03 9.582863034996298435e-01
3.166886170218578649e-03 9.582648666726516495e-01
3.272770759559481216e-03 9.582401732182571630e-01
3.382195591794276077e-03 9.582262451204764941e-01
3.495279034664920681e-03 9.582054192733826525e-01
3.612143413529477973e-03 9.581864454144578547e-01
3.732915143684721951e-03 9.581643611469732313e-01
3.857724867112893516e-03 9.581486990591688846e-01
3.986707593800617976e-03 9.581295523012151039e-01
4.120002847782761740e-03 9.581124734908448293e-01
4.257754818069308354e-03 9.580922850387791900e-01
4.400112514618404608e-03 9.580738297533921699e-01
4.547229929524409554e-03 9.580568293572788718e-01
4.699266203595197679e-03 9.580421623193000613e-01
4.856385798499019031e-03 9.580240893040317118e-01
5.018758674667020935e-03 9.580030925633347128e-01
5.186560475143959549e-03 9.579902871435869161e-01
5.359972715585955248e-03 9.579765996495164249e-01
5.539182980610755057e-03 9.579587162603443451e-01
5.724385126713026593e-03 9.579417191549343125e-01
5.915779491964028892e-03 9.579259204100351033e-01
6.113573112722652143e-03 9.579133450299276431e-01
6.317979947592099882e-03 9.578934781190577841e-01
6.529221108864616957e-03 9.578836250917734940e-01
6.747525101704480652e-03 9.578708197562215698e-01
6.973128071328140755e-03 9.578551040806152495e-01
7.206274058448705437e-03 9.578415711872362293e-01
7.447215263261310406e-03 9.578263087631108119e-01
7.696212318254701257e-03 9.578137103139828801e-01
7.953534570144332738e-03 9.578047471975099647e-01
8.219460371231864307e-03 9.577946437161684035e-01
8.494277380506187053e-03 9.577814206072510217e-01
8.778282874811823774e-03 9.577670440535278606e-01
9.071784070421121463e-03 9.577584227238339354e-01
9.375098455358292851e-03 9.577483562181565713e-01
9.688554132834568261e-03 9.577413632254818676e-01
1.001249017616620725e-02 9.577240574478705915e-01
1.034725699555901803e-02 9.577140932926826444e-01
1.069321671715643858e-02 9.577044321666505766e-01
1.105074357476093505e-02 9.576982778918708972e-01
1.142022431465263173e-02 9.576858709958305793e-01
1.180205861394306721e-02 9.576772335451604334e-01
1.219665951291643881e-02 9.576705764147618316e-01
1.260445386182631328e-02 9.576643216665744474e-01
1.302588278263077520e-02 9.576572623255478200e-01
1.346140214616583890e-02 9.576429205679038992e-01
1.391148306527291781e-02 9.576400387503580802e-01
1.437661240441416924e-02 9.576276743329635854e-01
1.485729330632660182e-02 9.576224754863691402e-01
1.535404573628500365e-02 9.576217463001434060e-01
1.586740704456205894e-02 9.576103328009316629e-01
1.639793254769450481e-02 9.576050915427477550e-01
1.694619612918364313e-02 9.575971987662681428e-01
1.751279086028037155e-02 9.575969376959077017e-01
1.809832964152614798e-02 9.575862333890390321e-01
1.870344586574363213e-02 9.575818079883742229e-01
1.932879410319460894e-02 9.575794153449532775e-01
1.997505080964588620e-02 9.575767861609724152e-01
2.064291505810955316e-02 9.575660917603225908e-01
2.133310929504865505e-02 9.575671767951363655e-01
2.204638012186681956e-02 9.575555695191115824e-01
2.278349910252664909e-02 9.575581732716953454e-01
2.354526359817107548e-02 9.575462314638012451e-01
2.433249762964985810e-02 9.575480624106635918e-01
2.514605276888498206e-02 9.575405677524316816e-01
2.598680906003840441e-02 9.575364774282650870e-01
2.685567597147924673e-02 9.575369912786513282e-01
2.775359337957988490e-02 9.575313835592921263e-01
2.868153258540498754e-02 9.575288943216800908e-01
2.964049736539381419e-02 9.575274358074842285e-01
3.063152505717161092e-02 9.575207434845207644e-01
3.165568768166540647e-02 9.575238553152223275e-01
3.271409310273729054e-02 9.575235654121895257e-01
3.380788622559029871e-02 9.575163493522611535e-01
3.493825023524253087e-02 9.575139526167391057e-01
3.610640787640997940e-02 9.575142197184550730e-01
3.731362277618164441e-02 9.575063107494249381e-01
3.856120081091872487e-02 9.575104537525247483e-01
3.985049151885547425e-02 9.574996980756335097e-01
4.118288955993056055e-02 9.575054222232884937e-01
4.255983622442782027e-02 9.574973584006042371e-01
4.398282099205792772e-02 9.575024085919796590e-01
4.545338314316834522e-02 9.575002317314240674e-01
4.697311342382341770e-02 9.574992353939213441e-01
4.854365576655684383e-02 9.574959705712001723e-01
5.016670906865677154e-02 9.574925670862333149e-01
5.184402902990837420e-02 9.574905943294343968e-01
5.357743005178047802e-02 9.574863942584772580e-01
5.536878720011212396e-02 9.574912821176599920e-01
5.722003823342062395e-02 9.574909684822332512e-01
5.913318569902666078e-02 9.574906665902949143e-01
6.111029909926251474e-02 9.574878846575672897e-01
6.315351713010779189e-02 9.574908844307091771e-01
6.526504999467336310e-02 9.574836502451927744e-01
6.744718179403717817e-02 9.574875202656762951e-01
6.970227299801623477e-02 9.574855034176543711e-01
7.203276299854979858e-02 9.574860382689283078e-01
7.444117274845411802e-02 9.574851622756918035e-01
7.693010748840443946e-02 9.574832208546248946e-01
7.950225956509210379e-02 9.574901447864523352e-01
8.216041134360790865e-02 9.574824176430877243e-01
8.490743821719984319e-02 9.574857238765032141e-01
8.774631171766281157e-02 9.574858383553310759e-01
9.068010272972255870e-02 9.574780792312295175e-01
9.371198481289348681e-02 9.574796437666722726e-01
9.684523763440215649e-02 9.574758164299976837e-01
1.000832505168899600e-01 9.574752166407121123e-01
1.034295261047340625e-01 9.574784379332811346e-01
1.068876841529496080e-01 9.574765951088967109e-01
1.104614654427753945e-01 9.574796195825460154e-01
1.141547358281756464e-01 9.574809266558421683e-01
1.179714904176376727e-01 9.574796224686790147e-01
1.219158578957853512e-01 9.574755722494149301e-01
1.259921049894874856e-01 9.574762251633101018e-01
1.302046410832891354e-01 9.574769792596526941e-01
1.345580229891604751e-01 9.574754458346234065e-01
1.390569598757198100e-01 9.574748674078894517e-01
1.437063183622670492e-01 9.574778043430252072e-01
1.485111277831346888e-01 9.574744146491692698e-01
1.534765856280515817e-01 9.574755864487206614e-01
1.586080631644066208e-01 9.574723086537052508e-01
1.639111112474894438e-01 9.574737028989598331e-01
1.693914663249987407e-01 9.574739260533454699e-01
1.750550566423093313e-01 9.574717905514342764e-01
1.809080086552135869e-01 9.574745198176692895e-01
1.869566536570689830e-01 9.574718885608570762e-01
1.932075346275276828e-01 9.574724998278921761e-01
1.996674133102498971e-01 9.574727731587675539e-01
2.063432775272630582e-01 9.574721530252198187e-01
2.132423487378718452e-01 9.574707258659361786e-01
2.203720898503036263e-01 9.574715097184726131e-01
2.277402132945338109e-01 9.574793573943194414e-01
2.353546893650253491e-01 9.574786783240075705e-01
2.432237548424092122e-01 9.574726961750116283e-01
2.513559219034258718e-01 9.574762320692560280e-01
2.597599873287743666e-01 9.574710035709980138e-01
2.684450420188219666e-01 9.574716256693696081e-01
2.774204808274743361e-01 9.574731621272642990e-01
2.866960127248350254e-01 9.574709794830646992e-01
2.962816712996577673e-01 9.574729913517899815e-01
3.061878256129444420e-01 9.574727415738943925e-01
3.164251914144354805e-01 9.574737395799262085e-01
3.270048427341168962e-01 9.574724156859500956e-01
3.379382238612947953e-01 9.574744022947020428e-01
3.492371617241852855e-01 9.574762451705989275e-01
3.609138786834163448e-01 9.574723088988442710e-01
3.729810057532814693e-01 9.574726297800334462e-01
3.854515962650386651e-01 9.574678862152894432e-01
3.983391399870480631e-01 9.574705739812100491e-01
4.116575777170102257e-01 9.574744373867186686e-01
4.254213163620995108e-01 9.574728521579687346e-01
4.396452445232932327e-01 9.574745787034574240e-01
4.543447486007690661e-01 9.574760757431057812e-01
4.695357294377799362e-01 9.574732851924658839e-01
4.852346195210218704e-01 9.574753420642930779e-01
5.014584007560848322e-01 9.574731762489480102e-01
5.182246228372336949e-01 9.574704942186164081e-01
5.355514222313770833e-01 9.574742962485043307e-01
5.534575417967635413e-01 9.574758669391963961e-01
5.719623510576314906e-01 9.574707902507019197e-01
5.910858671567322808e-01 9.574714970407972592e-01
6.108487765084068544e-01 9.574727171625767586e-01
6.312724571756275216e-01 9.574712612167293191e-01
6.523790019952193653e-01 9.574744957459893069e-01
6.741912424762606104e-01 9.574835119369009551e-01
6.967327734975364839e-01 9.574647070722951403e-01
7.200279788307419881e-01 9.574608573887013474e-01
7.441020575170596008e-01 9.574678808491799975e-01
7.689810511256225389e-01 9.574756361174291408e-01
7.946918719233755368e-01 9.574782023001671138e-01
8.212623319867858873e-01 9.574773352043486341e-01
8.487211732869031078e-01 9.574755973807754783e-01
8.770980987803161932e-01 9.574745786947478354e-01
9.064238045396205701e-01 9.574738912355066356e-01
9.367300129581793700e-01 9.574729084386384148e-01
9.680495070650749767e-01 9.574713452665608582e-01
1.000416165987385808e+00 9.574696943286854500e-01
1.033865001598128330e+00 9.574685553727310117e-01
1.068432196389532240e+00 9.574682901099901278e-01
1.104155142612600837e+00 9.574686520474888773e-01
1.141072482725305592e+00 9.574692990519825253e-01
1.179224151193147607e+00 9.574699948358581514e-01
1.218651417687333982e+00 9.574708071949288302e-01
1.259396931727273516e+00 9.574718581476726609e-01
1.301504768815691548e+00 9.574731023351786829e-01
1.345020478116276896e+00 9.574739526250667376e-01
1.389991131725407447e+00 9.574737124769809871e-01
1.436465375591293947e+00 9.574720857991751988e-01
1.484493482135585296e+00 9.574702392740157553e-01
1.534127404634392455e+00 9.574696734901552153e-01
1.585420833417506836e+00 9.574713450812890603e-01
1.638429253946665609e+00 9.574739665956680801e-01
1.693210006835640158e+00 9.574756719641378533e-01
1.749822349877109051e+00 9.574750616160123684e-01
1.808327522143368116e+00 9.574729104519580369e-01
1.868788810230267217e+00 9.574706264442248704e-01
1.931271616715998229e+00 9.574693531587482598e-01
1.995843530908793184e+00 9.574688401837471163e-01
2.062574401960084458e+00 9.574683794989277130e-01
2.131536414422164238e+00 9.574673737256848005e-01
2.202804166332139602e+00 9.574658875923324208e-01
2.276454749906602792e+00 9.574642304790428327e-01
2.352567834934338631e+00 9.574627497096727113e-01
2.431225754957225149e+00 9.574620470893052682e-01
2.512513596332623944e+00 9.574628300484254728e-01
2.596519290273538783e+00 9.574655932211427745e-01
2.683333707966161441e+00 9.574691867044270444e-01
2.773050758867611432e+00 9.574716954850839290e-01
2.865767492290306695e+00 9.574714698561417325e-01
2.961584202382770314e+00 9.574692376228117752e-01
3.060604536620467719e+00 9.574669641751625271e-01
3.162935607924048931e+00 9.574664220059183606e-01
3.268688110526199786e+00 9.574673218745406444e-01
3.377976439712552459e+00 9.574681759496622702e-01
3.490918815566087297e+00 9.574676132798383144e-01
3.607637410848952619e+00 9.574658042581033479e-01
3.728258483159945236e+00 9.574639186316972195e-01
3.852912511510727001e+00 9.574630618816467598e-01
3.981734337468417539e+00 9.574632344332215661e-01
4.114863311017320058e+00 9.574636386093811069e-01
4.252443441297450555e+00 9.574635103976281147e-01
4.394623552383071896e+00 9.574629067615528788e-01
4.541557444269631816e+00 9.574625444956010867e-01
4.693404059243289517e+00 9.574631065296661525e-01
4.850327653813030437e+00 9.574642805382919120e-01
5.012497976391239618e+00 9.574648645340734232e-01
5.180090450915090017e+00 9.574636825918882987e-01
5.353286366607249214e+00 9.574608640239294921e-01
5.532273074081278885e+00 9.574578353082519033e-01
5.717244188003695271e+00 9.574560330652744922e-01
5.908399796532135539e+00 9.574556289345874660e-01
6.105946677756002750e+00 9.574553968135047777e-01
6.310098523373801171e+00 9.574540676810642248e-01
6.521076169849157722e+00 9.574513828098943913e-01
6.739107837295406966e+00 9.574483250083298813e-01
6.964429376347387013e+00 9.574459356650265596e-01
7.197284523287298619e+00 9.574444849020503634e-01
7.437925163700752407e+00 9.574431882120018056e-01
7.686611604948010879e+00 9.574411972392842252e-01
7.943612857745410594e+00 9.574383620799795658e-01
8.209206927161357470e+00 9.574355965695792170e-01
8.483681113341843272e+00 9.574338950791627667e-01
8.767332322290526392e+00 9.574335674366285520e-01
9.060467387039910392e+00 9.574337610045442482e-01
9.363403399560734641e+00 9.574335132005447058e-01
9.676468053768756405e+00 9.574321865850136115e-01
1.000000000000001243e+01 9.574297603005978985e-01
