2.000000000000000164e-05 5.301333482892200966e-01
2.066869842267550072e-05 5.301383850994813018e-01
2.135975472437544027e-05 5.301380835156430660e-01
2.207391643902171255e-05 5.301327264412205587e-01
2.281195609427394449e-05 5.301429549575696898e-01
2.357467204719313169e-05 5.301478908007696278e-01
2.436288934784564352e-05 5.301351632567696814e-01
2.517746063178175121e-05 5.301435768460625031e-01
2.601926704235410016e-05 5.301394944540420706e-01
2.688921918387384303e-05 5.301415506469412398e-01
2.778825810663545582e-05 5.301430177304757851e-01
2.871735632487579741e-05 5.301402378682634753e-01
2.967751886876853870e-05 5.301431374205016755e-01
3.066978437159193627e-05 5.301471430518821526e-01
3.169522619324599853e-05 5.301407281008265748e-01
3.275495358133433647e-05 5.301293292177469141e-01
3.385011287106671010e-05 5.301386420640589181e-01
3.498188872528021299e-05 5.301397568828752904e-01
3.615150541592045298e-05 5.301362380240639549e-01
3.736022814836899319e-05 5.301411514313540962e-01
3.860936443004954884e-05 5.301386175231611597e-01
3.990026548479344494e-05 5.301410355437826682e-01
4.123432771449419843e-05 5.301361731868675653e-01
4.261299420963254024e-05 5.301488559286603452e-01
4.403775631030562105e-05 5.301363492023339896e-01
4.551015521944909301e-05 5.301377249242832379e-01
4.703178366999723984e-05 5.301362581834175858e-01
4.860428764778435972e-05 5.301345353901291135e-01
5.022936817205134787e-05 5.301409826746155129e-01
5.190878313548323190e-05 5.301397298792241974e-01
5.364434920576834987e-05 5.301428740343844259e-01
5.543794379073590958e-05 5.301426394101568240e-01
5.729150706919781900e-05 5.301336747304966623e-01
5.920704408969155763e-05 5.301470138650848929e-01
6.118662693939432690e-05 5.301402968376224267e-01
6.323239698555469304e-05 5.301451419633429474e-01
6.534656719186627638e-05 5.301305796498537726e-01
6.753142451228926792e-05 5.301345445337436457e-01
6.978933236490913268e-05 5.301455950892347557e-01
7.212273318850868345e-05 5.301390797193050730e-01
7.453415108461877573e-05 5.301293583619008931e-01
7.702619454790587906e-05 5.301291970139866416e-01
7.960155928784993205e-05 5.301440773690619945e-01
8.226303114476471348e-05 5.301353548725615816e-01
8.501348910331518868e-05 5.301366196970745959e-01
8.785590840679157983e-05 5.301356113161469485e-01
9.079336377550881697e-05 5.301305009458702200e-01
9.382903273281309529e-05 5.301402790939441223e-01
9.696619904229312483e-05 5.301305353883777327e-01
1.002082562599141270e-04 5.301397273715500180e-01
1.035587114049174785e-04 5.301220518337157461e-01
1.070211887534562421e-04 5.301382029406552787e-01
1.105994337590709140e-04 5.301234920185653454e-01
1.142973171042456330e-04 5.301351584947204820e-01
1.181188388874281471e-04 5.301272763414713873e-01
1.220681329500424115e-04 5.301261945501088979e-01
1.261494713481742377e-04 5.301253005651291872e-01
1.303672689737678670e-04 5.301192936860531502e-01
1.347260883303314362e-04 5.301272014390833176e-01
1.392306444683180742e-04 5.301256096751985059e-01
1.438858100855209437e-04 5.301194716819800368e-01
1.486966207979997041e-04 5.301203418818906110e-01
1.536682805872396744e-04 5.301229929305234512e-01
1.588061674294368483e-04 5.301091175367103059e-01
1.641158391129971276e-04 5.301198081957338992e-01
1.696030392505434848e-04 5.301248901345123610e-01
1.752737034919339915e-04 5.301153911943857766e-01
1.811339659450114388e-04 5.301089825929136135e-01
1.871901658110307874e-04 5.301040597139222710e-01
1.934488542419408646e-04 5.301045628710863156e-01
1.999168014269393128e-04 5.301054662636438541e-01
2.066010039159656652e-04 5.300990240956008348e-01
2.135086921880547338e-04 5.301059025180546724e-01
2.206473384727377968e-04 5.301003715672482075e-01
2.280246648329511538e-04 5.300967629439730100e-01
2.356486515181963309e-04 5.300968804684488278e-01
2.435275455969876748e-04 5.300924694877224841e-01
2.516698698779247295e-04 5.300952526731375070e-01
2.600844321290405573e-04 5.300805350207909994e-01
2.687803346053976817e-04 5.300852056354512509e-01
2.777669838952388651e-04 5.300814955853944133e-01
2.870541010953427292e-04 5.300820264947608829e-01
2.966517323265922064e-04 5.300590486189757922e-01
3.065702596011295341e-04 5.300763859288735169e-01
3.168204120528543403e-04 5.300639376864377805e-01
3.274132775434116785e-04 5.300652790168762785e-01
3.383603146562264279e-04 5.300465600713549774e-01
3.496733650915567022e-04 5.300534367336269259e-01
3.613646664759745386e-04 5.300416785447129575e-01
3.734468656001317080e-04 5.300433173552214772e-01
3.859330320991275886e-04 5.300333168271645912e-01
3.988366725902805230e-04 5.300384380559448605e-01
4.121717452835938129e-04 5.300243878203038106e-01
4.259526750807212541e-04 5.300067319277281808e-01
4.401943691787655547e-04 5.300129211313753252e-01
4.549122331957894719e-04 5.300120390305828044e-01
4.701221878354804149e-04 5.300002532129253208e-01
4.858406861089974399e-04 5.300008275337824148e-01
5.020847311326308640e-04 5.299824977123875902e-01
5.188718945205230424e-04 5.299804536349617123e-01
5.362203353923492141e-04 5.299697513605036159e-01
5.541488200165187389e-04 5.299571105528098069e-01
5.726767421101455150e-04 5.299595177845568550e-01
5.918241438177454907e-04 5.299402596525890630e-01
6.116117373913557359e-04 5.299396916887770814e-01
6.320609275955268004e-04 5.299265397138120948e-01
6.531938348614238542e-04 5.299236530273555568e-01
6.750333192150836329e-04 5.299073677628304280e-01
6.976030050057104547e-04 5.299062471477664626e-01
7.209273064607610694e-04 5.299002393689551393e-01
7.450314540954613768e-04 5.298894397922686572e-01
7.699415220053250396e-04 5.298960125589423642e-01
7.956844560711916160e-04 5.298622206510075205e-01
8.222881031073025473e-04 5.298739136753405354e-01
8.497812409839368810e-04 5.298645703002036189e-01
8.781936097571961097e-04 5.298569175405242193e-01
9.075559438396131216e-04 5.298419171715791354e-01
9.379000052463793693e-04 5.298469898976411185e-01
9.692586179531593148e-04 5.298378830731952371e-01
1.001665703402655023e-03 5.298358284710092958e-01
1.035156317198330069e-03 5.298207151541967086e-01
1.069766687024985286e-03 5.298137134744265175e-01
1.105534251837205851e-03 5.298182175485174339e-01
1.142497702358069404e-03 5.298134866819734778e-01
1.180697022931930960e-03 5.298074251554049097e-01
1.220173534776542454e-03 5.298067766338140361e-01
1.260969940681316284e-03 5.297895080078075525e-01
1.303130371200056587e-03 5.297948044097124942e-01
1.346700432388157767e-03 5.297734548308989933e-01
1.391727255135877424e-03 5.297788833743731773e-01
1.438259546151070007e-03 5.297760872267116561e-01
1.486347640646530459e-03 5.297634480967899906e-01
1.536043556788919398e-03 5.297642916289667658e-01
1.587401051968200579e-03 5.297579056605840053e-01
1.640475680948428249e-03 5.297455089319683674e-01
1.695324855962815390e-03 5.297523306875796534e-01
1.752007908818060174e-03 5.297320407587198243e-01
1.810586155075142928e-03 5.297361228892705221e-01
1.871122960375984270e-03 5.297333018631917856e-01
1.933683808987751848e-03 5.297170969738499435e-01
1.998336374638913938e-03 5.297106595101321869e-01
2.065150593723721201e-03 5.297188295642710765e-01
2.134198740954243185e-03 5.297033329577885974e-01
2.205555507541849362e-03 5.296920354663039454e-01
2.279298081992675151e-03 5.296715936951857939e-01
2.355506233604463730e-03 5.296928966235023850e-01
2.434262398755145627e-03 5.296723755289907132e-01
2.515651770076436904e-03 5.296684250771185321e-01
2.599762388608985089e-03 5.296635530125950453e-01
2.686685239038679764e-03 5.296454999696135202e-01
2.776514348117217236e-03 5.296515338722301847e-01
2.869346886373309435e-03 5.296340992226026279e-01
2.965283273224645581e-03 5.296342430158316184e-01
3.064427285604211931e-03 5.296314429134681978e-01
3.166886170218578649e-03 5.296116072388594720e-01
3.272770759559481216e-03 5.296115559456653354e-01
3.382195591794276077e-03 5.295936447948859094e-01
3.495279034664920681e-03 5.296016374355592138e-01
3.612143413529477973e-03 5.295891307627030864e-01
3.732915143684721951e-03 5.295768245931068430e-01
3.857724867112893516e-03 5.295633592345118101e-01
3.986707593800617976e-03 5.295639638998060894e-01
4.120002847782761740e-03 5.295583833854493605e-01
4.257754818069308354e-03 5.295466220525520962e-01
4.400112514618404608e-03 5.295362867332815693e-01
4.547229929524409554e-03 5.295294503779720552e-01
4.699266203595197679e-03 5.295188807975804712e-01
4.856385798499019031e-03 5.295214052779333436e-01
5.018758674667020935e-03 5.295074399308317137e-01
5.186560475143959549e-03 5.294965174462211710e-01
5.359972715585955248e-03 5.294860655537196870e-01
5.539182980610755057e-03 5.294714191027395378e-01
5.724385126713026593e-03 5.294714272134042332e-01
5.915779491964028892e-03 5.294754151641775097e-01
6.113573112722652143e-03 5.294462341831636110e-01
6.317979947592099882e-03 5.294489245461160287e-01
6.529221108864616957e-03 5.294430259970923647e-01
6.747525101704480652e-03 5.294315839876162499e-01
6.973128071328140755e-03 5.294198778573362407e-01
7.206274058448705437e-03 5.294227371781083935e-01
7.447215263261310406e-03 5.294130325607304677e-01
7.696212318254701257e-03 5.294018232168795635e-01
7.953534570144332738e-03 5.293983790673829626e-01
8.219460371231864307e-03 5.293894724944764318e-01
8.494277380506187053e-03 5.293783977487382941e-01
8.778282874811823774e-03 5.293736357964855532e-01
9.071784070421121463e-03 5.293637019642347674e-01
9.375098455358292851e-03 5.293561658334084985e-01
9.688554132834568261e-03 5.293487886568472023e-01
1.001249017616620725e-02 5.293445804991069314e-01
1.034725699555901803e-02 5.293399875000569521e-01
1.069321671715643858e-02 5.293328145418403352e-01
1.105074357476093505e-02 5.293174486357741237e-01
1.142022431465263173e-02 5.293199225963739485e-01
1.180205861394306721e-02 5.293161838782447504e-01
1.219665951291643881e-02 5.293034808231003030e-01
1.260445386182631328e-02 5.292915491667270489e-01
1.302588278263077520e-02 5.292927184873634783e-01
1.346140214616583890e-02 5.292860120123406009e-01
1.391148306527291781e-02 5.292868846474576561e-01
1.437661240441416924e-02 5.292702797115507174e-01
1.485729330632660182e-02 5.292709890790463501e-01
1.535404573628500365e-02 5.292673763046110702e-01
1.586740704456205894e-02 5.292551802240242909e-01
1.639793254769450481e-02 5.292461600566449320e-01
1.694619612918364313e-02 5.292413882463150587e-01
1.751279086028037155e-02 5.292414424310618593e-01
1.809832964152614798e-02 5.292384636192006830e-01
1.870344586574363213e-02 5.292265852958232264e-01
1.932879410319460894e-02 5.292303955304338281e-01
1.997505080964588620e-02 5.292121138744183551e-01
2.064291505810955316e-02 5.292140940033807084e-01
2.133310929504865505e-02 5.292136752256448862e-01
2.204638012186681956e-02 5.292041095501052173e-01
2.278349910252664909e-02 5.292024471081917536e-01
2.354526359817107548e-02 5.292028505440488084e-01
2.433249762964985810e-02 5.291915672401675819e-01
2.514605276888498206e-02 5.291919647048042297e-01
2.598680906003840441e-02 5.291901404657419761e-01
2.685567597147924673e-02 5.291831386518461855e-01
2.775359337957988490e-02 5.291797314541228925e-01
2.868153258540498754e-02 5.291719338890452651e-01
2.964049736539381419e-02 5.291676938414355824e-01
3.063152505717161092e-02 5.291703501748985516e-01
3.165568768166540647e-02 5.291663869316564073e-01
3.271409310273729054e-02 5.291596205260803432e-01
3.380788622559029871e-02 5.291578781441975687e-01
3.493825023524253087e-02 5.291585164288383769e-01
3.610640787640997940e-02 5.291568057188460461e-01
3.731362277618164441e-02 5.291537524895443267e-01
3.856120081091872487e-02 5.291547691246800689e-01
3.985049151885547425e-02 5.291468961129135451e-01
4.118288955993056055e-02 5.291416256833147980e-01
4.255983622442782027e-02 5.291496887368254409e-01
4.398282099205792772e-02 5.291418582437713569e-01
4.545338314316834522e-02 5.291433201039230649e-01
4.697311342382341770e-02 5.291397755829766458e-01
4.854365576655684383e-02 5.291377558341671117e-01
5.016670906865677154e-02 5.291305895927032044e-01
5.184402902990837420e-02 5.291268985788000201e-01
5.357743005178047802e-02 5.291299551698723791e-01
5.536878720011212396e-02 5.291238953315524629e-01
5.722003823342062395e-02 5.291353426375891011e-01
5.913318569902666078e-02 5.291188348694553234e-01
6.111029909926251474e-02 5.291228488220061088e-01
6.315351713010779189e-02 5.291158580126490429e-01
6.526504999467336310e-02 5.291150531331110241e-01
6.744718179403717817e-02 5.291179622823040107e-01
6.970227299801623477e-02 5.291203486763255137e-01
7.203276299854979858e-02 5.291235415112760521e-01
7.444117274845411802e-02 5.291191350362831614e-01
7.693010748840443946e-02 5.291233294263701925e-01
7.950225956509210379e-02 5.291131019005103076e-01
8.216041134360790865e-02 5.291189786511601989e-01
8.490743821719984319e-02 5.291144417665056832e-01
8.774631171766281157e-02 5.291016269214989798e-01
9.068010272972255870e-02 5.291204538615097430e-01
9.371198481289348681e-02 5.291065745829807154e-01
9.684523763440215649e-02 5.291042134658142659e-01
1.000832505168899600e-01 5.291083054824858856e-01
1.034295261047340625e-01 5.291200970086460398e-01
1.068876841529496080e-01 5.291142172849174763e-01
1.104614654427753945e-01 5.291078657862219314e-01
1.141547358281756464e-01 5.291074575245283684e-01
1.179714904176376727e-01 5.291024855056296605e-01
1.219158578957853512e-01 5.291073735039162340e-01
1.259921049894874856e-01 5.291052678154966049e-01
1.302046410832891354e-01 5.291077194806625972e-01
1.345580229891604751e-01 5.291060630481623228e-01
1.390569598757198100e-01 5.291017543239457943e-01
1.437063183622670492e-01 5.291055380073594883e-01
1.485111277831346888e-01 5.291067737038802621e-01
1.534765856280515817e-01 5.291061281187804388e-01
1.586080631644066208e-01 5.291033255907916510e-01
1.639111112474894438e-01 5.290960417379945158e-01
1.693914663249987407e-01 5.290993183246274212e-01
1.750550566423093313e-01 5.291061314849887509e-01
1.809080086552135869e-01 5.291044665666381208e-01
1.869566536570689830e-01 5.291001756619424512e-01
1.932075346275276828e-01 5.291086730116152381e-01
1.996674133102498971e-01 5.291041499450639396e-01
2.063432775272630582e-01 5.291046762591811170e-01
2.132423487378718452e-01 5.291057389079915074e-01
2.203720898503036263e-01 5.291021673089738586e-01
2.277402132945338109e-01 5.291102918118093523e-01
2.353546893650253491e-01 5.291116868468361822e-01
2.432237548424092122e-01 5.290952315414467755e-01
2.513559219034258718e-01 5.290955033606418167e-01
2.597599873287743666e-01 5.291014531977038526e-01
2.684450420188219666e-01 5.290921517847358979e-01
2.774204808274743361e-01 5.291022718012078352e-01
2.866960127248350254e-01 5.290976888048276594e-01
2.962816712996577673e-01 5.291002531402326792e-01
3.061878256129444420e-01 5.290970353465624942e-01
3.164251914144354805e-01 5.290906600619110778e-01
3.270048427341168962e-01 5.291036329804735816e-01
3.379382238612947953e-01 5.291044082394401604e-01
3.492371617241852855e-01 5.290951837824984239e-01
3.609138786834163448e-01 5.290910081457768088e-01
3.729810057532814693e-01 5.290962902705570459e-01
3.854515962650386651e-01 5.291008307606732686e-01
3.983391399870480631e-01 5.291016087897016940e-01
4.116575777170102257e-01 5.290965891529023635e-01
4.254213163620995108e-01 5.290995897594247266e-01
4.396452445232932327e-01 5.290965604901360919e-01
4.543447486007690661e-01 5.291083977064974242e-01
4.695357294377799362e-01 5.290985502568931187e-01
4.852346195210218704e-01 5.291026003998698934e-01
5.014584007560848322e-01 5.290964688835904095e-01
5.182246228372336949e-01 5.291025014823704797e-01
5.355514222313770833e-01 5.291004250226539751e-01
5.534575417967635413e-01 5.290979608318424621e-01
5.719623510576314906e-01 5.290954687422840808e-01
5.910858671567322808e-01 5.291006730129031999e-01
6.108487765084068544e-01 5.291002624232951090e-01
6.312724571756275216e-01 5.290998177342030040e-01
6.523790019952193653e-01 5.290990121690015702e-01
6.741912424762606104e-01 5.291997403661611310e-01
6.967327734975364839e-01 5.290599601815751951e-01
7.200279788307419881e-01 5.290191999609523688e-01
7.441020575170596008e-01 5.290548641495325111e-01
7.689810511256225389e-01 5.291001653084542733e-01
7.946918719233755368e-01 5.291155464385967067e-01
8.212623319867858873e-01 5.291109808680957149e-01
8.487211732869031078e-01 5.291016533350446638e-01
8.770980987803161932e-01 5.290973738279790561e-01
9.064238045396205701e-01 5.290970237755505678e-01
9.367300129581793700e-01 5.290981606462367148e-01
9.680495070650749767e-01 5.290990088344293962e-01
1.000416165987385808e+00 5.290993113071308374e-01
1.033865001598128330e+00 5.290990216460353945e-01
1.068432196389532240e+00 5.290982296292808806e-01
1.104155142612600837e+00 5.290973730334165293e-01
1.141072482725305592e+00 5.290969441080766167e-01
1.179224151193147607e+00 5.290971285997891904e-01
1.218651417687333982e+00 5.290972316998941993e-01
1.259396931727273516e+00 5.290964016076331600e-01
1.301504768815691548e+00 5.290943422906394522e-01
1.345020478116276896e+00 5.290925566566129223e-01
1.389991131725407447e+00 5.290929109088717830e-01
1.436465375591293947e+00 5.290963688523220299e-01
1.484493482135585296e+00 5.291005979735492470e-01
1.534127404634392455e+00 5.291025133111262324e-01
1.585420833417506836e+00 5.290999716171586043e-01
1.638429253946665609e+00 5.290947146766747933e-01
1.693210006835640158e+00 5.290894859989230259e-01
1.749822349877109051e+00 5.290865605617832701e-01
1.808327522143368116e+00 5.290860294072866621e-01
1.868788810230267217e+00 5.290873477495303678e-01
1.931271616715998229e+00 5.290898850462966152e-01
1.995843530908793184e+00 5.290925591523916172e-01
2.062574401960084458e+00 5.290941396712210976e-01
2.131536414422164238e+00 5.290937374171591490e-01
2.202804166332139602e+00 5.290925006461253410e-01
2.276454749906602792e+00 5.290923304590567922e-01
2.352567834934338631e+00 5.290947082290373693e-01
2.431225754957225149e+00 5.290982627538881600e-01
2.512513596332623944e+00 5.291004388400456504e-01
2.596519290273538783e+00 5.290990905606871575e-01
2.683333707966161441e+00 5.290952594171112189e-01
2.773050758867611432e+00 5.290914698388620163e-01
2.865767492290306695e+00 5.290899605448435850e-01
2.961584202382770314e+00 5.290903775920350327e-01
3.060604536620467719e+00 5.290910174595701010e-01
3.162935607924048931e+00 5.290903723924529345e-01
3.268688110526199786e+00 5.290890351808746894e-01
3.377976439712552459e+00 5.290888197686517413e-01
3.490918815566087297e+00 5.290913278480858795e-01
3.607637410848952619e+00 5.290955003156163627e-01
3.728258483159945236e+00 5.290985528976276386e-01
3.852912511510727001e+00 5.290979047375216071e-01
3.981734337468417539e+00 5.290941419168817550e-01
4.114863311017320058e+00 5.290901377749872569e-01
4.252443441297450555e+00 5.290886503191365442e-01
4.394623552383071896e+00 5.290897834864727312e-01
4.541557444269631816e+00 5.290915080980307383e-01
4.693404059243289517e+00 5.290918250917540089e-01
4.850327653813030437e+00 5.290904492204364651e-01
5.012497976391239618e+00 5.290886272165447046e-01
5.180090450915090017e+00 5.290876046141020916e-01
5.353286366607249214e+00 5.290873728327463166e-01
5.532273074081278885e+00 5.290866769350065502e-01
5.717244188003695271e+00 5.290842744743833315e-01
5.908399796532135539e+00 5.290807548831841789e-01
6.105946677756002750e+00 5.290787317344226581e-01
6.310098523373801171e+00 5.290808436756245792e-01
6.521076169849157722e+00 5.290869898887556877e-01
6.739107837295406966e+00 5.290937030594062840e-01
6.964429376347387013e+00 5.290973541544810033e-01
7.197284523287298619e+00 5.290962796637648236e-01
7.437925163700752407e+00 5.290915037321027858e-01
7.686611604948010879e+00 5.290842559718446081e-01
7.943612857745410594e+00 5.290764337670906814e-01
8.209206927161357470e+00 5.290709515154645715e-01
8.483681113341843272e+00 5.290707758717922982e-01
8.767332322290526392e+00 5.290762943214821767e-01
9.060467387039910392e+00 5.290835144995407191e-01
9.363403399560734641e+00 5.290880381387736975e-01
9.676468053768756405e+00 5.290876187881735637e-01
1.000000000000001243e+01 5.290840905921282422e-01
