2.000000000000000164e-05 8.786736294881611897e-01
2.066869842267550072e-05 8.786720107420598058e-01
2.135975472437544027e-05 8.786733303326262901e-01
2.207391643902171255e-05 8.786745725826624609e-01
2.281195609427394449e-05 8.786757875231637760e-01
2.357467204719313169e-05 8.786753758077032739e-01
2.436288934784564352e-05 8.786723638760219890e-01
2.517746063178175121e-05 8.786739670571684924e-01
2.601926704235410016e-05 8.786775890414759704e-01
2.688921918387384303e-05 8.786762869196015346e-01
2.778825810663545582e-05 8.786773653493029634e-01
2.871735632487579741e-05 8.786789397227290355e-01
2.967751886876853870e-05 8.786719361490975544e-01
3.066978437159193627e-05 8.786749433077118976e-01
3.169522619324599853e-05 8.786797357179962908e-01
3.275495358133433647e-05 8.786763389513091438e-01
3.385011287106671010e-05 8.786751530037909541e-01
3.498188872528021299e-05 8.786758782137273904e-01
3.615150541592045298e-05 8.786734114921457284e-01
3.736022814836899319e-05 8.786770964822413488e-01
3.860936443004954884e-05 8.786784272786877237e-01
3.990026548479344494e-05 8.786729494192843104e-01
4.123432771449419843e-05 8.786715162861129524e-01
4.261299420963254024e-05 8.786721172201680252e-01
4.403775631030562105e-05 8.786741057522625686e-01
4.551015521944909301e-05 8.786764811511625917e-01
4.703178366999723984e-05 8.786727353406527108e-01
4.860428764778435972e-05 8.786728182990064528e-01
5.022936817205134787e-05 8.786737339041993389e-01
5.190878313548323190e-05 8.786722317287493089e-01
5.364434920576834987e-05 8.786708020699601773e-01
5.543794379073590958e-05 8.786682314679155059e-01
5.729150706919781900e-05 8.786738903861364136e-01
5.920704408969155763e-05 8.786691862522604257e-01
6.118662693939432690e-05 8.786734017157855625e-01
6.323239698555469304e-05 8.786719872317063640e-01
6.534656719186627638e-05 8.786667062479625034e-01
6.753142451228926792e-05 8.786704297085304871e-01
6.978933236490913268e-05 8.786737843951946125e-01
7.212273318850868345e-05 8.786676873601352300e-01
7.453415108461877573e-05 8.786686179364620042e-01
7.702619454790587906e-05 8.786618504711143363e-01
7.960155928784993205e-05 8.786673673344380653e-01
8.226303114476471348e-05 8.786621504783395098e-01
8.501348910331518868e-05 8.786692862576884755e-01
8.785590840679157983e-05 8.786661965382719375e-01
9.079336377550881697e-05 8.786651796352639154e-01
9.382903273281309529e-05 8.786618671054600149e-01
9.696619904229312483e-05 8.786624285655812994e-01
1.002082562599141270e-04 8.786614227782124642e-01
1.035587114049174785e-04 8.786646471254938584e-01
1.070211887534562421e-04 8.786550733376838895e-01
1.105994337590709140e-04 8.786610571958943794e-01
1.142973171042456330e-04 8.786587838985254750e-01
1.181188388874281471e-04 8.786549036699399240e-01
1.220681329500424115e-04 8.786521241895597356e-01
1.261494713481742377e-04 8.786510628304677883e-01
1.303672689737678670e-04 8.786554017441482456e-01
1.347260883303314362e-04 8.786468118770170976e-01
1.392306444683180742e-04 8.786448824090533627e-01
1.438858100855209437e-04 8.786434850290631982e-01
1.486966207979997041e-04 8.786399104378629366e-01
1.536682805872396744e-04 8.786442400627869631e-01
1.588061674294368483e-04 8.786374573311699354e-01
1.641158391129971276e-04 8.786331913184706188e-01
1.696030392505434848e-04 8.786281967505968904e-01
1.752737034919339915e-04 8.786313693908807121e-01
1.811339659450114388e-04 8.786293566946465905e-01
1.871901658110307874e-04 8.786221900545646557e-01
1.934488542419408646e-04 8.786189329586404639e-01
1.999168014269393128e-04 8.786184403795983533e-01
2.066010039159656652e-04 8.786082013831020276e-01
2.135086921880547338e-04 8.786100437403909780e-01
2.206473384727377968e-04 8.786037649253236603e-01
2.280246648329511538e-04 8.785980671331311553e-01
2.356486515181963309e-04 8.785930958584432515e-01
2.435275455969876748e-04 8.785892073626073717e-01
2.516698698779247295e-04 8.785778452640613523e-01
2.600844321290405573e-04 8.785750141377947076e-01
2.687803346053976817e-04 8.785644987091764113e-01
2.777669838952388651e-04 8.785569915534833241e-01
2.870541010953427292e-04 8.785546824575496405e-01
2.966517323265922064e-04 8.785462880130296970e-01
3.065702596011295341e-04 8.785402145326444145e-01
3.168204120528543403e-04 8.785335625020691541e-01
3.274132775434116785e-04 8.785178439250530547e-01
3.383603146562264279e-04 8.785109120232476032e-01
3.496733650915567022e-04 8.784988719717126138e-01
3.613646664759745386e-04 8.784882907943560859e-01
3.734468656001317080e-04 8.784760731070453410e-01
3.859330320991275886e-04 8.784623557630771851e-01
3.988366725902805230e-04 8.784534055867442293e-01
4.121717452835938129e-04 8.784401640267173184e-01
4.259526750807212541e-04 8.784323417737370798e-01
4.401943691787655547e-04 8.784070888010466760e-01
4.549122331957894719e-04 8.784019407020320358e-01
4.701221878354804149e-04 8.783804084260687928e-01
4.858406861089974399e-04 8.783684230562223139e-01
5.020847311326308640e-04 8.783442383123257757e-01
5.188718945205230424e-04 8.783328660908470420e-01
5.362203353923492141e-04 8.783112477868989521e-01
5.541488200165187389e-04 8.782893690666445652e-01
5.726767421101455150e-04 8.782733492175512913e-01
5.918241438177454907e-04 8.782539395323114562e-01
6.116117373913557359e-04 8.782370202976792495e-01
6.320609275955268004e-04 8.782094443609466117e-01
6.531938348614238542e-04 8.781839808318823160e-01
6.750333192150836329e-04 8.781596122753755340e-01
6.976030050057104547e-04 8.781419217593937621e-01
7.209273064607610694e-04 8.781207325317714751e-01
7.450314540954613768e-04 8.780905344929442746e-01
7.699415220053250396e-04 8.780727359151351274e-01
7.956844560711916160e-04 8.780525617169121499e-01
8.222881031073025473e-04 8.780221967951351569e-01
8.497812409839368810e-04 8.780015707333015396e-01
8.781936097571961097e-04 8.779830201575569149e-01
9.075559438396131216e-04 8.779518661828668025e-01
9.379000052463793693e-04 8.779305247378148547e-01
9.692586179531593148e-04 8.779121148037072331e-01
1.001665703402655023e-03 8.778907064877837785e-01
1.035156317198330069e-03 8.778666141037005932e-01
1.069766687024985286e-03 8.778404914928690239e-01
1.105534251837205851e-03 8.778246085960015321e-01
1.142497702358069404e-03 8.778115671001144316e-01
1.180697022931930960e-03 8.777891980825446305e-01
1.220173534776542454e-03 8.777726240817105285e-01
1.260969940681316284e-03 8.777540226526880929e-01
1.303130371200056587e-03 8.777325327352030193e-01
1.346700432388157767e-03 8.777188468172014701e-01
1.391727255135877424e-03 8.777024931167612953e-01
1.438259546151070007e-03 8.776890011429102634e-01
1.486347640646530459e-03 8.776753116651819786e-01
1.536043556788919398e-03 8.776587564051729906e-01
1.587401051968200579e-03 8.776419309567639049e-01
1.640475680948428249e-03 8.776293129911600932e-01
1.695324855962815390e-03 8.776091812909370127e-01
1.752007908818060174e-03 8.775922540539937700e-01
1.810586155075142928e-03 8.775784324505720990e-01
1.871122960375984270e-03 8.775683435827876799e-01
1.933683808987751848e-03 8.775460276338752363e-01
1.998336374638913938e-03 8.775308073714960244e-01
2.065150593723721201e-03 8.775128268285733446e-01
2.134198740954243185e-03 8.774970378533805127e-01
2.205555507541849362e-03 8.774800741315736952e-01
2.279298081992675151e-03 8.774617858137808701e-01
2.355506233604463730e-03 8.774457157986816913e-01
2.434262398755145627e-03 8.774280160527506700e-01
2.515651770076436904e-03 8.774185166117824952e-01
2.599762388608985089e-03 8.773978552153675059e-01
2.686685239038679764e-03 8.773848669943808964e-01
2.776514348117217236e-03 8.773649914065380084e-01
2.869346886373309435e-03 8.773532679065869644e-01
2.965283273224645581e-03 8.773302726388544359e-01
3.064427285604211931e-03 8.773174490768176348e-01
3.166886170218578649e-03 8.773072856101278294e-01
3.272770759559481216e-03 8.772907509533766079e-01
3.382195591794276077e-03 8.772733576186920734e-01
3.495279034664920681e-03 8.772569858223303596e-01
3.612143413529477973e-03 8.772403913362747385e-01
3.732915143684721951e-03 8.772284093065951804e-01
3.857724867112893516e-03 8.772129459571491594e-01
3.986707593800617976e-03 8.771989520411678232e-01
4.120002847782761740e-03 8.771818715072966510e-01
4.257754818069308354e-03 8.771664271979059402e-01
4.400112514618404608e-03 8.771582207339546633e-01
4.547229929524409554e-03 8.771411415959351476e-01
4.699266203595197679e-03 8.771231162985954066e-01
4.856385798499019031e-03 8.771116405284820061e-01
5.018758674667020935e-03 8.770967378167913164e-01
5.186560475143959549e-03 8.770796110828112946e-01
5.359972715585955248e-03 8.770660346192982182e-01
5.539182980610755057e-03 8.770495713783987846e-01
5.724385126713026593e-03 8.770423444050681194e-01
5.915779491964028892e-03 8.770278242037549132e-01
6.113573112722652143e-03 8.770089822767168641e-01
6.317979947592099882e-03 8.769974587680837708e-01
6.529221108864616957e-03 8.769879872454918734e-01
6.747525101704480652e-03 8.769711370875119538e-01
6.973128071328140755e-03 8.769628968543953240e-01
7.206274058448705437e-03 8.769471824050095732e-01
7.447215263261310406e-03 8.769367073212750441e-01
7.696212318254701257e-03 8.769235137553007542e-01
7.953534570144332738e-03 8.769116607720846002e-01
8.219460371231864307e-03 8.768950674840955140e-01
8.494277380506187053e-03 8.768882980498370339e-01
8.778282874811823774e-03 8.768736840114117470e-01
9.071784070421121463e-03 8.768682695456478937e-01
9.375098455358292851e-03 8.768553512652493831e-01
9.688554132834568261e-03 8.768406301558516747e-01
1.001249017616620725e-02 8.768357327474142204e-01
1.034725699555901803e-02 8.768251298651101866e-01
1.069321671715643858e-02 8.768136464238903693e-01
1.105074357476093505e-02 8.768035829516139801e-01
1.142022431465263173e-02 8.767921807105076848e-01
1.180205861394306721e-02 8.767832767140314454e-01
1.219665951291643881e-02 8.767775084205466918e-01
1.260445386182631328e-02 8.767679748067365164e-01
1.302588278263077520e-02 8.767624946259846563e-01
1.346140214616583890e-02 8.767506538559257656e-01
1.391148306527291781e-02 8.767439135396198902e-01
1.437661240441416924e-02 8.767364980891518833e-01
1.485729330632660182e-02 8.767255943375571459e-01
1.535404573628500365e-02 8.767187738353530158e-01
1.586740704456205894e-02 8.767145038375738775e-01
1.639793254769450481e-02 8.767055815931189544e-01
1.694619612918364313e-02 8.766977134425424367e-01
1.751279086028037155e-02 8.766982681934543109e-01
1.809832964152614798e-02 8.766875409138584763e-01
1.870344586574363213e-02 8.766762927990656706e-01
1.932879410319460894e-02 8.766778657636623562e-01
1.997505080964588620e-02 8.766704180255108225e-01
2.064291505810955316e-02 8.766631083403824132e-01
2.133310929504865505e-02 8.766572737855873321e-01
2.204638012186681956e-02 8.766564420387384926e-01
2.278349910252664909e-02 8.766493547412312903e-01
2.354526359817107548e-02 8.766416479807574991e-01
2.433249762964985810e-02 8.766338228904895225e-01
2.514605276888498206e-02 8.766372320121912365e-01
2.598680906003840441e-02 8.766302528221594503e-01
2.685567597147924673e-02 8.766263683458683786e-01
2.775359337957988490e-02 8.766190202935688625e-01
2.868153258540498754e-02 8.766182615956643609e-01
2.964049736539381419e-02 8.766108946315616102e-01
3.063152505717161092e-02 8.766166853602542774e-01
3.165568768166540647e-02 8.766124618627033627e-01
3.271409310273729054e-02 8.766053958205536345e-01
3.380788622559029871e-02 8.766064913899628275e-01
3.493825023524253087e-02 8.765929121921938183e-01
3.610640787640997940e-02 8.765929145261577293e-01
3.731362277618164441e-02 8.765960747306986711e-01
3.856120081091872487e-02 8.765942015397614195e-01
3.985049151885547425e-02 8.765891388575752785e-01
4.118288955993056055e-02 8.765844443081174386e-01
4.255983622442782027e-02 8.765875634746370659e-01
4.398282099205792772e-02 8.765864150661607512e-01
4.545338314316834522e-02 8.765817410902922990e-01
4.697311342382341770e-02 8.765760732119459719e-01
4.854365576655684383e-02 8.765797483246856592e-01
5.016670906865677154e-02 8.765762038615695362e-01
5.184402902990837420e-02 8.765743816179650816e-01
5.357743005178047802e-02 8.765758601854597432e-01
5.536878720011212396e-02 8.765779710322432194e-01
5.722003823342062395e-02 8.765667123508825709e-01
5.913318569902666078e-02 8.765661551318936207e-01
6.111029909926251474e-02 8.765711340017501296e-01
6.315351713010779189e-02 8.765696718007198740e-01
6.526504999467336310e-02 8.765628638261799832e-01
6.744718179403717817e-02 8.765622253446455625e-01
6.970227299801623477e-02 8.765636524667089757e-01
7.203276299854979858e-02 8.765617748728968817e-01
7.444117274845411802e-02 8.765582312533656273e-01
7.693010748840443946e-02 8.765644979983583385e-01
7.950225956509210379e-02 8.765572446852958333e-01
8.216041134360790865e-02 8.765623229602509392e-01
8.490743821719984319e-02 8.765606654704586331e-01
8.774631171766281157e-02 8.765563731549791404e-01
9.068010272972255870e-02 8.765568736640358960e-01
9.371198481289348681e-02 8.765575004074883658e-01
9.684523763440215649e-02 8.765591161083982064e-01
1.000832505168899600e-01 8.765526205764647694e-01
1.034295261047340625e-01 8.765500736846979501e-01
1.068876841529496080e-01 8.765548199518125028e-01
1.104614654427753945e-01 8.765559442382528932e-01
1.141547358281756464e-01 8.765511492781825620e-01
1.179714904176376727e-01 8.765520710687332295e-01
1.219158578957853512e-01 8.765519520893350069e-01
1.259921049894874856e-01 8.765569740038626767e-01
1.302046410832891354e-01 8.765572325266671738e-01
1.345580229891604751e-01 8.765515780559028913e-01
1.390569598757198100e-01 8.765507117539429460e-01
1.437063183622670492e-01 8.765501706863992881e-01
1.485111277831346888e-01 8.765472327092524996e-01
1.534765856280515817e-01 8.765504756442351608e-01
1.586080631644066208e-01 8.765529303536445660e-01
1.639111112474894438e-01 8.765515547483285763e-01
1.693914663249987407e-01 8.765503821822868691e-01
1.750550566423093313e-01 8.765448979045428191e-01
1.809080086552135869e-01 8.765470622099851283e-01
1.869566536570689830e-01 8.765519055537575044e-01
1.932075346275276828e-01 8.765494712625018225e-01
1.996674133102498971e-01 8.765502843302434011e-01
2.063432775272630582e-01 8.765469194707454781e-01
2.132423487378718452e-01 8.765463884236274206e-01
2.203720898503036263e-01 8.765513498314487784e-01
2.277402132945338109e-01 8.765501471768454289e-01
2.353546893650253491e-01 8.765407586177563770e-01
2.432237548424092122e-01 8.765480844502359092e-01
2.513559219034258718e-01 8.765498069836403783e-01
2.597599873287743666e-01 8.765523674817643496e-01
2.684450420188219666e-01 8.765497666706395519e-01
2.774204808274743361e-01 8.765487689272430938e-01
2.866960127248350254e-01 8.765479181560573707e-01
2.962816712996577673e-01 8.765519793930902637e-01
3.061878256129444420e-01 8.765502759873166072e-01
3.164251914144354805e-01 8.765471935261862635e-01
3.270048427341168962e-01 8.765474119705632949e-01
3.379382238612947953e-01 8.765534986329370781e-01
3.492371617241852855e-01 8.765484384551469610e-01
3.609138786834163448e-01 8.765443619313180168e-01
3.729810057532814693e-01 8.765502764090262744e-01
3.854515962650386651e-01 8.765477708218218922e-01
3.983391399870480631e-01 8.765515538303048082e-01
4.116575777170102257e-01 8.765472871947258549e-01
4.254213163620995108e-01 8.765439091269466854e-01
4.396452445232932327e-01 8.765452429319241512e-01
4.543447486007690661e-01 8.765509527143487967e-01
4.695357294377799362e-01 8.765498323932646718e-01
4.852346195210218704e-01 8.765496420664931065e-01
5.014584007560848322e-01 8.765511794787350652e-01
5.182246228372336949e-01 8.765460741335246997e-01
5.355514222313770833e-01 8.765492234404740346e-01
5.534575417967635413e-01 8.765425899585264080e-01
5.719623510576314906e-01 8.765452018001179679e-01
5.910858671567322808e-01 8.765447355642707050e-01
6.108487765084068544e-01 8.765481547792220995e-01
6.312724571756275216e-01 8.765465346848556605e-01
6.523790019952193653e-01 8.765499461247796553e-01
6.741912424762606104e-01 8.765365096254871258e-01
6.967327734975364839e-01 8.765503130229403972e-01
7.200279788307419881e-01 8.765550706772081702e-01
7.441020575170596008e-01 8.765516624759289721e-01
7.689810511256225389e-01 8.765461738985202977e-01
7.946918719233755368e-01 8.765426267641969194e-01
8.212623319867858873e-01 8.765412892343783513e-01
8.487211732869031078e-01 8.765420291790155805e-01
8.770980987803161932e-01 8.765443540992727822e-01
9.064238045396205701e-01 8.765470387519527229e-01
9.367300129581793700e-01 8.765487715761469678e-01
9.680495070650749767e-01 8.765488567934915931e-01
1.000416165987385808e+00 8.765480007477650659e-01
1.033865001598128330e+00 8.765471030652175477e-01
1.068432196389532240e+00 8.765466811476055886e-01
1.104155142612600837e+00 8.765462757794230120e-01
1.141072482725305592e+00 8.765452744371267091e-01
1.179224151193147607e+00 8.765434964743724633e-01
1.218651417687333982e+00 8.765420019811311914e-01
1.259396931727273516e+00 8.765420723021232208e-01
1.301504768815691548e+00 8.765443573422811996e-01
1.345020478116276896e+00 8.765474631331059419e-01
1.389991131725407447e+00 8.765495829333491695e-01
1.436465375591293947e+00 8.765494958596227182e-01
1.484493482135585296e+00 8.765481210707182225e-01
1.534127404634392455e+00 8.765468662313802284e-01
1.585420833417506836e+00 8.765467680294829478e-01
1.638429253946665609e+00 8.765473326894480666e-01
1.693210006835640158e+00 8.765476718185286620e-01
1.749822349877109051e+00 8.765470861027864213e-01
1.808327522143368116e+00 8.765457575737685136e-01
1.868788810230267217e+00 8.765441248559827647e-01
1.931271616715998229e+00 8.765426488638532465e-01
1.995843530908793184e+00 8.765419078376756046e-01
2.062574401960084458e+00 8.765425185329995816e-01
2.131536414422164238e+00 8.765448390391906708e-01
2.202804166332139602e+00 8.765476831539045222e-01
2.276454749906602792e+00 8.765492940516314002e-01
2.352567834934338631e+00 8.765482519937256578e-01
2.431225754957225149e+00 8.765454278001363342e-01
2.512513596332623944e+00 8.765426430134223290e-01
2.596519290273538783e+00 8.765415157050423511e-01
2.683333707966161441e+00 8.765420702579783674e-01
2.773050758867611432e+00 8.765435896012117034e-01
2.865767492290306695e+00 8.765453789520963879e-01
2.961584202382770314e+00 8.765469764555621213e-01
3.060604536620467719e+00 8.765480415038771067e-01
3.162935607924048931e+00 8.765482683142679088e-01
3.268688110526199786e+00 8.765476933178637520e-01
3.377976439712552459e+00 8.765465518924264732e-01
3.490918815566087297e+00 8.765450780388471808e-01
3.607637410848952619e+00 8.765434608656956783e-01
3.728258483159945236e+00 8.765418603740496861e-01
3.852912511510727001e+00 8.765404314182471124e-01
3.981734337468417539e+00 8.765392654543905371e-01
4.114863311017320058e+00 8.765384081509156600e-01
4.252443441297450555e+00 8.765378994674238866e-01
4.394623552383071896e+00 8.765377043790305578e-01
4.541557444269631816e+00 8.765377275937107360e-01
4.693404059243289517e+00 8.765378661066396404e-01
4.850327653813030437e+00 8.765379030669478988e-01
5.012497976391239618e+00 8.765375198570375392e-01
5.180090450915090017e+00 8.765364140677985860e-01
5.353286366607249214e+00 8.765347334762190190e-01
5.532273074081278885e+00 8.765330732596298136e-01
5.717244188003695271e+00 8.765320306904889058e-01
5.908399796532135539e+00 8.765317278313318194e-01
6.105946677756002750e+00 8.765317616617828156e-01
6.310098523373801171e+00 8.765317069128660821e-01
6.521076169849157722e+00 8.765313069778479793e-01
6.739107837295406966e+00 8.765305125155764543e-01
6.964429376347387013e+00 8.765292880415378463e-01
7.197284523287298619e+00 8.765276476430544639e-01
7.437925163700752407e+00 8.765256731932936640e-01
7.686611604948010879e+00 8.765234529836812838e-01
7.943612857745410594e+00 8.765211629055124076e-01
8.209206927161357470e+00 8.765191122656709188e-01
8.483681113341843272e+00 8.765176172643965868e-01
8.767332322290526392e+00 8.765166587153310207e-01
9.060467387039910392e+00 8.765156478916374949e-01
9.363403399560734641e+00 8.765139445048769629e-01
9.676468053768756405e+00 8.765113237287480707e-01
1.000000000000001243e+01 8.765083485999809465e-01
