2.000000000000000164e-05 1.582773904527341813e+01
2.066869842267550072e-05 1.633671425601885474e+01
2.135975472437544027e-05 1.686205637751053743e+01
2.207391643902171255e-05 1.740429262334243177e+01
2.281195609427394449e-05 1.796396448230161980e+01
2.357467204719313169e-05 1.854163523774478151e+01
2.436288934784564352e-05 1.913787596776788291e+01
2.517746063178175121e-05 1.975329507167409204e+01
2.601926704235410016e-05 2.038849690416557792e+01
2.688921918387384303e-05 2.104413029492059550e+01
2.778825810663545582e-05 2.172084063736580717e+01
2.871735632487579741e-05 2.241931155995045444e+01
2.967751886876853870e-05 2.314024238872048045e+01
3.066978437159193627e-05 2.388435230647003493e+01
3.169522619324599853e-05 2.465239259959335882e+01
3.275495358133433647e-05 2.544512220583138529e+01
3.385011287106671010e-05 2.626334989574359469e+01
3.498188872528021299e-05 2.710787254088433329e+01
3.615150541592045298e-05 2.797956348330095722e+01
3.736022814836899319e-05 2.887927143349577719e+01
3.860936443004954884e-05 2.980791149827637199e+01
3.990026548479344494e-05 3.076640679989487381e+01
4.123432771449419843e-05 3.175571953924209723e+01
4.261299420963254024e-05 3.277684120517169930e+01
4.403775631030562105e-05 3.383079509863099332e+01
4.551015521944909301e-05 3.491863151167017065e+01
4.703178366999723984e-05 3.604143528209024794e+01
4.860428764778435972e-05 3.720033893537188874e+01
5.022936817205134787e-05 3.839650450081914101e+01
5.190878313548323190e-05 3.963112190870516116e+01
5.364434920576834987e-05 4.090542703097030852e+01
5.543794379073590958e-05 4.222069341299285838e+01
5.729150706919781900e-05 4.357824733605155387e+01
5.920704408969155763e-05 4.497943285026975957e+01
6.118662693939432690e-05 4.642565890679252050e+01
6.323239698555469304e-05 4.791837392808422180e+01
6.534656719186627638e-05 4.945906923405183164e+01
6.753142451228926792e-05 5.104928095591910164e+01
6.978933236490913268e-05 5.269060085117110503e+01
7.212273318850868345e-05 5.438466651256877782e+01
7.453415108461877573e-05 5.613317594435631008e+01
7.702619454790587906e-05 5.793787984788571066e+01
7.960155928784993205e-05 5.980056346113236287e+01
8.226303114476471348e-05 6.172311604998519385e+01
8.501348910331518868e-05 6.370743596615768212e+01
8.785590840679157983e-05 6.575551522959652573e+01
9.079336377550881697e-05 6.786937948166603007e+01
9.382903273281309529e-05 7.005116677113208823e+01
9.696619904229312483e-05 7.230301599218314834e+01
1.002082562599141270e-04 7.462722676371637931e+01
1.035587114049174785e-04 7.702606749967318933e+01
1.070211887534562421e-04 7.950194825218990502e+01
1.105994337590709140e-04 8.205733334912244459e+01
1.142973171042456330e-04 8.469477646489407618e+01
1.181188388874281471e-04 8.741689295251265435e+01
1.220681329500424115e-04 9.022640804134249493e+01
1.261494713481742377e-04 9.312608638818170448e+01
1.303672689737678670e-04 9.611884172012413785e+01
1.347260883303314362e-04 9.920762442361281330e+01
1.392306444683180742e-04 1.023955248699203793e+02
1.438858100855209437e-04 1.056856920796349470e+02
1.486966207979997041e-04 1.090813798527083236e+02
1.536682805872396744e-04 1.125859828357781680e+02
1.588061674294368483e-04 1.162029643825796654e+02
1.641158391129971276e-04 1.199358885484201096e+02
1.696030392505434848e-04 1.237884449558746240e+02
1.752737034919339915e-04 1.277644786301641773e+02
1.811339659450114388e-04 1.318678770948966701e+02
1.871901658110307874e-04 1.361027138651902533e+02
1.934488542419408646e-04 1.404731267110730357e+02
1.999168014269393128e-04 1.449834425485057920e+02
2.066010039159656652e-04 1.496381180979383032e+02
2.135086921880547338e-04 1.544416792463463537e+02
2.206473384727377968e-04 1.593988521454594718e+02
2.280246648329511538e-04 1.645144743330257882e+02
2.356486515181963309e-04 1.697935636229568104e+02
2.435275455969876748e-04 1.752412779000888463e+02
2.516698698779247295e-04 1.808629415476071074e+02
2.600844321290405573e-04 1.866639665380492090e+02
2.687803346053976817e-04 1.926500339322329296e+02
2.777669838952388651e-04 1.988268442446070310e+02
2.870541010953427292e-04 2.052005252505310864e+02
2.966517323265922064e-04 2.117771061996223523e+02
3.065702596011295341e-04 2.185629067134420893e+02
3.168204120528543403e-04 2.255645068090673817e+02
3.274132775434116785e-04 2.327885176360909156e+02
3.383603146562264279e-04 2.402418590276653561e+02
3.496733650915567022e-04 2.479316402650616737e+02
3.613646664759745386e-04 2.558650794376934527e+02
3.734468656001317080e-04 2.640496738136867521e+02
3.859330320991275886e-04 2.724931527910790692e+02
3.988366725902805230e-04 2.812034205812402092e+02
4.121717452835938129e-04 2.901885475934856231e+02
4.259526750807212541e-04 2.994568381534234049e+02
4.401943691787655547e-04 3.090168748687596008e+02
4.549122331957894719e-04 3.188774918519016524e+02
4.701221878354804149e-04 3.290475007297609977e+02
4.858406861089974399e-04 3.395362943676969394e+02
5.020847311326308640e-04 3.503532918584003255e+02
5.188718945205230424e-04 3.615080895411810502e+02
5.362203353923492141e-04 3.730107616357942675e+02
5.541488200165187389e-04 3.848712896754267376e+02
5.726767421101455150e-04 3.971001060336389514e+02
5.918241438177454907e-04 4.097078380793481074e+02
6.116117373913557359e-04 4.227053036647008071e+02
6.320609275955268004e-04 4.361036678053104652e+02
6.531938348614238542e-04 4.499141414491440401e+02
6.750333192150836329e-04 4.641483757386579896e+02
6.976030050057104547e-04 4.788179154892322913e+02
7.209273064607610694e-04 4.939349396716888805e+02
7.450314540954613768e-04 5.095116429531420295e+02
7.699415220053250396e-04 5.255603688961957687e+02
7.956844560711916160e-04 5.420937534882535829e+02
8.222881031073025473e-04 5.591246477797683383e+02
8.497812409839368810e-04 5.766661620018094254e+02
8.781936097571961097e-04 5.947313310407689642e+02
9.075559438396131216e-04 6.133337142049258546e+02
9.379000052463793693e-04 6.324868298692395001e+02
9.692586179531593148e-04 6.522043615632372848e+02
1.001665703402655023e-03 6.725001739105128991e+02
1.035156317198330069e-03 6.933884120617755116e+02
1.069766687024985286e-03 7.148831703876625170e+02
1.105534251837205851e-03 7.369985124331026327e+02
1.142497702358069404e-03 7.597492521817077886e+02
1.180697022931930960e-03 7.831493840264583923e+02
1.220173534776542454e-03 8.072135194392036510e+02
1.260969940681316284e-03 8.319562775215870261e+02
1.303130371200056587e-03 8.573920942568273631e+02
1.346700432388157767e-03 8.835357801611604600e+02
1.391727255135877424e-03 9.104015264720549112e+02
1.438259546151070007e-03 9.380040343698948391e+02
1.486347640646530459e-03 9.663574123871447910e+02
1.536043556788919398e-03 9.954760607936469796e+02
1.587401051968200579e-03 1.025373717389467629e+03
1.640475680948428249e-03 1.056064566140074248e+03
1.695324855962815390e-03 1.087561980085104778e+03
1.752007908818060174e-03 1.119879191176901713e+03
1.810586155075142928e-03 1.153028840644410820e+03
1.871122960375984270e-03 1.187023500148306312e+03
1.933683808987751848e-03 1.221875337203059416e+03
1.998336374638913938e-03 1.257595382822708871e+03
2.065150593723721201e-03 1.294194391453551589e+03
2.134198740954243185e-03 1.331682285402449452e+03
2.205555507541849362e-03 1.370068511331385025e+03
2.279298081992675151e-03 1.409361490682396379e+03
2.355506233604463730e-03 1.449568371701999695e+03
2.434262398755145627e-03 1.490696014057093407e+03
2.515651770076436904e-03 1.532749116306619044e+03
2.599762388608985089e-03 1.575732261156102368e+03
2.686685239038679764e-03 1.619647886616393180e+03
2.776514348117217236e-03 1.664497512095230149e+03
2.869346886373309435e-03 1.710280737751187417e+03
2.965283273224645581e-03 1.756995661567881371e+03
3.064427285604211931e-03 1.804638502129389735e+03
3.166886170218578649e-03 1.853204030349958202e+03
3.272770759559481216e-03 1.902684736757336623e+03
3.382195591794276077e-03 1.953070581228104402e+03
3.495279034664920681e-03 2.004350137172137238e+03
3.612143413529477973e-03 2.056509164652007257e+03
3.732915143684721951e-03 2.109530778753588947e+03
3.857724867112893516e-03 2.163395909994438171e+03
3.986707593800617976e-03 2.218082342771239837e+03
4.120002847782761740e-03 2.273564853245809445e+03
4.257754818069308354e-03 2.329815538395529074e+03
4.400112514618404608e-03 2.386802421404063807e+03
4.547229929524409554e-03 2.444490862830217338e+03
4.699266203595197679e-03 2.502842528066904379e+03
4.856385798499019031e-03 2.561815308250593716e+03
5.018758674667020935e-03 2.621362735871097811e+03
5.186560475143959549e-03 2.681434826335452726e+03
5.359972715585955248e-03 2.741977060748002259e+03
5.539182980610755057e-03 2.802931155700332511e+03
5.724385126713026593e-03 2.864232954177113697e+03
5.915779491964028892e-03 2.925815399031864217e+03
6.113573112722652143e-03 2.987604480803438946e+03
6.317979947592099882e-03 3.049522857981070047e+03
6.529221108864616957e-03 3.111486231326010056e+03
6.747525101704480652e-03 3.173406003904884074e+03
6.973128071328140755e-03 3.235188195376963904e+03
7.206274058448705437e-03 3.296732051953721566e+03
7.447215263261310406e-03 3.357931705117772253e+03
7.696212318254701257e-03 3.418675384968659273e+03
7.953534570144332738e-03 3.478845035002788791e+03
8.219460371231864307e-03 3.538315021429248645e+03
8.494277380506187053e-03 3.596955484739211897e+03
8.778282874811823774e-03 3.654628550389967131e+03
9.071784070421121463e-03 3.711190670354202666e+03
9.375098455358292851e-03 3.766491444491638958e+03
9.688554132834568261e-03 3.820373436281326576e+03
1.001249017616620725e-02 3.872673936253093416e+03
1.034725699555901803e-02 3.923222141717616978e+03
1.069321671715643858e-02 3.971843420442485240e+03
1.105074357476093505e-02 4.018355609480027852e+03
1.142022431465263173e-02 4.062569879876375126e+03
1.180205861394306721e-02 4.104294726635495863e+03
1.219665951291643881e-02 4.143330129891473916e+03
1.260445386182631328e-02 4.179475837896009580e+03
1.302588278263077520e-02 4.212525513858683553e+03
1.346140214616583890e-02 4.242270807873918784e+03
1.391148306527291781e-02 4.268501862231352789e+03
1.437661240441416924e-02 4.291006424201052141e+03
1.485729330632660182e-02 4.309578787580094286e+03
1.535404573628500365e-02 4.324007621173535881e+03
1.586740704456205894e-02 4.334091865927262916e+03
1.639793254769450481e-02 4.339635725558888225e+03
1.694619612918364313e-02 4.340450422766361953e+03
1.751279086028037155e-02 4.336359077150411395e+03
1.809832964152614798e-02 4.327200593822070005e+03
1.870344586574363213e-02 4.312827512197763099e+03
1.932879410319460894e-02 4.293116077359999508e+03
1.997505080964588620e-02 4.267963330767695879e+03
2.064291505810955316e-02 4.237297566413721142e+03
2.133310929504865505e-02 4.201076148190899403e+03
2.204638012186681956e-02 4.159291747469363145e+03
2.278349910252664909e-02 4.111975860341265616e+03
2.354526359817107548e-02 4.059206732377957906e+03
2.433249762964985810e-02 4.001103919128460348e+03
2.514605276888498206e-02 3.937843459697081016e+03
2.598680906003840441e-02 3.869648109059538001e+03
2.685567597147924673e-02 3.796799706894027167e+03
2.775359337957988490e-02 3.719634330345970284e+03
2.868153258540498754e-02 3.638547613080479096e+03
2.964049736539381419e-02 3.553988216128148906e+03
3.063152505717161092e-02 3.466460150010168036e+03
3.165568768166540647e-02 3.376514510714576772e+03
3.271409310273729054e-02 3.284751154171819053e+03
3.380788622559029871e-02 3.191802209804763606e+03
3.493825023524253087e-02 3.098331452077504309e+03
3.610640787640997940e-02 3.005019683860633450e+03
3.731362277618164441e-02 2.912550287577841118e+03
3.856120081091872487e-02 2.821599588962167218e+03
3.985049151885547425e-02 2.732819347719637790e+03
4.118288955993056055e-02 2.646819164554198323e+03
4.255983622442782027e-02 2.564150302842783276e+03
4.398282099205792772e-02 2.485287317206496482e+03
4.545338314316834522e-02 2.410608644787183039e+03
4.697311342382341770e-02 2.340382462319774277e+03
4.854365576655684383e-02 2.274743384382421027e+03
5.016670906865677154e-02 2.213681097249017057e+03
5.184402902990837420e-02 2.157025351098331157e+03
5.357743005178047802e-02 2.104433274386717585e+03
5.536878720011212396e-02 2.055385507059071188e+03
5.722003823342062395e-02 2.009186634898086368e+03
5.913318569902666078e-02 1.964976221833706404e+03
6.111029909926251474e-02 1.921749463502453409e+03
6.315351713010779189e-02 1.878397631088092339e+03
6.526504999467336310e-02 1.833759068922468941e+03
6.744718179403717817e-02 1.786693641005728068e+03
6.970227299801623477e-02 1.736170949923594662e+03
7.203276299854979858e-02 1.681368410911931051e+03
7.444117274845411802e-02 1.621773054241487671e+03
7.693010748840443946e-02 1.557273899116775056e+03
7.950225956509210379e-02 1.488226680205737011e+03
8.216041134360790865e-02 1.415480923394470665e+03
8.490743821719984319e-02 1.340353289607744273e+03
8.774631171766281157e-02 1.264542483443068704e+03
9.068010272972255870e-02 1.189989743770950554e+03
9.371198481289348681e-02 1.118696006200559168e+03
9.684523763440215649e-02 1.052516895739640177e+03
1.000832505168899600e-01 9.929624351355222416e+02
1.034295261047340625e-01 9.410203540163806792e+02
1.068876841529496080e-01 8.970223481397981686e+02
1.104614654427753945e-01 8.605650992119569764e+02
1.141547358281756464e-01 8.304946851311693763e+02
1.179714904176376727e-01 8.049744699783472015e+02
1.219158578957853512e-01 7.816576751504991307e+02
1.259921049894874856e-01 7.579838116829035926e+02
1.302046410832891354e-01 7.315947457203858448e+02
1.345580229891604751e-01 7.008127609186436757e+02
1.390569598757198100e-01 6.650605154218219468e+02
1.437063183622670492e-01 6.250786689689510922e+02
1.485111277831346888e-01 5.828178855139625512e+02
1.534765856280515817e-01 5.409917481255596385e+02
1.586080631644066208e-01 5.024020228201952705e+02
1.639111112474894438e-01 4.692317655328474757e+02
1.693914663249987407e-01 4.425035621276779239e+02
1.750550566423093313e-01 4.218248830600991823e+02
1.809080086552135869e-01 4.054699583080660545e+02
1.869566536570689830e-01 3.908215758611505066e+02
1.932075346275276828e-01 3.751486314828678132e+02
1.996674133102498971e-01 3.565558728210276627e+02
2.063432775272630582e-01 3.347300345964898725e+02
2.132423487378718452e-01 3.110574870936808338e+02
2.203720898503036263e-01 2.879550624033130930e+02
2.277402132945338109e-01 2.677244895747209625e+02
2.353546893650253491e-01 2.515112190224781159e+02
2.432237548424092122e-01 2.388511514793751758e+02
2.513559219034258718e-01 2.279818976390452860e+02
2.597599873287743666e-01 2.168094933263695054e+02
2.684450420188219666e-01 2.040951623829747348e+02
2.774204808274743361e-01 1.901389708610961691e+02
2.866960127248350254e-01 1.764210246168166805e+02
2.962816712996577673e-01 1.644427958956429165e+02
3.061878256129444420e-01 1.546617434149169412e+02
3.164251914144354805e-01 1.462880040312218171e+02
3.270048427341168962e-01 1.380392037293738667e+02
3.379382238612947953e-01 1.292332308212020848e+02
3.492371617241852855e-01 1.202637468186959921e+02
3.609138786834163448e-01 1.120270125809290391e+02
3.729810057532814693e-01 1.049493290561600531e+02
3.854515962650386651e-01 9.864042395925268636e+01
3.983391399870480631e-01 9.245199047213648669e+01
4.116575777170102257e-01 8.622209358030816873e+01
4.254213163620995108e-01 8.031944570481164192e+01
4.396452445232932327e-01 7.503780436017400746e+01
4.543447486007690661e-01 7.022477782820122627e+01
4.695357294377799362e-01 6.558644081775170775e+01
4.852346195210218704e-01 6.110820652609483261e+01
5.014584007560848322e-01 5.696169257639070338e+01
5.182246228372336949e-01 5.316280968373978766e+01
5.355514222313770833e-01 4.957870176702636655e+01
5.534575417967635413e-01 4.617258985071168809e+01
5.719623510576314906e-01 4.300437888834269984e+01
5.910858671567322808e-01 4.006529686527312606e+01
6.108487765084068544e-01 3.730019600110068012e+01
6.312724571756275216e-01 3.470760680850679591e+01
6.523790019952193653e-01 3.229653720891101187e+01
6.741912424762606104e-01 3.004288860536361838e+01
6.967327734975364839e-01 2.793498065786027595e+01
7.200279788307419881e-01 2.596929832484997291e+01
7.441020575170596008e-01 2.413630330801214896e+01
7.689810511256225389e-01 2.242668380505125825e+01
7.946918719233755368e-01 2.083219000830861489e+01
8.212623319867858873e-01 1.934569772475396121e+01
8.487211732869031078e-01 1.796051555872046990e+01
8.770980987803161932e-01 1.667027061951780098e+01
9.064238045396205701e-01 1.546887811986176864e+01
9.367300129581793700e-01 1.435059685172868171e+01
9.680495070650749767e-01 1.330999399230045199e+01
1.000416165987385808e+00 1.234190622134213733e+01
1.033865001598128330e+00 1.144148963727801060e+01
1.068432196389532240e+00 1.060423490439354843e+01
1.104155142612600837e+00 9.825975484771984014e+00
1.141072482725305592e+00 9.102802620581350368e+00
1.179224151193147607e+00 8.431025071028759754e+00
1.218651417687333982e+00 7.807134928428290266e+00
1.259396931727273516e+00 7.227845270085685669e+00
1.301504768815691548e+00 6.690094810863123520e+00
1.345020478116276896e+00 6.191049969193738178e+00
1.389991131725407447e+00 5.728061811779523005e+00
1.436465375591293947e+00 5.298643556683656719e+00
1.484493482135585296e+00 4.900449406564606036e+00
1.534127404634392455e+00 4.531286201358049937e+00
1.585420833417506836e+00 4.189111415673763439e+00
1.638429253946665609e+00 3.872030177821504715e+00
1.693210006835640158e+00 3.578275862147390907e+00
1.749822349877109051e+00 3.306198361473478009e+00
1.808327522143368116e+00 3.054254181067633134e+00
1.868788810230267217e+00 2.821003662071875251e+00
1.931271616715998229e+00 2.605105641571890729e+00
1.995843530908793184e+00 2.405310998406356315e+00
2.062574401960084458e+00 2.220456795433734865e+00
2.131536414422164238e+00 2.049460744559090219e+00
2.202804166332139602e+00 1.891316113341816374e+00
2.276454749906602792e+00 1.745086502249123761e+00
2.352567834934338631e+00 1.609901050778665965e+00
2.431225754957225149e+00 1.484949938656476842e+00
2.512513596332623944e+00 1.369480463351480770e+00
2.596519290273538783e+00 1.262793265154099842e+00
2.683333707966161441e+00 1.164238605648140412e+00
2.773050758867611432e+00 1.073213112072698205e+00
2.865767492290306695e+00 9.891566806399824108e-01
2.961584202382770314e+00 9.115494849841004887e-01
3.060604536620467719e+00 8.399092169835877808e-01
3.162935607924048931e+00 7.737884903251438518e-01
3.268688110526199786e+00 7.127723144048739856e-01
3.377976439712552459e+00 6.564759119680819710e-01
3.490918815566087297e+00 6.045426741917798719e-01
3.607637410848952619e+00 5.566422018846420849e-01
3.728258483159945236e+00 5.124684285215131974e-01
3.852912511510727001e+00 4.717378655326215364e-01
3.981734337468417539e+00 4.341879565539752406e-01
4.114863311017320058e+00 3.995756058230136021e-01
4.252443441297450555e+00 3.676758135073653344e-01
4.394623552383071896e+00 3.382803499983147999e-01
4.541557444269631816e+00 3.111965556623226270e-01
4.693404059243289517e+00 2.862462318906091041e-01
4.850327653813030437e+00 2.632645777833914624e-01
5.012497976391239618e+00 2.420992160642967128e-01
5.180090450915090017e+00 2.226092939297764361e-01
5.353286366607249214e+00 2.046646428260280315e-01
5.532273074081278885e+00 1.881449881647117017e-01
5.717244188003695271e+00 1.729392092833524908e-01
5.908399796532135539e+00 1.589446432677111554e-01
6.105946677756002750e+00 1.460664612195287926e-01
6.310098523373801171e+00 1.342171069567613950e-01
6.521076169849157722e+00 1.233157503971395036e-01
6.739107837295406966e+00 1.132877833242078580e-01
6.964429376347387013e+00 1.040643562238444259e-01
7.197284523287298619e+00 9.558194909200368183e-02
7.437925163700752407e+00 8.778196856960802930e-02
7.686611604948010879e+00 8.061036723679562699e-02
7.943612857745410594e+00 7.401729078428478936e-02
8.209206927161357470e+00 6.795675821137811545e-02
8.483681113341843272e+00 6.238637923751424313e-02
8.767332322290526392e+00 5.726707898392052742e-02
9.060467387039910392e+00 5.256284321425336997e-02
9.363403399560734641e+00 4.824048601092641858e-02
9.676468053768756405e+00 4.426943740517974568e-02
1.000000000000001243e+01 4.062154404527124757e-02
