2.000000000000000164e-05 5.311193539286518472e+01
2.066869842267550072e-05 5.481985414814035096e+01
2.135975472437544027e-05 5.658270667983020985e+01
2.207391643902171255e-05 5.840224572707955986e+01
2.281195609427394449e-05 6.028028823890516463e+01
2.357467204719313169e-05 6.221871452376183953e+01
2.436288934784564352e-05 6.421949083262964564e+01
2.517746063178175121e-05 6.628458789007996188e+01
2.601926704235410016e-05 6.841607704125382838e+01
2.688921918387384303e-05 7.061612018353706333e+01
2.778825810663545582e-05 7.288690057898975283e+01
2.871735632487579741e-05 7.523068964955437821e+01
2.967751886876853870e-05 7.764985506410691585e+01
3.066978437159193627e-05 8.014679715726973086e+01
3.169522619324599853e-05 8.272401973404844000e+01
3.275495358133433647e-05 8.538411245881277978e+01
3.385011287106671010e-05 8.812974355723581255e+01
3.498188872528021299e-05 9.096364056644898710e+01
3.615150541592045298e-05 9.388867120744730244e+01
3.736022814836899319e-05 9.690773195012313579e+01
3.860936443004954884e-05 1.000238582793593451e+02
3.990026548479344494e-05 1.032401756072967913e+02
4.123432771449419843e-05 1.065599131641720021e+02
4.261299420963254024e-05 1.099863496536200955e+02
4.403775631030562105e-05 1.135229753015343164e+02
4.551015521944909301e-05 1.171732851887808522e+02
4.703178366999723984e-05 1.209409497891266625e+02
4.860428764778435972e-05 1.248297147809903720e+02
5.022936817205134787e-05 1.288435356558406966e+02
5.190878313548323190e-05 1.329863574378970270e+02
5.364434920576834987e-05 1.372623586725096345e+02
5.543794379073590958e-05 1.416758145101501043e+02
5.729150706919781900e-05 1.462311354650594524e+02
5.920704408969155763e-05 1.509328734368712901e+02
6.118662693939432690e-05 1.557857601076889296e+02
6.323239698555469304e-05 1.607946017671885102e+02
6.534656719186627638e-05 1.659644004384344100e+02
6.753142451228926792e-05 1.713003992180797468e+02
6.978933236490913268e-05 1.768078419128755456e+02
7.212273318850868345e-05 1.824922750491129193e+02
7.453415108461877573e-05 1.883594040578936699e+02
7.702619454790587906e-05 1.944150439770674268e+02
7.960155928784993205e-05 2.006652492982711351e+02
8.226303114476471348e-05 2.071162658678800028e+02
8.501348910331518868e-05 2.137745240897185965e+02
8.785590840679157983e-05 2.206467340558194792e+02
9.079336377550881697e-05 2.277396476893631529e+02
9.382903273281309529e-05 2.350604040827470271e+02
9.696619904229312483e-05 2.426163414917371597e+02
1.002082562599141270e-04 2.504148587176327965e+02
1.035587114049174785e-04 2.584638773806115637e+02
1.070211887534562421e-04 2.667713003342948355e+02
1.105994337590709140e-04 2.753454885849200195e+02
1.142973171042456330e-04 2.841948925435340243e+02
1.181188388874281471e-04 2.933283626637250450e+02
1.220681329500424115e-04 3.027549936077699044e+02
1.261494713481742377e-04 3.124840991632894429e+02
1.303672689737678670e-04 3.225254270462551744e+02
1.347260883303314362e-04 3.328888933554517848e+02
1.392306444683180742e-04 3.435846889842077871e+02
1.438858100855209437e-04 3.546236826222430523e+02
1.486966207979997041e-04 3.660164525115406491e+02
1.536682805872396744e-04 3.777746475894907121e+02
1.588061674294368483e-04 3.899095657324405124e+02
1.641158391129971276e-04 4.024334344395126095e+02
1.696030392505434848e-04 4.153585431349832220e+02
1.752737034919339915e-04 4.286976667299476844e+02
1.811339659450114388e-04 4.424638982523461550e+02
1.871901658110307874e-04 4.566708821070953377e+02
1.934488542419408646e-04 4.713323983640977417e+02
1.999168014269393128e-04 4.864629849383396731e+02
2.066010039159656652e-04 5.020775937066003962e+02
2.135086921880547338e-04 5.181912940112410979e+02
2.206473384727377968e-04 5.348200148124667521e+02
2.280246648329511538e-04 5.519798877331888889e+02
2.356486515181963309e-04 5.696876836442315835e+02
2.435275455969876748e-04 5.879606177893715540e+02
2.516698698779247295e-04 6.068164287601432534e+02
2.600844321290405573e-04 6.262734377358585789e+02
2.687803346053976817e-04 6.463503572879639023e+02
2.777669838952388651e-04 6.670666179324391578e+02
2.870541010953427292e-04 6.884422565240012091e+02
2.966517323265922064e-04 7.104975105306085652e+02
3.065702596011295341e-04 7.332539489960847732e+02
3.168204120528543403e-04 7.567327510108779052e+02
3.274132775434116785e-04 7.809566114078759256e+02
3.383603146562264279e-04 8.059484629018342048e+02
3.496733650915567022e-04 8.317317857270176091e+02
3.613646664759745386e-04 8.583310054309034740e+02
3.734468656001317080e-04 8.857709782337869910e+02
3.859330320991275886e-04 9.140773843727638450e+02
3.988366725902805230e-04 9.432764077182697520e+02
4.121717452835938129e-04 9.733953018469845802e+02
4.259526750807212541e-04 1.004461470399340214e+03
4.401943691787655547e-04 1.036503961109183365e+03
4.549122331957894719e-04 1.069551349863993437e+03
4.701221878354804149e-04 1.103633791803086297e+03
4.858406861089974399e-04 1.138782068669129330e+03
5.020847311326308640e-04 1.175027520529864432e+03
5.188718945205230424e-04 1.212402472394860524e+03
5.362203353923492141e-04 1.250939966021578584e+03
5.541488200165187389e-04 1.290673530219580243e+03
5.726767421101455150e-04 1.331637725048738048e+03
5.918241438177454907e-04 1.373868009639737238e+03
6.116117373913557359e-04 1.417400437464707238e+03
6.320609275955268004e-04 1.462271736459018257e+03
6.531938348614238542e-04 1.508519735586460683e+03
6.750333192150836329e-04 1.556182950713691298e+03
6.976030050057104547e-04 1.605299960302748104e+03
7.209273064607610694e-04 1.655911777576236773e+03
7.450314540954613768e-04 1.708057940263948012e+03
7.699415220053250396e-04 1.761780440175055446e+03
7.956844560711916160e-04 1.817121363373455097e+03
8.222881031073025473e-04 1.874124043946747634e+03
8.497812409839368810e-04 1.932830992730933303e+03
8.781936097571961097e-04 1.993287473323041240e+03
9.075559438396131216e-04 2.055537747526799194e+03
9.379000052463793693e-04 2.119627073370737889e+03
9.692586179531593148e-04 2.185602162759241310e+03
1.001665703402655023e-03 2.253509150490313459e+03
1.035156317198330069e-03 2.323395204416145589e+03
1.069766687024985286e-03 2.395307604981396707e+03
1.105534251837205851e-03 2.469294737983604136e+03
1.142497702358069404e-03 2.545404533058692778e+03
1.180697022931930960e-03 2.623685087211468726e+03
1.220173534776542454e-03 2.704185889623217008e+03
1.260969940681316284e-03 2.786955164542019247e+03
1.303130371200056587e-03 2.872042442647580629e+03
1.346700432388157767e-03 2.959495405163371288e+03
1.391727255135877424e-03 3.049363809715961906e+03
1.438259546151070007e-03 3.141695491645533366e+03
1.486347640646530459e-03 3.236538877488396338e+03
1.536043556788919398e-03 3.333941210201418926e+03
1.587401051968200579e-03 3.433950243475436764e+03
1.640475680948428249e-03 3.536610400522790769e+03
1.695324855962815390e-03 3.641969214337881567e+03
1.752007908818060174e-03 3.750069987650253097e+03
1.810586155075142928e-03 3.860955068578869032e+03
1.871122960375984270e-03 3.974667084878351488e+03
1.933683808987751848e-03 4.091245417710503716e+03
1.998336374638913938e-03 4.210728169387684829e+03
2.065150593723721201e-03 4.333150881902618494e+03
2.134198740954243185e-03 4.458547391315953973e+03
2.205555507541849362e-03 4.586948015354804738e+03
2.279298081992675151e-03 4.718380454921749333e+03
2.355506233604463730e-03 4.852869492849094058e+03
2.434262398755145627e-03 4.990436058678320478e+03
2.515651770076436904e-03 5.131098410263884944e+03
2.599762388608985089e-03 5.274866971716074659e+03
2.686685239038679764e-03 5.421753877976822878e+03
2.776514348117217236e-03 5.571760409806508505e+03
2.869346886373309435e-03 5.724886068948480897e+03
2.965283273224645581e-03 5.881125087328170594e+03
3.064427285604211931e-03 6.040465235903205212e+03
3.166886170218578649e-03 6.202887483412171605e+03
3.272770759559481216e-03 6.368368470357442675e+03
3.382195591794276077e-03 6.536873987272186241e+03
3.495279034664920681e-03 6.708364705759682693e+03
3.612143413529477973e-03 6.882794389903555384e+03
3.732915143684721951e-03 7.060107739816601679e+03
3.857724867112893516e-03 7.240238247436883285e+03
3.986707593800617976e-03 7.423112660903938377e+03
4.120002847782761740e-03 7.608646331054896109e+03
4.257754818069308354e-03 7.796745188379688443e+03
4.400112514618404608e-03 7.987302669902544949e+03
4.547229929524409554e-03 8.180202742402375407e+03
4.699266203595197679e-03 8.375316779897644665e+03
4.856385798499019031e-03 8.572502013820479988e+03
5.018758674667020935e-03 8.771603518416248335e+03
5.186560475143959549e-03 8.972455627557814296e+03
5.359972715585955248e-03 9.174877177120484703e+03
5.539182980610755057e-03 9.378666902357534127e+03
5.724385126713026593e-03 9.583617760557006477e+03
5.915779491964028892e-03 9.789498913029614414e+03
6.113573112722652143e-03 9.996066274322976824e+03
6.317979947592099882e-03 1.020305896126459083e+04
6.529221108864616957e-03 1.041019427059467853e+04
6.747525101704480652e-03 1.061718032892897463e+04
6.973128071328140755e-03 1.082369367210163000e+04
7.206274058448705437e-03 1.102940099160956015e+04
7.447215263261310406e-03 1.123394804765034678e+04
7.696212318254701257e-03 1.143696173559075032e+04
7.953534570144332738e-03 1.163804331482656380e+04
8.219460371231864307e-03 1.183677888855358651e+04
8.494277380506187053e-03 1.203272462195702428e+04
8.778282874811823774e-03 1.222542603711391166e+04
9.071784070421121463e-03 1.241439677501575898e+04
9.375098455358292851e-03 1.259913457622270107e+04
9.688554132834568261e-03 1.277911387561371339e+04
1.001249017616620725e-02 1.295378762532064866e+04
1.034725699555901803e-02 1.312258759068325344e+04
1.069321671715643858e-02 1.328492594971424842e+04
1.105074357476093505e-02 1.344018580269285667e+04
1.142022431465263173e-02 1.358774848437917717e+04
1.180205861394306721e-02 1.372695852793622544e+04
1.219665951291643881e-02 1.385716107516575357e+04
1.260445386182631328e-02 1.397767352428052436e+04
1.302588278263077520e-02 1.408780946636326189e+04
1.346140214616583890e-02 1.418687193037389989e+04
1.391148306527291781e-02 1.427415419140040285e+04
1.437661240441416924e-02 1.434895605992713899e+04
1.485729330632660182e-02 1.441057256450737623e+04
1.535404573628500365e-02 1.445831152842347001e+04
1.586740704456205894e-02 1.449149821082519520e+04
1.639793254769450481e-02 1.450946701897067942e+04
1.694619612918364313e-02 1.451159883236544374e+04
1.751279086028037155e-02 1.449729895237302662e+04
1.809832964152614798e-02 1.446602707005520097e+04
1.870344586574363213e-02 1.441729665213269254e+04
1.932879410319460894e-02 1.435068676691702603e+04
1.997505080964588620e-02 1.426586680588037780e+04
2.064291505810955316e-02 1.416259196423762114e+04
2.133310929504865505e-02 1.404072290850029094e+04
2.204638012186681956e-02 1.390024202520117251e+04
2.278349910252664909e-02 1.374125998002787310e+04
2.354526359817107548e-02 1.356403617737811510e+04
2.433249762964985810e-02 1.336898900416990728e+04
2.514605276888498206e-02 1.315669645304849655e+04
2.598680906003840441e-02 1.292792331189936340e+04
2.685567597147924673e-02 1.268361542829191239e+04
2.775359337957988490e-02 1.242490500960557620e+04
2.868153258540498754e-02 1.215312090117366643e+04
2.964049736539381419e-02 1.186977394318934785e+04
3.063152505717161092e-02 1.157655597060445689e+04
3.165568768166540647e-02 1.127531804691426805e+04
3.271409310273729054e-02 1.096807671217674761e+04
3.380788622559029871e-02 1.065695357458999388e+04
3.493825023524253087e-02 1.034417321579183226e+04
3.610640787640997940e-02 1.003201562538364487e+04
3.731362277618164441e-02 9.722777329577278579e+03
3.856120081091872487e-02 9.418721710928975881e+03
3.985049151885547425e-02 9.122029691874809942e+03
4.118288955993056055e-02 8.834737873786560158e+03
4.255983622442782027e-02 8.558692264113849888e+03
4.398282099205792772e-02 8.295473254595663093e+03
4.545338314316834522e-02 8.046347793335045026e+03
4.697311342382341770e-02 7.812200139655665225e+03
4.854365576655684383e-02 7.593472567576143774e+03
5.016670906865677154e-02 7.390121005333079665e+03
5.184402902990837420e-02 7.201557759793319747e+03
5.357743005178047802e-02 7.026625312772453071e+03
5.536878720011212396e-02 6.863560380370885468e+03
5.722003823342062395e-02 6.710021921190438661e+03
5.913318569902666078e-02 6.563104502322783446e+03
6.111029909926251474e-02 6.419426102972073750e+03
6.315351713010779189e-02 6.275248165717826851e+03
6.526504999467336310e-02 6.126662694029223530e+03
6.744718179403717817e-02 5.969833754260316709e+03
6.970227299801623477e-02 5.801295306144301321e+03
7.203276299854979858e-02 5.618287044421721475e+03
7.444117274845411802e-02 5.419093807963246036e+03
7.693010748840443946e-02 5.203352738898371172e+03
7.950225956509210379e-02 4.972275558185447153e+03
8.216041134360790865e-02 4.728736447618419334e+03
8.490743821719984319e-02 4.477181851941592868e+03
8.774631171766281157e-02 4.223338940314144565e+03
9.068010272972255870e-02 3.973747672907213200e+03
9.371198481289348681e-02 3.735140935608584186e+03
9.684523763440215649e-02 3.513758230780029862e+03
1.000832505168899600e-01 3.314671549178688565e+03
1.034295261047340625e-01 3.141188811981914569e+03
1.068876841529496080e-01 2.994410548710290186e+03
1.104614654427753945e-01 2.872966815723710624e+03
1.141547358281756464e-01 2.772960740569712925e+03
1.179714904176376727e-01 2.688204898714965111e+03
1.219158578957853512e-01 2.610793845843822510e+03
1.259921049894874856e-01 2.532106491872459628e+03
1.302046410832891354e-01 2.444208792164304668e+03
1.345580229891604751e-01 2.341460202090190251e+03
1.390569598757198100e-01 2.221932269718932275e+03
1.437063183622670492e-01 2.088134368357786116e+03
1.485111277831346888e-01 1.946651463284402325e+03
1.534765856280515817e-01 1.806629020986866635e+03
1.586080631644066208e-01 1.677499236720712133e+03
1.639111112474894438e-01 1.566602317946681978e+03
1.693914663249987407e-01 1.477367840204319464e+03
1.750550566423093313e-01 1.408460975523308207e+03
1.809080086552135869e-01 1.354064268499955688e+03
1.869566536570689830e-01 1.305363803332894122e+03
1.932075346275276828e-01 1.253167571454982181e+03
1.996674133102498971e-01 1.191101931273722585e+03
2.063432775272630582e-01 1.118124146219782688e+03
2.132423487378718452e-01 1.038914465657622941e+03
2.203720898503036263e-01 9.616159640423488781e+02
2.277402132945338109e-01 8.939751568317910824e+02
2.353546893650253491e-01 8.398391913823340929e+02
2.432237548424092122e-01 7.976374757882168751e+02
2.513559219034258718e-01 7.614332197914666267e+02
2.597599873287743666e-01 7.241785540252619739e+02
2.684450420188219666e-01 6.817103393316115216e+02
2.774204808274743361e-01 6.350465523186395558e+02
2.866960127248350254e-01 5.891748214422108276e+02
2.962816712996577673e-01 5.491485620479377303e+02
3.061878256129444420e-01 5.165022209447204204e+02
3.164251914144354805e-01 4.885735674374186033e+02
3.270048427341168962e-01 4.610461570427552829e+02
3.379382238612947953e-01 4.316283289826081386e+02
3.492371617241852855e-01 4.016496943943558904e+02
3.609138786834163448e-01 3.741284444291911200e+02
3.729810057532814693e-01 3.504971305984673222e+02
3.854515962650386651e-01 3.294403028734804479e+02
3.983391399870480631e-01 3.087765769886809153e+02
4.116575777170102257e-01 2.879635017832320614e+02
4.254213163620995108e-01 2.682439873150760832e+02
4.396452445232932327e-01 2.506061876034640079e+02
4.543447486007690661e-01 2.345363154801340499e+02
4.695357294377799362e-01 2.190457498393025730e+02
4.852346195210218704e-01 2.040868477323026866e+02
5.014584007560848322e-01 1.902377960960793359e+02
5.182246228372336949e-01 1.775518810573802000e+02
5.355514222313770833e-01 1.655822485675620328e+02
5.534575417967635413e-01 1.542057645658792921e+02
5.719623510576314906e-01 1.436245775798250293e+02
5.910858671567322808e-01 1.338091619467704447e+02
6.108487765084068544e-01 1.245743053139126602e+02
6.312724571756275216e-01 1.159154580995254378e+02
6.523790019952193653e-01 1.078631606174724027e+02
6.741912424762606104e-01 1.003365042577276824e+02
6.967327734975364839e-01 9.329654788714364599e+01
7.200279788307419881e-01 8.673161586910175913e+01
7.441020575170596008e-01 8.060983838776999733e+01
7.689810511256225389e-01 7.490010204202123134e+01
7.946918719233755368e-01 6.957485026482045498e+01
8.212623319867858873e-01 6.461029772920089442e+01
8.487211732869031078e-01 5.998410360329820890e+01
8.770980987803161932e-01 5.567498494870608994e+01
9.064238045396205701e-01 5.166261318160999139e+01
9.367300129581793700e-01 4.792780811857821277e+01
9.680495070650749767e-01 4.445242406300789639e+01
1.000416165987385808e+00 4.121922200168025796e+01
1.033865001598128330e+00 3.821202916804143968e+01
1.068432196389532240e+00 3.541578720952681181e+01
1.104155142612600837e+00 3.281657814779421756e+01
1.141072482725305592e+00 3.040134500974266274e+01
1.179224151193147607e+00 2.815775857348527822e+01
1.218651417687333982e+00 2.607410388322240635e+01
1.259396931727273516e+00 2.413940415161130915e+01
1.301504768815691548e+00 2.234343601781724331e+01
1.345020478116276896e+00 2.067673653930571831e+01
1.389991131725407447e+00 1.913045930608561562e+01
1.436465375591293947e+00 1.769629898145231550e+01
1.484493482135585296e+00 1.636641995311565623e+01
1.534127404634392455e+00 1.513349646906558732e+01
1.585420833417506836e+00 1.399070661859076736e+01
1.638429253946665609e+00 1.293172336938722999e+01
1.693210006835640158e+00 1.195064801427461632e+01
1.749822349877109051e+00 1.104197019061725449e+01
1.808327522143368116e+00 1.020053373368059191e+01
1.868788810230267217e+00 9.421529143176439192e+00
1.931271616715998229e+00 8.700476553571609983e+00
1.995843530908793184e+00 8.033205120913230246e+00
2.062574401960084458e+00 7.415832020461142093e+00
2.131536414422164238e+00 6.844743262756382229e+00
2.202804166332139602e+00 6.316575945213582344e+00
2.276454749906602792e+00 5.828201861459261224e+00
2.352567834934338631e+00 5.376712034771342630e+00
2.431225754957225149e+00 4.959402166476621687e+00
2.512513596332623944e+00 4.573758897221178010e+00
2.596519290273538783e+00 4.217446843396657208e+00
2.683333707966161441e+00 3.888295957458680174e+00
2.773050758867611432e+00 3.584290928231161466e+00
2.865767492290306695e+00 3.303561008835843804e+00
2.961584202382770314e+00 3.044370084215553884e+00
3.060604536620467719e+00 2.805107383702260204e+00
3.162935607924048931e+00 2.584278755969797725e+00
3.268688110526199786e+00 2.380498207415429501e+00
3.377976439712552459e+00 2.192480638579937136e+00
3.490918815566087297e+00 2.019035037117253406e+00
3.607637410848952619e+00 1.859057953869160507e+00
3.728258483159945236e+00 1.711527216842531063e+00
3.852912511510727001e+00 1.575496052289153903e+00
3.981734337468417539e+00 1.450087571942187070e+00
4.114863311017320058e+00 1.334489871477125389e+00
4.252443441297450555e+00 1.227951490949109825e+00
4.394623552383071896e+00 1.129777015272602325e+00
4.541557444269631816e+00 1.039323046282896179e+00
4.693404059243289517e+00 9.559944679215621743e-01
4.850327653813030437e+00 8.792408648080844991e-01
5.012497976391239618e+00 8.085532883340763588e-01
5.180090450915090017e+00 7.434612908193835024e-01
5.353286366607249214e+00 6.835301370421422718e-01
5.532273074081278885e+00 6.283581548334494782e-01
5.717244188003695271e+00 5.775742394284352210e-01
5.908399796532135539e+00 5.308355188394195956e-01
6.105946677756002750e+00 4.878252746373775151e-01
6.310098523373801171e+00 4.482510805176684876e-01
6.521076169849157722e+00 4.118429805236011321e-01
6.739107837295406966e+00 3.783518036825460618e-01
6.964429376347387013e+00 3.475476113522079635e-01
7.197284523287298619e+00 3.192182671345064615e-01
7.437925163700752407e+00 2.931680912641416725e-01
7.686611604948010879e+00 2.692165835154603504e-01
7.943612857745410594e+00 2.471972356631895185e-01
8.209206927161357470e+00 2.269564632487507116e-01
8.483681113341843272e+00 2.083526785472926968e-01
8.767332322290526392e+00 1.912553818199511646e-01
9.060467387039910392e+00 1.755443119654704898e-01
9.363403399560734641e+00 1.611086498664331956e-01
9.676468053768756405e+00 1.478462998135075257e-01
1.000000000000001243e+01 1.356632212650746849e-01
