2.000000000000000164e-05 9.039062899579972665e+00
2.066869842267550072e-05 9.329734725626426695e+00
2.135975472437544027e-05 9.629751979882236412e+00
2.207391643902171255e-05 9.939418804186278322e+00
2.281195609427394449e-05 1.025904293569390191e+01
2.357467204719313169e-05 1.058894217085199507e+01
2.436288934784564352e-05 1.092945236844807866e+01
2.517746063178175121e-05 1.128091042174798275e+01
2.601926704235410016e-05 1.164367163394638816e+01
2.688921918387384303e-05 1.201809473217155322e+01
2.778825810663545582e-05 1.240455993184446726e+01
2.871735632487579741e-05 1.280345153576053541e+01
2.967751886876853870e-05 1.321516900231824998e+01
3.066978437159193627e-05 1.364012463634708183e+01
3.169522619324599853e-05 1.407874450168171343e+01
3.275495358133433647e-05 1.453146606349808678e+01
3.385011287106671010e-05 1.499874691917186453e+01
3.498188872528021299e-05 1.548105263707527790e+01
3.615150541592045298e-05 1.597886349693131613e+01
3.736022814836899319e-05 1.649268171768770230e+01
3.860936443004954884e-05 1.702302062771715541e+01
3.990026548479344494e-05 1.757041304969498086e+01
4.123432771449419843e-05 1.813540181986658339e+01
4.261299420963254024e-05 1.871855596744412509e+01
4.403775631030562105e-05 1.932046205437100639e+01
4.551015521944909301e-05 1.994171367955173935e+01
4.703178366999723984e-05 2.058294508115140431e+01
4.860428764778435972e-05 2.124478861071768065e+01
5.022936817205134787e-05 2.192791314040943718e+01
5.190878313548323190e-05 2.263299434209000083e+01
5.364434920576834987e-05 2.336074346947589575e+01
5.543794379073590958e-05 2.411188973329675278e+01
5.729150706919781900e-05 2.488718114543950932e+01
5.920704408969155763e-05 2.568739511062427994e+01
6.118662693939432690e-05 2.651332922917003287e+01
6.323239698555469304e-05 2.736581090882419787e+01
6.534656719186627638e-05 2.824569869307433478e+01
6.753142451228926792e-05 2.915386738982013171e+01
6.978933236490913268e-05 3.009122213623713549e+01
7.212273318850868345e-05 3.105870288530904588e+01
7.453415108461877573e-05 3.205727953361588334e+01
7.702619454790587906e-05 3.308793990810119112e+01
7.960155928784993205e-05 3.415173355051516069e+01
8.226303114476471348e-05 3.524970529954848075e+01
8.501348910331518868e-05 3.638295261100272171e+01
8.785590840679157983e-05 3.755261489580719569e+01
9.079336377550881697e-05 3.875985761801395313e+01
9.382903273281309529e-05 4.000588882124630885e+01
9.696619904229312483e-05 4.129194367826392664e+01
1.002082562599141270e-04 4.261931201758536503e+01
1.035587114049174785e-04 4.398931293204519477e+01
1.070211887534562421e-04 4.540332701263852755e+01
1.105994337590709140e-04 4.686273052919612070e+01
1.142973171042456330e-04 4.836901547453555850e+01
1.181188388874281471e-04 4.992366098795421436e+01
1.220681329500424115e-04 5.152821960929899348e+01
1.261494713481742377e-04 5.318428207812105057e+01
1.303672689737678670e-04 5.489351147266196307e+01
1.347260883303314362e-04 5.665758722667281688e+01
1.392306444683180742e-04 5.847827821616753852e+01
1.438858100855209437e-04 6.035738619890771872e+01
1.486966207979997041e-04 6.229676926341291221e+01
1.536682805872396744e-04 6.429837033259057932e+01
1.588061674294368483e-04 6.636415286882743203e+01
1.641158391129971276e-04 6.849617515358167452e+01
1.696030392505434848e-04 7.069655414401061932e+01
1.752737034919339915e-04 7.296743864056510631e+01
1.811339659450114388e-04 7.531109984700640325e+01
1.871901658110307874e-04 7.772984253488604622e+01
1.934488542419408646e-04 8.022603956941618719e+01
1.999168014269393128e-04 8.280216930160352717e+01
2.066010039159656652e-04 8.546076531418957245e+01
2.135086921880547338e-04 8.820443065118729464e+01
2.206473384727377968e-04 9.103584969624576217e+01
2.280246648329511538e-04 9.395783378610940417e+01
2.356486515181963309e-04 9.697319551073735511e+01
2.435275455969876748e-04 1.000849204074216487e+02
2.516698698779247295e-04 1.032960209613957403e+02
2.600844321290405573e-04 1.066096340379910998e+02
2.687803346053976817e-04 1.100289900032247914e+02
2.777669838952388651e-04 1.135573793226770363e+02
2.870541010953427292e-04 1.171982441184390638e+02
2.966517323265922064e-04 1.209550873791052368e+02
3.065702596011295341e-04 1.248315218559929747e+02
3.168204120528543403e-04 1.288312726016598333e+02
3.274132775434116785e-04 1.329582326246744799e+02
3.383603146562264279e-04 1.372162237165470913e+02
3.496733650915567022e-04 1.416094208393799363e+02
3.613646664759745386e-04 1.461419120366107052e+02
3.734468656001317080e-04 1.508180248115754978e+02
3.859330320991275886e-04 1.556421504857945877e+02
3.988366725902805230e-04 1.606188361881058313e+02
4.121717452835938129e-04 1.657526994729387297e+02
4.259526750807212541e-04 1.710485215771681737e+02
4.401943691787655547e-04 1.765112351968091673e+02
4.549122331957894719e-04 1.821458502095861434e+02
4.701221878354804149e-04 1.879575094943304236e+02
4.858406861089974399e-04 1.939515416297121817e+02
5.020847311326308640e-04 2.001333089448761768e+02
5.188718945205230424e-04 2.065084581939912596e+02
5.362203353923492141e-04 2.130826072234488322e+02
5.541488200165187389e-04 2.198615951373880080e+02
5.726767421101455150e-04 2.268514187054771583e+02
5.918241438177454907e-04 2.340581319952235901e+02
6.116117373913557359e-04 2.414879955994836962e+02
6.320609275955268004e-04 2.491473504232176595e+02
6.531938348614238542e-04 2.570426667428945393e+02
6.750333192150836329e-04 2.651807106605052695e+02
6.976030050057104547e-04 2.735680596385957983e+02
7.209273064607610694e-04 2.822116522009158643e+02
7.450314540954613768e-04 2.911185315524652424e+02
7.699415220053250396e-04 3.002959492899483394e+02
7.956844560711916160e-04 3.097508415916369700e+02
8.222881031073025473e-04 3.194908843668773102e+02
8.497812409839368810e-04 3.295234252420237908e+02
8.781936097571961097e-04 3.398560478674997967e+02
9.075559438396131216e-04 3.504964009840878703e+02
9.379000052463793693e-04 3.614523625083360230e+02
9.692586179531593148e-04 3.727317047190181825e+02
1.001665703402655023e-03 3.843424671485277599e+02
1.035156317198330069e-03 3.962925031675741252e+02
1.069766687024985286e-03 4.085901197046484867e+02
1.105534251837205851e-03 4.212433245000611919e+02
1.142497702358069404e-03 4.342603840368965962e+02
1.180697022931930960e-03 4.476494415967962368e+02
1.220173534776542454e-03 4.614188684687561022e+02
1.260969940681316284e-03 4.755768413948567286e+02
1.303130371200056587e-03 4.901318130998932361e+02
1.346700432388157767e-03 5.050917470453405826e+02
1.391727255135877424e-03 5.204652691733989514e+02
1.438259546151070007e-03 5.362604081844738175e+02
1.486347640646530459e-03 5.524852912871446051e+02
1.536043556788919398e-03 5.691481352658905735e+02
1.587401051968200579e-03 5.862567517053035999e+02
1.640475680948428249e-03 6.038191224669676558e+02
1.695324855962815390e-03 6.218429644959713869e+02
1.752007908818060174e-03 6.403358159508675271e+02
1.810586155075142928e-03 6.593048710227575384e+02
1.871122960375984270e-03 6.787573625483560136e+02
1.933683808987751848e-03 6.986999353903289602e+02
1.998336374638913938e-03 7.191394104471052060e+02
2.065150593723721201e-03 7.400815388820369662e+02
2.134198740954243185e-03 7.615322232363985222e+02
2.205555507541849362e-03 7.834967034200329863e+02
2.279298081992675151e-03 8.059797149454221881e+02
2.355506233604463730e-03 8.289854406390110171e+02
2.434262398755145627e-03 8.525176698021303991e+02
2.515651770076436904e-03 8.765794329218389294e+02
2.599762388608985089e-03 9.011725720867563041e+02
2.686685239038679764e-03 9.262991268844386923e+02
2.776514348117217236e-03 9.519596592195659923e+02
2.869346886373309435e-03 9.781540859189035473e+02
2.965283273224645581e-03 1.004881352939347948e+03
3.064427285604211931e-03 1.032139071766155212e+03
3.166886170218578649e-03 1.059924697140633498e+03
3.272770759559481216e-03 1.088233446348843017e+03
3.382195591794276077e-03 1.117060119288895748e+03
3.495279034664920681e-03 1.146397961408811170e+03
3.612143413529477973e-03 1.176238460916823669e+03
3.732915143684721951e-03 1.206572421146858005e+03
3.857724867112893516e-03 1.237388555890614498e+03
3.986707593800617976e-03 1.268674068592449430e+03
4.120002847782761740e-03 1.300414352356820245e+03
4.257754818069308354e-03 1.332593425592779795e+03
4.400112514618404608e-03 1.365193091358776201e+03
4.547229929524409554e-03 1.398193278841829851e+03
4.699266203595197679e-03 1.431571757677606229e+03
4.856385798499019031e-03 1.465304534310587087e+03
5.018758674667020935e-03 1.499364819182375641e+03
5.186560475143959549e-03 1.533724013019162840e+03
5.359972715585955248e-03 1.568350814319752317e+03
5.539182980610755057e-03 1.603211614982231595e+03
5.724385126713026593e-03 1.638270356259890605e+03
5.915779491964028892e-03 1.673487804977709175e+03
6.113573112722652143e-03 1.708821931231621193e+03
6.317979947592099882e-03 1.744228040242056522e+03
6.529221108864616957e-03 1.779657567688703693e+03
6.747525101704480652e-03 1.815059647561431802e+03
6.973128071328140755e-03 1.850380408011533063e+03
7.206274058448705437e-03 1.885561659349330512e+03
7.447215263261310406e-03 1.920543372687150168e+03
7.696212318254701257e-03 1.955260480452459888e+03
7.953534570144332738e-03 1.989645699727411511e+03
8.219460371231864307e-03 2.023627495958242889e+03
8.494277380506187053e-03 2.057130251144068552e+03
8.778282874811823774e-03 2.090076217637689751e+03
9.071784070421121463e-03 2.122380921935237438e+03
9.375098455358292851e-03 2.153958580645943584e+03
9.688554132834568261e-03 2.184719956223742429e+03
1.001249017616620725e-02 2.214570803266699386e+03
1.034725699555901803e-02 2.243413630254605323e+03
1.069321671715643858e-02 2.271147751121725378e+03
1.105074357476093505e-02 2.297668141587773334e+03
1.142022431465263173e-02 2.322866729456720805e+03
1.180205861394306721e-02 2.346633836219209115e+03
1.219665951291643881e-02 2.368854884276920984e+03
1.260445386182631328e-02 2.389414767179281625e+03
1.302588278263077520e-02 2.408194781243575562e+03
1.346140214616583890e-02 2.425075830198685708e+03
1.391148306527291781e-02 2.439936988532598662e+03
1.437661240441416924e-02 2.452658283045134795e+03
1.485729330632660182e-02 2.463119311682627085e+03
1.535404573628500365e-02 2.471201145488666498e+03
1.586740704456205894e-02 2.476788453640100670e+03
1.639793254769450481e-02 2.479767923965902355e+03
1.694619612918364313e-02 2.480032791235557397e+03
1.751279086028037155e-02 2.477482914237741170e+03
1.809832964152614798e-02 2.472024167050301457e+03
1.870344586574363213e-02 2.463575155282323522e+03
1.932879410319460894e-02 2.452063891355467604e+03
1.997505080964588620e-02 2.437434216106214080e+03
2.064291505810955316e-02 2.419644096481269116e+03
2.133310929504865505e-02 2.398671816784129987e+03
2.204638012186681956e-02 2.374513932543320607e+03
2.278349910252664909e-02 2.347190985851304958e+03
2.354526359817107548e-02 2.316748091099123485e+03
2.433249762964985810e-02 2.283257888792926678e+03
2.514605276888498206e-02 2.246821037669927136e+03
2.598680906003840441e-02 2.207568975084874637e+03
2.685567597147924673e-02 2.165665447232945553e+03
2.775359337957988490e-02 2.121305626589047279e+03
2.868153258540498754e-02 2.074718397271964477e+03
2.964049736539381419e-02 2.026163617429979467e+03
3.063152505717161092e-02 1.975932903713347969e+03
3.165568768166540647e-02 1.924344420664855534e+03
3.271409310273729054e-02 1.871743472175265197e+03
3.380788622559029871e-02 1.818495867874522901e+03
3.493825023524253087e-02 1.764983043778528554e+03
3.610640787640997940e-02 1.711596057487003691e+03
3.731362277618164441e-02 1.658728396259197098e+03
3.856120081091872487e-02 1.606768154124322791e+03
3.985049151885547425e-02 1.556088609844766097e+03
4.118288955993056055e-02 1.507038434168297272e+03
4.255983622442782027e-02 1.459932569293482629e+03
4.398282099205792772e-02 1.415041223312196053e+03
4.545338314316834522e-02 1.372579579894102380e+03
4.697311342382341770e-02 1.332697119109077221e+03
4.854365576655684383e-02 1.295468168614039314e+03
5.016670906865677154e-02 1.260882330983850352e+03
5.184402902990837420e-02 1.228836115434994781e+03
5.357743005178047802e-02 1.199128430384008652e+03
5.536878720011212396e-02 1.171453401837813544e+03
5.722003823342062395e-02 1.145406363827701625e+03
5.913318569902666078e-02 1.120485136600517308e+03
6.111029909926251474e-02 1.096106166214495488e+03
6.315351713010779189e-02 1.071624492995091259e+03
6.526504999467336310e-02 1.046366608451331786e+03
6.744718179403717817e-02 1.019671782534429894e+03
6.970227299801623477e-02 9.909432703576535459e+02
7.203276299854979858e-02 9.597069738894739430e+02
7.444117274845411802e-02 9.256694410295425541e+02
7.693010748840443946e-02 8.887706061263066886e+02
7.950225956509210379e-02 8.492226895910922622e+02
8.216041134360790865e-02 8.075240923012568146e+02
8.490743821719984319e-02 7.644441579940838665e+02
8.774631171766281157e-02 7.209724118901579004e+02
9.068010272972255870e-02 6.782370641318582329e+02
9.371198481289348681e-02 6.373985121397006424e+02
9.684523763440215649e-02 5.995308052106955756e+02
1.000832505168899600e-01 5.655054338998979802e+02
1.034295261047340625e-01 5.358891734465718173e+02
1.068876841529496080e-01 5.108688657001702040e+02
1.104614654427753945e-01 4.902048406218988816e+02
1.141547358281756464e-01 4.732235624931176403e+02
1.179714904176376727e-01 4.588565052828859621e+02
1.219158578957853512e-01 4.457402044791310232e+02
1.259921049894874856e-01 4.323882426331438751e+02
1.302046410832891354e-01 4.174333872296306254e+02
1.345580229891604751e-01 3.999049674720461667e+02
1.390569598757198100e-01 3.794736158896828329e+02
1.437063183622670492e-01 3.565758176985564774e+02
1.485111277831346888e-01 3.323503501209522142e+02
1.534765856280515817e-01 3.083761347608312917e+02
1.586080631644066208e-01 2.862794800149648040e+02
1.639111112474894438e-01 2.673237783472719116e+02
1.693914663249987407e-01 2.520974924104528441e+02
1.750550566423093313e-01 2.403676313255663786e+02
1.809080086552135869e-01 2.311296343653780241e+02
1.869566536570689830e-01 2.228633081685377704e+02
1.932075346275276828e-01 2.139842936721145179e+02
1.996674133102498971e-01 2.033952362138346643e+02
2.063432775272630582e-01 1.909190912354143563e+02
2.132423487378718452e-01 1.773653207197562267e+02
2.203720898503036263e-01 1.641394941659268056e+02
2.277402132945338109e-01 1.525764835404992823e+02
2.353546893650253491e-01 1.433376935582024885e+02
2.432237548424092122e-01 1.361505422997440462e+02
2.513559219034258718e-01 1.299906468906563646e+02
2.597599873287743666e-01 1.236434013666410152e+02
2.684450420188219666e-01 1.163923726253521380e+02
2.774204808274743361e-01 1.084149481830519761e+02
2.866960127248350254e-01 1.005720433769847091e+02
2.962816712996577673e-01 9.373450920656814844e+01
3.061878256129444420e-01 8.816577866856643197e+01
3.164251914144354805e-01 8.340607730335443648e+01
3.270048427341168962e-01 7.871144998031569173e+01
3.379382238612947953e-01 7.368781609517324682e+01
3.492371617241852855e-01 6.856531318480509185e+01
3.609138786834163448e-01 6.386447004766080227e+01
3.729810057532814693e-01 5.983176021664928612e+01
3.854515962650386651e-01 5.623999176733402550e+01
3.983391399870480631e-01 5.271334806439559628e+01
4.116575777170102257e-01 4.915891510979406576e+01
4.254213163620995108e-01 4.579128048069199508e+01
4.396452445232932327e-01 4.278067215921121402e+01
4.543447486007690661e-01 4.003833713436688413e+01
4.695357294377799362e-01 3.739401731921486061e+01
4.852346195210218704e-01 3.483980482690768099e+01
5.014584007560848322e-01 3.247547608434583566e+01
5.182246228372336949e-01 3.031017163090951527e+01
5.355514222313770833e-01 2.826691276405519204e+01
5.534575417967635413e-01 2.632464116688476707e+01
5.719623510576314906e-01 2.451829306864279090e+01
5.910858671567322808e-01 2.284279452442898872e+01
6.108487765084068544e-01 2.126628730520321753e+01
6.312724571756275216e-01 1.978807867810555976e+01
6.523790019952193653e-01 1.841348809391134012e+01
6.741912424762606104e-01 1.712859267218965087e+01
6.967327734975364839e-01 1.592680130691240770e+01
7.200279788307419881e-01 1.480609612194809976e+01
7.441020575170596008e-01 1.376103810706227648e+01
7.689810511256225389e-01 1.278631986615141969e+01
7.946918719233755368e-01 1.187723884725407331e+01
8.212623319867858873e-01 1.102973356806038829e+01
8.487211732869031078e-01 1.023998918098131128e+01
8.770980987803161932e-01 9.504372256410309916e+00
9.064238045396205701e-01 8.819413383900824854e+00
9.367300129581793700e-01 8.181839078288261291e+00
9.680495070650749767e-01 7.588551794071393353e+00
1.000416165987385808e+00 7.036607792928510463e+00
1.033865001598128330e+00 6.523245457002360581e+00
1.068432196389532240e+00 6.045893939180636778e+00
1.104155142612600837e+00 5.602177893967096978e+00
1.141072482725305592e+00 5.189868917290011652e+00
1.179224151193147607e+00 4.806862512148661892e+00
1.218651417687333982e+00 4.451158509037727917e+00
1.259396931727273516e+00 4.120882747624693643e+00
1.301504768815691548e+00 3.814289828328896181e+00
1.345020478116276896e+00 3.529764395081576911e+00
1.389991131725407447e+00 3.265796360420351707e+00
1.436465375591293947e+00 3.020967997030451269e+00
1.484493482135585296e+00 2.793941793583842870e+00
1.534127404634392455e+00 2.583467253474363456e+00
1.585420833417506836e+00 2.388379803557608039e+00
1.638429253946665609e+00 2.207599130138226950e+00
1.693210006835640158e+00 2.040118046340271718e+00
1.749822349877109051e+00 1.884995782815954923e+00
1.808327522143368116e+00 1.741352326547981555e+00
1.868788810230267217e+00 1.608366861198690323e+00
1.931271616715998229e+00 1.485274730135718979e+00
1.995843530908793184e+00 1.371363756993893457e+00
2.062574401960084458e+00 1.265970904222287752e+00
2.131536414422164238e+00 1.168479118686730489e+00
2.202804166332139602e+00 1.078314436430269474e+00
2.276454749906602792e+00 9.949429935115972068e-01
2.352567834934338631e+00 9.178682859124830395e-01
2.431225754957225149e+00 8.466285940518762931e-01
2.512513596332623944e+00 7.807947602109122087e-01
2.596519290273538783e+00 7.199680449622813949e-01
2.683333707966161441e+00 6.637780157718483620e-01
2.773050758867611432e+00 6.118806784090395912e-01
2.865767492290306695e+00 5.639567026649402459e-01
2.961584202382770314e+00 5.197097067283544813e-01
3.060604536620467719e+00 4.788646952322049843e-01
3.162935607924048931e+00 4.411665873312644037e-01
3.268688110526199786e+00 4.063787818747209291e-01
3.377976439712552459e+00 3.742819071882698134e-01
3.490918815566087297e+00 3.446726499098565766e-01
3.607637410848952619e+00 3.173626347228675759e-01
3.728258483159945236e+00 2.921773573837422866e-01
3.852912511510727001e+00 2.689551880183226329e-01
3.981734337468417539e+00 2.475464394752164288e-01
4.114863311017320058e+00 2.278125231201799383e-01
4.252443441297450555e+00 2.096251639174992187e-01
4.394623552383071896e+00 1.928656372388354301e-01
4.541557444269631816e+00 1.774240900275705080e-01
4.693404059243289517e+00 1.631989168453061023e-01
4.850327653813030437e+00 1.500961567652760176e-01
5.012497976391239618e+00 1.380289357157721275e-01
5.180090450915090017e+00 1.269169497665678381e-01
5.353286366607249214e+00 1.166859859830289281e-01
5.532273074081278885e+00 1.072674719561432927e-01
5.717244188003695271e+00 9.859805396214818551e-02
5.908399796532135539e+00 9.061919897154170622e-02
6.105946677756002750e+00 8.327683944226101087e-02
6.310098523373801171e+00 7.652105484115967471e-02
6.521076169849157722e+00 7.030576122761424129e-02
6.739107837295406966e+00 6.458842341333211057e-02
6.964429376347387013e+00 5.932978898220244574e-02
7.197284523287298619e+00 5.449364279415285645e-02
7.437925163700752407e+00 5.004657744569667582e-02
7.686611604948010879e+00 4.595777752594423782e-02
7.943612857745410594e+00 4.219881829467572731e-02
8.209206927161357470e+00 3.874348329178228106e-02
8.483681113341843272e+00 3.556760354640293303e-02
8.767332322290526392e+00 3.264890123161646313e-02
9.060467387039910392e+00 2.996684451756066736e-02
9.363403399560734641e+00 2.750251381718133922e-02
9.676468053768756405e+00 2.523848006175583025e-02
1.000000000000001243e+01 2.315869087415223584e-02
