2.000000000000000164e-05 3.413634148664025503e+01
2.066869842267550072e-05 3.523406862560412378e+01
2.135975472437544027e-05 3.636709995160463649e+01
2.207391643902171255e-05 3.753655952744330193e+01
2.281195609427394449e-05 3.874362836568214874e+01
2.357467204719313169e-05 3.998951184627945565e+01
2.436288934784564352e-05 4.127545949957798399e+01
2.517746063178175121e-05 4.260274809368218740e+01
2.601926704235410016e-05 4.397272507266806940e+01
2.688921918387384303e-05 4.538674729129518681e+01
2.778825810663545582e-05 4.684624086156809142e+01
2.871735632487579741e-05 4.835267603681501924e+01
2.967751886876853870e-05 4.990753012099938957e+01
3.066978437159193627e-05 5.151239096074814938e+01
3.169522619324599853e-05 5.316884923434786714e+01
3.275495358133433647e-05 5.487856906913770416e+01
3.385011287106671010e-05 5.664326667049581943e+01
3.498188872528021299e-05 5.846469876537016575e+01
3.615150541592045298e-05 6.034470834833280151e+01
3.736022814836899319e-05 6.228515361147599094e+01
3.860936443004954884e-05 6.428799225390636707e+01
3.990026548479344494e-05 6.635522481614198398e+01
4.123432771449419843e-05 6.848892318201629337e+01
4.261299420963254024e-05 7.069122495915689797e+01
4.403775631030562105e-05 7.296432739428041714e+01
4.551015521944909301e-05 7.531051269157445915e+01
4.703178366999723984e-05 7.773211638262424117e+01
4.860428764778435972e-05 8.023159613431627690e+01
5.022936817205134787e-05 8.281142235658472828e+01
5.190878313548323190e-05 8.547418131414211473e+01
5.364434920576834987e-05 8.822252994777082336e+01
5.543794379073590958e-05 9.105923666397126226e+01
5.729150706919781900e-05 9.398713781005925227e+01
5.920704408969155763e-05 9.700913930320879786e+01
6.118662693939432690e-05 1.001283055935709143e+02
6.323239698555469304e-05 1.033477195521163594e+02
6.534656719186627638e-05 1.066706141870941451e+02
6.753142451228926792e-05 1.101003170165868141e+02
6.978933236490913268e-05 1.136402231190353831e+02
7.212273318850868345e-05 1.172939418762764490e+02
7.453415108461877573e-05 1.210650481100480960e+02
7.702619454790587906e-05 1.249573387348530957e+02
7.960155928784993205e-05 1.289747417702376708e+02
8.226303114476471348e-05 1.331212227007032141e+02
8.501348910331518868e-05 1.374008990781760247e+02
8.785590840679157983e-05 1.418181347801393031e+02
9.079336377550881697e-05 1.463772521110759044e+02
9.382903273281309529e-05 1.510828600923809120e+02
9.696619904229312483e-05 1.559395956088832804e+02
1.002082562599141270e-04 1.609523677853970014e+02
1.035587114049174785e-04 1.661261248914128146e+02
1.070211887534562421e-04 1.714660506944191809e+02
1.105994337590709140e-04 1.769774564705741682e+02
1.142973171042456330e-04 1.826658714352856236e+02
1.181188388874281471e-04 1.885368843393113423e+02
1.220681329500424115e-04 1.945963763186924211e+02
1.261494713481742377e-04 2.008504025364590007e+02
1.303672689737678670e-04 2.073051316339130778e+02
1.347260883303314362e-04 2.139670378142305083e+02
1.392306444683180742e-04 2.208426973305570584e+02
1.438858100855209437e-04 2.279389382064189533e+02
1.486966207979997041e-04 2.352628091064443936e+02
1.536682805872396744e-04 2.428216269885087684e+02
1.588061674294368483e-04 2.506227686290296219e+02
1.641158391129971276e-04 2.586740310438106576e+02
1.696030392505434848e-04 2.669834592087789815e+02
1.752737034919339915e-04 2.755590415547566749e+02
1.811339659450114388e-04 2.844094477128879248e+02
1.871901658110307874e-04 2.935433856985728198e+02
1.934488542419408646e-04 3.029698250794147611e+02
1.999168014269393128e-04 3.126980092542983130e+02
2.066010039159656652e-04 3.227375691185239930e+02
2.135086921880547338e-04 3.330982960963676760e+02
2.206473384727377968e-04 3.437904671964579961e+02
2.280246648329511538e-04 3.548244591115712865e+02
2.356486515181963309e-04 3.662110897253960502e+02
2.435275455969876748e-04 3.779615490230600585e+02
2.516698698779247295e-04 3.900872020394296555e+02
2.600844321290405573e-04 4.025999157099826107e+02
2.687803346053976817e-04 4.155117961976406491e+02
2.777669838952388651e-04 4.288353906962420297e+02
2.870541010953427292e-04 4.425835946082341366e+02
2.966517323265922064e-04 4.567696481625542901e+02
3.065702596011295341e-04 4.714072536004524636e+02
3.168204120528543403e-04 4.865105301116932992e+02
3.274132775434116785e-04 5.020937913775856032e+02
3.383603146562264279e-04 5.181719819992786142e+02
3.496733650915567022e-04 5.347603911361969722e+02
3.613646664759745386e-04 5.518749615575499092e+02
3.734468656001317080e-04 5.695316256991059163e+02
3.859330320991275886e-04 5.877470305419088845e+02
3.988366725902805230e-04 6.065383757112540479e+02
4.121717452835938129e-04 6.259233083078574964e+02
4.259526750807212541e-04 6.459196917569815923e+02
4.401943691787655547e-04 6.665461743064638540e+02
4.549122331957894719e-04 6.878218087884084753e+02
4.701221878354804149e-04 7.097657914045702228e+02
4.858406861089974399e-04 7.323985599887373610e+02
5.020847311326308640e-04 7.557405062018863191e+02
5.188718945205230424e-04 7.798126081291786704e+02
5.362203353923492141e-04 8.046362374842891541e+02
5.541488200165187389e-04 8.302340311119650096e+02
5.726767421101455150e-04 8.566281820232100017e+02
5.918241438177454907e-04 8.838417671788183725e+02
6.116117373913557359e-04 9.118988367227117351e+02
6.320609275955268004e-04 9.408233618243688170e+02
6.531938348614238542e-04 9.706401521983949578e+02
6.750333192150836329e-04 1.001374410874049545e+03
6.976030050057104547e-04 1.033051863315481796e+03
7.209273064607610694e-04 1.065699005538985148e+03
7.450314540954613768e-04 1.099342453437810036e+03
7.699415220053250396e-04 1.134009814134974931e+03
7.956844560711916160e-04 1.169728829847692850e+03
8.222881031073025473e-04 1.206527801402247178e+03
8.497812409839368810e-04 1.244435218086685154e+03
8.781936097571961097e-04 1.283481089762609599e+03
9.075559438396131216e-04 1.323694087155246962e+03
9.379000052463793693e-04 1.365105060896908299e+03
9.692586179531593148e-04 1.407744070527583517e+03
1.001665703402655023e-03 1.451642173044454921e+03
1.035156317198330069e-03 1.496829843819538610e+03
1.069766687024985286e-03 1.543339116017695233e+03
1.105534251837205851e-03 1.591201357708222986e+03
1.142497702358069404e-03 1.640448168846490262e+03
1.180697022931930960e-03 1.691111241563134172e+03
1.220173534776542454e-03 1.743222507833640975e+03
1.260969940681316284e-03 1.796813291810636656e+03
1.303130371200056587e-03 1.851915889847164408e+03
1.346700432388157767e-03 1.908560926681772571e+03
1.391727255135877424e-03 1.966779536191569150e+03
1.438259546151070007e-03 2.026602056885983529e+03
1.486347640646530459e-03 2.088058173648068987e+03
1.536043556788919398e-03 2.151178089370588623e+03
1.587401051968200579e-03 2.215988124914177661e+03
1.640475680948428249e-03 2.282517128792201220e+03
1.695324855962815390e-03 2.350791114100687537e+03
1.752007908818060174e-03 2.420833632149724053e+03
1.810586155075142928e-03 2.492669063694519991e+03
1.871122960375984270e-03 2.566319043384834913e+03
1.933683808987751848e-03 2.641802788893695833e+03
1.998336374638913938e-03 2.719139670064874281e+03
2.065150593723721201e-03 2.798343198090491569e+03
2.134198740954243185e-03 2.879428281945404706e+03
2.205555507541849362e-03 2.962405588808068842e+03
2.279298081992675151e-03 3.047283792054747664e+03
2.355506233604463730e-03 3.134066948883909845e+03
2.434262398755145627e-03 3.222757855559609652e+03
2.515651770076436904e-03 3.313355535684721417e+03
2.599762388608985089e-03 3.405855686707554923e+03
2.686685239038679764e-03 3.500249908516055257e+03
2.776514348117217236e-03 3.596527986587847863e+03
2.869346886373309435e-03 3.694671778815062680e+03
2.965283273224645581e-03 3.794664747703302510e+03
3.064427285604211931e-03 3.896481021490734292e+03
3.166886170218578649e-03 4.000094179461362728e+03
3.272770759559481216e-03 4.105469501410122575e+03
3.382195591794276077e-03 4.212571833630002402e+03
3.495279034664920681e-03 4.321357329210425632e+03
3.612143413529477973e-03 4.431777062724686402e+03
3.732915143684721951e-03 4.543778424898065168e+03
3.857724867112893516e-03 4.657299899383390766e+03
3.986707593800617976e-03 4.772277105970794764e+03
4.120002847782761740e-03 4.888637522974978310e+03
4.257754818069308354e-03 5.006301513841083761e+03
4.400112514618404608e-03 5.125185293411755993e+03
4.547229929524409554e-03 5.245196423182694161e+03
4.699266203595197679e-03 5.366236053084202467e+03
4.856385798499019031e-03 5.488201686464560225e+03
5.018758674667020935e-03 5.610978525503555829e+03
5.186560475143959549e-03 5.734450934097550999e+03
5.359972715585955248e-03 5.858488985567688360e+03
5.539182980610755057e-03 5.982959959060990514e+03
5.724385126713026593e-03 6.107720451092875919e+03
5.915779491964028892e-03 6.232614741041395064e+03
6.113573112722652143e-03 6.357477206181640213e+03
6.317979947592099882e-03 6.482131541213512719e+03
6.529221108864616957e-03 6.606392041121828697e+03
6.747525101704480652e-03 6.730059270724259477e+03
6.973128071328140755e-03 6.852925912721798340e+03
7.206274058448705437e-03 6.974776793551183800e+03
7.447215263261310406e-03 7.095381885207804771e+03
7.696212318254701257e-03 7.214504607008128005e+03
7.953534570144332738e-03 7.331891522928417544e+03
8.219460371231864307e-03 7.447281626215533834e+03
8.494277380506187053e-03 7.560398586267442624e+03
8.778282874811823774e-03 7.670947578859335408e+03
9.071784070421121463e-03 7.778628812739692876e+03
9.375098455358292851e-03 7.883132979063194398e+03
9.688554132834568261e-03 7.984139300619324786e+03
1.001249017616620725e-02 8.081315381614551370e+03
1.034725699555901803e-02 8.174317912471321506e+03
1.069321671715643858e-02 8.262790036881018750e+03
1.105074357476093505e-02 8.346361344659966562e+03
1.142022431465263173e-02 8.424658143860671771e+03
1.180205861394306721e-02 8.497293100500144647e+03
1.219665951291643881e-02 8.563882691201109992e+03
1.260445386182631328e-02 8.624029416290886729e+03
1.302588278263077520e-02 8.677326255063870121e+03
1.346140214616583890e-02 8.723369929470600255e+03
1.391148306527291781e-02 8.761754227925584928e+03
1.437661240441416924e-02 8.792079844778965708e+03
1.485729330632660182e-02 8.813949666792308562e+03
1.535404573628500365e-02 8.826973514014867760e+03
1.586740704456205894e-02 8.830772837583359433e+03
1.639793254769450481e-02 8.824990620375041544e+03
1.694619612918364313e-02 8.809291103028392172e+03
1.751279086028037155e-02 8.783363344347195380e+03
1.809832964152614798e-02 8.746929641439886836e+03
1.870344586574363213e-02 8.699751097123191357e+03
1.932879410319460894e-02 8.641642549677188072e+03
1.997505080964588620e-02 8.572462118172314149e+03
2.064291505810955316e-02 8.492133753255480769e+03
2.133310929504865505e-02 8.400654940085649287e+03
2.204638012186681956e-02 8.298092804235024232e+03
2.278349910252664909e-02 8.184604302823128819e+03
2.354526359817107548e-02 8.060434448547909597e+03
2.433249762964985810e-02 7.925929709336915948e+03
2.514605276888498206e-02 7.781538806678396213e+03
2.598680906003840441e-02 7.627826622116986073e+03
2.685567597147924673e-02 7.465462338662749971e+03
2.775359337957988490e-02 7.295231579310958296e+03
2.868153258540498754e-02 7.118037220190414700e+03
2.964049736539381419e-02 6.934888157134730136e+03
3.063152505717161092e-02 6.746892499611041785e+03
3.165568768166540647e-02 6.555257934563242998e+03
3.271409310273729054e-02 6.361268474104557754e+03
3.380788622559029871e-02 6.166269772323353209e+03
3.493825023524253087e-02 5.971651464460262105e+03
3.610640787640997940e-02 5.778820056991789897e+03
3.731362277618164441e-02 5.589177777544607125e+03
3.856120081091872487e-02 5.404083522803829510e+03
3.985049151885547425e-02 5.224829806889454630e+03
4.118288955993056055e-02 5.052600042588449469e+03
4.255983622442782027e-02 4.888442609368719786e+03
4.398282099205792772e-02 4.733225649912717927e+03
4.545338314316834522e-02 4.587606986240894003e+03
4.697311342382341770e-02 4.451994268657567773e+03
4.854365576655684383e-02 4.326513935266008048e+03
5.016670906865677154e-02 4.210979878568474305e+03
5.184402902990837420e-02 4.104865203960794133e+03
5.357743005178047802e-02 4.007282740262872267e+03
5.536878720011212396e-02 3.916972472381446096e+03
5.722003823342062395e-02 3.832314561385353045e+03
5.913318569902666078e-02 3.751347637731615578e+03
6.111029909926251474e-02 3.671829285223317584e+03
6.315351713010779189e-02 3.591316233989117791e+03
6.526504999467336310e-02 3.507296457910545541e+03
6.744718179403717817e-02 3.417344480428506813e+03
6.970227299801623477e-02 3.319324130559592049e+03
7.203276299854979858e-02 3.211601425494001433e+03
7.444117274845411802e-02 3.093264719554319527e+03
7.693010748840443946e-02 2.964308817743657073e+03
7.950225956509210379e-02 2.825758617707211215e+03
8.216041134360790865e-02 2.679700118144985936e+03
8.490743821719984319e-02 2.529186841665874908e+03
8.774631171766281157e-02 2.378020592035843492e+03
9.068010272972255870e-02 2.230423163902449232e+03
9.371198481289348681e-02 2.090624606951705118e+03
9.684523763440215649e-02 1.962426889478769681e+03
1.000832505168899600e-01 1.848791245745791230e+03
1.034295261047340625e-01 1.751494961578501488e+03
1.068876841529496080e-01 1.670888283096076293e+03
1.104614654427753945e-01 1.605761661347326935e+03
1.141547358281756464e-01 1.553348758714761061e+03
1.179714904176376727e-01 1.509496125554722312e+03
1.219158578957853512e-01 1.469062687731282267e+03
1.259921049894874856e-01 1.426586418542046204e+03
1.302046410832891354e-01 1.377209975197826680e+03
1.345580229891604751e-01 1.317706836016860052e+03
1.390569598757198100e-01 1.247343025056330362e+03
1.437063183622670492e-01 1.168230604417033192e+03
1.485111277831346888e-01 1.084954250536150084e+03
1.534765856280515817e-01 1.003477399081428302e+03
1.586080631644066208e-01 9.296388848921270665e+02
1.639111112474894438e-01 8.676921317531099476e+02
1.693914663249987407e-01 8.192782501544585330e+02
1.750550566423093313e-01 7.830348335742132804e+02
1.809080086552135869e-01 7.549010045128472939e+02
1.869566536570689830e-01 7.291610862302009082e+02
1.932075346275276828e-01 7.001698738789150411e+02
1.996674133102498971e-01 6.643673691634203351e+02
2.063432775272630582e-01 6.217199399787358516e+02
2.132423487378718452e-01 5.756937308053659308e+02
2.203720898503036263e-01 5.315751745834729718e+02
2.277402132945338109e-01 4.939704511709601320e+02
2.353546893650253491e-01 4.647660497909855053e+02
2.432237548424092122e-01 4.424495659346101206e+02
2.513559219034258718e-01 4.230235594742605372e+02
2.597599873287743666e-01 4.021896907890051693e+02
2.684450420188219666e-01 3.778001388083146708e+02
2.774204808274743361e-01 3.510065476614485647e+02
2.866960127248350254e-01 3.251426357089240469e+02
2.962816712996577673e-01 3.031541178401982393e+02
3.061878256129444420e-01 2.855642754287206344e+02
3.164251914144354805e-01 2.704017497587101388e+02
3.270048427341168962e-01 2.550197966143376789e+02
3.379382238612947953e-01 2.383280003878367381e+02
3.492371617241852855e-01 2.214568241927410952e+02
3.609138786834163448e-01 2.062726784108918991e+02
3.729810057532814693e-01 1.934057598484467633e+02
3.854515962650386651e-01 1.818409456837230493e+02
3.983391399870480631e-01 1.702923728827653918e+02
4.116575777170102257e-01 1.586383506984530243e+02
4.254213163620995108e-01 1.477314107903702336e+02
4.396452445232932327e-01 1.380649574850628198e+02
4.543447486007690661e-01 1.292065087475979510e+02
4.695357294377799362e-01 1.205919527523026318e+02
4.852346195210218704e-01 1.122964028730316244e+02
5.014584007560848322e-01 1.046738400207740085e+02
5.182246228372336949e-01 9.768817273344413366e+01
5.355514222313770833e-01 9.106401095573222904e+01
5.534575417967635413e-01 8.477591871229658693e+01
5.719623510576314906e-01 7.894964350899670080e+01
5.910858671567322808e-01 7.353960619654688458e+01
6.108487765084068544e-01 6.844160433369512475e+01
6.312724571756275216e-01 6.367034859379477751e+01
6.523790019952193653e-01 5.923668164838031203e+01
6.741912424762606104e-01 5.508948638659818897e+01
6.967327734975364839e-01 5.121166186994542358e+01
7.200279788307419881e-01 4.759774415533472336e+01
7.441020575170596008e-01 4.422925607476506116e+01
7.689810511256225389e-01 4.108827455862208922e+01
7.946918719233755368e-01 3.815926787993011970e+01
8.212623319867858873e-01 3.542920170215536757e+01
8.487211732869031078e-01 3.288583358352720865e+01
8.770980987803161932e-01 3.051742997050267547e+01
9.064238045396205701e-01 2.831269908920882017e+01
9.367300129581793700e-01 2.626098899107400442e+01
9.680495070650749767e-01 2.435223470970957393e+01
1.000416165987385808e+00 2.257689393030587510e+01
1.033865001598128330e+00 2.092602108134512306e+01
1.068432196389532240e+00 1.939129388017377309e+01
1.104155142612600837e+00 1.796502405905293998e+01
1.141072482725305592e+00 1.663999965170271622e+01
1.179224151193147607e+00 1.540940865186369102e+01
1.218651417687333982e+00 1.426677667513753178e+01
1.259396931727273516e+00 1.320604081860053469e+01
1.301504768815691548e+00 1.222155964326892352e+01
1.345020478116276896e+00 1.130811697188824283e+01
1.389991131725407447e+00 1.046083746789067348e+01
1.436465375591293947e+00 9.675143590728884746e+00
1.484493482135585296e+00 8.946716008028591460e+00
1.534127404634392455e+00 8.271518121845224059e+00
1.585420833417506836e+00 7.645792832888260726e+00
1.638429253946665609e+00 7.066057252704196934e+00
1.693210006835640158e+00 6.529065005330461524e+00
1.749822349877109051e+00 6.031784202927134686e+00
1.808327522143368116e+00 5.571378758601106540e+00
1.868788810230267217e+00 5.145204148894631402e+00
1.931271616715998229e+00 4.750797680755741936e+00
1.995843530908793184e+00 4.385866887354628929e+00
2.062574401960084458e+00 4.048278119499608252e+00
2.131536414422164238e+00 3.736046077429817203e+00
2.202804166332139602e+00 3.447324249051446188e+00
2.276454749906602792e+00 3.180395458878089165e+00
2.352567834934338631e+00 2.933663084322229775e+00
2.431225754957225149e+00 2.705642659022973184e+00
2.512513596332623944e+00 2.494954740213565447e+00
2.596519290273538783e+00 2.300318015597043075e+00
2.683333707966161441e+00 2.120542666474700688e+00
2.773050758867611432e+00 1.954524093851154998e+00
2.865767492290306695e+00 1.801237016601446861e+00
2.961584202382770314e+00 1.659729729651337138e+00
3.060604536620467719e+00 1.529119291549275284e+00
3.162935607924048931e+00 1.408586928089763379e+00
3.268688110526199786e+00 1.297373517161906076e+00
3.377976439712552459e+00 1.194775427456966188e+00
3.490918815566087297e+00 1.100140629356921362e+00
3.607637410848952619e+00 1.012865040902702907e+00
3.728258483159945236e+00 9.323891289424759421e-01
3.852912511510727001e+00 8.581947368297488943e-01
3.981734337468417539e+00 7.898020892660087000e-01
4.114863311017320058e+00 7.267670675947706105e-01
4.252443441297450555e+00 6.686786698845249566e-01
4.394623552383071896e+00 6.151565321449007362e-01
4.541557444269631816e+00 5.658487611088821589e-01
4.693404059243289517e+00 5.204299454022245364e-01
4.850327653813030437e+00 4.785992499729259664e-01
5.012497976391239618e+00 4.400785991751244852e-01
5.180090450915090017e+00 4.046109731554923816e-01
5.353286366607249214e+00 3.719588264845792303e-01
5.532273074081278885e+00 3.419026631047303311e-01
5.717244188003695271e+00 3.142397327803270746e-01
5.908399796532135539e+00 2.887827798662866985e-01
6.105946677756002750e+00 2.653588906529826263e-01
6.310098523373801171e+00 2.438084296988623501e-01
6.521076169849157722e+00 2.239840233984213003e-01
6.739107837295406966e+00 2.057496429806887350e-01
6.964429376347387013e+00 1.889797787605852208e-01
7.197284523287298619e+00 1.735586600925174416e-01
7.437925163700752407e+00 1.593795161338056043e-01
7.686611604948010879e+00 1.463438716986703581e-01
7.943612857745410594e+00 1.343608959039749584e-01
8.209206927161357470e+00 1.233468187819509454e-01
8.483681113341843272e+00 1.132244234307098890e-01
8.767332322290526392e+00 1.039225472337041850e-01
9.060467387039910392e+00 9.537561668299446294e-02
9.363403399560734641e+00 8.752321389193237766e-02
9.676468053768756405e+00 8.030968244013436674e-02
1.000000000000001243e+01 7.368376090257398869e-02
