2.000000000000000164e-05 5.393032365949488849e+01
2.066869842267550072e-05 5.566456949837772328e+01
2.135975472437544027e-05 5.745458396605047824e+01
2.207391643902171255e-05 5.930216402568991896e+01
2.281195609427394449e-05 6.120915304772959331e+01
2.357467204719313169e-05 6.317745270150432901e+01
2.436288934784564352e-05 6.520905127827499825e+01
2.517746063178175121e-05 6.730598357842974622e+01
2.601926704235410016e-05 6.947032741957659141e+01
2.688921918387384303e-05 7.170428779518839235e+01
2.778825810663545582e-05 7.401005268273274851e+01
2.871735632487579741e-05 7.638997509103489847e+01
2.967751886876853870e-05 7.884642168736785095e+01
3.066978437159193627e-05 8.138185810764440475e+01
3.169522619324599853e-05 8.399880629944884447e+01
3.275495358133433647e-05 8.669990605727358002e+01
3.385011287106671010e-05 8.948786985825037732e+01
3.498188872528021299e-05 9.236544295356920031e+01
3.615150541592045298e-05 9.533556574506377501e+01
3.736022814836899319e-05 9.840117694100672452e+01
3.860936443004954884e-05 1.015653595465041974e+02
3.990026548479344494e-05 1.048312621219782415e+02
4.123432771449419843e-05 1.082021764710322174e+02
4.261299420963254024e-05 1.116814664449368451e+02
4.403775631030562105e-05 1.152726192035827921e+02
4.551015521944909301e-05 1.189792287675469424e+02
4.703178366999723984e-05 1.228050009623746917e+02
4.860428764778435972e-05 1.267537719954567876e+02
5.022936817205134787e-05 1.308294827393654032e+02
5.190878313548323190e-05 1.350362095893667345e+02
5.364434920576834987e-05 1.393782014486777143e+02
5.543794379073590958e-05 1.438597451280995756e+02
5.729150706919781900e-05 1.484853397698961714e+02
5.920704408969155763e-05 1.532596314321984323e+02
6.118662693939432690e-05 1.581874090101393051e+02
6.323239698555469304e-05 1.632735499455381500e+02
6.534656719186627638e-05 1.685231757351651822e+02
6.753142451228926792e-05 1.739415355329278441e+02
6.978933236490913268e-05 1.795340274434028061e+02
7.212273318850868345e-05 1.853062565877446843e+02
7.453415108461877573e-05 1.912639953451026713e+02
7.702619454790587906e-05 1.974131706857233155e+02
7.960155928784993205e-05 2.037599440618576807e+02
8.226303114476471348e-05 2.103106715016462545e+02
8.501348910331518868e-05 2.170718548578094556e+02
8.785590840679157983e-05 2.240502773440361750e+02
9.079336377550881697e-05 2.312528960330473069e+02
9.382903273281309529e-05 2.386869218792025720e+02
9.696619904229312483e-05 2.463597058947644882e+02
1.002082562599141270e-04 2.542789681019610271e+02
1.035587114049174785e-04 2.624525151028598771e+02
1.070211887534562421e-04 2.708886012573352104e+02
1.105994337590709140e-04 2.795956048687018551e+02
1.142973171042456330e-04 2.885821145270581951e+02
1.181188388874281471e-04 2.978572490127331207e+02
1.220681329500424115e-04 3.074299938237589345e+02
1.261494713481742377e-04 3.173101117230358454e+02
1.303672689737678670e-04 3.275072554222620056e+02
1.347260883303314362e-04 3.380316387450296247e+02
1.392306444683180742e-04 3.488938013870521218e+02
1.438858100855209437e-04 3.601042553504440775e+02
1.486966207979997041e-04 3.716743272773522904e+02
1.536682805872396744e-04 3.836155038929269949e+02
1.588061674294368483e-04 3.959395492905056244e+02
1.641158391129971276e-04 4.086586345091849921e+02
1.696030392505434848e-04 4.217854356196332333e+02
1.752737034919339915e-04 4.353327883342479367e+02
1.811339659450114388e-04 4.493142040659851091e+02
1.871901658110307874e-04 4.637433718730373471e+02
1.934488542419408646e-04 4.786345112905728456e+02
1.999168014269393128e-04 4.940024030505766746e+02
2.066010039159656652e-04 5.098620322243631335e+02
2.135086921880547338e-04 5.262289552635808150e+02
2.206473384727377968e-04 5.431192568047371196e+02
2.280246648329511538e-04 5.605495291699866129e+02
2.356486515181963309e-04 5.785367803433648533e+02
2.435275455969876748e-04 5.970984609846181002e+02
2.516698698779247295e-04 6.162527967525136319e+02
2.600844321290405573e-04 6.360184222199515034e+02
2.687803346053976817e-04 6.564143685665418388e+02
2.777669838952388651e-04 6.774605905477586703e+02
2.870541010953427292e-04 6.991770962135971104e+02
2.966517323265922064e-04 7.215852807159802751e+02
3.065702596011295341e-04 7.447064695298107608e+02
3.168204120528543403e-04 7.685627733945614182e+02
3.274132775434116785e-04 7.931771335857652048e+02
3.383603146562264279e-04 8.185729904423413927e+02
3.496733650915567022e-04 8.447744102615801012e+02
3.613646664759745386e-04 8.718064004056749354e+02
3.734468656001317080e-04 8.996944557226277084e+02
3.859330320991275886e-04 9.284647526184809294e+02
3.988366725902805230e-04 9.581440934560431515e+02
4.121717452835938129e-04 9.887606545432691973e+02
4.259526750807212541e-04 1.020342543493237599e+03
4.401943691787655547e-04 1.052918935747599335e+03
4.549122331957894719e-04 1.086519898135696621e+03
4.701221878354804149e-04 1.121176367966499356e+03
4.858406861089974399e-04 1.156919607050357172e+03
5.020847311326308640e-04 1.193782339870322858e+03
5.188718945205230424e-04 1.231797805587408448e+03
5.362203353923492141e-04 1.270999274896065117e+03
5.541488200165187389e-04 1.311422744183269060e+03
5.726767421101455150e-04 1.353103098095582254e+03
5.918241438177454907e-04 1.396076934305859140e+03
6.116117373913557359e-04 1.440381549978713338e+03
6.320609275955268004e-04 1.486055775613367132e+03
6.531938348614238542e-04 1.533138045341409679e+03
6.750333192150836329e-04 1.581668348333193990e+03
6.976030050057104547e-04 1.631687431195825638e+03
7.209273064607610694e-04 1.683236658564671416e+03
7.450314540954613768e-04 1.736358580204758255e+03
7.699415220053250396e-04 1.791096738789138271e+03
7.956844560711916160e-04 1.847494470403909418e+03
8.222881031073025473e-04 1.905596637377969046e+03
8.497812409839368810e-04 1.965449009934929791e+03
8.781936097571961097e-04 2.027097647590389897e+03
9.075559438396131216e-04 2.090588979022047624e+03
9.379000052463793693e-04 2.155971265248017062e+03
9.692586179531593148e-04 2.223291288492241165e+03
1.001665703402655023e-03 2.292599331311113474e+03
1.035156317198330069e-03 2.363943031569150207e+03
1.069766687024985286e-03 2.437372493449532612e+03
1.105534251837205851e-03 2.512936590810161306e+03
1.142497702358069404e-03 2.590686681729474913e+03
1.180697022931930960e-03 2.670671181290251297e+03
1.220173534776542454e-03 2.752941322779864095e+03
1.260969940681316284e-03 2.837546158639660007e+03
1.303130371200056587e-03 2.924535263537157789e+03
1.346700432388157767e-03 3.013957643426863797e+03
1.391727255135877424e-03 3.105862561274399468e+03
1.438259546151070007e-03 3.200296965769049621e+03
1.486347640646530459e-03 3.297308356442501918e+03
1.536043556788919398e-03 3.396940982907583020e+03
1.587401051968200579e-03 3.499240943308062469e+03
1.640475680948428249e-03 3.604249629463872225e+03
1.695324855962815390e-03 3.712007678862440116e+03
1.752007908818060174e-03 3.822556142726906728e+03
1.810586155075142928e-03 3.935928584351745485e+03
1.871122960375984270e-03 4.052160339296713119e+03
1.933683808987751848e-03 4.171283535304096404e+03
1.998336374638913938e-03 4.293324739028391377e+03
2.065150593723721201e-03 4.418308785794471987e+03
2.134198740954243185e-03 4.546256087709220992e+03
2.205555507541849362e-03 4.677183841918936196e+03
2.279298081992675151e-03 4.811104816315067183e+03
2.355506233604463730e-03 4.948025933173168596e+03
2.434262398755145627e-03 5.087951569467404624e+03
2.515651770076436904e-03 5.230877940478430901e+03
2.599762388608985089e-03 5.376799447264786068e+03
2.686685239038679764e-03 5.525701884500830602e+03
2.776514348117217236e-03 5.677567366752988164e+03
2.869346886373309435e-03 5.832371344569455687e+03
2.965283273224645581e-03 5.990082135189762994e+03
3.064427285604211931e-03 6.150661451088103604e+03
3.166886170218578649e-03 6.314064443031008523e+03
3.272770759559481216e-03 6.480241295616026946e+03
3.382195591794276077e-03 6.649128244531212658e+03
3.495279034664920681e-03 6.820659094435886800e+03
3.612143413529477973e-03 6.994758005630788830e+03
3.732915143684721951e-03 7.171339913014343438e+03
3.857724867112893516e-03 7.350309029604573880e+03
3.986707593800617976e-03 7.531560925028753445e+03
4.120002847782761740e-03 7.714983750601752035e+03
4.257754818069308354e-03 7.900449504553307634e+03
4.400112514618404608e-03 8.087827284570034863e+03
4.547229929524409554e-03 8.276970456104721961e+03
4.699266203595197679e-03 8.467723212482971576e+03
4.856385798499019031e-03 8.659923197855481703e+03
5.018758674667020935e-03 8.853390311804909288e+03
5.186560475143959549e-03 9.047939288726596715e+03
5.359972715585955248e-03 9.243369888922394239e+03
5.539182980610755057e-03 9.439464468750651577e+03
5.724385126713026593e-03 9.636000363882611055e+03
5.915779491964028892e-03 9.832731444951266894e+03
6.113573112722652143e-03 1.002939524543938569e+04
6.317979947592099882e-03 1.022571768999518099e+04
6.529221108864616957e-03 1.042140195107360159e+04
6.747525101704480652e-03 1.061613483315333906e+04
6.973128071328140755e-03 1.080959394991347472e+04
7.206274058448705437e-03 1.100143173585612203e+04
7.447215263261310406e-03 1.119129350404122306e+04
7.696212318254701257e-03 1.137880444005792560e+04
7.953534570144332738e-03 1.156356339598552586e+04
8.219460371231864307e-03 1.174516365799911000e+04
8.494277380506187053e-03 1.192316707684822541e+04
8.778282874811823774e-03 1.209711368389808194e+04
9.071784070421121463e-03 1.226653243553302673e+04
9.375098455358292851e-03 1.243093433163782356e+04
9.688554132834568261e-03 1.258982103736409772e+04
1.001249017616620725e-02 1.274266343921037333e+04
1.034725699555901803e-02 1.288893039716992644e+04
1.069321671715643858e-02 1.302805540795471825e+04
1.105074357476093505e-02 1.315946053983648380e+04
1.142022431465263173e-02 1.328255867575597586e+04
1.180205861394306721e-02 1.339674514335000640e+04
1.219665951291643881e-02 1.350141670520876869e+04
1.260445386182631328e-02 1.359594492147016899e+04
1.302588278263077520e-02 1.367970304852158915e+04
1.346140214616583890e-02 1.375204949867381401e+04
1.391148306527291781e-02 1.381234921272875363e+04
1.437661240441416924e-02 1.385998081296973942e+04
1.485729330632660182e-02 1.389431660933983949e+04
1.535404573628500365e-02 1.391475011535123485e+04
1.586740704456205894e-02 1.392068345428117937e+04
1.639793254769450481e-02 1.391156229592300406e+04
1.694619612918364313e-02 1.388685431179629813e+04
1.751279086028037155e-02 1.384607802274960704e+04
1.809832964152614798e-02 1.378879036793725027e+04
1.870344586574363213e-02 1.371462781899950460e+04
1.932879410319460894e-02 1.362328688987772330e+04
1.997505080964588620e-02 1.351455148218499926e+04
2.064291505810955316e-02 1.338830056451952441e+04
2.133310929504865505e-02 1.324452623106812462e+04
2.204638012186681956e-02 1.308333135327761011e+04
2.278349910252664909e-02 1.290496003242241568e+04
2.354526359817107548e-02 1.270979578561593917e+04
2.433249762964985810e-02 1.249837480730605967e+04
2.514605276888498206e-02 1.227140224366557050e+04
2.598680906003840441e-02 1.202974905050410780e+04
2.685567597147924673e-02 1.177446960011987903e+04
2.775359337957988490e-02 1.150678782983898782e+04
2.868153258540498754e-02 1.122811384125509358e+04
2.964049736539381419e-02 1.094002095554490916e+04
3.063152505717161092e-02 1.064424884460283101e+04
3.165568768166540647e-02 1.034267999763261287e+04
3.271409310273729054e-02 1.003732631816843605e+04
3.380788622559029871e-02 9.730293697639879611e+03
3.493825023524253087e-02 9.423756792009253331e+03
3.610640787640997940e-02 9.119924328948794937e+03
3.731362277618164441e-02 8.820987300826873252e+03
3.856120081091872487e-02 8.529084237910379670e+03
3.985049151885547425e-02 8.246238353264994657e+03
4.118288955993056055e-02 7.974313785310398998e+03
4.255983622442782027e-02 7.714956842735953614e+03
4.398282099205792772e-02 7.469538905561178581e+03
4.545338314316834522e-02 7.239097070031661133e+03
4.697311342382341770e-02 7.024284392650958580e+03
4.854365576655684383e-02 6.825311456362675017e+03
5.016670906865677154e-02 6.641902744720520786e+03
5.184402902990837420e-02 6.473246564232130368e+03
5.357743005178047802e-02 6.317974584770036017e+03
5.536878720011212396e-02 6.174134892171031424e+03
5.722003823342062395e-02 6.039210355672429614e+03
5.913318569902666078e-02 5.910159433076743881e+03
6.111029909926251474e-02 5.783493540128324639e+03
6.315351713010779189e-02 5.655416895007612766e+03
6.526504999467336310e-02 5.522018732281279881e+03
6.744718179403717817e-02 5.379524681781087565e+03
6.970227299801623477e-02 5.224605953096164740e+03
7.203276299854979858e-02 5.054711414172064906e+03
7.444117274845411802e-02 4.868407074759181342e+03
7.693010748840443946e-02 4.665666970084142122e+03
7.950225956509210379e-02 4.448065615630303910e+03
8.216041134360790865e-02 4.218823426941905382e+03
8.490743821719984319e-02 3.982669214924085281e+03
8.774631171766281157e-02 3.745501040632963395e+03
9.068010272972255870e-02 3.513876335352279511e+03
9.371198481289348681e-02 3.294374628065007528e+03
9.684523763440215649e-02 3.092920347380551448e+03
1.000832505168899600e-01 2.914134436334259590e+03
1.034295261047340625e-01 2.760802062270363876e+03
1.068876841529496080e-01 2.633487553461588959e+03
1.104614654427753945e-01 2.530327638573785862e+03
1.141547358281756464e-01 2.447032232992030458e+03
1.179714904176376727e-01 2.377152148269334702e+03
1.219158578957853512e-01 2.312697981872084256e+03
1.259921049894874856e-01 2.245180572268677679e+03
1.302046410832891354e-01 2.167044915464199221e+03
1.345580229891604751e-01 2.073264764977688628e+03
1.390569598757198100e-01 1.962677590437349636e+03
1.437063183622670492e-01 1.838539689635589639e+03
1.485111277831346888e-01 1.707952642319637789e+03
1.534765856280515817e-01 1.580169771911619591e+03
1.586080631644066208e-01 1.464267145184792071e+03
1.639111112474894438e-01 1.366869784530006427e+03
1.693914663249987407e-01 1.290548203418032017e+03
1.750550566423093313e-01 1.233200681326534323e+03
1.809080086552135869e-01 1.188525796166104556e+03
1.869566536570689830e-01 1.147643160593217090e+03
1.932075346275276828e-01 1.101776827130347783e+03
1.996674133102498971e-01 1.045383873866880094e+03
2.063432775272630582e-01 9.783939601651889006e+02
2.132423487378718452e-01 9.061748679219543874e+02
2.203720898503036263e-01 8.369327928702343797e+02
2.277402132945338109e-01 7.778307164228157262e+02
2.353546893650253491e-01 7.318129360946315956e+02
2.432237548424092122e-01 6.965405242865342643e+02
2.513559219034258718e-01 6.658056627336685551e+02
2.597599873287743666e-01 6.329256616739019137e+02
2.684450420188219666e-01 5.945532585014764209e+02
2.774204808274743361e-01 5.524657691335133904e+02
2.866960127248350254e-01 5.118369968101739005e+02
2.962816712996577673e-01 4.772477957383765670e+02
3.061878256129444420e-01 4.495186692538698594e+02
3.164251914144354805e-01 4.255906482957976777e+02
3.270048427341168962e-01 4.013490771465181410e+02
3.379382238612947953e-01 3.750929527374441932e+02
3.492371617241852855e-01 3.485723888592496564e+02
3.609138786834163448e-01 3.246870462446532883e+02
3.729810057532814693e-01 3.044198584627684454e+02
3.854515962650386651e-01 2.861956147195989502e+02
3.983391399870480631e-01 2.680141118088210419e+02
4.116575777170102257e-01 2.496822494089092856e+02
4.254213163620995108e-01 2.325229082383236232e+02
4.396452445232932327e-01 2.173037325308722814e+02
4.543447486007690661e-01 2.033539151915948651e+02
4.695357294377799362e-01 1.897952447584121387e+02
4.852346195210218704e-01 1.767425777693650559e+02
5.014584007560848322e-01 1.647453689588404870e+02
5.182246228372336949e-01 1.537478767236393367e+02
5.355514222313770833e-01 1.433215930948398409e+02
5.534575417967635413e-01 1.334259477207714610e+02
5.719623510576314906e-01 1.242557802555292170e+02
5.910858671567322808e-01 1.157402006259249987e+02
6.108487765084068544e-01 1.077166258947500381e+02
6.312724571756275216e-01 1.002074144489066896e+02
6.523790019952193653e-01 9.322908132993077857e+01
6.741912424762606104e-01 8.670169596765249764e+01
6.967327734975364839e-01 8.059879098509716755e+01
7.200279788307419881e-01 7.491099830555988603e+01
7.441020575170596008e-01 6.960934733744757352e+01
7.689810511256225389e-01 6.466578014431898680e+01
7.946918719233755368e-01 6.005591394508040537e+01
8.212623319867858873e-01 5.575919908717162343e+01
8.487211732869031078e-01 5.175633282668586332e+01
8.770980987803161932e-01 4.802883143390703680e+01
9.064238045396205701e-01 4.455892780909836404e+01
9.367300129581793700e-01 4.132986241683938289e+01
9.680495070650749767e-01 3.832579623567833949e+01
1.000416165987385808e+00 3.553170851370517624e+01
1.033865001598128330e+00 3.293351773806428184e+01
1.068432196389532240e+00 3.051812411533904879e+01
1.104155142612600837e+00 2.827342656857167924e+01
1.141072482725305592e+00 2.618807390300075966e+01
1.179224151193147607e+00 2.425134467623482237e+01
1.218651417687333982e+00 2.245304922654576529e+01
1.259396931727273516e+00 2.078364552305417945e+01
1.301504768815691548e+00 1.923425486183161581e+01
1.345020478116276896e+00 1.779666791987496310e+01
1.389991131725407447e+00 1.646321175608713716e+01
1.436465375591293947e+00 1.522668186556054870e+01
1.484493482135585296e+00 1.408027954090803568e+01
1.534127404634392455e+00 1.301765112664651269e+01
1.585420833417506836e+00 1.203288313637506413e+01
1.638429253946665609e+00 1.112049409920023280e+01
1.693210006835640158e+00 1.027537485971118514e+01
1.749822349877109051e+00 9.492753860331042404e+00
1.808327522143368116e+00 8.768167843963192709e+00
1.868788810230267217e+00 8.097455014549298724e+00
1.931271616715998229e+00 7.476739636333318728e+00
1.995843530908793184e+00 6.902413651505765024e+00
2.062574401960084458e+00 6.371118923978531079e+00
2.131536414422164238e+00 5.879730802537867618e+00
2.202804166332139602e+00 5.425342960743394727e+00
2.276454749906602792e+00 5.005252655929090189e+00
2.352567834934338631e+00 4.616947018660650492e+00
2.431225754957225149e+00 4.258090132289204632e+00
2.512513596332623944e+00 3.926511419521629520e+00
2.596519290273538783e+00 3.620194553787265068e+00
2.683333707966161441e+00 3.337266671062864010e+00
2.773050758867611432e+00 3.075988925152049802e+00
2.865767492290306695e+00 2.834747476775892672e+00
2.961584202382770314e+00 2.612044755384508310e+00
3.060604536620467719e+00 2.406491533136954963e+00
3.162935607924048931e+00 2.216799441655699532e+00
3.268688110526199786e+00 2.041773670620774084e+00
3.377976439712552459e+00 1.880306636221574124e+00
3.490918815566087297e+00 1.731372033839685853e+00
3.607637410848952619e+00 1.594019176797780046e+00
3.728258483159945236e+00 1.467367552911385653e+00
3.852912511510727001e+00 1.350601743528933696e+00
3.981734337468417539e+00 1.242966664995609927e+00
4.114863311017320058e+00 1.143763320622898760e+00
4.252443441297450555e+00 1.052344850493747375e+00
4.394623552383071896e+00 9.681126785036200388e-01
4.541557444269631816e+00 8.905130648707613172e-01
4.693404059243289517e+00 8.190339231849469437e-01
4.850327653813030437e+00 7.532017620880218089e-01
5.012497976391239618e+00 6.925788658581937263e-01
5.180090450915090017e+00 6.367606826103533457e-01
5.353286366607249214e+00 5.853733857776003413e-01
5.532273074081278885e+00 5.380716011609432137e-01
5.717244188003695271e+00 4.945362910081698149e-01
5.908399796532135539e+00 4.544727576124921176e-01
6.105946677756002750e+00 4.176088432273041273e-01
6.310098523373801171e+00 3.836932939063407155e-01
6.521076169849157722e+00 3.524941670079260736e-01
6.739107837295406966e+00 3.237973848730050785e-01
6.964429376347387013e+00 2.974054248314075277e-01
7.197284523287298619e+00 2.731360923735666746e-01
7.437925163700752407e+00 2.508213575937704443e-01
7.686611604948010879e+00 2.303062450248748727e-01
7.943612857745410594e+00 2.114478063353735227e-01
8.209206927161357470e+00 1.941142024099475338e-01
8.483681113341843272e+00 1.781839080372490947e-01
8.767332322290526392e+00 1.635449275007074266e-01
9.060467387039910392e+00 1.500940623727473611e-01
9.363403399560734641e+00 1.377362282914195712e-01
9.676468053768756405e+00 1.263838348753807406e-01
1.000000000000001243e+01 1.159562090529465128e-01
