2.000000000000000164e-05 5.476151817070348216e+01
2.066869842267550072e-05 5.652249889744407341e+01
2.135975472437544027e-05 5.834010660307362883e+01
2.207391643902171255e-05 6.021616183673329914e+01
2.281195609427394449e-05 6.215253603023445095e+01
2.357467204719313169e-05 6.415118592338347980e+01
2.436288934784564352e-05 6.621409268884156063e+01
2.517746063178175121e-05 6.834334113996645499e+01
2.601926704235410016e-05 7.054104782830579268e+01
2.688921918387384303e-05 7.280942974236236864e+01
2.778825810663545582e-05 7.515075167169587189e+01
2.871735632487579741e-05 7.756736527821158234e+01
2.967751886876853870e-05 8.006166311838113359e+01
3.066978437159193627e-05 8.263616820261736962e+01
3.169522619324599853e-05 8.529346281786233419e+01
3.275495358133433647e-05 8.803621217586739078e+01
3.385011287106671010e-05 9.086712535420886638e+01
3.498188872528021299e-05 9.378907869728125490e+01
3.615150541592045298e-05 9.680498001641923622e+01
3.736022814836899319e-05 9.991782391180788636e+01
3.860936443004954884e-05 1.031308018962278936e+02
3.990026548479344494e-05 1.064470411159651348e+02
4.123432771449419843e-05 1.098699118240980965e+02
4.261299420963254024e-05 1.134028429069758346e+02
4.403775631030562105e-05 1.170493489488036403e+02
4.551015521944909301e-05 1.208131124368149329e+02
4.703178366999723984e-05 1.246978552011931072e+02
4.860428764778435972e-05 1.287074818699186949e+02
5.022936817205134787e-05 1.328460498302834480e+02
5.190878313548323190e-05 1.371176284526802363e+02
5.364434920576834987e-05 1.415265573097412641e+02
5.543794379073590958e-05 1.460771859699989363e+02
5.729150706919781900e-05 1.507741169472010654e+02
5.920704408969155763e-05 1.556220276175324102e+02
6.118662693939432690e-05 1.606257606272453131e+02
6.323239698555469304e-05 1.657903277807884592e+02
6.534656719186627638e-05 1.711208877651591536e+02
6.753142451228926792e-05 1.766227931656897283e+02
6.978933236490913268e-05 1.823015437275110742e+02
7.212273318850868345e-05 1.881627800954389897e+02
7.453415108461877573e-05 1.942124099369793555e+02
7.702619454790587906e-05 2.004564066799619582e+02
7.960155928784993205e-05 2.069010735754203552e+02
8.226303114476471348e-05 2.135528227689713390e+02
8.501348910331518868e-05 2.204183131350555129e+02
8.785590840679157983e-05 2.275043872136999425e+02
9.079336377550881697e-05 2.348180973249476722e+02
9.382903273281309529e-05 2.423667815291192369e+02
9.696619904229312483e-05 2.501579659955788202e+02
1.002082562599141270e-04 2.581994188271503958e+02
1.035587114049174785e-04 2.664991116748076934e+02
1.070211887534562421e-04 2.750653714295571604e+02
1.105994337590709140e-04 2.839067471317606532e+02
1.142973171042456330e-04 2.930319714089052923e+02
1.181188388874281471e-04 3.024502038913980186e+02
1.220681329500424115e-04 3.121707894402838974e+02
1.261494713481742377e-04 3.222034212031562106e+02
1.303672689737678670e-04 3.325580090666734350e+02
1.347260883303314362e-04 3.432449772125190179e+02
1.392306444683180742e-04 3.542747504897938029e+02
1.438858100855209437e-04 3.656584939297786718e+02
1.486966207979997041e-04 3.774073148215562696e+02
1.536682805872396744e-04 3.895330168687456762e+02
1.588061674294368483e-04 4.020474937213220414e+02
1.641158391129971276e-04 4.149631501271221623e+02
1.696030392505434848e-04 4.282928333078870082e+02
1.752737034919339915e-04 4.420497135742587602e+02
1.811339659450114388e-04 4.562473710330656900e+02
1.871901658110307874e-04 4.708997629872504262e+02
1.934488542419408646e-04 4.860213078287209783e+02
1.999168014269393128e-04 5.016270157116927635e+02
2.066010039159656652e-04 5.177322220969628006e+02
2.135086921880547338e-04 5.343526281575020676e+02
2.206473384727377968e-04 5.515045162576849407e+02
2.280246648329511538e-04 5.692049230111207407e+02
2.356486515181963309e-04 5.874709273251162358e+02
2.435275455969876748e-04 6.063205510599539139e+02
2.516698698779247295e-04 6.257720565518603735e+02
2.600844321290405573e-04 6.458442820053880951e+02
2.687803346053976817e-04 6.665569882828550590e+02
2.777669838952388651e-04 6.879301112629286763e+02
2.870541010953427292e-04 7.099842326468348119e+02
2.966517323265922064e-04 7.327407140985986871e+02
3.065702596011295341e-04 7.562216820176106467e+02
3.168204120528543403e-04 7.804491376516253922e+02
3.274132775434116785e-04 8.054469473475668337e+02
3.383603146562264279e-04 8.312386134368454123e+02
3.496733650915567022e-04 8.578487609173007513e+02
3.613646664759745386e-04 8.853024880335733542e+02
3.734468656001317080e-04 9.136260855606905125e+02
3.859330320991275886e-04 9.428460038050033063e+02
3.988366725902805230e-04 9.729897336598178299e+02
4.121717452835938129e-04 1.004085308081393464e+03
4.259526750807212541e-04 1.036161939482849448e+03
4.401943691787655547e-04 1.069249279852707332e+03
4.549122331957894719e-04 1.103377612756524059e+03
4.701221878354804149e-04 1.138578662326895483e+03
4.858406861089974399e-04 1.174884082540287636e+03
5.020847311326308640e-04 1.212327205569141142e+03
5.188718945205230424e-04 1.250941489703581510e+03
5.362203353923492141e-04 1.290761814899181445e+03
5.541488200165187389e-04 1.331823287967480155e+03
5.726767421101455150e-04 1.374162362341212884e+03
5.918241438177454907e-04 1.417816497136800308e+03
6.116117373913557359e-04 1.462823408723761986e+03
6.320609275955268004e-04 1.509222076685835646e+03
6.531938348614238542e-04 1.557051963838950769e+03
6.750333192150836329e-04 1.606353749383853483e+03
6.976030050057104547e-04 1.657168791985998269e+03
7.209273064607610694e-04 1.709539521982483393e+03
7.450314540954613768e-04 1.763508624113742371e+03
7.699415220053250396e-04 1.819120418903058408e+03
7.956844560711916160e-04 1.876419259481856443e+03
8.222881031073025473e-04 1.935450829306367950e+03
8.497812409839368810e-04 1.996261050213134013e+03
8.781936097571961097e-04 2.058897141274871046e+03
9.075559438396131216e-04 2.123405787493097250e+03
9.379000052463793693e-04 2.189836319484892101e+03
9.692586179531593148e-04 2.258236309397344030e+03
1.001665703402655023e-03 2.328655815732600331e+03
1.035156317198330069e-03 2.401144428551188867e+03
1.069766687024985286e-03 2.475751824685728934e+03
1.105534251837205851e-03 2.552528538410119836e+03
1.142497702358069404e-03 2.631525075387398829e+03
1.180697022931930960e-03 2.712791837023063636e+03
1.220173534776542454e-03 2.796380074189856259e+03
1.260969940681316284e-03 2.882338896263280731e+03
1.303130371200056587e-03 2.970719318295195990e+03
1.346700432388157767e-03 3.061571082782877056e+03
1.391727255135877424e-03 3.154942909733506440e+03
1.438259546151070007e-03 3.250883099306955955e+03
1.486347640646530459e-03 3.349439014987106930e+03
1.536043556788919398e-03 3.450656957144341050e+03
1.587401051968200579e-03 3.554582303710718406e+03
1.640475680948428249e-03 3.661257424193939187e+03
1.695324855962815390e-03 3.770725356169175029e+03
1.752007908818060174e-03 3.883024694853360870e+03
1.810586155075142928e-03 3.998192199705561507e+03
1.871122960375984270e-03 4.116265037152849800e+03
1.933683808987751848e-03 4.237272764189971895e+03
1.998336374638913938e-03 4.361246120474074814e+03
2.065150593723721201e-03 4.488209432884881608e+03
2.134198740954243185e-03 4.618185385353610400e+03
2.205555507541849362e-03 4.751191490342891484e+03
2.279298081992675151e-03 4.887242007093933353e+03
2.355506233604463730e-03 5.026344027563038253e+03
2.434262398755145627e-03 5.168505319070821315e+03
2.515651770076436904e-03 5.313719937587915410e+03
2.599762388608985089e-03 5.461984674490469843e+03
2.686685239038679764e-03 5.613285128428269672e+03
2.776514348117217236e-03 5.767604086930308767e+03
2.869346886373309435e-03 5.924914859213146883e+03
2.965283273224645581e-03 6.085186217703969305e+03
3.064427285604211931e-03 6.248381879150728309e+03
3.166886170218578649e-03 6.414452675360059402e+03
3.272770759559481216e-03 6.583346495446663539e+03
3.382195591794276077e-03 6.755001925224646584e+03
3.495279034664920681e-03 6.929351240078176488e+03
3.612143413529477973e-03 7.106314693968086431e+03
3.732915143684721951e-03 7.285806924730574792e+03
3.857724867112893516e-03 7.467734880552925461e+03
3.986707593800617976e-03 7.651992201451188521e+03
4.120002847782761740e-03 7.838466538936136203e+03
4.257754818069308354e-03 8.027031935455367602e+03
4.400112514618404608e-03 8.217558934726417647e+03
4.547229929524409554e-03 8.409902533759763173e+03
4.699266203595197679e-03 8.603902748474063628e+03
4.856385798499019031e-03 8.799402388643584345e+03
5.018758674667020935e-03 8.996217584165135122e+03
5.186560475143959549e-03 9.194157495430043127e+03
5.359972715585955248e-03 9.393022946696442887e+03
5.539182980610755057e-03 9.592596465265101870e+03
5.724385126713026593e-03 9.792645388229766468e+03
5.915779491964028892e-03 9.992924824621175503e+03
6.113573112722652143e-03 1.019317552449546383e+04
6.317979947592099882e-03 1.039311878516525576e+04
6.529221108864616957e-03 1.059246240183856025e+04
6.747525101704480652e-03 1.079089572313531062e+04
6.973128071328140755e-03 1.098809048288550002e+04
7.206274058448705437e-03 1.118370502107322136e+04
7.447215263261310406e-03 1.137737406117588216e+04
7.696212318254701257e-03 1.156872238410238424e+04
7.953534570144332738e-03 1.175734640367243628e+04
8.219460371231864307e-03 1.194283385563961929e+04
8.494277380506187053e-03 1.212475103273129935e+04
8.778282874811823774e-03 1.230263805699582917e+04
9.071784070421121463e-03 1.247603014616216387e+04
9.375098455358292851e-03 1.264442812639921794e+04
9.688554132834568261e-03 1.280733321391768368e+04
1.001249017616620725e-02 1.296421377762999145e+04
1.034725699555901803e-02 1.311453080978047183e+04
1.069321671715643858e-02 1.325772282563235240e+04
1.105074357476093505e-02 1.339321172790152741e+04
1.142022431465263173e-02 1.352040786251715872e+04
1.180205861394306721e-02 1.363870373480879425e+04
1.219665951291643881e-02 1.374748723484231959e+04
1.260445386182631328e-02 1.384613320494328764e+04
1.302588278263077520e-02 1.393400189733740444e+04
1.346140214616583890e-02 1.401045769878384453e+04
1.391148306527291781e-02 1.407486187811971467e+04
1.437661240441416924e-02 1.412657549832947188e+04
1.485729330632660182e-02 1.416496632081679854e+04
1.535404573628500365e-02 1.418942477481989044e+04
1.586740704456205894e-02 1.419934525047853276e+04
1.639793254769450481e-02 1.419415528690645260e+04
1.694619612918364313e-02 1.417331581372316214e+04
1.751279086028037155e-02 1.413632020237550023e+04
1.809832964152614798e-02 1.408273163088578804e+04
1.870344586574363213e-02 1.401214222922965382e+04
1.932879410319460894e-02 1.392424712505751268e+04
1.997505080964588620e-02 1.381879936009517587e+04
2.064291505810955316e-02 1.369565890087507432e+04
2.133310929504865505e-02 1.355478363714383158e+04
2.204638012186681956e-02 1.339625049919641060e+04
2.278349910252664909e-02 1.322027095504225326e+04
2.354526359817107548e-02 1.302719484089439356e+04
2.433249762964985810e-02 1.281752301645569241e+04
2.514605276888498206e-02 1.259192402760186451e+04
2.598680906003840441e-02 1.235122932360377126e+04
2.685567597147924673e-02 1.209645030859842336e+04
2.775359337957988490e-02 1.182877702035164293e+04
2.868153258540498754e-02 1.154957868635040359e+04
2.964049736539381419e-02 1.126039597899539513e+04
3.063152505717161092e-02 1.096293050659166147e+04
3.165568768166540647e-02 1.065903574392599330e+04
3.271409310273729054e-02 1.035069696905390447e+04
3.380788622559029871e-02 1.004000673173173527e+04
3.493825023524253087e-02 9.729121478284088880e+03
3.610640787640997940e-02 9.420247156955630999e+03
3.731362277618164441e-02 9.115582346840359605e+03
3.856120081091872487e-02 8.817274417662945780e+03
3.985049151885547425e-02 8.527372217376580011e+03
4.118288955993056055e-02 8.247770724840340336e+03
4.255983622442782027e-02 7.980161827159592576e+03
4.398282099205792772e-02 7.725965932714485461e+03
4.545338314316834522e-02 7.486283930765038349e+03
4.697311342382341770e-02 7.261838228363604685e+03
4.854365576655684383e-02 7.052916272069202932e+03
5.016670906865677154e-02 6.859334820147411847e+03
5.184402902990837420e-02 6.680379843980453188e+03
5.357743005178047802e-02 6.514788503124356794e+03
5.536878720011212396e-02 6.360727135250580432e+03
5.722003823342062395e-02 6.215808677379229266e+03
5.913318569902666078e-02 6.077124831279266800e+03
6.111029909926251474e-02 5.941328558475459431e+03
6.315351713010779189e-02 5.804762756683036059e+03
6.526504999467336310e-02 5.663647278992588326e+03
6.744718179403717817e-02 5.514317100283188665e+03
6.970227299801623477e-02 5.353519292631427561e+03
7.203276299854979858e-02 5.178733483296736267e+03
7.444117274845411802e-02 4.988492921817349270e+03
7.693010748840443946e-02 4.782675537631001134e+03
7.950225956509210379e-02 4.562691723129430102e+03
8.216041134360790865e-02 4.331540449290407196e+03
8.490743821719984319e-02 4.093693694460959705e+03
8.774631171766281157e-02 3.854775250033033899e+03
9.068010272972255870e-02 3.621090930951416794e+03
9.371198481289348681e-02 3.399014779854659537e+03
9.684523763440215649e-02 3.194334459886942568e+03
1.000832505168899600e-01 3.011613264108946623e+03
1.034295261047340625e-01 2.853658488002489321e+03
1.068876841529496080e-01 2.721129577546896144e+03
1.104614654427753945e-01 2.612321483683120732e+03
1.141547358281756464e-01 2.523162656327594505e+03
1.179714904176376727e-01 2.447469081369918058e+03
1.219158578957853512e-01 2.377550463039427086e+03
1.259921049894874856e-01 2.305212375502516807e+03
1.302046410832891354e-01 2.223135964534566483e+03
1.345580229891604751e-01 2.126401515298563027e+03
1.390569598757198100e-01 2.013779933282723277e+03
1.437063183622670492e-01 1.888279066410717178e+03
1.485111277831346888e-01 1.756630196998573183e+03
1.534765856280515817e-01 1.627695799404050376e+03
1.586080631644066208e-01 1.510246171276876339e+03
1.639111112474894438e-01 1.410753161762047739e+03
1.693914663249987407e-01 1.331801766010165693e+03
1.750550566423093313e-01 1.271451550474760325e+03
1.809080086552135869e-01 1.223671795759257975e+03
1.869566536570689830e-01 1.179905705818416891e+03
1.932075346275276828e-01 1.131665270257668681e+03
1.996674133102498971e-01 1.073542718452774125e+03
2.063432775272630582e-01 1.005378750235469624e+03
2.132423487378718452e-01 9.322612553264515327e+02
2.203720898503036263e-01 8.620680545966512227e+02
2.277402132945338109e-01 8.017409030539466812e+02
2.353546893650253491e-01 7.541903268030855543e+02
2.432237548424092122e-01 7.172171677419179332e+02
2.513559219034258718e-01 6.848501404937428561e+02
2.597599873287743666e-01 6.506212174287492189e+02
2.684450420188219666e-01 6.112478947724192722e+02
2.774204808274743361e-01 5.683850988160900215e+02
2.866960127248350254e-01 5.269959809349254556e+02
2.962816712996577673e-01 4.915206121451779495e+02
3.061878256129444420e-01 4.627908307037633335e+02
3.164251914144354805e-01 4.378757945275255565e+02
3.270048427341168962e-01 4.127923879739706763e+02
3.379382238612947953e-01 3.858639335219777422e+02
3.492371617241852855e-01 3.587493880419468724e+02
3.609138786834163448e-01 3.342463162468512223e+02
3.729810057532814693e-01 3.133222413346625785e+02
3.854515962650386651e-01 2.944673470902558279e+02
3.983391399870480631e-01 2.757398780130134810e+02
4.116575777170102257e-01 2.569330350787557222e+02
4.254213163620995108e-01 2.393150569674600376e+02
4.396452445232932327e-01 2.236335122367263466e+02
4.543447486007690661e-01 2.092450108202716308e+02
4.695357294377799362e-01 1.952946958721041710e+02
4.852346195210218704e-01 1.818833318512064352e+02
5.014584007560848322e-01 1.695391537867539000e+02
5.182246228372336949e-01 1.582101561198519448e+02
5.355514222313770833e-01 1.474797445716191930e+02
5.534575417967635413e-01 1.373031716000379845e+02
5.719623510576314906e-01 1.278662388148124478e+02
5.910858671567322808e-01 1.190998526137805698e+02
6.108487765084068544e-01 1.108442556692866106e+02
6.312724571756275216e-01 1.031181780928539666e+02
6.523790019952193653e-01 9.593604602444882801e+01
6.741912424762606104e-01 8.921896353918516809e+01
6.967327734975364839e-01 8.293941009812634491e+01
7.200279788307419881e-01 7.708649056581137415e+01
7.441020575170596008e-01 7.163065327200776267e+01
7.689810511256225389e-01 6.654332415478822327e+01
7.946918719233755368e-01 6.179953502489079398e+01
8.212623319867858873e-01 5.737806815511191161e+01
8.487211732869031078e-01 5.325899068842991113e+01
8.770980987803161932e-01 4.942325058284450279e+01
9.064238045396205701e-01 4.585257829255725426e+01
9.367300129581793700e-01 4.252974169667977833e+01
9.680495070650749767e-01 3.943844811971652575e+01
1.000416165987385808e+00 3.656323694364631649e+01
1.033865001598128330e+00 3.388961386053364322e+01
1.068432196389532240e+00 3.140409639181071810e+01
1.104155142612600837e+00 2.909423186126270622e+01
1.141072482725305592e+00 2.694833948787580979e+01
1.179224151193147607e+00 2.495538659110872004e+01
1.218651417687333982e+00 2.310488789486585048e+01
1.259396931727273516e+00 2.138702448465826933e+01
1.301504768815691548e+00 1.979265964206868489e+01
1.345020478116276896e+00 1.831334465327187999e+01
1.389991131725407447e+00 1.694118287545076029e+01
1.436465375591293947e+00 1.566876025185344723e+01
1.484493482135585296e+00 1.448908134953654780e+01
1.534127404634392455e+00 1.339560871640827244e+01
1.585420833417506836e+00 1.238225749721507007e+01
1.638429253946665609e+00 1.144338673096794601e+01
1.693210006835640158e+00 1.057373853398143204e+01
1.749822349877109051e+00 9.768402603951749086e+00
1.808327522143368116e+00 9.022786276606565181e+00
1.868788810230267217e+00 8.332607132220905655e+00
1.931271616715998229e+00 7.693876966192037870e+00
1.995843530908793184e+00 7.102882614519912430e+00
2.062574401960084458e+00 6.556168078475686833e+00
2.131536414422164238e+00 6.050517831044086137e+00
2.202804166332139602e+00 5.582941563105366711e+00
2.276454749906602792e+00 5.150658515379275215e+00
2.352567834934338631e+00 4.751083108516627185e+00
2.431225754957225149e+00 4.381811339415441431e+00
2.512513596332623944e+00 4.040609256283291373e+00
2.596519290273538783e+00 3.725401788745979381e+00
2.683333707966161441e+00 3.434261890810991424e+00
2.773050758867611432e+00 3.165400510900373554e+00
2.865767492290306695e+00 2.917157124225610243e+00
2.961584202382770314e+00 2.687990565103644425e+00
3.060604536620467719e+00 2.476471080650677337e+00
3.162935607924048931e+00 2.281272782269810673e+00
3.268688110526199786e+00 2.101166272856649364e+00
3.377976439712552459e+00 1.935011980132648635e+00
3.490918815566087297e+00 1.781753913114348720e+00
3.607637410848952619e+00 1.640413748714518727e+00
3.728258483159945236e+00 1.510085320740703896e+00
3.852912511510727001e+00 1.389929478602559332e+00
3.981734337468417539e+00 1.279169257152290795e+00
4.114863311017320058e+00 1.177085446963492821e+00
4.252443441297450555e+00 1.083012462797702469e+00
4.394623552383071896e+00 9.963343352385715113e-01
4.541557444269631816e+00 9.164811993110408839e-01
4.693404059243289517e+00 8.429260695164128014e-01
4.850327653813030437e+00 7.751817391254550715e-01
5.012497976391239618e+00 7.127978484799102343e-01
5.180090450915090017e+00 6.553581449008536453e-01
5.353286366607249214e+00 6.024779457997836429e-01
5.532273074081278885e+00 5.538018178078557563e-01
5.717244188003695271e+00 5.090014364746467956e-01
5.908399796532135539e+00 4.677735449100202669e-01
6.105946677756002750e+00 4.298380952453108028e-01
6.310098523373801171e+00 3.949365483956665535e-01
6.521076169849157722e+00 3.628302485067854688e-01
6.739107837295406966e+00 3.332989317190915290e-01
6.964429376347387013e+00 3.061393603257638873e-01
7.197284523287298619e+00 2.811640466901663138e-01
7.437925163700752407e+00 2.582000598867952856e-01
7.686611604948010879e+00 2.370879071446079511e-01
7.943612857745410594e+00 2.176804898096357799e-01
8.209206927161357470e+00 1.998421578784108088e-01
8.483681113341843272e+00 1.834478704553227646e-01
8.767332322290526392e+00 1.683823874362656847e-01
9.060467387039910392e+00 1.545395170331887447e-01
9.363403399560734641e+00 1.418214150171807908e-01
9.676468053768756405e+00 1.301379479354575486e-01
1.000000000000001243e+01 1.194061003578310437e-01
