2.000000000000000164e-05 9.802891661609927088e-01
2.066869842267550072e-05 9.802929076427026045e-01
2.135975472437544027e-05 9.802875525664047629e-01
2.207391643902171255e-05 9.802901937614927341e-01
2.281195609427394449e-05 9.802963185173023675e-01
2.357467204719313169e-05 9.802946369641877267e-01
2.436288934784564352e-05 9.802933246199959649e-01
2.517746063178175121e-05 9.802950633345044462e-01
2.601926704235410016e-05 9.802982661248932361e-01
2.688921918387384303e-05 9.803005038061313181e-01
2.778825810663545582e-05 9.803054561826868296e-01
2.871735632487579741e-05 9.803035369736253779e-01
2.967751886876853870e-05 9.803020301992784180e-01
3.066978437159193627e-05 9.803050570547540143e-01
3.169522619324599853e-05 9.803079539901589090e-01
3.275495358133433647e-05 9.803104963053141940e-01
3.385011287106671010e-05 9.803114599030550158e-01
3.498188872528021299e-05 9.803139451625133560e-01
3.615150541592045298e-05 9.803178920941874042e-01
3.736022814836899319e-05 9.803203033436982405e-01
3.860936443004954884e-05 9.803252549046358455e-01
3.990026548479344494e-05 9.803264478484196021e-01
4.123432771449419843e-05 9.803300650316861820e-01
4.261299420963254024e-05 9.803384367912374442e-01
4.403775631030562105e-05 9.803355929048669370e-01
4.551015521944909301e-05 9.803331991532703293e-01
4.703178366999723984e-05 9.803474490855305090e-01
4.860428764778435972e-05 9.803498270225736722e-01
5.022936817205134787e-05 9.803572551524216694e-01
5.190878313548323190e-05 9.803636362716081631e-01
5.364434920576834987e-05 9.803650753226194059e-01
5.543794379073590958e-05 9.803721231412185766e-01
5.729150706919781900e-05 9.803797754950792642e-01
5.920704408969155763e-05 9.803829528157084194e-01
6.118662693939432690e-05 9.803991106680096657e-01
6.323239698555469304e-05 9.804000583722336515e-01
6.534656719186627638e-05 9.804094757709153063e-01
6.753142451228926792e-05 9.804199778548283728e-01
6.978933236490913268e-05 9.804271833103530565e-01
7.212273318850868345e-05 9.804346446844427465e-01
7.453415108461877573e-05 9.804482074733827934e-01
7.702619454790587906e-05 9.804612945240249733e-01
7.960155928784993205e-05 9.804672484031953239e-01
8.226303114476471348e-05 9.804853541245631687e-01
8.501348910331518868e-05 9.804959328019601239e-01
8.785590840679157983e-05 9.805111310146025216e-01
9.079336377550881697e-05 9.805301329268268917e-01
9.382903273281309529e-05 9.805448921823318731e-01
9.696619904229312483e-05 9.805622603662050851e-01
1.002082562599141270e-04 9.805809512769736447e-01
1.035587114049174785e-04 9.806036010369124645e-01
1.070211887534562421e-04 9.806285839561997841e-01
1.105994337590709140e-04 9.806484064231575370e-01
1.142973171042456330e-04 9.806750858239761115e-01
1.181188388874281471e-04 9.807069149538834019e-01
1.220681329500424115e-04 9.807255028950271347e-01
1.261494713481742377e-04 9.807619125740330013e-01
1.303672689737678670e-04 9.807916882655477453e-01
1.347260883303314362e-04 9.808312448059904876e-01
1.392306444683180742e-04 9.808678408201164656e-01
1.438858100855209437e-04 9.809035161929088309e-01
1.486966207979997041e-04 9.809513275908633423e-01
1.536682805872396744e-04 9.809953404118018083e-01
1.588061674294368483e-04 9.810413676642094627e-01
1.641158391129971276e-04 9.810892817250232989e-01
1.696030392505434848e-04 9.811546088688058997e-01
1.752737034919339915e-04 9.812086587100299351e-01
1.811339659450114388e-04 9.812746045961160402e-01
1.871901658110307874e-04 9.813410072796424632e-01
1.934488542419408646e-04 9.814117078841284592e-01
1.999168014269393128e-04 9.814965625674944016e-01
2.066010039159656652e-04 9.815754884712682982e-01
2.135086921880547338e-04 9.816620374413884687e-01
2.206473384727377968e-04 9.817580379950267000e-01
2.280246648329511538e-04 9.818571270972797915e-01
2.356486515181963309e-04 9.819612438078249017e-01
2.435275455969876748e-04 9.820797723729272066e-01
2.516698698779247295e-04 9.821996236865943031e-01
2.600844321290405573e-04 9.823343028994476755e-01
2.687803346053976817e-04 9.824707072348288772e-01
2.777669838952388651e-04 9.826207096832455523e-01
2.870541010953427292e-04 9.827817063664296970e-01
2.966517323265922064e-04 9.829507736182765409e-01
3.065702596011295341e-04 9.831323073157702819e-01
3.168204120528543403e-04 9.833319231568701246e-01
3.274132775434116785e-04 9.835359088287821683e-01
3.383603146562264279e-04 9.837587995568787269e-01
3.496733650915567022e-04 9.839955147693806303e-01
3.613646664759745386e-04 9.842541006083390664e-01
3.734468656001317080e-04 9.845235667041714045e-01
3.859330320991275886e-04 9.848139398600066485e-01
3.988366725902805230e-04 9.851244983170887037e-01
4.121717452835938129e-04 9.854517949541757860e-01
4.259526750807212541e-04 9.858059592588108710e-01
4.401943691787655547e-04 9.861864574506068459e-01
4.549122331957894719e-04 9.865931695572662807e-01
4.701221878354804149e-04 9.870257685609984399e-01
4.858406861089974399e-04 9.874801432217441555e-01
5.020847311326308640e-04 9.879795077538626735e-01
5.188718945205230424e-04 9.885008987763976851e-01
5.362203353923492141e-04 9.890690693578240156e-01
5.541488200165187389e-04 9.896689678677126345e-01
5.726767421101455150e-04 9.903105912053785653e-01
5.918241438177454907e-04 9.910017632056358217e-01
6.116117373913557359e-04 9.917339412035104385e-01
6.320609275955268004e-04 9.925187408898997754e-01
6.531938348614238542e-04 9.933598588858715273e-01
6.750333192150836329e-04 9.942624493436219568e-01
6.976030050057104547e-04 9.952172599792413754e-01
7.209273064607610694e-04 9.962477257650993456e-01
7.450314540954613768e-04 9.973381018737028647e-01
7.699415220053250396e-04 9.985100051236980301e-01
7.956844560711916160e-04 9.997620912753457656e-01
8.222881031073025473e-04 1.001102412112327311e+00
8.497812409839368810e-04 1.002529801792028330e+00
8.781936097571961097e-04 1.004058041887478492e+00
9.075559438396131216e-04 1.005687870333286327e+00
9.379000052463793693e-04 1.007429760135638119e+00
9.692586179531593148e-04 1.009289299297223774e+00
1.001665703402655023e-03 1.011268331749712868e+00
1.035156317198330069e-03 1.013389671491984334e+00
1.069766687024985286e-03 1.015647350943903460e+00
1.105534251837205851e-03 1.018050361593122899e+00
1.142497702358069404e-03 1.020617155376777330e+00
1.180697022931930960e-03 1.023349670168022918e+00
1.220173534776542454e-03 1.026252899315328149e+00
1.260969940681316284e-03 1.029342995709384034e+00
1.303130371200056587e-03 1.032629110867856470e+00
1.346700432388157767e-03 1.036106164980753919e+00
1.391727255135877424e-03 1.039807693505335973e+00
1.438259546151070007e-03 1.043709684420159434e+00
1.486347640646530459e-03 1.047849472371445323e+00
1.536043556788919398e-03 1.052210545029818700e+00
1.587401051968200579e-03 1.056808666845387323e+00
1.640475680948428249e-03 1.061652067236543262e+00
1.695324855962815390e-03 1.066722798679984541e+00
1.752007908818060174e-03 1.072042834840213787e+00
1.810586155075142928e-03 1.077585423360453820e+00
1.871122960375984270e-03 1.083368704454199749e+00
1.933683808987751848e-03 1.089364715299010244e+00
1.998336374638913938e-03 1.095563383492059950e+00
2.065150593723721201e-03 1.101953742792981306e+00
2.134198740954243185e-03 1.108516183051394322e+00
2.205555507541849362e-03 1.115216148312912825e+00
2.279298081992675151e-03 1.122032293987109908e+00
2.355506233604463730e-03 1.128927594066640117e+00
2.434262398755145627e-03 1.135884108962323280e+00
2.515651770076436904e-03 1.142842458468518396e+00
2.599762388608985089e-03 1.149786917464990177e+00
2.686685239038679764e-03 1.156658045435678517e+00
2.776514348117217236e-03 1.163444029634688404e+00
2.869346886373309435e-03 1.170099575311930762e+00
2.965283273224645581e-03 1.176605607415568189e+00
3.064427285604211931e-03 1.182938016628205968e+00
3.166886170218578649e-03 1.189090553443251652e+00
3.272770759559481216e-03 1.195065640800498263e+00
3.382195591794276077e-03 1.200868624488649727e+00
3.495279034664920681e-03 1.206528221839241244e+00
3.612143413529477973e-03 1.212053816828186248e+00
3.732915143684721951e-03 1.217505388375797359e+00
3.857724867112893516e-03 1.222928196261638734e+00
3.986707593800617976e-03 1.228342201388433530e+00
4.120002847782761740e-03 1.233823012252168949e+00
4.257754818069308354e-03 1.239389426821358775e+00
4.400112514618404608e-03 1.245080749901464223e+00
4.547229929524409554e-03 1.250903136829874862e+00
4.699266203595197679e-03 1.256884186113453206e+00
4.856385798499019031e-03 1.263005643248233500e+00
5.018758674667020935e-03 1.269260032786955872e+00
5.186560475143959549e-03 1.275635391028105081e+00
5.359972715585955248e-03 1.282084784769474517e+00
5.539182980610755057e-03 1.288620733401659280e+00
5.724385126713026593e-03 1.295196244304540389e+00
5.915779491964028892e-03 1.301813912940640972e+00
6.113573112722652143e-03 1.308474732913109007e+00
6.317979947592099882e-03 1.315170499370847734e+00
6.529221108864616957e-03 1.321895465925315927e+00
6.747525101704480652e-03 1.328681065599111255e+00
6.973128071328140755e-03 1.335490577953721614e+00
7.206274058448705437e-03 1.342365091149132272e+00
7.447215263261310406e-03 1.349271322371591975e+00
7.696212318254701257e-03 1.356223632120557410e+00
7.953534570144332738e-03 1.363206954023523432e+00
8.219460371231864307e-03 1.370223282331473058e+00
8.494277380506187053e-03 1.377272801951434866e+00
8.778282874811823774e-03 1.384348640445856926e+00
9.071784070421121463e-03 1.391454209885445215e+00
9.375098455358292851e-03 1.398585042878331963e+00
9.688554132834568261e-03 1.405728188761124597e+00
1.001249017616620725e-02 1.412887744336096985e+00
1.034725699555901803e-02 1.420072895522660250e+00
1.069321671715643858e-02 1.427263052246097397e+00
1.105074357476093505e-02 1.434458468187310043e+00
1.142022431465263173e-02 1.441676981186021278e+00
1.180205861394306721e-02 1.448886467504538311e+00
1.219665951291643881e-02 1.456101097544590273e+00
1.260445386182631328e-02 1.463313344522539028e+00
1.302588278263077520e-02 1.470523079978125036e+00
1.346140214616583890e-02 1.477728132726419785e+00
1.391148306527291781e-02 1.484925949268411483e+00
1.437661240441416924e-02 1.492110278690807146e+00
1.485729330632660182e-02 1.499284950431254426e+00
1.535404573628500365e-02 1.506447772065212964e+00
1.586740704456205894e-02 1.513582523611396891e+00
1.639793254769450481e-02 1.520702881764271153e+00
1.694619612918364313e-02 1.527795654320308172e+00
1.751279086028037155e-02 1.534857518205520854e+00
1.809832964152614798e-02 1.541902546121588280e+00
1.870344586574363213e-02 1.548901756187603951e+00
1.932879410319460894e-02 1.555868924283385857e+00
1.997505080964588620e-02 1.562807123566936296e+00
2.064291505810955316e-02 1.569703815563629812e+00
2.133310929504865505e-02 1.576566633637986659e+00
2.204638012186681956e-02 1.583393648911098683e+00
2.278349910252664909e-02 1.590174970897258566e+00
2.354526359817107548e-02 1.596921462833745808e+00
2.433249762964985810e-02 1.603607038977375776e+00
2.514605276888498206e-02 1.610224850671217789e+00
2.598680906003840441e-02 1.616776840861612552e+00
2.685567597147924673e-02 1.623285683377415411e+00
2.775359337957988490e-02 1.629802346615251807e+00
2.868153258540498754e-02 1.636279499381212865e+00
2.964049736539381419e-02 1.642632844171385997e+00
3.063152505717161092e-02 1.648843517696626959e+00
3.165568768166540647e-02 1.655053073243716311e+00
3.271409310273729054e-02 1.661354254380051021e+00
3.380788622559029871e-02 1.667526581968918675e+00
3.493825023524253087e-02 1.673415988111148112e+00
3.610640787640997940e-02 1.679370752842947123e+00
3.731362277618164441e-02 1.685563070874793068e+00
3.856120081091872487e-02 1.691267885654659020e+00
3.985049151885547425e-02 1.696875739447274656e+00
4.118288955993056055e-02 1.703020351353151218e+00
4.255983622442782027e-02 1.708320851512821648e+00
4.398282099205792772e-02 1.714006232286993558e+00
4.545338314316834522e-02 1.719764356208399958e+00
4.697311342382341770e-02 1.724732011816066501e+00
4.854365576655684383e-02 1.730731282879901745e+00
5.016670906865677154e-02 1.735402235432024209e+00
5.184402902990837420e-02 1.741273945284137925e+00
5.357743005178047802e-02 1.745961301126802701e+00
5.536878720011212396e-02 1.751192757003305456e+00
5.722003823342062395e-02 1.756674381526402096e+00
5.913318569902666078e-02 1.760848172340610418e+00
6.111029909926251474e-02 1.766075743969963030e+00
6.315351713010779189e-02 1.771415295248423449e+00
6.526504999467336310e-02 1.775987685856160736e+00
6.744718179403717817e-02 1.779776883514292862e+00
6.970227299801623477e-02 1.784611600829055345e+00
7.203276299854979858e-02 1.789415646426385731e+00
7.444117274845411802e-02 1.793936375846348907e+00
7.693010748840443946e-02 1.798483453302600621e+00
7.950225956509210379e-02 1.802415210466537854e+00
8.216041134360790865e-02 1.806657816049295207e+00
8.490743821719984319e-02 1.811349472817445072e+00
8.774631171766281157e-02 1.815908980394719263e+00
9.068010272972255870e-02 1.819354437890915666e+00
9.371198481289348681e-02 1.822831420354287468e+00
9.684523763440215649e-02 1.827065725274936270e+00
1.000832505168899600e-01 1.830267875883604844e+00
1.034295261047340625e-01 1.834480509818182226e+00
1.068876841529496080e-01 1.838064164547319912e+00
1.104614654427753945e-01 1.841971065315831657e+00
1.141547358281756464e-01 1.845342882719956945e+00
1.179714904176376727e-01 1.848625334481913685e+00
1.219158578957853512e-01 1.852614495798570848e+00
1.259921049894874856e-01 1.854559062562448624e+00
1.302046410832891354e-01 1.859116333867574467e+00
1.345580229891604751e-01 1.862057611444266625e+00
1.390569598757198100e-01 1.863703505467736665e+00
1.437063183622670492e-01 1.868958911247275534e+00
1.485111277831346888e-01 1.874034826474432647e+00
1.534765856280515817e-01 1.874015190309785917e+00
1.586080631644066208e-01 1.875729936654701335e+00
1.639111112474894438e-01 1.880616934588320577e+00
1.693914663249987407e-01 1.884164541571738516e+00
1.750550566423093313e-01 1.885977395156105407e+00
1.809080086552135869e-01 1.890528587739446209e+00
1.869566536570689830e-01 1.890327742089990437e+00
1.932075346275276828e-01 1.890663635865140746e+00
1.996674133102498971e-01 1.896307967575027842e+00
2.063432775272630582e-01 1.898346661381601574e+00
2.132423487378718452e-01 1.901578061219314275e+00
2.203720898503036263e-01 1.901132463232354963e+00
2.277402132945338109e-01 1.906780848137530349e+00
2.353546893650253491e-01 1.907145503463029135e+00
2.432237548424092122e-01 1.910208545265445590e+00
2.513559219034258718e-01 1.908460448885177296e+00
2.597599873287743666e-01 1.911714184822345786e+00
2.684450420188219666e-01 1.914177748428879777e+00
2.774204808274743361e-01 1.922160653051860235e+00
2.866960127248350254e-01 1.918366412855031289e+00
2.962816712996577673e-01 1.919707711022368812e+00
3.061878256129444420e-01 1.923698904563224454e+00
3.164251914144354805e-01 1.920582143632906469e+00
3.270048427341168962e-01 1.926821791701804898e+00
3.379382238612947953e-01 1.921130576729625172e+00
3.492371617241852855e-01 1.930853335813203397e+00
3.609138786834163448e-01 1.926117604986465448e+00
3.729810057532814693e-01 1.932400335425387139e+00
3.854515962650386651e-01 1.931693964000699593e+00
3.983391399870480631e-01 1.933378752293406277e+00
4.116575777170102257e-01 1.933774136205149041e+00
4.254213163620995108e-01 1.934740280943755719e+00
4.396452445232932327e-01 1.944934243464891077e+00
4.543447486007690661e-01 1.941827860557900021e+00
4.695357294377799362e-01 1.940911983048158929e+00
4.852346195210218704e-01 1.935034922380965305e+00
5.014584007560848322e-01 1.943283091931348183e+00
5.182246228372336949e-01 1.948015820616215477e+00
5.355514222313770833e-01 1.950740672128062014e+00
5.534575417967635413e-01 1.950339437276581434e+00
5.719623510576314906e-01 1.951800513601263720e+00
5.910858671567322808e-01 1.952721424254665328e+00
6.108487765084068544e-01 1.952812549635129624e+00
6.312724571756275216e-01 1.953299127983299632e+00
6.523790019952193653e-01 1.953920671602830117e+00
6.741912424762606104e-01 1.966963816769461193e+00
6.967327734975364839e-01 1.954740490367899985e+00
7.200279788307419881e-01 1.952517220420757482e+00
7.441020575170596008e-01 1.957323294886847309e+00
7.689810511256225389e-01 1.961883649710011834e+00
7.946918719233755368e-01 1.962344739974962060e+00
8.212623319867858873e-01 1.960922782174461032e+00
8.487211732869031078e-01 1.960445930592479735e+00
8.770980987803161932e-01 1.962264362049205291e+00
9.064238045396205701e-01 1.964798448206319215e+00
9.367300129581793700e-01 1.966128033596745039e+00
9.680495070650749767e-01 1.965268270904481085e+00
1.000416165987385808e+00 1.963309662619664220e+00
1.033865001598128330e+00 1.961620679590538430e+00
1.068432196389532240e+00 1.961173309734155046e+00
1.104155142612600837e+00 1.961952780348831249e+00
1.141072482725305592e+00 1.963793216922227414e+00
1.179224151193147607e+00 1.966394417790674032e+00
1.218651417687333982e+00 1.969080464832287047e+00
1.259396931727273516e+00 1.971110335568446059e+00
1.301504768815691548e+00 1.971944016939899180e+00
1.345020478116276896e+00 1.971674684016290202e+00
1.389991131725407447e+00 1.970519880535723134e+00
1.436465375591293947e+00 1.968781812119344998e+00
1.484493482135585296e+00 1.967063549437722436e+00
1.534127404634392455e+00 1.966034966904434800e+00
1.585420833417506836e+00 1.966166416572871389e+00
1.638429253946665609e+00 1.967127545686800705e+00
1.693210006835640158e+00 1.968387169304199436e+00
1.749822349877109051e+00 1.969492652679127431e+00
1.808327522143368116e+00 1.970347491891532687e+00
1.868788810230267217e+00 1.970956060428049383e+00
1.931271616715998229e+00 1.971327895609346070e+00
1.995843530908793184e+00 1.971498967448951811e+00
2.062574401960084458e+00 1.971513691343411034e+00
2.131536414422164238e+00 1.971430181917310120e+00
2.202804166332139602e+00 1.971386022036291097e+00
2.276454749906602792e+00 1.971547386471630192e+00
2.352567834934338631e+00 1.972051110230470972e+00
2.431225754957225149e+00 1.972840629709028626e+00
2.512513596332623944e+00 1.973781182389547251e+00
2.596519290273538783e+00 1.974734556386720463e+00
2.683333707966161441e+00 1.975538349655026282e+00
2.773050758867611432e+00 1.976019191454414736e+00
2.865767492290306695e+00 1.976011160039131687e+00
2.961584202382770314e+00 1.975412513818236127e+00
3.060604536620467719e+00 1.974154084983481550e+00
3.162935607924048931e+00 1.972240231753915385e+00
3.268688110526199786e+00 1.970394246356890644e+00
3.377976439712552459e+00 1.969747089684348973e+00
3.490918815566087297e+00 1.971273627401153306e+00
3.607637410848952619e+00 1.974128882907422167e+00
3.728258483159945236e+00 1.976316641667982710e+00
3.852912511510727001e+00 1.976011896347656283e+00
3.981734337468417539e+00 1.973880043518972061e+00
4.114863311017320058e+00 1.972341834644185665e+00
4.252443441297450555e+00 1.973665782658760914e+00
4.394623552383071896e+00 1.977210792598333988e+00
4.541557444269631816e+00 1.980053150396795747e+00
4.693404059243289517e+00 1.979371592723436102e+00
4.850327653813030437e+00 1.975326043475902793e+00
5.012497976391239618e+00 1.970677951446428988e+00
5.180090450915090017e+00 1.968189140281405347e+00
5.353286366607249214e+00 1.968726431468529325e+00
5.532273074081278885e+00 1.971318059514091114e+00
5.717244188003695271e+00 1.974914391045021755e+00
5.908399796532135539e+00 1.978407308171653112e+00
6.105946677756002750e+00 1.980625605016771873e+00
6.310098523373801171e+00 1.980435618463394221e+00
6.521076169849157722e+00 1.978034496154058131e+00
6.739107837295406966e+00 1.975215808580890631e+00
6.964429376347387013e+00 1.973839161196891734e+00
7.197284523287298619e+00 1.974593716862374171e+00
7.437925163700752407e+00 1.976606578047902740e+00
7.686611604948010879e+00 1.978896727087910756e+00
7.943612857745410594e+00 1.980513689764019203e+00
8.209206927161357470e+00 1.980552383022882390e+00
8.483681113341843272e+00 1.978131033167195962e+00
8.767332322290526392e+00 1.973786450030522888e+00
9.060467387039910392e+00 1.970405397776042289e+00
9.363403399560734641e+00 1.971072524323064901e+00
9.676468053768756405e+00 1.976524179721874441e+00
1.000000000000001243e+01 1.983154157362991832e+00
