2.000000000000000164e-05 3.295750222692062437e+01
2.066869842267550072e-05 3.401732390762238367e+01
2.135975472437544027e-05 3.511122728942996218e+01
2.207391643902171255e-05 3.624030186990828639e+01
2.281195609427394449e-05 3.740568659927825479e+01
2.357467204719313169e-05 3.860854254152942389e+01
2.436288934784564352e-05 3.985008189768326048e+01
2.517746063178175121e-05 4.113153400248488367e+01
2.601926704235410016e-05 4.245418962059956414e+01
2.688921918387384303e-05 4.381938364338301284e+01
2.778825810663545582e-05 4.522848521625535057e+01
2.871735632487579741e-05 4.668287031396729958e+01
2.967751886876853870e-05 4.818404442522360398e+01
3.066978437159193627e-05 4.973346902532125569e+01
3.169522619324599853e-05 5.133272197354118305e+01
3.275495358133433647e-05 5.298339652829471902e+01
3.385011287106671010e-05 5.468715022584654406e+01
3.498188872528021299e-05 5.644568156273948034e+01
3.615150541592045298e-05 5.826074321022806402e+01
3.736022814836899319e-05 6.013417488117731580e+01
3.860936443004954884e-05 6.206784743558065998e+01
3.990026548479344494e-05 6.406366975292304744e+01
4.123432771449419843e-05 6.612367468787169855e+01
4.261299420963254024e-05 6.824991195615832851e+01
4.403775631030562105e-05 7.044449353137238745e+01
4.551015521944909301e-05 7.270964888067862830e+01
4.703178366999723984e-05 7.504761514100184172e+01
4.860428764778435972e-05 7.746074801866416237e+01
5.022936817205134787e-05 7.995145453194726315e+01
5.190878313548323190e-05 8.252223948039227253e+01
5.364434920576834987e-05 8.517564712611866184e+01
5.543794379073590958e-05 8.791437395658662979e+01
5.729150706919781900e-05 9.074112714149650571e+01
5.920704408969155763e-05 9.365872525941198035e+01
6.118662693939432690e-05 9.667013100309908680e+01
6.323239698555469304e-05 9.977832233810195817e+01
6.534656719186627638e-05 1.029864152381706504e+02
6.753142451228926792e-05 1.062976088772755361e+02
6.978933236490913268e-05 1.097152221334651188e+02
7.212273318850868345e-05 1.132426783637074266e+02
7.453415108461877573e-05 1.168834874826242185e+02
7.702619454790587906e-05 1.206412968363661093e+02
7.960155928784993205e-05 1.245198437291632274e+02
8.226303114476471348e-05 1.285230061974546061e+02
8.501348910331518868e-05 1.326548409570629588e+02
8.785590840679157983e-05 1.369193739897561954e+02
9.079336377550881697e-05 1.413209115010270409e+02
9.382903273281309529e-05 1.458638294436163676e+02
9.696619904229312483e-05 1.505527018959363375e+02
1.002082562599141270e-04 1.553921591569017835e+02
1.035587114049174785e-04 1.603870509798374258e+02
1.070211887534562421e-04 1.655423502002243197e+02
1.105994337590709140e-04 1.708631749293112421e+02
1.142973171042456330e-04 1.763548501961212480e+02
1.181188388874281471e-04 1.820227905186197574e+02
1.220681329500424115e-04 1.878727232106185738e+02
1.261494713481742377e-04 1.939103777088953962e+02
1.303672689737678670e-04 2.001417831428897784e+02
1.347260883303314362e-04 2.065731635523508203e+02
1.392306444683180742e-04 2.132108634208998978e+02
1.438858100855209437e-04 2.200615143933524962e+02
1.486966207979997041e-04 2.271318498754085056e+02
1.536682805872396744e-04 2.344289073526524021e+02
1.588061674294368483e-04 2.419599291799999605e+02
1.641158391129971276e-04 2.497323966685994776e+02
1.696030392505434848e-04 2.577538162697005077e+02
1.752737034919339915e-04 2.660323346899460262e+02
1.811339659450114388e-04 2.745759914537985082e+02
1.871901658110307874e-04 2.833932851949242036e+02
1.934488542419408646e-04 2.924928260648433707e+02
1.999168014269393128e-04 3.018835868602096184e+02
2.066010039159656652e-04 3.115747763474176395e+02
2.135086921880547338e-04 3.215759502327077257e+02
2.206473384727377968e-04 3.318968450908038790e+02
2.280246648329511538e-04 3.425476186082887580e+02
2.356486515181963309e-04 3.535386794373729344e+02
2.435275455969876748e-04 3.648806608670873288e+02
2.516698698779247295e-04 3.765845993073095883e+02
2.600844321290405573e-04 3.886619913539353774e+02
2.687803346053976817e-04 4.011244158938862370e+02
2.777669838952388651e-04 4.139839411797286175e+02
2.870541010953427292e-04 4.272531064740509805e+02
2.966517323265922064e-04 4.409444697768433343e+02
3.065702596011295341e-04 4.550714466257920776e+02
3.168204120528543403e-04 4.696472633644277721e+02
3.274132775434116785e-04 4.846859690341509577e+02
3.383603146562264279e-04 5.002019908390061573e+02
3.496733650915567022e-04 5.162099277341316110e+02
3.613646664759745386e-04 5.327248757717673016e+02
3.734468656001317080e-04 5.497625111704600158e+02
3.859330320991275886e-04 5.673386216335621839e+02
3.988366725902805230e-04 5.854698454795994849e+02
4.121717452835938129e-04 6.041727490340043687e+02
4.259526750807212541e-04 6.234650772265736123e+02
4.401943691787655547e-04 6.433642451387977417e+02
4.549122331957894719e-04 6.638884575224648188e+02
4.701221878354804149e-04 6.850567013982811204e+02
4.858406861089974399e-04 7.068879510839306022e+02
5.020847311326308640e-04 7.294018158036586783e+02
5.188718945205230424e-04 7.526185648116097582e+02
5.362203353923492141e-04 7.765587537805529337e+02
5.541488200165187389e-04 8.012433337862413509e+02
5.726767421101455150e-04 8.266941983094983470e+02
5.918241438177454907e-04 8.529331472379742536e+02
6.116117373913557359e-04 8.799828978552507124e+02
6.320609275955268004e-04 9.078666865965616353e+02
6.531938348614238542e-04 9.366075089204515507e+02
6.750333192150836329e-04 9.662302124006956774e+02
6.976030050057104547e-04 9.967585389932879707e+02
7.209273064607610694e-04 1.028217746006496782e+03
7.450314540954613768e-04 1.060633408300802330e+03
7.699415220053250396e-04 1.094031443784340127e+03
7.956844560711916160e-04 1.128438254490769395e+03
8.222881031073025473e-04 1.163880359066286701e+03
8.497812409839368810e-04 1.200384978769603094e+03
8.781936097571961097e-04 1.237979987174240705e+03
9.075559438396131216e-04 1.276693383570112474e+03
9.379000052463793693e-04 1.316553164299833270e+03
9.692586179531593148e-04 1.357588134144282549e+03
1.001665703402655023e-03 1.399827369762572971e+03
1.035156317198330069e-03 1.443300086133721152e+03
1.069766687024985286e-03 1.488035684515084540e+03
1.105534251837205851e-03 1.534063943915690970e+03
1.142497702358069404e-03 1.581414280247710849e+03
1.180697022931930960e-03 1.630117331703649370e+03
1.220173534776542454e-03 1.680201780180582773e+03
1.260969940681316284e-03 1.731698786763935914e+03
1.303130371200056587e-03 1.784637223575838561e+03
1.346700432388157767e-03 1.839046184153605736e+03
1.391727255135877424e-03 1.894956267387487060e+03
1.438259546151070007e-03 1.952395534988499094e+03
1.486347640646530459e-03 2.011393117528768926e+03
1.536043556788919398e-03 2.071975847928095391e+03
1.587401051968200579e-03 2.134171875978332992e+03
1.640475680948428249e-03 2.198008095074154880e+03
1.695324855962815390e-03 2.263509789083184842e+03
1.752007908818060174e-03 2.330701966478323357e+03
1.810586155075142928e-03 2.399607994222029447e+03
1.871122960375984270e-03 2.470251612447992102e+03
1.933683808987751848e-03 2.542653238979013167e+03
1.998336374638913938e-03 2.616833890066021468e+03
2.065150593723721201e-03 2.692812218135080002e+03
2.134198740954243185e-03 2.770604397276932104e+03
2.205555507541849362e-03 2.850226462763133895e+03
2.279298081992675151e-03 2.931692534417431034e+03
2.355506233604463730e-03 3.015013725220200286e+03
2.434262398755145627e-03 3.100199672332082173e+03
2.515651770076436904e-03 3.187256821482492342e+03
2.599762388608985089e-03 3.276192479817778803e+03
2.686685239038679764e-03 3.367005792163716251e+03
2.776514348117217236e-03 3.459699682899974050e+03
2.869346886373309435e-03 3.554268845927058919e+03
2.965283273224645581e-03 3.650708534683772541e+03
3.064427285604211931e-03 3.749007708071845173e+03
3.166886170218578649e-03 3.849154540524517415e+03
3.272770759559481216e-03 3.951131787584761696e+03
3.382195591794276077e-03 4.054916357710360444e+03
3.495279034664920681e-03 4.160483456804260641e+03
3.612143413529477973e-03 4.267800432238243957e+03
3.732915143684721951e-03 4.376831837365672072e+03
3.857724867112893516e-03 4.487532593871384961e+03
3.986707593800617976e-03 4.599854352009789181e+03
4.120002847782761740e-03 4.713740592629497769e+03
4.257754818069308354e-03 4.829129993068179829e+03
4.400112514618404608e-03 4.945950780190469231e+03
4.547229929524409554e-03 5.064127587064442196e+03
4.699266203595197679e-03 5.183576010798672542e+03
4.856385798499019031e-03 5.304205567677860017e+03
5.018758674667020935e-03 5.425917814756449843e+03
5.186560475143959549e-03 5.548605518978546570e+03
5.359972715585955248e-03 5.672156861860295066e+03
5.539182980610755057e-03 5.796447527248013103e+03
5.724385126713026593e-03 5.921343056189125491e+03
5.915779491964028892e-03 6.046704201877194464e+03
6.113573112722652143e-03 6.172372864078880411e+03
6.317979947592099882e-03 6.298186447668519577e+03
6.529221108864616957e-03 6.423966504093607909e+03
6.747525101704480652e-03 6.549526685114546126e+03
6.973128071328140755e-03 6.674665988185208334e+03
7.206274058448705437e-03 6.799177735908857358e+03
7.447215263261310406e-03 6.922841915445475934e+03
7.696212318254701257e-03 7.045427496538862215e+03
7.953534570144332738e-03 7.166689752055196550e+03
8.219460371231864307e-03 7.286370922169787264e+03
8.494277380506187053e-03 7.404193781080522967e+03
8.778282874811823774e-03 7.519874554922743300e+03
9.071784070421121463e-03 7.633111077324765574e+03
9.375098455358292851e-03 7.743588512102683126e+03
9.688554132834568261e-03 7.850987229668106920e+03
1.001249017616620725e-02 7.954970361589372260e+03
1.034725699555901803e-02 8.055185080133889642e+03
1.069321671715643858e-02 8.151271658515448507e+03
1.105074357476093505e-02 8.242843772965001335e+03
1.142022431465263173e-02 8.329516552930581383e+03
1.180205861394306721e-02 8.410890239398800986e+03
1.219665951291643881e-02 8.486561915060718093e+03
1.260445386182631328e-02 8.556116583695393274e+03
1.302588278263077520e-02 8.619127629576376421e+03
1.346140214616583890e-02 8.675167477612567382e+03
1.391148306527291781e-02 8.723802179428234012e+03
1.437661240441416924e-02 8.764606657562337205e+03
1.485729330632660182e-02 8.797156222319550579e+03
1.535404573628500365e-02 8.821026721794738478e+03
1.586740704456205894e-02 8.835805906570883963e+03
1.639793254769450481e-02 8.841100706250232179e+03
1.694619612918364313e-02 8.836536525219575196e+03
1.751279086028037155e-02 8.821765532181127128e+03
1.809832964152614798e-02 8.796464141923725037e+03
1.870344586574363213e-02 8.760352114301547772e+03
1.932879410319460894e-02 8.713200915569446806e+03
1.997505080964588620e-02 8.654817140929530069e+03
2.064291505810955316e-02 8.585082553006994203e+03
2.133310929504865505e-02 8.503943791043817328e+03
2.204638012186681956e-02 8.411421142710658387e+03
2.278349910252664909e-02 8.307617060664575547e+03
2.354526359817107548e-02 8.192737404782825251e+03
2.433249762964985810e-02 8.067077962946872503e+03
2.514605276888498206e-02 7.931042966510389306e+03
2.598680906003840441e-02 7.785150334848313832e+03
2.685567597147924673e-02 7.630032194541249737e+03
2.775359337957988490e-02 7.466440008515236514e+03
2.868153258540498754e-02 7.295240565974693709e+03
2.964049736539381419e-02 7.117420820786476725e+03
3.063152505717161092e-02 6.934068504827682773e+03
3.165568768166540647e-02 6.746374892840754910e+03
3.271409310273729054e-02 6.555620614670834584e+03
3.380788622559029871e-02 6.363154004857588006e+03
3.493825023524253087e-02 6.170377600241607070e+03
3.610640787640997940e-02 5.978719368856155597e+03
3.731362277618164441e-02 5.789607719890975204e+03
3.856120081091872487e-02 5.604441808697709348e+03
3.985049151885547425e-02 5.424559836669741344e+03
4.118288955993056055e-02 5.251201859722214067e+03
4.255983622442782027e-02 5.085472472290151927e+03
4.398282099205792772e-02 4.928308050155883393e+03
4.545338314316834522e-02 4.780434264221540616e+03
4.697311342382341770e-02 4.642329145283852085e+03
4.854365576655684383e-02 4.514190257273688985e+03
5.016670906865677154e-02 4.395899844496218975e+03
5.184402902990837420e-02 4.286992565447069865e+03
5.357743005178047802e-02 4.186639387882204574e+03
5.536878720011212396e-02 4.093630376327989779e+03
5.722003823342062395e-02 4.006380332469298992e+03
5.913318569902666078e-02 3.922954731984406408e+03
6.111029909926251474e-02 3.841117788535922045e+03
6.315351713010779189e-02 3.758414143130712546e+03
6.526504999467336310e-02 3.672299059308565120e+03
6.744718179403717817e-02 3.580294727153962413e+03
6.970227299801623477e-02 3.480186726629229724e+03
7.203276299854979858e-02 3.370245521685679705e+03
7.444117274845411802e-02 3.249450399303971153e+03
7.693010748840443946e-02 3.117680790969997361e+03
7.950225956509210379e-02 2.975857508149343630e+03
8.216041134360790865e-02 2.825984708590553964e+03
8.490743821719984319e-02 2.671071183982212915e+03
8.774631171766281157e-02 2.514927121553416782e+03
9.068010272972255870e-02 2.361842240422844952e+03
9.371198481289348681e-02 2.216172669883902927e+03
9.684523763440215649e-02 2.081896216282234036e+03
1.000832505168899600e-01 1.962180701777824424e+03
1.034295261047340625e-01 1.859021240295915504e+03
1.068876841529496080e-01 1.772970943371640715e+03
1.104614654427753945e-01 1.702985100589935882e+03
1.141547358281756464e-01 1.646409926553398464e+03
1.179714904176376727e-01 1.599131100110135549e+03
1.219158578957853512e-01 1.555960713887905058e+03
1.259921049894874856e-01 1.511294348479409564e+03
1.302046410832891354e-01 1.460035387996216514e+03
1.345580229891604751e-01 1.398649217054794462e+03
1.390569598757198100e-01 1.326076807915700329e+03
1.437063183622670492e-01 1.244173375692852233e+03
1.485111277831346888e-01 1.157407895512637651e+03
1.534765856280515817e-01 1.071821614719911622e+03
1.586080631644066208e-01 9.935099738230422872e+02
1.639111112474894438e-01 9.270952752963065677e+02
1.693914663249987407e-01 8.745986835818321197e+02
1.750550566423093313e-01 8.349546933550018366e+02
1.809080086552135869e-01 8.042415440238720521e+02
1.869566536570689830e-01 7.766790941903633438e+02
1.932075346275276828e-01 7.463472409083442471e+02
1.996674133102498971e-01 7.092641756726135327e+02
2.063432775272630582e-01 6.649787467935497034e+02
2.132423487378718452e-01 6.167314462961852541e+02
2.203720898503036263e-01 5.698877073517687677e+02
2.277402132945338109e-01 5.293916144182735479e+02
2.353546893650253491e-01 4.975532930291063849e+02
2.432237548424092122e-01 4.731691033465411351e+02
2.513559219034258718e-01 4.522937941439973883e+02
2.597599873287743666e-01 4.303955746537269533e+02
2.684450420188219666e-01 4.049307354872040605e+02
2.774204808274743361e-01 3.767408579894607783e+02
2.866960127248350254e-01 3.491439252357305350e+02
2.962816712996577673e-01 3.253506372191731657e+02
3.061878256129444420e-01 3.062102491395780248e+02
3.164251914144354805e-01 2.898938286360605616e+02
3.270048427341168962e-01 2.736192402935471364e+02
3.379382238612947953e-01 2.560158278518587736e+02
3.492371617241852855e-01 2.380506264990990815e+02
3.609138786834163448e-01 2.216810002861681994e+02
3.729810057532814693e-01 2.077514331656663273e+02
3.854515962650386651e-01 1.953452579565099825e+02
3.983391399870480631e-01 1.830730813124328051e+02
4.116575777170102257e-01 1.706565952729832247e+02
4.254213163620995108e-01 1.589315820582907293e+02
4.396452445232932327e-01 1.485020337025065373e+02
4.543447486007690661e-01 1.389988233204194330e+02
4.695357294377799362e-01 1.297983707625404577e+02
4.852346195210218704e-01 1.209062015133080905e+02
5.014584007560848322e-01 1.126984192000962111e+02
5.182246228372336949e-01 1.051887633317852391e+02
5.355514222313770833e-01 9.808902850226161263e+01
5.534575417967635413e-01 9.133748892723585300e+01
5.719623510576314906e-01 8.506736917194793079e+01
5.910858671567322808e-01 7.925215960787157599e+01
6.108487765084068544e-01 7.377615824417304680e+01
6.312724571756275216e-01 6.864347999381193688e+01
6.523790019952193653e-01 6.387279928955496189e+01
6.741912424762606104e-01 5.941225261570036764e+01
6.967327734975364839e-01 5.524001188906889581e+01
7.200279788307419881e-01 5.135015541299014075e+01
7.441020575170596008e-01 4.772341127867956345e+01
7.689810511256225389e-01 4.434097704449647637e+01
7.946918719233755368e-01 4.118636690626144059e+01
8.212623319867858873e-01 3.824554085662346381e+01
8.487211732869031078e-01 3.550531204877393776e+01
8.770980987803161932e-01 3.295308144760877411e+01
9.064238045396205701e-01 3.057677007887673426e+01
9.367300129581793700e-01 2.836498108761415793e+01
9.680495070650749767e-01 2.630693834960696620e+01
1.000416165987385808e+00 2.439241422049906660e+01
1.033865001598128330e+00 2.261181602321307693e+01
1.068432196389532240e+00 2.095621433499115227e+01
1.104155142612600837e+00 1.941735685791755017e+01
1.141072482725305592e+00 1.798750150762188937e+01
1.179224151193147607e+00 1.665933629925117643e+01
1.218651417687333982e+00 1.542591221332127027e+01
1.259396931727273516e+00 1.428071923340815985e+01
1.301504768815691548e+00 1.321769607951200065e+01
1.345020478116276896e+00 1.223123430494685415e+01
1.389991131725407447e+00 1.131609102710611303e+01
1.436465375591293947e+00 1.046734377729231191e+01
1.484493482135585296e+00 9.680348371324418721e+00
1.534127404634392455e+00 8.950763334388859960e+00
1.585420833417506836e+00 8.274546131504481039e+00
1.638429253946665609e+00 7.647947336754529424e+00
1.693210006835640158e+00 7.067471466219249265e+00
1.749822349877109051e+00 6.529853616305610231e+00
1.808327522143368116e+00 6.032039657700469348e+00
1.868788810230267217e+00 5.571181149678503530e+00
1.931271616715998229e+00 5.144624883185669795e+00
1.995843530908793184e+00 4.749900432903335634e+00
2.062574401960084458e+00 4.384708028883329334e+00
2.131536414422164238e+00 4.046907329137868992e+00
2.202804166332139602e+00 3.734507009291561097e+00
2.276454749906602792e+00 3.445654864959551755e+00
2.352567834934338631e+00 3.178628510999847112e+00
2.431225754957225149e+00 2.931826497471638149e+00
2.512513596332623944e+00 2.703760473838973333e+00
2.596519290273538783e+00 2.493047705507343448e+00
2.683333707966161441e+00 2.298403905599602837e+00
2.773050758867611432e+00 2.118636557123211084e+00
2.865767492290306695e+00 1.952638608813863197e+00
2.961584202382770314e+00 1.799382306565200818e+00
3.060604536620467719e+00 1.657914009686531687e+00
3.162935607924048931e+00 1.527349255885519064e+00
3.268688110526199786e+00 1.406867924630665456e+00
3.377976439712552459e+00 1.295709742780923213e+00
3.490918815566087297e+00 1.193170082231935103e+00
3.607637410848952619e+00 1.098595982808261429e+00
3.728258483159945236e+00 1.011382534100602637e+00
3.852912511510727001e+00 9.309695023653575818e-01
3.981734337468417539e+00 8.568381420405677407e-01
4.114863311017320058e+00 7.885082265687395342e-01
4.252443441297450555e+00 7.255352750052843636e-01
4.394623552383071896e+00 6.675078722748957194e-01
4.541557444269631816e+00 6.140453390795839184e-01
4.693404059243289517e+00 5.647956007500327669e-01
4.850327653813030437e+00 5.194331200894196643e-01
5.012497976391239618e+00 4.776569464159801659e-01
5.180090450915090017e+00 4.391888916997677139e-01
5.353286366607249214e+00 4.037718336131723151e-01
5.532273074081278885e+00 3.711681709505574300e-01
5.717244188003695271e+00 3.411584053029820818e-01
5.908399796532135539e+00 3.135397929990624277e-01
6.105946677756002750e+00 2.881250999089908227e-01
6.310098523373801171e+00 2.647414501784146057e-01
6.521076169849157722e+00 2.432292223344659499e-01
6.739107837295406966e+00 2.234410599820449150e-01
6.964429376347387013e+00 2.052409904494910953e-01
7.197284523287298619e+00 1.885035840276660379e-01
7.437925163700752407e+00 1.731131550786420559e-01
7.686611604948010879e+00 1.589629971617649018e-01
7.943612857745410594e+00 1.459546830502399251e-01
8.209206927161357470e+00 1.339974332282208580e-01
8.483681113341843272e+00 1.230075602021032388e-01
8.767332322290526392e+00 1.129079226370768019e-01
9.060467387039910392e+00 1.036274215910597679e-01
9.363403399560734641e+00 9.510054456359932906e-02
9.676468053768756405e+00 8.726694470763021738e-02
1.000000000000001243e+01 8.007104584723639951e-02
