2.000000000000000164e-05 9.222524251580157539e+00
2.066869842267550072e-05 9.519095801161300940e+00
2.135975472437544027e-05 9.825204823037468671e+00
2.207391643902171255e-05 1.014115655841803054e+01
2.281195609427394449e-05 1.046726620525716100e+01
2.357467204719313169e-05 1.080386387506749735e+01
2.436288934784564352e-05 1.115128578368183909e+01
2.517746063178175121e-05 1.150987700951129078e+01
2.601926704235410016e-05 1.188000056430040630e+01
2.688921918387384303e-05 1.226202732476105517e+01
2.778825810663545582e-05 1.265633502676574551e+01
2.871735632487579741e-05 1.306332471947928653e+01
2.967751886876853870e-05 1.348339650616220631e+01
3.066978437159193627e-05 1.391698013265595080e+01
3.169522619324599853e-05 1.436450414160611366e+01
3.275495358133433647e-05 1.482641505710165752e+01
3.385011287106671010e-05 1.530317936831506209e+01
3.498188872528021299e-05 1.579527525624439654e+01
3.615150541592045298e-05 1.630319437293600870e+01
3.736022814836899319e-05 1.682744398729965241e+01
3.860936443004954884e-05 1.736854989976691854e+01
3.990026548479344494e-05 1.792705244558668909e+01
4.123432771449419843e-05 1.850351302381998764e+01
4.261299420963254024e-05 1.909850556270100341e+01
4.403775631030562105e-05 1.971263185731115897e+01
4.551015521944909301e-05 2.034649704641833878e+01
4.703178366999723984e-05 2.100074893100092410e+01
4.860428764778435972e-05 2.167603126744835862e+01
5.022936817205134787e-05 2.237302001858193989e+01
5.190878313548323190e-05 2.309241964674677661e+01
5.364434920576834987e-05 2.383494748400209318e+01
5.543794379073590958e-05 2.460134483747336631e+01
5.729150706919781900e-05 2.539237949015418039e+01
5.920704408969155763e-05 2.620884430860983727e+01
6.118662693939432690e-05 2.705155186724897476e+01
6.323239698555469304e-05 2.792134780207731737e+01
6.534656719186627638e-05 2.881910218251379519e+01
6.753142451228926792e-05 2.974571884605160932e+01
6.978933236490913268e-05 3.070211331464426863e+01
7.212273318850868345e-05 3.168924593340371487e+01
7.453415108461877573e-05 3.270810521391990733e+01
7.702619454790587906e-05 3.375970542160452226e+01
7.960155928784993205e-05 3.484510589245626733e+01
8.226303114476471348e-05 3.596538931732236932e+01
8.501348910331518868e-05 3.712166411662411747e+01
8.785590840679157983e-05 3.831509770733499209e+01
9.079336377550881697e-05 3.954687568605413617e+01
9.382903273281309529e-05 4.081822423730848470e+01
9.696619904229312483e-05 4.213041903398361399e+01
1.002082562599141270e-04 4.348477257762696979e+01
1.035587114049174785e-04 4.488261999314780581e+01
1.070211887534562421e-04 4.632537978315205152e+01
1.105994337590709140e-04 4.781446932620819013e+01
1.142973171042456330e-04 4.935138280803914768e+01
1.181188388874281471e-04 5.093764626963000097e+01
1.220681329500424115e-04 5.257484964942001682e+01
1.261494713481742377e-04 5.426460377549143033e+01
1.303672689737678670e-04 5.600860772987952174e+01
1.347260883303314362e-04 5.780858646410217005e+01
1.392306444683180742e-04 5.966635001178094200e+01
1.438858100855209437e-04 6.158371394869211457e+01
1.486966207979997041e-04 6.356259780531962633e+01
1.536682805872396744e-04 6.560496075698947038e+01
1.588061674294368483e-04 6.771283998586324060e+01
1.641158391129971276e-04 6.988830611888307942e+01
1.696030392505434848e-04 7.213352427885529039e+01
1.752737034919339915e-04 7.445073688753520003e+01
1.811339659450114388e-04 7.684218765297809739e+01
1.871901658110307874e-04 7.931028972594292270e+01
1.934488542419408646e-04 8.185744665400045506e+01
1.999168014269393128e-04 8.448617650470036722e+01
2.066010039159656652e-04 8.719907002073411206e+01
2.135086921880547338e-04 8.999879491226312211e+01
2.206473384727377968e-04 9.288813347750304672e+01
2.280246648329511538e-04 9.586985859476287430e+01
2.356486515181963309e-04 9.894695172147483220e+01
2.435275455969876748e-04 1.021223903116179770e+02
2.516698698779247295e-04 1.053992822325303536e+02
2.600844321290405573e-04 1.087808488181403277e+02
2.687803346053976817e-04 1.122703279592800811e+02
2.777669838952388651e-04 1.158711599512845680e+02
2.870541010953427292e-04 1.195868274459218270e+02
2.966517323265922064e-04 1.234209133662512698e+02
3.065702596011295341e-04 1.273771255037286068e+02
3.168204120528543403e-04 1.314592844909869598e+02
3.274132775434116785e-04 1.356712735856717984e+02
3.383603146562264279e-04 1.400171808133223692e+02
3.496733650915567022e-04 1.445011098034069903e+02
3.613646664759745386e-04 1.491273712672316947e+02
3.734468656001317080e-04 1.539003030090788400e+02
3.859330320991275886e-04 1.588244315032746670e+02
3.988366725902805230e-04 1.639044337621931788e+02
4.121717452835938129e-04 1.691450638390412848e+02
4.259526750807212541e-04 1.745511575445465553e+02
4.401943691787655547e-04 1.801277506951466023e+02
4.549122331957894719e-04 1.858800859166065891e+02
4.701221878354804149e-04 1.918133626532762435e+02
4.858406861089974399e-04 1.979329930985730641e+02
5.020847311326308640e-04 2.042446479543162070e+02
5.188718945205230424e-04 2.107539407821104191e+02
5.362203353923492141e-04 2.174667521121754987e+02
5.541488200165187389e-04 2.243890199702615291e+02
5.726767421101455150e-04 2.315269428197624677e+02
5.918241438177454907e-04 2.388866714239714497e+02
6.116117373913557359e-04 2.464747899752879050e+02
6.320609275955268004e-04 2.542976040629040710e+02
6.531938348614238542e-04 2.623619631624458179e+02
6.750333192150836329e-04 2.706746248422339249e+02
6.976030050057104547e-04 2.792424971419653161e+02
7.209273064607610694e-04 2.880727804519248139e+02
7.450314540954613768e-04 2.971726065898108686e+02
7.699415220053250396e-04 3.065492752229087614e+02
7.956844560711916160e-04 3.162103352902823303e+02
8.222881031073025473e-04 3.261633303214630928e+02
8.497812409839368810e-04 3.364158675556340654e+02
8.781936097571961097e-04 3.469759700470128791e+02
9.075559438396131216e-04 3.578512500476022069e+02
9.379000052463793693e-04 3.690498911359553063e+02
9.692586179531593148e-04 3.805799475720007194e+02
1.001665703402655023e-03 3.924495120524611593e+02
1.035156317198330069e-03 4.046668133853472682e+02
1.069766687024985286e-03 4.172401848086713585e+02
1.105534251837205851e-03 4.301778887483413882e+02
1.142497702358069404e-03 4.434883800026713061e+02
1.180697022931930960e-03 4.571798874197266969e+02
1.220173534776542454e-03 4.712609306678535859e+02
1.260969940681316284e-03 4.857396974208904226e+02
1.303130371200056587e-03 5.006248889428342181e+02
1.346700432388157767e-03 5.159245306328133438e+02
1.391727255135877424e-03 5.316469394627181373e+02
1.438259546151070007e-03 5.478003056598396370e+02
1.486347640646530459e-03 5.643926250529326580e+02
1.536043556788919398e-03 5.814319400704639520e+02
1.587401051968200579e-03 5.989260494645559447e+02
1.640475680948428249e-03 6.168824040310792043e+02
1.695324855962815390e-03 6.353086062911440877e+02
1.752007908818060174e-03 6.542116917071360831e+02
1.810586155075142928e-03 6.735985723205402564e+02
1.871122960375984270e-03 6.934757278487550138e+02
1.933683808987751848e-03 7.138497261598242858e+02
1.998336374638913938e-03 7.347261339327654923e+02
2.065150593723721201e-03 7.561106828555224411e+02
2.134198740954243185e-03 7.780079585646113856e+02
2.205555507541849362e-03 8.004228517871797521e+02
2.279298081992675151e-03 8.233594023256644050e+02
2.355506233604463730e-03 8.468210485868414708e+02
2.434262398755145627e-03 8.708106234811015156e+02
2.515651770076436904e-03 8.953300414482818042e+02
2.599762388608985089e-03 9.203813791066288559e+02
2.686685239038679764e-03 9.459652028541063373e+02
2.776514348117217236e-03 9.720816526753703783e+02
2.869346886373309435e-03 9.987299074067751690e+02
2.965283273224645581e-03 1.025908220383357502e+03
3.064427285604211931e-03 1.053614105001922553e+03
3.166886170218578649e-03 1.081844073546473282e+03
3.272770759559481216e-03 1.110593127531446726e+03
3.382195591794276077e-03 1.139855046389383460e+03
3.495279034664920681e-03 1.169623017027645346e+03
3.612143413529477973e-03 1.199888459415229136e+03
3.732915143684721951e-03 1.230640744656238894e+03
3.857724867112893516e-03 1.261868636131885069e+03
3.986707593800617976e-03 1.293558931441925779e+03
4.120002847782761740e-03 1.325696191616410488e+03
4.257754818069308354e-03 1.358263764342070544e+03
4.400112514618404608e-03 1.391242906855485671e+03
4.547229929524409554e-03 1.424613055271361873e+03
4.699266203595197679e-03 1.458351096154746983e+03
4.856385798499019031e-03 1.492431893659972275e+03
5.018758674667020935e-03 1.526828385846369883e+03
5.186560475143959549e-03 1.561511219411551565e+03
5.359972715585955248e-03 1.596447580132069788e+03
5.539182980610755057e-03 1.631604130668801872e+03
5.724385126713026593e-03 1.666942674277007200e+03
5.915779491964028892e-03 1.702424086596164443e+03
6.113573112722652143e-03 1.738005916079209555e+03
6.317979947592099882e-03 1.773642815503747443e+03
6.529221108864616957e-03 1.809285297697210126e+03
6.747525101704480652e-03 1.844882741942215489e+03
6.973128071328140755e-03 1.880380851248484760e+03
7.206274058448705437e-03 1.915720302940219653e+03
7.447215263261310406e-03 1.950840895923759945e+03
7.696212318254701257e-03 1.985677917679053280e+03
7.953534570144332738e-03 2.020162850340357409e+03
8.219460371231864307e-03 2.054223825446142655e+03
8.494277380506187053e-03 2.087785918498586398e+03
8.778282874811823774e-03 2.120768861797764657e+03
9.071784070421121463e-03 2.153091654734800613e+03
9.375098455358292851e-03 2.184665972095380766e+03
9.688554132834568261e-03 2.215402435896339739e+03
1.001249017616620725e-02 2.245206848477876065e+03
1.034725699555901803e-02 2.273982114376128266e+03
1.069321671715643858e-02 2.301626592845853338e+03
1.105074357476093505e-02 2.328036022679984853e+03
1.142022431465263173e-02 2.353102452751752480e+03
1.180205861394306721e-02 2.376715685966530145e+03
1.219665951291643881e-02 2.398761243246285176e+03
1.260445386182631328e-02 2.419123747028181697e+03
1.302588278263077520e-02 2.437685476647984615e+03
1.346140214616583890e-02 2.454326362261356280e+03
1.391148306527291781e-02 2.468926950457737803e+03
1.437661240441416924e-02 2.481365654067876676e+03
1.485729330632660182e-02 2.491523699330792624e+03
1.535404573628500365e-02 2.499282136755787178e+03
1.586740704456205894e-02 2.504525353073757742e+03
1.639793254769450481e-02 2.507140724818516446e+03
1.694619612918364313e-02 2.507021633342168570e+03
1.751279086028037155e-02 2.504068065211340127e+03
1.809832964152614798e-02 2.498186612915587375e+03
1.870344586574363213e-02 2.489295637252891083e+03
1.932879410319460894e-02 2.477324959127460716e+03
1.997505080964588620e-02 2.462217725330649500e+03
2.064291505810955316e-02 2.443933107374126848e+03
2.133310929504865505e-02 2.422449642015148584e+03
2.204638012186681956e-02 2.397764663855072286e+03
2.278349910252664909e-02 2.369899022082278407e+03
2.354526359817107548e-02 2.338900017727673003e+03
2.433249762964985810e-02 2.304839376338250077e+03
2.514605276888498206e-02 2.267820418098526261e+03
2.598680906003840441e-02 2.227974342869817519e+03
2.685567597147924673e-02 2.185466564173518691e+03
2.775359337957988490e-02 2.140493452847130811e+03
2.868153258540498754e-02 2.093284241823135744e+03
2.964049736539381419e-02 2.044101097631092216e+03
3.063152505717161092e-02 1.993236776445919759e+03
3.165568768166540647e-02 1.941010653878307721e+03
3.271409310273729054e-02 1.887769582002711331e+03
3.380788622559029871e-02 1.833880412053439841e+03
3.493825023524253087e-02 1.779725963271274622e+03
3.610640787640997940e-02 1.725699047695129593e+03
3.731362277618164441e-02 1.672194424934997869e+03
3.856120081091872487e-02 1.619600860745817954e+03
3.985049151885547425e-02 1.568292534985507473e+03
4.118288955993056055e-02 1.518620506779083598e+03
4.255983622442782027e-02 1.470899127997847245e+03
4.398282099205792772e-02 1.425399428514976535e+03
4.545338314316834522e-02 1.382337632313548966e+03
4.697311342382341770e-02 1.341862812351321736e+03
4.854365576655684383e-02 1.304049747811835914e+03
5.016670906865677154e-02 1.268887858499389040e+03
5.184402902990837420e-02 1.236274366254722054e+03
5.357743005178047802e-02 1.206007830279762629e+03
5.536878720011212396e-02 1.177783614921953813e+03
5.722003823342062395e-02 1.151197477389995356e+03
5.913318569902666078e-02 1.125749790419911051e+03
6.111029909926251474e-02 1.100859376903773864e+03
6.315351713010779189e-02 1.075884676518865263e+03
6.526504999467336310e-02 1.050156624280381266e+03
6.744718179403717817e-02 1.023020405833853715e+03
6.970227299801623477e-02 9.938853998292130427e+02
7.203276299854979858e-02 9.622832808456153089e+02
7.444117274845411802e-02 9.279265067678119294e+02
7.693010748840443946e-02 8.907596563765955580e+02
7.950225956509210379e-02 8.509972541077852384e+02
8.216041134360790865e-02 8.091386618471562997e+02
8.490743821719984319e-02 7.659493719371703264e+02
8.774631171766281157e-02 7.224127538551875887e+02
9.068010272972255870e-02 6.796475228416076106e+02
9.371198481289348681e-02 6.388023958292413909e+02
9.684523763440215649e-02 6.009380037825196723e+02
1.000832505168899600e-01 5.669116189535361627e+02
1.034295261047340625e-01 5.372767960426907621e+02
1.068876841529496080e-01 5.122082788189901521e+02
1.104614654427753945e-01 4.914569854819864645e+02
1.141547358281756464e-01 4.743442571588490182e+02
1.179714904176376727e-01 4.598017541813903222e+02
1.219158578957853512e-01 4.464732230033236533e+02
1.259921049894874856e-01 4.328878454244415934e+02
1.302046410832891354e-01 4.177011295088741463e+02
1.345580229891604751e-01 3.999690469943217863e+02
1.390569598757198100e-01 3.793874305423589703e+02
1.437063183622670492e-01 3.564097259321933393e+02
1.485111277831346888e-01 3.321777392640028097e+02
1.534765856280515817e-01 3.082587957942072308e+02
1.586080631644066208e-01 2.862537861802405814e+02
1.639111112474894438e-01 2.673947094472688377e+02
1.693914663249987407e-01 2.522383448724312700e+02
1.750550566423093313e-01 2.405280484365514724e+02
1.809080086552135869e-01 2.312482960068347211e+02
1.869566536570689830e-01 2.228861712507876973e+02
1.932075346275276828e-01 2.138832840783711902e+02
1.996674133102498971e-01 2.031805827899199244e+02
2.063432775272630582e-01 1.906369883933994060e+02
2.132423487378718452e-01 1.770794987994819962e+02
2.203720898503036263e-01 1.639044332722736215e+02
2.277402132945338109e-01 1.524156184182142795e+02
2.353546893650253491e-01 1.432364715683557961e+02
2.432237548424092122e-01 1.360664342241035740e+02
2.513559219034258718e-01 1.298759811119803942e+02
2.597599873287743666e-01 1.234713222068375273e+02
2.684450420188219666e-01 1.161721044792910504e+02
2.774204808274743361e-01 1.081836755459265333e+02
2.866960127248350254e-01 1.003684722576387571e+02
2.962816712996577673e-01 9.357327128045176323e+01
3.061878256129444420e-01 8.803107267912993450e+01
3.164251914144354805e-01 8.326793361392208226e+01
3.270048427341168962e-01 7.855109265686832032e+01
3.379382238612947953e-01 7.351205059737590375e+01
3.492371617241852855e-01 6.839659462846562121e+01
3.609138786834163448e-01 6.371757371493049504e+01
3.729810057532814693e-01 5.970138693742258340e+01
3.854515962650386651e-01 5.611044525001045713e+01
3.983391399870480631e-01 5.257751170678599806e+01
4.116575777170102257e-01 4.902429307231970768e+01
4.254213163620995108e-01 4.566762882827386960e+01
4.396452445232932327e-01 4.266751030204994777e+01
4.543447486007690661e-01 3.992835026736800330e+01
4.695357294377799362e-01 3.728477138180190309e+01
4.852346195210218704e-01 3.473553502214558364e+01
5.014584007560848322e-01 3.237864588801821952e+01
5.182246228372336949e-01 3.021818990178068276e+01
5.355514222313770833e-01 2.817783861614894647e+01
5.534575417967635413e-01 2.623992508877571694e+01
5.719623510576314906e-01 2.443876625369499322e+01
5.910858671567322808e-01 2.276721413994211929e+01
6.108487765084068544e-01 2.119421973645191315e+01
6.312724571756275216e-01 1.972008155473607260e+01
6.523790019952193653e-01 1.834929378190760474e+01
6.741912424762606104e-01 1.706779998480094562e+01
6.967327734975364839e-01 1.586933298670033388e+01
7.200279788307419881e-01 1.475187106924226654e+01
7.441020575170596008e-01 1.370993262877103902e+01
7.689810511256225389e-01 1.273818339362290786e+01
7.946918719233755368e-01 1.183191572673486824e+01
8.212623319867858873e-01 1.098708065984287607e+01
8.487211732869031078e-01 1.019987443777040781e+01
8.770980987803161932e-01 9.466670657072858930e+00
9.064238045396205701e-01 8.784002672340543327e+00
9.367300129581793700e-01 8.148599902229085146e+00
9.680495070650749767e-01 7.557368085932123059e+00
1.000416165987385808e+00 7.007367873405747183e+00
1.033865001598128330e+00 6.495842305745014755e+00
1.068432196389532240e+00 6.020225515676105310e+00
1.104155142612600837e+00 5.578146929686041311e+00
1.141072482725305592e+00 5.167382592873399183e+00
1.179224151193147607e+00 4.785831980666493735e+00
1.218651417687333982e+00 4.431498633276126142e+00
1.259396931727273516e+00 4.102512210282516669e+00
1.301504768815691548e+00 3.797131350338093903e+00
1.345020478116276896e+00 3.513744892093082939e+00
1.389991131725407447e+00 3.250846699888681801e+00
1.436465375591293947e+00 3.007022657003007193e+00
1.484493482135585296e+00 2.780938531953663695e+00
1.534127404634392455e+00 2.571347056914145224e+00
1.585420833417506836e+00 2.377086870070834745e+00
1.638429253946665609e+00 2.197080868354948091e+00
1.693210006835640158e+00 2.030324904357867943e+00
1.749822349877109051e+00 1.875881061199486943e+00
1.808327522143368116e+00 1.732871961106546399e+00
1.868788810230267217e+00 1.600479310959303847e+00
1.931271616715998229e+00 1.477940888241302098e+00
1.995843530908793184e+00 1.364546922485055713e+00
2.062574401960084458e+00 1.259636671438465694e+00
2.131536414422164238e+00 1.162595232794558564e+00
2.202804166332139602e+00 1.072850620847401126e+00
2.276454749906602792e+00 9.898708282492203470e-01
2.352567834934338631e+00 9.131611061980717814e-01
2.431225754957225149e+00 8.422613681512299832e-01
2.512513596332623944e+00 7.767440006178428780e-01
2.596519290273538783e+00 7.162117472479452296e-01
2.683333707966161441e+00 6.602956716251046076e-01
2.773050758867611432e+00 6.086532108136744057e-01
2.865767492290306695e+00 5.609663456879179222e-01
2.961584202382770314e+00 5.169398110164455939e-01
3.060604536620467719e+00 4.762996262880828113e-01
3.162935607924048931e+00 4.387916936056587280e-01
3.268688110526199786e+00 4.041804260111016567e-01
3.377976439712552459e+00 3.722474378285767771e-01
3.490918815566087297e+00 3.427903222525428006e-01
3.607637410848952619e+00 3.156215042355917655e-01
3.728258483159945236e+00 2.905672067633905953e-01
3.852912511510727001e+00 2.674664870813098783e-01
3.981734337468417539e+00 2.461703203429374820e-01
4.114863311017320058e+00 2.265407471397998251e-01
4.252443441297450555e+00 2.084500774308038207e-01
4.394623552383071896e+00 1.917801220810858298e-01
4.541557444269631816e+00 1.764215225586047153e-01
4.693404059243289517e+00 1.622731374075060684e-01
4.850327653813030437e+00 1.492414491552010725e-01
5.012497976391239618e+00 1.372400035809262786e-01
5.180090450915090017e+00 1.261888852092025726e-01
5.353286366607249214e+00 1.160142310888524209e-01
5.532273074081278885e+00 1.066477866542213382e-01
5.717244188003695271e+00 9.802649701581253594e-02
5.908399796532135539e+00 9.009211961153576476e-02
6.105946677756002750e+00 8.279086674994853845e-02
6.310098523373801171e+00 7.607307535917040564e-02
6.521076169849157722e+00 6.989289096499051723e-02
6.739107837295406966e+00 6.420798331799150438e-02
6.964429376347387013e+00 5.897929184917126422e-02
7.197284523287298619e+00 5.417078420360661728e-02
7.437925163700752407e+00 4.974922688297538781e-02
7.686611604948010879e+00 4.568396567504875994e-02
7.943612857745410594e+00 4.194672515317802997e-02
8.209206927161357470e+00 3.851142734727699274e-02
8.483681113341843272e+00 3.535403132537993931e-02
8.767332322290526392e+00 3.245237691467019875e-02
9.060467387039910392e+00 2.978604017244891253e-02
9.363403399560734641e+00 2.733620156660536774e-02
9.676468053768756405e+00 2.508552505892013701e-02
1.000000000000001243e+01 2.301804472042461372e-02
