2.000000000000000164e-05 1.613923141915225656e+01
2.066869842267550072e-05 1.665822604574612953e+01
2.135975472437544027e-05 1.719390709400063244e+01
2.207391643902171255e-05 1.774681644287134219e+01
2.281195609427394449e-05 1.831750342275366705e+01
2.357467204719313169e-05 1.890654228196579822e+01
2.436288934784564352e-05 1.951452056642872890e+01
2.517746063178175121e-05 2.014204886248357695e+01
2.601926704235410016e-05 2.078975570631073921e+01
2.688921918387384303e-05 2.145829074906690082e+01
2.778825810663545582e-05 2.214832246695465656e+01
2.871735632487579741e-05 2.286054015456273447e+01
2.967751886876853870e-05 2.359566104116852259e+01
3.066978437159193627e-05 2.435441731725837045e+01
3.169522619324599853e-05 2.513757382075560898e+01
3.275495358133433647e-05 2.594590928218605796e+01
3.385011287106671010e-05 2.678024143406245372e+01
3.498188872528021299e-05 2.764139013036130876e+01
3.615150541592045298e-05 2.853023556165556585e+01
3.736022814836899319e-05 2.944765731160007505e+01
3.860936443004954884e-05 3.039457678337440072e+01
3.990026548479344494e-05 3.137193776762205033e+01
4.123432771449419843e-05 3.238072937846826704e+01
4.261299420963254024e-05 3.342194984601905361e+01
4.403775631030562105e-05 3.449665316558986206e+01
4.551015521944909301e-05 3.560589980978832614e+01
4.703178366999723984e-05 3.675081259150306323e+01
4.860428764778435972e-05 3.793253954702826292e+01
5.022936817205134787e-05 3.915224754815319841e+01
5.190878313548323190e-05 4.041117419133396993e+01
5.364434920576834987e-05 4.171056507196011154e+01
5.543794379073590958e-05 4.305173482818465658e+01
5.729150706919781900e-05 4.443601422787965305e+01
5.920704408969155763e-05 4.586479573052739056e+01
6.118662693939432690e-05 4.733949953483022455e+01
6.323239698555469304e-05 4.886161368483498535e+01
6.534656719186627638e-05 5.043264886304975647e+01
6.753142451228926792e-05 5.205416827307112726e+01
6.978933236490913268e-05 5.372782385858487686e+01
7.212273318850868345e-05 5.545525778115712967e+01
7.453415108461877573e-05 5.723821492407041234e+01
7.702619454790587906e-05 5.907846261626252016e+01
7.960155928784993205e-05 6.097785255633755241e+01
8.226303114476471348e-05 6.293827567589725902e+01
8.501348910331518868e-05 6.496169155757522162e+01
8.785590840679157983e-05 6.705012551900290418e+01
9.079336377550881697e-05 6.920565429665204249e+01
9.382903273281309529e-05 7.143043682354556267e+01
9.696619904229312483e-05 7.372668139078177774e+01
1.002082562599141270e-04 7.609669570399258021e+01
1.035587114049174785e-04 7.854282563507848636e+01
1.070211887534562421e-04 8.106752845841042188e+01
1.105994337590709140e-04 8.367330583838706559e+01
1.142973171042456330e-04 8.636277203264501168e+01
1.181188388874281471e-04 8.913857748449657947e+01
1.220681329500424115e-04 9.200350837090296352e+01
1.261494713481742377e-04 9.496040866763213728e+01
1.303672689737678670e-04 9.801221965644295153e+01
1.347260883303314362e-04 1.011619862286484164e+02
1.392306444683180742e-04 1.044128066466613660e+02
1.438858100855209437e-04 1.077679497661566614e+02
1.486966207979997041e-04 1.112307087677452273e+02
1.536682805872396744e-04 1.148045442365859401e+02
1.588061674294368483e-04 1.184929940339117138e+02
1.641158391129971276e-04 1.222997043971895437e+02
1.696030392505434848e-04 1.262284574748663175e+02
1.752737034919339915e-04 1.302831264498798021e+02
1.811339659450114388e-04 1.344677067862509716e+02
1.871901658110307874e-04 1.387863426982267754e+02
1.934488542419408646e-04 1.432433145980836571e+02
1.999168014269393128e-04 1.478429755180526683e+02
2.066010039159656652e-04 1.525898694367599546e+02
2.135086921880547338e-04 1.574886412047888200e+02
2.206473384727377968e-04 1.625441556282826809e+02
2.280246648329511538e-04 1.677612915383095924e+02
2.356486515181963309e-04 1.731452322317002483e+02
2.435275455969876748e-04 1.787011614794126331e+02
2.516698698779247295e-04 1.844345720319442989e+02
2.600844321290405573e-04 1.903509957490000204e+02
2.687803346053976817e-04 1.964562340284144568e+02
2.777669838952388651e-04 2.027561539627618856e+02
2.870541010953427292e-04 2.092568619143165733e+02
2.966517323265922064e-04 2.159646588225936057e+02
3.065702596011295341e-04 2.228860486845312892e+02
3.168204120528543403e-04 2.300275732769814283e+02
3.274132775434116785e-04 2.373961690922220669e+02
3.383603146562264279e-04 2.449988090098374016e+02
3.496733650915567022e-04 2.528428199406400836e+02
3.613646664759745386e-04 2.609356037621866449e+02
3.734468656001317080e-04 2.692847320013997319e+02
3.859330320991275886e-04 2.778982448023281790e+02
3.988366725902805230e-04 2.867840814870338022e+02
4.121717452835938129e-04 2.959506122665628709e+02
4.259526750807212541e-04 3.054063498580699161e+02
4.401943691787655547e-04 3.151600353229455891e+02
4.549122331957894719e-04 3.252206642369222322e+02
4.701221878354804149e-04 3.355975202855542534e+02
4.858406861089974399e-04 3.462999395983484305e+02
5.020847311326308640e-04 3.573377114873089226e+02
5.188718945205230424e-04 3.687206691647909338e+02
5.362203353923492141e-04 3.804590827628172747e+02
5.541488200165187389e-04 3.925632726125244858e+02
5.726767421101455150e-04 4.050440223488902234e+02
5.918241438177454907e-04 4.179120960098891260e+02
6.116117373913557359e-04 4.311786442423803010e+02
6.320609275955268004e-04 4.448550945024154544e+02
6.531938348614238542e-04 4.589530984852984261e+02
6.750333192150836329e-04 4.734844145815290517e+02
6.976030050057104547e-04 4.884611825059101307e+02
7.209273064607610694e-04 5.038958114450604739e+02
7.450314540954613768e-04 5.198005880230830371e+02
7.699415220053250396e-04 5.361886169628203334e+02
7.956844560711916160e-04 5.530725197317511856e+02
8.222881031073025473e-04 5.704658158240059720e+02
8.497812409839368810e-04 5.883815927241874988e+02
8.781936097571961097e-04 6.068336571733696019e+02
9.075559438396131216e-04 6.258355592078892187e+02
9.379000052463793693e-04 6.454013905757252587e+02
9.692586179531593148e-04 6.655450138632310200e+02
1.001665703402655023e-03 6.862809312043629006e+02
1.035156317198330069e-03 7.076232037722097630e+02
1.069766687024985286e-03 7.295862107459832941e+02
1.105534251837205851e-03 7.521848522160122457e+02
1.142497702358069404e-03 7.754332887865856492e+02
1.180697022931930960e-03 7.993463910340608436e+02
1.220173534776542454e-03 8.239385771206486879e+02
1.260969940681316284e-03 8.492248199668327970e+02
1.303130371200056587e-03 8.752192704109845636e+02
1.346700432388157767e-03 9.019368868851427123e+02
1.391727255135877424e-03 9.293916522323600020e+02
1.438259546151070007e-03 9.575980698557360711e+02
1.486347640646530459e-03 9.865701837489331183e+02
1.536043556788919398e-03 1.016321601301433816e+03
1.587401051968200579e-03 1.046865749922382975e+03
1.640475680948428249e-03 1.078216616697135123e+03
1.695324855962815390e-03 1.110386251112627406e+03
1.752007908818060174e-03 1.143387206366995315e+03
1.810586155075142928e-03 1.177231452194835811e+03
1.871122960375984270e-03 1.211930785653045632e+03
1.933683808987751848e-03 1.247495389890132628e+03
1.998336374638913938e-03 1.283935640121512733e+03
2.065150593723721201e-03 1.321261242102046936e+03
2.134198740954243185e-03 1.359480448001898594e+03
2.205555507541849362e-03 1.398601360506136643e+03
2.279298081992675151e-03 1.438631001842820751e+03
2.355506233604463730e-03 1.479575563776372974e+03
2.434262398755145627e-03 1.521439957899894807e+03
2.515651770076436904e-03 1.564227880108330282e+03
2.599762388608985089e-03 1.607942399135199139e+03
2.686685239038679764e-03 1.652585115378024511e+03
2.776514348117217236e-03 1.698156123633173593e+03
2.869346886373309435e-03 1.744653762975832024e+03
2.965283273224645581e-03 1.792075603725818155e+03
3.064427285604211931e-03 1.840416310393720778e+03
3.166886170218578649e-03 1.889670536440469959e+03
3.272770759559481216e-03 1.939828400334163007e+03
3.382195591794276077e-03 1.990880238799647486e+03
3.495279034664920681e-03 2.042813054837214167e+03
3.612143413529477973e-03 2.095611663282852533e+03
3.732915143684721951e-03 2.149258400561161125e+03
3.857724867112893516e-03 2.203732497647917171e+03
3.986707593800617976e-03 2.259010782534901864e+03
4.120002847782761740e-03 2.315066878145347346e+03
4.257754818069308354e-03 2.371870882143211475e+03
4.400112514618404608e-03 2.429389920995929970e+03
4.547229929524409554e-03 2.487588273533307984e+03
4.699266203595197679e-03 2.546424194399895896e+03
4.856385798499019031e-03 2.605855899674772445e+03
5.018758674667020935e-03 2.665834182097141820e+03
5.186560475143959549e-03 2.726309060291806418e+03
5.359972715585955248e-03 2.787222316110320662e+03
5.539182980610755057e-03 2.848516174635142761e+03
5.724385126713026593e-03 2.910124235903224417e+03
5.915779491964028892e-03 2.971977774330288412e+03
6.113573112722652143e-03 3.034002448852252655e+03
6.317979947592099882e-03 3.096118989936478556e+03
6.529221108864616957e-03 3.158242161773673615e+03
6.747525101704480652e-03 3.220282828778822477e+03
6.973128071328140755e-03 3.282144761465809552e+03
7.206274058448705437e-03 3.343727268788816218e+03
7.447215263261310406e-03 3.404923765766256565e+03
7.696212318254701257e-03 3.465620414138441447e+03
7.953534570144332738e-03 3.525698599089187155e+03
8.219460371231864307e-03 3.585033529597016241e+03
8.494277380506187053e-03 3.643492169796568760e+03
8.778282874811823774e-03 3.700937848652046341e+03
9.071784070421121463e-03 3.757225582372093413e+03
9.375098455358292851e-03 3.812203895212837324e+03
9.688554132834568261e-03 3.865715811523875345e+03
1.001249017616620725e-02 3.917596571115282586e+03
1.034725699555901803e-02 3.967677479346078599e+03
1.069321671715643858e-02 4.015781700874988474e+03
1.105074357476093505e-02 4.061725587238835942e+03
1.142022431465263173e-02 4.105322144994993323e+03
1.180205861394306721e-02 4.146379296225863982e+03
1.219665951291643881e-02 4.184695737724250648e+03
1.260445386182631328e-02 4.220072605561079399e+03
1.302588278263077520e-02 4.252302401716980057e+03
1.346140214616583890e-02 4.281177098975201261e+03
1.391148306527291781e-02 4.306487548341940965e+03
1.437661240441416924e-02 4.328023135916389947e+03
1.485729330632660182e-02 4.345574753733988473e+03
1.535404573628500365e-02 4.358935501290899083e+03
1.586740704456205894e-02 4.367904676609046874e+03
1.639793254769450481e-02 4.372285919042483329e+03
1.694619612918364313e-02 4.371894152641548317e+03
1.751279086028037155e-02 4.366554016472313378e+03
1.809832964152614798e-02 4.356104642425681050e+03
1.870344586574363213e-02 4.340402689868191374e+03
1.932879410319460894e-02 4.319326132757177220e+03
1.997505080964588620e-02 4.292777801032024399e+03
2.064291505810955316e-02 4.260685746419677344e+03
2.133310929504865505e-02 4.223014580330150238e+03
2.204638012186681956e-02 4.179760191737211244e+03
2.278349910252664909e-02 4.130960929307986589e+03
2.354526359817107548e-02 4.076698208982615142e+03
2.433249762964985810e-02 4.017100715949436562e+03
2.514605276888498206e-02 3.952347906257357863e+03
2.598680906003840441e-02 3.882672021879680415e+03
2.685567597147924673e-02 3.808362417488214760e+03
2.775359337957988490e-02 3.729761783647890752e+03
2.868153258540498754e-02 3.647275122559690772e+03
2.964049736539381419e-02 3.561358830368703366e+03
3.063152505717161092e-02 3.472523789828518602e+03
3.165568768166540647e-02 3.381331798602377603e+03
3.271409310273729054e-02 3.288387425372915914e+03
3.380788622559029871e-02 3.194332286807664786e+03
3.493825023524253087e-02 3.099835890176257635e+03
3.610640787640997940e-02 3.005582776833181924e+03
3.731362277618164441e-02 2.912264245538166051e+03
3.856120081091872487e-02 2.820557608739584794e+03
3.985049151885547425e-02 2.731116541102294377e+03
4.118288955993056055e-02 2.644551339571886274e+03
4.255983622442782027e-02 2.561412114408177331e+03
4.398282099205792772e-02 2.482169724021907314e+03
4.545338314316834522e-02 2.407198726993004584e+03
4.697311342382341770e-02 2.336760173769363519e+03
4.854365576655684383e-02 2.270979517200604732e+03
5.016670906865677154e-02 2.209837817512965103e+03
5.184402902990837420e-02 2.153151540419619323e+03
5.357743005178047802e-02 2.100566307071214851e+03
5.536878720011212396e-02 2.051546660637320201e+03
5.722003823342062395e-02 2.005383293833863263e+03
5.913318569902666078e-02 1.961200173590810437e+03
6.111029909926251474e-02 1.917977333944832480e+03
6.315351713010779189e-02 1.874591803506544011e+03
6.526504999467336310e-02 1.829871272541055077e+03
6.744718179403717817e-02 1.782668674241433109e+03
6.970227299801623477e-02 1.731950610628098502e+03
7.203276299854979858e-02 1.676898504183102659e+03
7.444117274845411802e-02 1.617010609606044000e+03
7.693010748840443946e-02 1.552192600622128111e+03
7.950225956509210379e-02 1.482823514719807918e+03
8.216041134360790865e-02 1.409780265693511410e+03
8.490743821719984319e-02 1.334407422256605741e+03
8.774631171766281157e-02 1.258428820140249627e+03
9.068010272972255870e-02 1.183805353634529638e+03
9.371198481289348681e-02 1.112548183451393697e+03
9.684523763440215649e-02 1.046514039063663404e+03
1.000832505168899600e-01 9.872012044731582137e+02
1.034295261047340625e-01 9.355767664083064119e+02
1.068876841529496080e-01 8.919428335124002842e+02
1.104614654427753945e-01 8.558607032564633528e+02
1.141547358281756464e-01 8.261388987273220437e+02
1.179714904176376727e-01 8.009051974645032033e+02
1.219158578957853512e-01 7.777829085323231766e+02
1.259921049894874856e-01 7.541954623245480889e+02
1.302046410832891354e-01 7.277883505950920835e+02
1.345580229891604751e-01 6.969101431549257768e+02
1.390569598757198100e-01 6.610303745856477917e+02
1.437063183622670492e-01 6.209474430093633828e+02
1.485111277831346888e-01 5.786648099656590603e+02
1.534765856280515817e-01 5.369300251220042810e+02
1.586080631644066208e-01 4.985472431674732547e+02
1.639111112474894438e-01 4.656725913837153144e+02
1.693914663249987407e-01 4.392785003381760589e+02
1.750550566423093313e-01 4.189128924764274302e+02
1.809080086552135869e-01 4.027953459103184173e+02
1.869566536570689830e-01 3.882749939194712283e+02
1.932075346275276828e-01 3.726225488466223510e+02
1.996674133102498971e-01 3.539843752756488584e+02
2.063432775272630582e-01 3.321159047215353439e+02
2.132423487378718452e-01 3.084683772076448918e+02
2.203720898503036263e-01 2.854891609250423130e+02
2.277402132945338109e-01 2.654612203710999552e+02
2.353546893650253491e-01 2.494751740495368324e+02
2.432237548424092122e-01 2.370024977313797478e+02
2.513559219034258718e-01 2.262392111417773037e+02
2.597599873287743666e-01 2.150946097969011532e+02
2.684450420188219666e-01 2.023783139683179684e+02
2.774204808274743361e-01 1.884516681060139263e+02
2.866960127248350254e-01 1.748265588353720545e+02
2.962816712996577673e-01 1.629856197109555183e+02
3.061878256129444420e-01 1.533360516719878035e+02
3.164251914144354805e-01 1.450468969726573505e+02
3.270048427341168962e-01 1.368348298953759468e+02
3.379382238612947953e-01 1.280553989849135803e+02
3.492371617241852855e-01 1.191399813130450553e+02
3.609138786834163448e-01 1.109870688778129022e+02
3.729810057532814693e-01 1.039926756149505565e+02
3.854515962650386651e-01 9.774031353100883734e+01
3.983391399870480631e-01 9.158703772980844349e+01
4.116575777170102257e-01 8.539621147024035963e+01
4.254213163620995108e-01 7.954796014623875067e+01
4.396452445232932327e-01 7.432242283045771103e+01
4.543447486007690661e-01 6.955198610455197183e+01
4.695357294377799362e-01 6.494714461358493907e+01
4.852346195210218704e-01 6.050603966143053469e+01
5.014584007560848322e-01 5.640043806227610901e+01
5.182246228372336949e-01 5.263743467713760538e+01
5.355514222313770833e-01 4.908339124089674499e+01
5.534575417967635413e-01 4.570754820376770766e+01
5.719623510576314906e-01 4.257007482155360378e+01
5.910858671567322808e-01 3.965847770311343368e+01
6.108487765084068544e-01 3.691845214547139875e+01
6.312724571756275216e-01 3.435058829916157919e+01
6.523790019952193653e-01 3.196282924747086440e+01
6.741912424762606104e-01 2.973060191063200364e+01
6.967327734975364839e-01 2.764294253301603632e+01
7.200279788307419881e-01 2.569641906251049690e+01
7.441020575170596008e-01 2.388146837870315053e+01
7.689810511256225389e-01 2.218877922267488145e+01
7.946918719233755368e-01 2.061014339058082001e+01
8.212623319867858873e-01 1.913851308716521160e+01
8.487211732869031078e-01 1.776726749041959508e+01
8.770980987803161932e-01 1.649009191861882329e+01
9.064238045396205701e-01 1.530094656818041798e+01
9.367300129581793700e-01 1.419413313288003131e+01
9.680495070650749767e-01 1.316426107286149261e+01
1.000416165987385808e+00 1.220621050972779109e+01
1.033865001598128330e+00 1.131517930769403257e+01
1.068432196389532240e+00 1.048669798634927730e+01
1.104155142612600837e+00 9.716636903036135919e+00
1.141072482725305592e+00 9.001121855903827296e+00
1.179224151193147607e+00 8.336493946521253307e+00
1.218651417687333982e+00 7.719276100965676513e+00
1.259396931727273516e+00 7.146210868022606633e+00
1.301504768815691548e+00 6.614265110621560417e+00
1.345020478116276896e+00 6.120631831287873581e+00
1.389991131725407447e+00 5.662686995795398026e+00
1.436465375591293947e+00 5.237967110530177273e+00
1.484493482135585296e+00 4.844148291263111084e+00
1.534127404634392455e+00 4.479058163133471382e+00
1.585420833417506836e+00 4.140673902739313128e+00
1.638429253946665609e+00 3.827119325816924711e+00
1.693210006835640158e+00 3.536645296985698739e+00
1.749822349877109051e+00 3.267618011428045310e+00
1.808327522143368116e+00 3.018508990216882015e+00
1.868788810230267217e+00 2.787892685563176709e+00
1.931271616715998229e+00 2.574441325263813418e+00
1.995843530908793184e+00 2.376918796487608176e+00
2.062574401960084458e+00 2.194174402990580752e+00
2.131536414422164238e+00 2.025137157929093767e+00
2.202804166332139602e+00 1.868810460223798930e+00
2.276454749906602792e+00 1.724267303920283378e+00
2.352567834934338631e+00 1.590645713640443937e+00
2.431225754957225149e+00 1.467144410462902337e+00
2.512513596332623944e+00 1.353018742877441394e+00
2.596519290273538783e+00 1.247576859585233011e+00
2.683333707966161441e+00 1.150176058495028020e+00
2.773050758867611432e+00 1.060219528970193670e+00
2.865767492290306695e+00 9.771532465188501604e-01
2.961584202382770314e+00 9.004628967697877462e-01
3.060604536620467719e+00 8.296712655946775206e-01
3.162935607924048931e+00 7.643357605125613574e-01
3.268688110526199786e+00 7.040460034037538950e-01
3.377976439712552459e+00 6.484215686991038341e-01
3.490918815566087297e+00 5.971098712135275433e-01
3.607637410848952619e+00 5.497841838501845713e-01
3.728258483159945236e+00 5.061418222707545489e-01
3.852912511510727001e+00 4.659024502599249939e-01
3.981734337468417539e+00 4.288064631463924803e-01
4.114863311017320058e+00 3.946135198534324040e-01
4.252443441297450555e+00 3.631011771598690041e-01
4.394623552383071896e+00 3.340635686432735785e-01
4.541557444269631816e+00 3.073102234108235908e-01
4.693404059243289517e+00 2.826649776822438564e-01
4.850327653813030437e+00 2.599649331674991903e-01
5.012497976391239618e+00 2.390594864327225955e-01
5.180090450915090017e+00 2.198094258129066059e-01
5.353286366607249214e+00 2.020860860401518799e-01
5.532273074081278885e+00 1.857705735213932841e-01
5.717244188003695271e+00 1.707530522568331544e-01
5.908399796532135539e+00 1.569320692010555685e-01
6.105946677756002750e+00 1.442139315078835304e-01
6.310098523373801171e+00 1.325121310072968350e-01
6.521076169849157722e+00 1.217467944028282900e-01
6.739107837295406966e+00 1.118441877692369774e-01
6.964429376347387013e+00 1.027362721902147918e-01
7.197284523287298619e+00 9.436028240181724980e-02
7.437925163700752407e+00 8.665832743910460712e-02
7.686611604948010879e+00 7.957700943371207036e-02
7.943612857745410594e+00 7.306707399675277381e-02
8.209206927161357470e+00 6.708309429664532919e-02
8.483681113341843272e+00 6.158319227487046160e-02
8.767332322290526392e+00 5.652876776333774778e-02
9.060467387039910392e+00 5.188424691779280201e-02
9.363403399560734641e+00 4.761684994891073747e-02
9.676468053768756405e+00 4.369637884518252913e-02
1.000000000000001243e+01 4.009501943327460627e-02
