2.000000000000000164e-05 1.302392731594274183e-02
2.066869842267550072e-05 1.344274763688567062e-02
2.135975472437544027e-05 1.387503411088725734e-02
2.207391643902171255e-05 1.432122230983205388e-02
2.281195609427394449e-05 1.478175922592381460e-02
2.357467204719313169e-05 1.525710386771458003e-02
2.436288934784564352e-05 1.574773536915082678e-02
2.517746063178175121e-05 1.625414394310907562e-02
2.601926704235410016e-05 1.677683924133796523e-02
2.688921918387384303e-05 1.731634125713419486e-02
2.778825810663545582e-05 1.787318934758054187e-02
2.871735632487579741e-05 1.844794783654703577e-02
2.967751886876853870e-05 1.904118986688883505e-02
3.066978437159193627e-05 1.965350594315081953e-02
3.169522619324599853e-05 2.028551296291537104e-02
3.275495358133433647e-05 2.093784126263189410e-02
3.385011287106671010e-05 2.161115109025152359e-02
3.498188872528021299e-05 2.230610740708355993e-02
3.615150541592045298e-05 2.302341166303902009e-02
3.736022814836899319e-05 2.376378777798354019e-02
3.860936443004954884e-05 2.452796541776362804e-02
3.990026548479344494e-05 2.531671811729671248e-02
4.123432771449419843e-05 2.613083573617073704e-02
4.261299420963254024e-05 2.697113093434053838e-02
4.403775631030562105e-05 2.783844804925526134e-02
4.551015521944909301e-05 2.873365086236689264e-02
4.703178366999723984e-05 2.965764251984489772e-02
4.860428764778435972e-05 3.061134243782216366e-02
5.022936817205134787e-05 3.159571404567196318e-02
5.190878313548323190e-05 3.261173384885680815e-02
5.364434920576834987e-05 3.366042563791839248e-02
5.543794379073590958e-05 3.474284373422792394e-02
5.729150706919781900e-05 3.586005462918009229e-02
5.920704408969155763e-05 3.701319776167059233e-02
6.118662693939432690e-05 3.820341910842588173e-02
6.323239698555469304e-05 3.943190661342482750e-02
6.534656719186627638e-05 4.069989883513704110e-02
6.753142451228926792e-05 4.200866130924685998e-02
6.978933236490913268e-05 4.335950125089915730e-02
7.212273318850868345e-05 4.475378172270400717e-02
7.453415108461877573e-05 4.619288797315076328e-02
7.702619454790587906e-05 4.767825849184937487e-02
7.960155928784993205e-05 4.921140002009791181e-02
8.226303114476471348e-05 5.079382320617562008e-02
8.501348910331518868e-05 5.242712790512558951e-02
8.785590840679157983e-05 5.411294434739784970e-02
9.079336377550881697e-05 5.585296337930321237e-02
9.382903273281309529e-05 5.764891630823508473e-02
9.696619904229312483e-05 5.950261764725311292e-02
1.002082562599141270e-04 6.141589963776399735e-02
1.035587114049174785e-04 6.339070748427298729e-02
1.070211887534562421e-04 6.542898195938720574e-02
1.105994337590709140e-04 6.753279430280931250e-02
1.142973171042456330e-04 6.970423206724864207e-02
1.181188388874281471e-04 7.194547044254248624e-02
1.220681329500424115e-04 7.425874189766625000e-02
1.261494713481742377e-04 7.664638392605441219e-02
1.303672689737678670e-04 7.911076552632199943e-02
1.347260883303314362e-04 8.165434259355129620e-02
1.392306444683180742e-04 8.427968843892749695e-02
1.438858100855209437e-04 8.698941230831903904e-02
1.486966207979997041e-04 8.978620449994402508e-02
1.536682805872396744e-04 9.267288887488728255e-02
1.588061674294368483e-04 9.565232925018662957e-02
1.641158391129971276e-04 9.872751075516750241e-02
1.696030392505434848e-04 1.019015054985723673e-01
1.752737034919339915e-04 1.051774748039123603e-01
1.811339659450114388e-04 1.085587074670414515e-01
1.871901658110307874e-04 1.120485492508413450e-01
1.934488542419408646e-04 1.156505049936453894e-01
1.999168014269393128e-04 1.193681696185591307e-01
2.066010039159656652e-04 1.232052184005006101e-01
2.135086921880547338e-04 1.271655159498091547e-01
2.206473384727377968e-04 1.312530013070621060e-01
2.280246648329511538e-04 1.354717234579625451e-01
2.356486515181963309e-04 1.398258972038163850e-01
2.435275455969876748e-04 1.443198728888636651e-01
2.516698698779247295e-04 1.489581146372859488e-01
2.600844321290405573e-04 1.537451935300135353e-01
2.687803346053976817e-04 1.586859139385665696e-01
2.777669838952388651e-04 1.637852014945240797e-01
2.870541010953427292e-04 1.690480528549921924e-01
2.966517323265922064e-04 1.744797098451095763e-01
3.065702596011295341e-04 1.800856409975195305e-01
3.168204120528543403e-04 1.858712600641055646e-01
3.274132775434116785e-04 1.918424065247165411e-01
3.383603146562264279e-04 1.980049796409990293e-01
3.496733650915567022e-04 2.043650131104589596e-01
3.613646664759745386e-04 2.109288220028530669e-01
3.734468656001317080e-04 2.177028753812021711e-01
3.859330320991275886e-04 2.246938559113337841e-01
3.988366725902805230e-04 2.319086489635177051e-01
4.121717452835938129e-04 2.393543589962663087e-01
4.259526750807212541e-04 2.470382570214234019e-01
4.401943691787655547e-04 2.549678713791977414e-01
4.549122331957894719e-04 2.631510914405673640e-01
4.701221878354804149e-04 2.715957538543801730e-01
4.858406861089974399e-04 2.803101756708550885e-01
5.020847311326308640e-04 2.893029081684128090e-01
5.188718945205230424e-04 2.985825431658015172e-01
5.362203353923492141e-04 3.081582675468279020e-01
5.541488200165187389e-04 3.180391464075424390e-01
5.726767421101455150e-04 3.282349595034051992e-01
5.918241438177454907e-04 3.387553999753589173e-01
6.116117373913557359e-04 3.496105312614037341e-01
6.320609275955268004e-04 3.608108116191960923e-01
6.531938348614238542e-04 3.723669798176433288e-01
6.750333192150836329e-04 3.842900851344342450e-01
6.976030050057104547e-04 3.965912544847701171e-01
7.209273064607610694e-04 4.092822385034022847e-01
7.450314540954613768e-04 4.223750369351105816e-01
7.699415220053250396e-04 4.358818575137266560e-01
7.956844560711916160e-04 4.498151476727244025e-01
8.222881031073025473e-04 4.641881617477140454e-01
8.497812409839368810e-04 4.790139710686928676e-01
8.781936097571961097e-04 4.943061765660626827e-01
9.075559438396131216e-04 5.100788756122335288e-01
9.379000052463793693e-04 5.263461685271295654e-01
9.692586179531593148e-04 5.431229164762293449e-01
1.001665703402655023e-03 5.604238718646455952e-01
1.035156317198330069e-03 5.782645767303316031e-01
1.069766687024985286e-03 5.966606402390219888e-01
1.105534251837205851e-03 6.156279424249381238e-01
1.142497702358069404e-03 6.351830324243246118e-01
1.180697022931930960e-03 6.553423726164971930e-01
1.220173534776542454e-03 6.761231988904758961e-01
1.260969940681316284e-03 6.975424038268565052e-01
1.303130371200056587e-03 7.196178001975342964e-01
1.346700432388157767e-03 7.423672659751038294e-01
1.391727255135877424e-03 7.658088226324967218e-01
1.438259546151070007e-03 7.899608583612364177e-01
1.486347640646530459e-03 8.148416865487788652e-01
1.536043556788919398e-03 8.404703426553044032e-01
1.587401051968200579e-03 8.668654061345612005e-01
1.640475680948428249e-03 8.940460512067713861e-01
1.695324855962815390e-03 9.220309433723261616e-01
1.752007908818060174e-03 9.508396139551222870e-01
1.810586155075142928e-03 9.804904875207484105e-01
1.871122960375984270e-03 1.011003042630137072e+00
1.933683808987751848e-03 1.042395656660361380e+00
1.998336374638913938e-03 1.074686732800799405e+00
2.065150593723721201e-03 1.107894724734568959e+00
2.134198740954243185e-03 1.142037399207368908e+00
2.205555507541849362e-03 1.177131901420921833e+00
2.279298081992675151e-03 1.213194629842881289e+00
2.355506233604463730e-03 1.250241749811425773e+00
2.434262398755145627e-03 1.288288678453181069e+00
2.515651770076436904e-03 1.327348824150329953e+00
2.599762388608985089e-03 1.367435627438198464e+00
2.686685239038679764e-03 1.408560748230131443e+00
2.776514348117217236e-03 1.450733990506224647e+00
2.869346886373309435e-03 1.493964586011916174e+00
2.965283273224645581e-03 1.538258740296701843e+00
3.064427285604211931e-03 1.583621313448056789e+00
3.166886170218578649e-03 1.630054980044133739e+00
3.272770759559481216e-03 1.677559756799219759e+00
3.382195591794276077e-03 1.726133380300925779e+00
3.495279034664920681e-03 1.775769488412580532e+00
3.612143413529477973e-03 1.826460242486133589e+00
3.732915143684721951e-03 1.878193134199506398e+00
3.857724867112893516e-03 1.930952865612275637e+00
3.986707593800617976e-03 1.984719470911516570e+00
4.120002847782761740e-03 2.039469906467412663e+00
4.257754818069308354e-03 2.095175431531139942e+00
4.400112514618404608e-03 2.151803934795649464e+00
4.547229929524409554e-03 2.209317771657548501e+00
4.699266203595197679e-03 2.267675444596691570e+00
4.856385798499019031e-03 2.326828706525027712e+00
5.018758674667020935e-03 2.386725009667397313e+00
5.186560475143959549e-03 2.447306598775990771e+00
5.359972715585955248e-03 2.508510327247373883e+00
5.539182980610755057e-03 2.570267498014542795e+00
5.724385126713026593e-03 2.632503120383224093e+00
5.915779491964028892e-03 2.695138473206522445e+00
6.113573112722652143e-03 2.758089379882598724e+00
6.317979947592099882e-03 2.821265394671252036e+00
6.529221108864616957e-03 2.884572789578216501e+00
6.747525101704480652e-03 2.947912393872934356e+00
6.973128071328140755e-03 3.011182582385850903e+00
7.206274058448705437e-03 3.074275319632371772e+00
7.447215263261310406e-03 3.137080703573166929e+00
7.696212318254701257e-03 3.199485094932939866e+00
7.953534570144332738e-03 3.261373298101631679e+00
8.219460371231864307e-03 3.322624980798285943e+00
8.494277380506187053e-03 3.383119376564990066e+00
8.778282874811823774e-03 3.442732550864060048e+00
9.071784070421121463e-03 3.501338563406056981e+00
9.375098455358292851e-03 3.558808024325509134e+00
9.688554132834568261e-03 3.615009011592553279e+00
1.001249017616620725e-02 3.669805555426090660e+00
1.034725699555901803e-02 3.723061165134903039e+00
1.069321671715643858e-02 3.774629975727588960e+00
1.105074357476093505e-02 3.824364782951547248e+00
1.142022431465263173e-02 3.872109990312984529e+00
1.180205861394306721e-02 3.917705571741277204e+00
1.219665951291643881e-02 3.960984915991068611e+00
1.260445386182631328e-02 4.001771739701811548e+00
1.302588278263077520e-02 4.039887204415872013e+00
1.346140214616583890e-02 4.075142539202719405e+00
1.391148306527291781e-02 4.107348336609715211e+00
1.437661240441416924e-02 4.136305799745135126e+00
1.485729330632660182e-02 4.161821590511174840e+00
1.535404573628500365e-02 4.183696777500610864e+00
1.586740704456205894e-02 4.201738756675196029e+00
1.639793254769450481e-02 4.215758365488302850e+00
1.694619612918364313e-02 4.225575636280416880e+00
1.751279086028037155e-02 4.231016851184054239e+00
1.809832964152614798e-02 4.231922378364098236e+00
1.870344586574363213e-02 4.228141846823131544e+00
1.932879410319460894e-02 4.219540789946674586e+00
1.997505080964588620e-02 4.206000556855587824e+00
2.064291505810955316e-02 4.187417087299003526e+00
2.133310929504865505e-02 4.163710923387882623e+00
2.204638012186681956e-02 4.134821684867922009e+00
2.278349910252664909e-02 4.100717293849098333e+00
2.354526359817107548e-02 4.061401565523191870e+00
2.433249762964985810e-02 4.016911739056359565e+00
2.514605276888498206e-02 3.967325727889076337e+00
2.598680906003840441e-02 3.912763975377129722e+00
2.685567597147924673e-02 3.853394571315262418e+00
2.775359337957988490e-02 3.789432091408202474e+00
2.868153258540498754e-02 3.721136378924372767e+00
2.964049736539381419e-02 3.648817863092841840e+00
3.063152505717161092e-02 3.572830862367565086e+00
3.165568768166540647e-02 3.493578275539062084e+00
3.271409310273729054e-02 3.411508169122857037e+00
3.380788622559029871e-02 3.327109696362840818e+00
3.493825023524253087e-02 3.240908045689486094e+00
3.610640787640997940e-02 3.153456025951297370e+00
3.731362277618164441e-02 3.065325874872280476e+00
3.856120081091872487e-02 2.977096117678935894e+00
3.985049151885547425e-02 2.889344780138580759e+00
4.118288955993056055e-02 2.802634855612432752e+00
4.255983622442782027e-02 2.717496988663788748e+00
4.398282099205792772e-02 2.634422208746851179e+00
4.545338314316834522e-02 2.553839127938433595e+00
4.697311342382341770e-02 2.476101200973492844e+00
4.854365576655684383e-02 2.401473229097404349e+00
5.016670906865677154e-02 2.330115762004028035e+00
5.184402902990837420e-02 2.262074208799062625e+00
5.357743005178047802e-02 2.197272045501455828e+00
5.536878720011212396e-02 2.135494793939967551e+00
5.722003823342062395e-02 2.076404405841882017e+00
5.913318569902666078e-02 2.019531922804350010e+00
6.111029909926251474e-02 1.964296708250106605e+00
6.315351713010779189e-02 1.910026502219567268e+00
6.526504999467336310e-02 1.855991613084873704e+00
6.744718179403717817e-02 1.801445620732927244e+00
6.970227299801623477e-02 1.745683193717922688e+00
7.203276299854979858e-02 1.688097666975653777e+00
7.444117274845411802e-02 1.628248521579036767e+00
7.693010748840443946e-02 1.565923054313102414e+00
7.950225956509210379e-02 1.501186611606230459e+00
8.216041134360790865e-02 1.434412778577576431e+00
8.490743821719984319e-02 1.366285634540780780e+00
8.774631171766281157e-02 1.297766021938038916e+00
9.068010272972255870e-02 1.230020122186995302e+00
9.371198481289348681e-02 1.164318279442248194e+00
9.684523763440215649e-02 1.101905652832987803e+00
1.000832505168899600e-01 1.043865067504728295e+00
1.034295261047340625e-01 9.909855676517907996e-01
1.068876841529496080e-01 9.436510496283397886e-01
1.104614654427753945e-01 9.017650014229439126e-01
1.141547358281756464e-01 8.647264268319951874e-01
1.179714904176376727e-01 8.314634092133115217e-01
1.219158578957853512e-01 8.005438737735212085e-01
1.259921049894874856e-01 7.703627172114277943e-01
1.302046410832891354e-01 7.393990445605921336e-01
1.345580229891604751e-01 7.065084858782069155e-01
1.390569598757198100e-01 6.711861253505566616e-01
1.437063183622670492e-01 6.337200693161245679e-01
1.485111277831346888e-01 5.951646600514255425e-01
1.534765856280515817e-01 5.571119415000259645e-01
1.586080631644066208e-01 5.213017659097228806e-01
1.639111112474894438e-01 4.891766686838504019e-01
1.693914663249987407e-01 4.614983227942538457e-01
1.750550566423093313e-01 4.381337033556589322e-01
1.809080086552135869e-01 4.180702996080938871e-01
1.869566536570689830e-01 3.996884065007421660e-01
1.932075346275276828e-01 3.812534662283256770e-01
1.996674133102498971e-01 3.615127725778313206e-01
2.063432775272630582e-01 3.401666628575113482e-01
2.132423487378718452e-01 3.179729070383024436e-01
2.203720898503036263e-01 2.963813976759104851e-01
2.277402132945338109e-01 2.768450718920497655e-01
2.353546893650253491e-01 2.601429630135626003e-01
2.432237548424092122e-01 2.460405338740923042e-01
2.513559219034258718e-01 2.334508678599678255e-01
2.597599873287743666e-01 2.210391936564619908e-01
2.684450420188219666e-01 2.079780604621269680e-01
2.774204808274743361e-01 1.943930336151857563e-01
2.866960127248350254e-01 1.811732114948401695e-01
2.962816712996577673e-01 1.692650388208437606e-01
3.061878256129444420e-01 1.589828431271483322e-01
3.164251914144354805e-01 1.498441444788200516e-01
3.270048427341168962e-01 1.410292617058427067e-01
3.379382238612947953e-01 1.320776119695935003e-01
3.492371617241852855e-01 1.232056336330169533e-01
3.609138786834163448e-01 1.149665514823621920e-01
3.729810057532814693e-01 1.076352861638860681e-01
3.854515962650386651e-01 1.009688388326276803e-01
3.983391399870480631e-01 9.454743318455306744e-02
4.116575777170102257e-01 8.825003743881991436e-02
4.254213163620995108e-01 8.229619651815064940e-02
4.396452445232932327e-01 7.686838377346828788e-02
4.543447486007690661e-01 7.186851203589345038e-02
4.695357294377799362e-01 6.710328613868279946e-02
4.852346195210218704e-01 6.255286875769473787e-02
5.014584007560848322e-01 5.831837179620314587e-02
5.182246228372336949e-01 5.440571393493622010e-02
5.355514222313770833e-01 5.072590544586309119e-02
5.534575417967635413e-01 4.724910739657349479e-02
5.719623510576314906e-01 4.400736604534188218e-02
5.910858671567322808e-01 4.099058261460419156e-02
6.108487765084068544e-01 3.815937981420858965e-02
6.312724571756275216e-01 3.550804906634572045e-02
6.523790019952193653e-01 3.303801604410640247e-02
6.741912424762606104e-01 3.073014676188119340e-02
6.967327734975364839e-01 2.857320892534648271e-02
7.200279788307419881e-01 2.656129986526878720e-02
7.441020575170596008e-01 2.468492865157894886e-02
7.689810511256225389e-01 2.293495635261673035e-02
7.946918719233755368e-01 2.130310479000368379e-02
8.212623319867858873e-01 1.978197962005677837e-02
8.487211732869031078e-01 1.836462814700340687e-02
8.770980987803161932e-01 1.704447333829254771e-02
9.064238045396205701e-01 1.581529435374251155e-02
9.367300129581793700e-01 1.467122444961075842e-02
9.680495070650749767e-01 1.360670205837968653e-02
1.000416165987385808e+00 1.261642831293905906e-02
1.033865001598128330e+00 1.169543248575644241e-02
1.068432196389532240e+00 1.083909071594019689e-02
1.104155142612600837e+00 1.004313446847014853e-02
1.141072482725305592e+00 9.303559656008802276e-03
1.179224151193147607e+00 8.616584573427626612e-03
1.218651417687333982e+00 7.978615280076564037e-03
1.259396931727273516e+00 7.386284773493558171e-03
1.301504768815691548e+00 6.836457777441170246e-03
1.345020478116276896e+00 6.326232494312401117e-03
1.389991131725407447e+00 5.852896271160912094e-03
1.436465375591293947e+00 5.413902519589172853e-03
1.484493482135585296e+00 5.006849160103125917e-03
1.534127404634392455e+00 4.629490747777941125e-03
1.585420833417506836e+00 4.279736378941744433e-03
1.638429253946665609e+00 3.955646610952766838e-03
1.693210006835640158e+00 3.655413333610979705e-03
1.749822349877109051e+00 3.377347723535936187e-03
1.808327522143368116e+00 3.119870008364178555e-03
1.868788810230267217e+00 2.881506818363541687e-03
1.931271616715998229e+00 2.660885756290528453e-03
1.995843530908793184e+00 2.456728905417459360e-03
2.062574401960084458e+00 2.267846629161592194e-03
2.131536414422164238e+00 2.093131809572117055e-03
2.202804166332139602e+00 1.931554549356888362e-03
2.276454749906602792e+00 1.782156928909534596e-03
2.352567834934338631e+00 1.644048136122255995e-03
2.431225754957225149e+00 1.516399828483862332e-03
2.512513596332623944e+00 1.398442142263090805e-03
2.596519290273538783e+00 1.289459850288081442e-03
2.683333707966161441e+00 1.188788644191527679e-03
2.773050758867611432e+00 1.095811688605531024e-03
2.865767492290306695e+00 1.009956369903807676e-03
2.961584202382770314e+00 9.306911396818264189e-04
3.060604536620467719e+00 8.575227957104113998e-04
3.162935607924048931e+00 7.899939005914532021e-04
3.268688110526199786e+00 7.276802523044913987e-04
3.377976439712552459e+00 6.701885893721715648e-04
3.490918815566087297e+00 6.171544441819680829e-04
3.607637410848952619e+00 5.682401164076686818e-04
3.728258483159945236e+00 5.231327735027885588e-04
3.852912511510727001e+00 4.815426771730875206e-04
3.981734337468417539e+00 4.432015109556253045e-04
4.114863311017320058e+00 4.078608652444472315e-04
4.252443441297450555e+00 3.752908278349592402e-04
4.394623552383071896e+00 3.452786153564449140e-04
4.541557444269631816e+00 3.176273548449345908e-04
4.693404059243289517e+00 2.921549623496169689e-04
4.850327653813030437e+00 2.686930670355034746e-04
5.012497976391239618e+00 2.470860072720454186e-04
5.180090450915090017e+00 2.271898961942886300e-04
5.353286366607249214e+00 2.088717487440074278e-04
5.532273074081278885e+00 1.920086804760217443e-04
5.717244188003695271e+00 1.764871684272553709e-04
5.908399796532135539e+00 1.622023538453607979e-04
6.105946677756002750e+00 1.490573985813747936e-04
6.310098523373801171e+00 1.369628902634183719e-04
6.521076169849157722e+00 1.258362732005999121e-04
6.739107837295406966e+00 1.156013364719117001e-04
6.964429376347387013e+00 1.061877559225299529e-04
7.197284523287298619e+00 9.753066028853810251e-05
7.437925163700752407e+00 8.957021817444794757e-05
7.686611604948010879e+00 8.225124142522082080e-05
7.943612857745410594e+00 7.552282349282963127e-05
8.209206927161357470e+00 6.933801304716358878e-05
8.483681113341843272e+00 6.365352639685364585e-05
8.767332322290526392e+00 5.842946665134405763e-05
9.060467387039910392e+00 5.362906356820435470e-05
9.363403399560734641e+00 4.921843532604389159e-05
9.676468053768756405e+00 4.516637047508224672e-05
1.000000000000001243e+01 4.144412372544260917e-05
