2.000000000000000164e-05 1.329936518759245595e-02
2.066869842267550072e-05 1.372704163374368312e-02
2.135975472437544027e-05 1.416847118700250048e-02
2.207391643902171255e-05 1.462409393488339586e-02
2.281195609427394449e-05 1.509437101857066810e-02
2.357467204719313169e-05 1.557976867026619229e-02
2.436288934784564352e-05 1.608077804439028702e-02
2.517746063178175121e-05 1.659789400539182433e-02
2.601926704235410016e-05 1.713164399517167966e-02
2.688921918387384303e-05 1.768255535393687197e-02
2.778825810663545582e-05 1.825118315050370046e-02
2.871735632487579741e-05 1.883809650044353939e-02
2.967751886876853870e-05 1.944388136845061343e-02
3.066978437159193627e-05 2.006914623021692143e-02
3.169522619324599853e-05 2.071452069022485659e-02
3.275495358133433647e-05 2.138064847537178223e-02
3.385011287106671010e-05 2.206819416463192199e-02
3.498188872528021299e-05 2.277784821442073795e-02
3.615150541592045298e-05 2.351032246322008051e-02
3.736022814836899319e-05 2.426635542993231878e-02
3.860936443004954884e-05 2.504669463473610524e-02
3.990026548479344494e-05 2.585212665103556878e-02
4.123432771449419843e-05 2.668346107611390197e-02
4.261299420963254024e-05 2.754152631979754975e-02
4.403775631030562105e-05 2.842718367246388142e-02
4.551015521944909301e-05 2.934131986430563166e-02
4.703178366999723984e-05 3.028485040173807194e-02
4.860428764778435972e-05 3.125872221191491190e-02
5.022936817205134787e-05 3.226390624129699819e-02
5.190878313548323190e-05 3.330141501246786095e-02
5.364434920576834987e-05 3.437228994826380807e-02
5.543794379073590958e-05 3.547758638517915786e-02
5.729150706919781900e-05 3.661843589592088388e-02
5.920704408969155763e-05 3.779596103638738908e-02
6.118662693939432690e-05 3.901135094818296289e-02
6.323239698555469304e-05 4.026581720940303893e-02
6.534656719186627638e-05 4.156062395146042920e-02
6.753142451228926792e-05 4.289706120173519127e-02
6.978933236490913268e-05 4.427646818067837442e-02
7.212273318850868345e-05 4.570023318800395945e-02
7.453415108461877573e-05 4.716976956901670209e-02
7.702619454790587906e-05 4.868655717570958413e-02
7.960155928784993205e-05 5.025210968585314131e-02
8.226303114476471348e-05 5.186799299958341075e-02
8.501348910331518868e-05 5.353584479512097510e-02
8.785590840679157983e-05 5.525730960675451220e-02
9.079336377550881697e-05 5.703411360508383460e-02
9.382903273281309529e-05 5.886804832995863601e-02
9.696619904229312483e-05 6.076094196748867832e-02
1.002082562599141270e-04 6.271468495034204782e-02
1.035587114049174785e-04 6.473124136691832398e-02
1.070211887534562421e-04 6.681261758146248009e-02
1.105994337590709140e-04 6.896090469773331899e-02
1.142973171042456330e-04 7.117825979696933147e-02
1.181188388874281471e-04 7.346687544133653769e-02
1.220681329500424115e-04 7.582906927200414038e-02
1.261494713481742377e-04 7.826718750661545987e-02
1.303672689737678670e-04 8.078366828399775879e-02
1.347260883303314362e-04 8.338104272314784959e-02
1.392306444683180742e-04 8.606186440042565278e-02
1.438858100855209437e-04 8.882887452699080033e-02
1.486966207979997041e-04 9.168480585462236709e-02
1.536682805872396744e-04 9.463249423824443562e-02
1.588061674294368483e-04 9.767492259584414915e-02
1.641158391129971276e-04 1.008151050849478425e-01
1.696030392505434848e-04 1.040561948200563469e-01
1.752737034919339915e-04 1.074014096561363707e-01
1.811339659450114388e-04 1.108540932152620173e-01
1.871901658110307874e-04 1.144176942508143974e-01
1.934488542419408646e-04 1.180957782091160424e-01
1.999168014269393128e-04 1.218919937246814439e-01
2.066010039159656652e-04 1.258101491767183722e-01
2.135086921880547338e-04 1.298541399946579744e-01
2.206473384727377968e-04 1.340279782760671334e-01
2.280246648329511538e-04 1.383358279977469907e-01
2.356486515181963309e-04 1.427819926888755919e-01
2.435275455969876748e-04 1.473709085108390882e-01
2.516698698779247295e-04 1.521071018450215750e-01
2.600844321290405573e-04 1.569953063231745161e-01
2.687803346053976817e-04 1.620403815854130070e-01
2.777669838952388651e-04 1.672473311559684594e-01
2.870541010953427292e-04 1.726213189227530087e-01
2.966517323265922064e-04 1.781676904842846854e-01
3.065702596011295341e-04 1.838919388041108660e-01
3.168204120528543403e-04 1.897997247219280759e-01
3.274132775434116785e-04 1.958968978796136184e-01
3.383603146562264279e-04 2.021894981922860712e-01
3.496733650915567022e-04 2.086837195543834456e-01
3.613646664759745386e-04 2.153860071693109723e-01
3.734468656001317080e-04 2.223029399588876132e-01
3.859330320991275886e-04 2.294413930163604343e-01
3.988366725902805230e-04 2.368082892303561005e-01
4.121717452835938129e-04 2.444109406527901207e-01
4.259526750807212541e-04 2.522567848921014044e-01
4.401943691787655547e-04 2.603535579960774005e-01
4.549122331957894719e-04 2.687091277767497677e-01
4.701221878354804149e-04 2.773316171427064880e-01
4.858406861089974399e-04 2.862295806165930934e-01
5.020847311326308640e-04 2.954115246226848290e-01
5.188718945205230424e-04 3.048864644489651665e-01
5.362203353923492141e-04 3.146635608541580309e-01
5.541488200165187389e-04 3.247523088199456565e-01
5.726767421101455150e-04 3.351623507173789318e-01
5.918241438177454907e-04 3.459037862435059285e-01
6.116117373913557359e-04 3.569868910740047752e-01
6.320609275955268004e-04 3.684223432439220902e-01
6.531938348614238542e-04 3.802208890874514413e-01
6.750333192150836329e-04 3.923939359479896583e-01
6.976030050057104547e-04 4.049529262973404764e-01
7.209273064607610694e-04 4.179097254562847974e-01
7.450314540954613768e-04 4.312764698737456270e-01
7.699415220053250396e-04 4.450657493265334219e-01
7.956844560711916160e-04 4.592902856010194212e-01
8.222881031073025473e-04 4.739633138113729660e-01
8.497812409839368810e-04 4.890983972897801069e-01
8.781936097571961097e-04 5.047093981898900239e-01
9.075559438396131216e-04 5.208104101588610924e-01
9.379000052463793693e-04 5.374161131444583628e-01
9.692586179531593148e-04 5.545413352143727659e-01
1.001665703402655023e-03 5.722013846486714295e-01
1.035156317198330069e-03 5.904117108986225437e-01
1.069766687024985286e-03 6.091883934424361380e-01
1.105534251837205851e-03 6.285477043657148322e-01
1.142497702358069404e-03 6.485060322530631360e-01
1.180697022931930960e-03 6.690805852905861162e-01
1.220173534776542454e-03 6.902883618940712784e-01
1.260969940681316284e-03 7.121471235693278556e-01
1.303130371200056587e-03 7.346744245415720576e-01
1.346700432388157767e-03 7.578885594201801856e-01
1.391727255135877424e-03 7.818078107705652702e-01
1.438259546151070007e-03 8.064505781265643991e-01
1.486347640646530459e-03 8.318356104105147919e-01
1.536043556788919398e-03 8.579819376058992475e-01
1.587401051968200579e-03 8.849087286151831044e-01
1.640475680948428249e-03 9.126347333983582111e-01
1.695324855962815390e-03 9.411794198241992815e-01
1.752007908818060174e-03 9.705617390848730874e-01
1.810586155075142928e-03 1.000800819994680291e+00
1.871122960375984270e-03 1.031915764583653861e+00
1.933683808987751848e-03 1.063924978421961987e+00
1.998336374638913938e-03 1.096847188605034606e+00
2.065150593723721201e-03 1.130700381951850186e+00
2.134198740954243185e-03 1.165502241150916607e+00
2.205555507541849362e-03 1.201269936202839617e+00
2.279298081992675151e-03 1.238019774531605721e+00
2.355506233604463730e-03 1.275767227969408335e+00
2.434262398755145627e-03 1.314527174289018996e+00
2.515651770076436904e-03 1.354313167465838408e+00
2.599762388608985089e-03 1.395137591253573506e+00
2.686685239038679764e-03 1.437011334598082168e+00
2.776514348117217236e-03 1.479944239237703796e+00
2.869346886373309435e-03 1.523943102031081631e+00
2.965283273224645581e-03 1.569014670422566926e+00
3.064427285604211931e-03 1.615161670250476744e+00
3.166886170218578649e-03 1.662385759217030357e+00
3.272770759559481216e-03 1.710685334240762634e+00
3.382195591794276077e-03 1.760055791686118809e+00
3.495279034664920681e-03 1.810490235012457649e+00
3.612143413529477973e-03 1.861977581357927125e+00
3.732915143684721951e-03 1.914503518520270120e+00
3.857724867112893516e-03 1.968049720900702626e+00
3.986707593800617976e-03 2.022593843443152295e+00
4.120002847782761740e-03 2.078109224390849885e+00
4.257754818069308354e-03 2.134564074579877513e+00
4.400112514618404608e-03 2.191922459822179370e+00
4.547229929524409554e-03 2.250143023623440985e+00
4.699266203595197679e-03 2.309179191685188925e+00
4.856385798499019031e-03 2.368977801431868979e+00
5.018758674667020935e-03 2.429482389421280253e+00
5.186560475143959549e-03 2.490629051239185099e+00
5.359972715585955248e-03 2.552348367647874650e+00
5.539182980610755057e-03 2.614565511038152934e+00
5.724385126713026593e-03 2.677199583572697605e+00
5.915779491964028892e-03 2.740163572641240997e+00
6.113573112722652143e-03 2.803365869767484586e+00
6.317979947592099882e-03 2.866708764787416985e+00
6.529221108864616957e-03 2.930089137117955822e+00
6.747525101704480652e-03 2.993399421330991572e+00
6.973128071328140755e-03 3.056527197517065808e+00
7.206274058448705437e-03 3.119355541507246254e+00
7.447215263261310406e-03 3.181763356067051518e+00
7.696212318254701257e-03 3.243626571297845818e+00
7.953534570144332738e-03 3.304816390255337133e+00
8.219460371231864307e-03 3.365201153792970690e+00
8.494277380506187053e-03 3.424647377687962457e+00
8.778282874811823774e-03 3.483017423786319178e+00
9.071784070421121463e-03 3.540169720212766435e+00
9.375098455358292851e-03 3.595960585811625254e+00
9.688554132834568261e-03 3.650243100784746453e+00
1.001249017616620725e-02 3.702864642469763989e+00
1.034725699555901803e-02 3.753670894451436091e+00
1.069321671715643858e-02 3.802498695007856977e+00
1.105074357476093505e-02 3.849183389006908040e+00
1.142022431465263173e-02 3.893549907926429743e+00
1.180205861394306721e-02 3.935419514970628807e+00
1.219665951291643881e-02 3.974607310599339360e+00
1.260445386182631328e-02 4.010918907172619008e+00
1.302588278263077520e-02 4.044155682875521407e+00
1.346140214616583890e-02 4.074113160745818973e+00
1.391148306527291781e-02 4.100584007759927374e+00
1.437661240441416924e-02 4.123357345814068431e+00
1.485729330632660182e-02 4.142225721256108883e+00
1.535404573628500365e-02 4.156981706699554913e+00
1.586740704456205894e-02 4.167425129818903784e+00
1.639793254769450481e-02 4.173363982250010373e+00
1.694619612918364313e-02 4.174618603247620463e+00
1.751279086028037155e-02 4.171022109676259859e+00
1.809832964152614798e-02 4.162423120564665346e+00
1.870344586574363213e-02 4.148689685368672997e+00
1.932879410319460894e-02 4.129711007728234406e+00
1.997505080964588620e-02 4.105395701606393999e+00
2.064291505810955316e-02 4.075680652092724898e+00
2.133310929504865505e-02 4.040531122332591707e+00
2.204638012186681956e-02 3.999943101520748279e+00
2.278349910252664909e-02 3.953953686678778112e+00
2.354526359817107548e-02 3.902640116160002837e+00
2.433249762964985810e-02 3.846128330873844536e+00
2.514605276888498206e-02 3.784591988057860235e+00
2.598680906003840441e-02 3.718262883112066763e+00
2.685567597147924673e-02 3.647423752350850368e+00
2.775359337957988490e-02 3.572412605059138269e+00
2.868153258540498754e-02 3.493623012997654431e+00
2.964049736539381419e-02 3.411501511082728033e+00
3.063152505717161092e-02 3.326543310204092663e+00
3.165568768166540647e-02 3.239292598714174076e+00
3.271409310273729054e-02 3.150337837368058835e+00
3.380788622559029871e-02 3.060301783013471333e+00
3.493825023524253087e-02 2.969835163216078211e+00
3.610640787640997940e-02 2.879603848853748094e+00
3.731362277618164441e-02 2.790277301398909504e+00
3.856120081091872487e-02 2.702511946469230875e+00
3.985049151885547425e-02 2.616939990603478705e+00
4.118288955993056055e-02 2.534151846495439564e+00
4.255983622442782027e-02 2.454679498398327997e+00
4.398282099205792772e-02 2.378978506414148431e+00
4.545338314316834522e-02 2.307410330446556301e+00
4.697311342382341770e-02 2.240223431298993262e+00
4.854365576655684383e-02 2.177538807743522487e+00
5.016670906865677154e-02 2.119334064171709109e+00
5.184402902990837420e-02 2.065428033803188512e+00
5.357743005178047802e-02 2.015473960723510150e+00
5.536878720011212396e-02 1.968948752098016453e+00
5.722003823342062395e-02 1.925159833360729378e+00
5.913318569902666078e-02 1.883253012378507618e+00
6.111029909926251474e-02 1.842235173017032546e+00
6.315351713010779189e-02 1.801011441304445349e+00
6.526504999467336310e-02 1.758440565917944065e+00
6.744718179403717817e-02 1.713405579410801849e+00
6.970227299801623477e-02 1.664902399317498727e+00
7.203276299854979858e-02 1.612135952157796037e+00
7.444117274845411802e-02 1.554621003113098698e+00
7.693010748840443946e-02 1.492270957340182891e+00
7.950225956509210379e-02 1.425461118175379571e+00
8.216041134360790865e-02 1.355051936134050949e+00
8.490743821719984319e-02 1.282358975575781379e+00
8.774631171766281157e-02 1.209067566142815187e+00
9.068010272972255870e-02 1.137090876329611699e+00
9.371198481289348681e-02 1.068389001732403587e+00
9.684523763440215649e-02 1.004769043605461709e+00
1.000832505168899600e-01 9.476874260565421038e-01
1.034295261047340625e-01 8.980812261973066812e-01
1.068876841529496080e-01 8.562399515468173128e-01
1.104614654427753945e-01 8.217322852392516808e-01
1.141547358281756464e-01 7.933944861816509819e-01
1.179714904176376727e-01 7.694005106825793083e-01
1.219158578957853512e-01 7.474337960484997989e-01
1.259921049894874856e-01 7.249824122464297860e-01
1.302046410832891354e-01 6.997524636786056629e-01
1.345580229891604751e-01 6.701353379407161137e-01
1.390569598757198100e-01 6.356178237158397470e-01
1.437063183622670492e-01 5.969834233210408181e-01
1.485111277831346888e-01 5.561905246982717932e-01
1.534765856280515817e-01 5.159211271886958716e-01
1.586080631644066208e-01 4.789091924170537640e-01
1.639111112474894438e-01 4.472537574405034966e-01
1.693914663249987407e-01 4.218991491439097463e-01
1.750550566423093313e-01 4.024020340804520535e-01
1.809080086552135869e-01 3.870260761442971265e-01
1.869566536570689830e-01 3.731875151137192814e-01
1.932075346275276828e-01 3.582268263452165757e-01
1.996674133102498971e-01 3.403384918613256982e-01
2.063432775272630582e-01 3.192868942345111760e-01
2.132423487378718452e-01 2.964899218149852911e-01
2.203720898503036263e-01 2.743351561579487341e-01
2.277402132945338109e-01 2.550475861432641156e-01
2.353546893650253491e-01 2.396879769488422796e-01
2.432237548424092122e-01 2.277399153913026719e-01
2.513559219034258718e-01 2.174449078039649708e-01
2.597599873287743666e-01 2.067661410297608748e-01
2.684450420188219666e-01 1.945448369372879127e-01
2.774204808274743361e-01 1.811352699113265019e-01
2.866960127248350254e-01 1.680121700132576890e-01
2.962816712996577673e-01 1.566204450207338283e-01
3.061878256129444420e-01 1.473558731106109909e-01
3.164251914144354805e-01 1.394081694039760178e-01
3.270048427341168962e-01 1.315272564536470734e-01
3.379382238612947953e-01 1.230862302001880376e-01
3.492371617241852855e-01 1.145066646132655019e-01
3.609138786834163448e-01 1.066644927008474492e-01
3.729810057532814693e-01 9.994526661142456858e-02
3.854515962650386651e-01 9.394290396633635243e-02
3.983391399870480631e-01 8.803127583930867028e-02
4.116575777170102257e-01 8.207807030819100347e-02
4.254213163620995108e-01 7.645421509601500742e-02
4.396452445232932327e-01 7.143265714232892305e-02
4.543447486007690661e-01 6.685001221802863713e-02
4.695357294377799362e-01 6.242448836438302395e-02
4.852346195210218704e-01 5.815477698584562566e-02
5.014584007560848322e-01 5.420844836283170154e-02
5.182246228372336949e-01 5.059246748487022244e-02
5.355514222313770833e-01 4.717681815956108887e-02
5.534575417967635413e-01 4.393179177532773733e-02
5.719623510576314906e-01 4.091620595721233433e-02
5.910858671567322808e-01 3.811801414256199561e-02
6.108487765084068544e-01 3.548444811904408885e-02
6.312724571756275216e-01 3.301627598958289250e-02
6.523790019952193653e-01 3.072136535563165308e-02
6.741912424762606104e-01 2.857590467822190491e-02
6.967327734975364839e-01 2.656931345660341198e-02
7.200279788307419881e-01 2.469841167803752541e-02
7.441020575170596008e-01 2.295399077511686009e-02
7.689810511256225389e-01 2.132707835941406727e-02
7.946918719233755368e-01 1.980977535636633743e-02
8.212623319867858873e-01 1.839531288179909949e-02
8.487211732869031078e-01 1.707733250224766769e-02
8.770980987803161932e-01 1.584976756433913170e-02
9.064238045396205701e-01 1.470681267281985678e-02
9.367300129581793700e-01 1.364299048624507960e-02
9.680495070650749767e-01 1.265311961280056463e-02
1.000416165987385808e+00 1.173227893412710776e-02
1.033865001598128330e+00 1.087585281071853753e-02
1.068432196389532240e+00 1.007954568536460933e-02
1.104155142612600837e+00 9.339389267623735696e-03
1.141072482725305592e+00 8.651660646860050152e-03
1.179224151193147607e+00 8.012843283322700766e-03
1.218651417687333982e+00 7.419594419214217002e-03
1.259396931727273516e+00 6.868782445316082112e-03
1.301504768815691548e+00 6.357491831719832599e-03
1.345020478116276896e+00 5.883025279649549237e-03
1.389991131725407447e+00 5.442861327189399065e-03
1.436465375591293947e+00 5.034632487640933532e-03
1.484493482135585296e+00 4.656104861391282407e-03
1.534127404634392455e+00 4.305190138538594197e-03
1.585420833417506836e+00 3.979943900852200671e-03
1.638429253946665609e+00 3.678562956344149076e-03
1.693210006835640158e+00 3.399366253288650924e-03
1.749822349877109051e+00 3.140783542583427262e-03
1.808327522143368116e+00 2.901345741764474982e-03
1.868788810230267217e+00 2.679682679112805124e-03
1.931271616715998229e+00 2.474518129888908860e-03
1.995843530908793184e+00 2.284663856577238104e-03
2.062574401960084458e+00 2.109013723932125477e-03
2.131536414422164238e+00 1.946538282509956662e-03
2.202804166332139602e+00 1.796279772647687602e-03
2.276454749906602792e+00 1.657347348914042827e-03
2.352567834934338631e+00 1.528912607668816200e-03
2.431225754957225149e+00 1.410205347628457149e-03
2.512513596332623944e+00 1.300509763159501562e-03
2.596519290273538783e+00 1.199160817368673942e-03
2.683333707966161441e+00 1.105540738375897225e-03
2.773050758867611432e+00 1.019075876162901708e-03
2.865767492290306695e+00 9.392337156411180183e-04
2.961584202382770314e+00 8.655199522505072117e-04
3.060604536620467719e+00 7.974759490307056558e-04
3.162935607924048931e+00 7.346763273551166172e-04
3.268688110526199786e+00 6.767266215105760757e-04
3.377976439712552459e+00 6.232611386099472586e-04
3.490918815566087297e+00 5.739409569173110123e-04
3.607637410848952619e+00 5.284520356160570887e-04
3.728258483159945236e+00 4.865034544561740821e-04
3.852912511510727001e+00 4.478257700025822059e-04
3.981734337468417539e+00 4.121694584122825703e-04
4.114863311017320058e+00 3.793035078794995208e-04
4.252443441297450555e+00 3.490141098760230778e-04
4.394623552383071896e+00 3.211033914575401487e-04
4.541557444269631816e+00 2.953882785037132536e-04
4.693404059243289517e+00 2.716994474488474256e-04
4.850327653813030437e+00 2.498803219958456901e-04
5.012497976391239618e+00 2.297861416106086274e-04
5.180090450915090017e+00 2.112830961593740997e-04
5.353286366607249214e+00 1.942475157995934788e-04
5.532273074081278885e+00 1.785651250656434923e-04
5.717244188003695271e+00 1.641303533745809421e-04
5.908399796532135539e+00 1.508456834824244760e-04
6.105946677756002750e+00 1.386210542077253715e-04
6.310098523373801171e+00 1.273733115838057825e-04
6.521076169849157722e+00 1.170256838310640657e-04
6.739107837295406966e+00 1.075073040336706751e-04
6.964429376347387013e+00 9.875277785810624754e-05
7.197284523287298619e+00 9.070177603585665349e-05
7.437925163700752407e+00 8.329865103751689359e-05
7.686611604948010879e+00 7.649207481206313230e-05
7.943612857745410594e+00 7.023470511577032933e-05
8.209206927161357470e+00 6.448288178175115603e-05
8.483681113341843272e+00 5.919635474449984152e-05
8.767332322290526392e+00 5.433802134866632484e-05
9.060467387039910392e+00 4.987368431589591592e-05
9.363403399560734641e+00 4.577183284519117435e-05
9.676468053768756405e+00 4.200344057242813984e-05
1.000000000000001243e+01 3.854177578778755553e-05
