2.000000000000000164e-05 1.583091839454742811e+01
2.066869842267550072e-05 1.633999689871526684e+01
2.135975472437544027e-05 1.686544564680239233e+01
2.207391643902171255e-05 1.740779066181520562e+01
2.281195609427394449e-05 1.796757707641483037e+01
2.357467204719313169e-05 1.854536116788751343e+01
2.436288934784564352e-05 1.914172777337294562e+01
2.517746063178175121e-05 1.975726707013309991e+01
2.601926704235410016e-05 2.039260243268200767e+01
2.688921918387384303e-05 2.104836489051761106e+01
2.778825810663545582e-05 2.172521425130610240e+01
2.871735632487579741e-05 2.242382923412446871e+01
2.967751886876853870e-05 2.314490253529267605e+01
3.066978437159193627e-05 2.388916522327982506e+01
3.169522619324599853e-05 2.465736102649083250e+01
3.275495358133433647e-05 2.545025604411825881e+01
3.385011287106671010e-05 2.626864339493740630e+01
3.498188872528021299e-05 2.711334523416868336e+01
3.615150541592045298e-05 2.798521080855211807e+01
3.736022814836899319e-05 2.888510348267076466e+01
3.860936443004954884e-05 2.981393351989506968e+01
3.990026548479344494e-05 3.077262689988474165e+01
4.123432771449419843e-05 3.176214616924047718e+01
4.261299420963254024e-05 3.278347656941257071e+01
4.403775631030562105e-05 3.383764543936672453e+01
4.551015521944909301e-05 3.492570527304123118e+01
4.703178366999723984e-05 3.604874508338848926e+01
4.860428764778435972e-05 3.720789027742667088e+01
5.022936817205134787e-05 3.840430053504115904e+01
5.190878313548323190e-05 3.963917835938821099e+01
5.364434920576834987e-05 4.091374940137081495e+01
5.543794379073590958e-05 4.222929347196953387e+01
5.729150706919781900e-05 4.358713116059522008e+01
5.920704408969155763e-05 4.498860914022090896e+01
6.118662693939432690e-05 4.643514289697203878e+01
6.323239698555469304e-05 4.792817805796458686e+01
6.534656719186627638e-05 4.946920160532460642e+01
6.753142451228926792e-05 5.105975015452582966e+01
6.978933236490913268e-05 5.270141853108079033e+01
7.212273318850868345e-05 5.439585996665150702e+01
7.453415108461877573e-05 5.614475399412245338e+01
7.702619454790587906e-05 5.794984305959770410e+01
7.960155928784993205e-05 5.981294572680139510e+01
8.226303114476471348e-05 6.173591498185138704e+01
8.501348910331518868e-05 6.372068474846138741e+01
8.785590840679157983e-05 6.576921057987938468e+01
9.079336377550881697e-05 6.788355321209830606e+01
9.382903273281309529e-05 7.006583543211861809e+01
9.696619904229312483e-05 7.231821484547742784e+01
1.002082562599141270e-04 7.464294758489111814e+01
1.035587114049174785e-04 7.704235005228153454e+01
1.070211887534562421e-04 7.951881677112298519e+01
1.105994337590709140e-04 8.207481253372732510e+01
1.142973171042456330e-04 8.471287992099973962e+01
1.181188388874281471e-04 8.743566061719525351e+01
1.220681329500424115e-04 9.024585816196241694e+01
1.261494713481742377e-04 9.314626551829630330e+01
1.303672689737678670e-04 9.613976303798214929e+01
1.347260883303314362e-04 9.922933928075715926e+01
1.392306444683180742e-04 1.024180611810082127e+02
1.438858100855209437e-04 1.057090823984653696e+02
1.486966207979997041e-04 1.091056953387849688e+02
1.536682805872396744e-04 1.126112360502048375e+02
1.588061674294368483e-04 1.162292106564706415e+02
1.641158391129971276e-04 1.199631810470900035e+02
1.696030392505434848e-04 1.238168625065686257e+02
1.752737034919339915e-04 1.277940401298035482e+02
1.811339659450114388e-04 1.318986628429351811e+02
1.871901658110307874e-04 1.361347893560082127e+02
1.934488542419408646e-04 1.405065650958867707e+02
1.999168014269393128e-04 1.450183257385187403e+02
2.066010039159656652e-04 1.496745032397081729e+02
2.135086921880547338e-04 1.544796954229807682e+02
2.206473384727377968e-04 1.594385720601072478e+02
2.280246648329511538e-04 1.645560059105847870e+02
2.356486515181963309e-04 1.698370310577144835e+02
2.435275455969876748e-04 1.752867753336073235e+02
2.516698698779247295e-04 1.809106235562382494e+02
2.600844321290405573e-04 1.867139313649790324e+02
2.687803346053976817e-04 1.927024816633629030e+02
2.777669838952388651e-04 1.988819478815548791e+02
2.870541010953427292e-04 2.052583986656932211e+02
2.966517323265922064e-04 2.118379698211221864e+02
3.065702596011295341e-04 2.186270058447843496e+02
3.168204120528543403e-04 2.256320213815708939e+02
3.274132775434116785e-04 2.328597176842373813e+02
3.383603146562264279e-04 2.403170462143516204e+02
3.496733650915567022e-04 2.480110076329440290e+02
3.613646664759745386e-04 2.559490306360610532e+02
3.734468656001317080e-04 2.641385253021195467e+02
3.859330320991275886e-04 2.725872487706165543e+02
3.988366725902805230e-04 2.813031407187227160e+02
4.121717452835938129e-04 2.902943239574952372e+02
4.259526750807212541e-04 2.995691822421724169e+02
4.401943691787655547e-04 3.091363117769390101e+02
4.549122331957894719e-04 3.190044438422739859e+02
4.701221878354804149e-04 3.291826858865804866e+02
4.858406861089974399e-04 3.396803576868060190e+02
5.020847311326308640e-04 3.505068700701797866e+02
5.188718945205230424e-04 3.616719474761567312e+02
5.362203353923492141e-04 3.731857100632609558e+02
5.541488200165187389e-04 3.850582097929796532e+02
5.726767421101455150e-04 3.972999350184582568e+02
5.918241438177454907e-04 4.099216393093380475e+02
6.116117373913557359e-04 4.229341587093743442e+02
6.320609275955268004e-04 4.363486664895347076e+02
6.531938348614238542e-04 4.501766635807932744e+02
6.750333192150836329e-04 4.644296101151939524e+02
6.976030050057104547e-04 4.791194830673709362e+02
7.209273064607610694e-04 4.942583530393357591e+02
7.450314540954613768e-04 5.098584442969781207e+02
7.699415220053250396e-04 5.259322838330220975e+02
7.956844560711916160e-04 5.424926730787707356e+02
8.222881031073025473e-04 5.595525805350363271e+02
8.497812409839368810e-04 5.771249976036423277e+02
8.781936097571961097e-04 5.952232210062794593e+02
9.075559438396131216e-04 6.138609737947617759e+02
9.379000052463793693e-04 6.330516365675804309e+02
9.692586179531593148e-04 6.528091409179938864e+02
1.001665703402655023e-03 6.731473899828246203e+02
1.035156317198330069e-03 6.940804656063434095e+02
1.069766687024985286e-03 7.156225862197036349e+02
1.105534251837205851e-03 7.377877693648578088e+02
1.142497702358069404e-03 7.605905621187843053e+02
1.180697022931930960e-03 7.840452903111379328e+02
1.220173534776542454e-03 8.081661886660909886e+02
1.260969940681316284e-03 8.329677797618601289e+02
1.303130371200056587e-03 8.584643007804428407e+02
1.346700432388157767e-03 8.846699367954543050e+02
1.391727255135877424e-03 9.115988383834726392e+02
1.438259546151070007e-03 9.392650575764496352e+02
1.486347640646530459e-03 9.676823712400558861e+02
1.536043556788919398e-03 9.968642950418960709e+02
1.587401051968200579e-03 1.026824114727373171e+03
1.640475680948428249e-03 1.057574932555994565e+03
1.695324855962815390e-03 1.089129155234318205e+03
1.752007908818060174e-03 1.121498996174747845e+03
1.810586155075142928e-03 1.154696141566195138e+03
1.871122960375984270e-03 1.188731796762784597e+03
1.933683808987751848e-03 1.223616472948918954e+03
1.998336374638913938e-03 1.259360014029304466e+03
2.065150593723721201e-03 1.295971785510743985e+03
2.134198740954243185e-03 1.333460141481335086e+03
2.205555507541849362e-03 1.371832752719902373e+03
2.279298081992675151e-03 1.411096629066262949e+03
2.355506233604463730e-03 1.451257344862224954e+03
2.434262398755145627e-03 1.492320017956295032e+03
2.515651770076436904e-03 1.534288301028511796e+03
2.599762388608985089e-03 1.577164954249095217e+03
2.686685239038679764e-03 1.620951261908335255e+03
2.776514348117217236e-03 1.665647852471729493e+03
2.869346886373309435e-03 1.711252622115253871e+03
2.965283273224645581e-03 1.757763403274087068e+03
3.064427285604211931e-03 1.805174873217900540e+03
3.166886170218578649e-03 1.853481398950988932e+03
3.272770759559481216e-03 1.902674458201379821e+03
3.382195591794276077e-03 1.952743735164008740e+03
3.495279034664920681e-03 2.003676168759928942e+03
3.612143413529477973e-03 2.055457468434139628e+03
3.732915143684721951e-03 2.108069868407377271e+03
3.857724867112893516e-03 2.161493294930150114e+03
3.986707593800617976e-03 2.215704678706264531e+03
4.120002847782761740e-03 2.270677956295533022e+03
4.257754818069308354e-03 2.326383955773863363e+03
4.400112514618404608e-03 2.382789574010691922e+03
4.547229929524409554e-03 2.439859594418771849e+03
4.699266203595197679e-03 2.497553710280091309e+03
4.856385798499019031e-03 2.555830033855647343e+03
5.018758674667020935e-03 2.614640210569234569e+03
5.186560475143959549e-03 2.673934679805779524e+03
5.359972715585955248e-03 2.733658253602661716e+03
5.539182980610755057e-03 2.793751516303809240e+03
5.724385126713026593e-03 2.854151056603510824e+03
5.915779491964028892e-03 2.914788403834462315e+03
6.113573112722652143e-03 2.975590770019193315e+03
6.317979947592099882e-03 3.036479919067508490e+03
6.529221108864616957e-03 3.097371845465250772e+03
6.747525101704480652e-03 3.158178332986665737e+03
6.973128071328140755e-03 3.218804364013070881e+03
7.206274058448705437e-03 3.279152314267755173e+03
7.447215263261310406e-03 3.339114656358454340e+03
7.696212318254701257e-03 3.398582840116260741e+03
7.953534570144332738e-03 3.457438111927850969e+03
8.219460371231864307e-03 3.515557319361643295e+03
8.494277380506187053e-03 3.572811603372954323e+03
8.778282874811823774e-03 3.629064405440502469e+03
9.071784070421121463e-03 3.684172786668118988e+03
9.375098455358292851e-03 3.737987996546513841e+03
9.688554132834568261e-03 3.790355944589251521e+03
1.001249017616620725e-02 3.841115318635604581e+03
1.034725699555901803e-02 3.890098654634618015e+03
1.069321671715643858e-02 3.937131965807820052e+03
1.105074357476093505e-02 3.982035370049828089e+03
1.142022431465263173e-02 4.024623906943206748e+03
1.180205861394306721e-02 4.064708150965796904e+03
1.219665951291643881e-02 4.102092382992649618e+03
1.260445386182631328e-02 4.136578739136142758e+03
1.302588278263077520e-02 4.167964634353245856e+03
1.346140214616583890e-02 4.196044322458765237e+03
1.391148306527291781e-02 4.220612330020200716e+03
1.437661240441416924e-02 4.241462598743544731e+03
1.485729330632660182e-02 4.258388633155092975e+03
1.535404573628500365e-02 4.271189278589043170e+03
1.586740704456205894e-02 4.279665528155007451e+03
1.639793254769450481e-02 4.283625385676565202e+03
1.694619612918364313e-02 4.282887502137763477e+03
1.751279086028037155e-02 4.277281741537979542e+03
1.809832964152614798e-02 4.266648499786315369e+03
1.870344586574363213e-02 4.250849598549137227e+03
1.932879410319460894e-02 4.229768204040814453e+03
1.997505080964588620e-02 4.203306840878118237e+03
2.064291505810955316e-02 4.171400600103181205e+03
2.133310929504865505e-02 4.134013182092435272e+03
2.204638012186681956e-02 4.091146220328709205e+03
2.278349910252664909e-02 4.042837127240487462e+03
2.354526359817107548e-02 3.989172501484674740e+03
2.433249762964985810e-02 3.930280383380946205e+03
2.514605276888498206e-02 3.866341042401527829e+03
2.598680906003840441e-02 3.797586600828972223e+03
2.685567597147924673e-02 3.724305213471297975e+03
2.775359337957988490e-02 3.646839327025431430e+03
2.868153258540498754e-02 3.565588854535982591e+03
2.964049736539381419e-02 3.481008673830678163e+03
3.063152505717161092e-02 3.393604835137024565e+03
3.165568768166540647e-02 3.303932665351570449e+03
3.271409310273729054e-02 3.212591607673221461e+03
3.380788622559029871e-02 3.120214420936711122e+03
3.493825023524253087e-02 3.027461590408074244e+03
3.610640787640997940e-02 2.935010181822022787e+03
3.731362277618164441e-02 2.843539080252165604e+03
3.856120081091872487e-02 2.753715612069911003e+03
3.985049151885547425e-02 2.666182113121500151e+03
4.118288955993056055e-02 2.581536850328614037e+03
4.255983622442782027e-02 2.500318962638139055e+03
4.398282099205792772e-02 2.422987018379385063e+03
4.545338314316834522e-02 2.349906508485668382e+03
4.697311342382341770e-02 2.281326175953865913e+03
4.854365576655684383e-02 2.217365291846411765e+03
5.016670906865677154e-02 2.157996563532508844e+03
5.184402902990837420e-02 2.103030483458851450e+03
5.357743005178047802e-02 2.052108917150982961e+03
5.536878720011212396e-02 2.004693675705396345e+03
5.722003823342062395e-02 1.960075729771627266e+03
5.913318569902666078e-02 1.917379009961327711e+03
6.111029909926251474e-02 1.875587671105484787e+03
6.315351713010779189e-02 1.833582899609884407e+03
6.526504999467336310e-02 1.790198608688118611e+03
6.744718179403717817e-02 1.744294586222981934e+03
6.970227299801623477e-02 1.694846194621104814e+03
7.203276299854979858e-02 1.641043795263493394e+03
7.444117274845411802e-02 1.582395346762119743e+03
7.693010748840443946e-02 1.518815306368352822e+03
7.950225956509210379e-02 1.450690596976428196e+03
8.216041134360790865e-02 1.378902880926733133e+03
8.490743821719984319e-02 1.304798977826348164e+03
8.774631171766281157e-02 1.230100447112410620e+03
9.068010272972255870e-02 1.156761178656274524e+03
9.371198481289348681e-02 1.086780923814725611e+03
9.684523763440215649e-02 1.022001766086650036e+03
1.000832505168899600e-01 9.639058423994476925e+02
1.034295261047340625e-01 9.134443111738605694e+02
1.068876841529496080e-01 8.709084106400156315e+02
1.104614654427753945e-01 8.358518088269337341e+02
1.141547358281756464e-01 8.070827711947401895e+02
1.179714904176376727e-01 7.827333924591370078e+02
1.219158578957853512e-01 7.604366440012057637e+02
1.259921049894874856e-01 7.376282256321834438e+02
1.302046410832891354e-01 7.119677011292016005e+02
1.345580229891604751e-01 6.818171383725432406e+02
1.390569598757198100e-01 6.466584039379766864e+02
1.437063183622670492e-01 6.072976693388823151e+02
1.485111277831346888e-01 5.657398430891360022e+02
1.534765856280515817e-01 5.247257599153550700e+02
1.586080631644066208e-01 4.870456788232517624e+02
1.639111112474894438e-01 4.548389500576923297e+02
1.693914663249987407e-01 4.290639833061825925e+02
1.750550566423093313e-01 4.092627124084480101e+02
1.809080086552135869e-01 3.936580905177179375e+02
1.869566536570689830e-01 3.796105981653708454e+02
1.932075346275276828e-01 3.644056184836420584e+02
1.996674133102498971e-01 3.462035019202260742e+02
2.063432775272630582e-01 3.247688981211529153e+02
2.132423487378718452e-01 3.015545193573024676e+02
2.203720898503036263e-01 2.790000275851897413e+02
2.277402132945338109e-01 2.593755059885496621e+02
2.353546893650253491e-01 2.437600568274710895e+02
2.432237548424092122e-01 2.316224339226536415e+02
2.513559219034258718e-01 2.211649855934408606e+02
2.597599873287743666e-01 2.103086851874749073e+02
2.684450420188219666e-01 1.978733988187946125e+02
2.774204808274743361e-01 1.842243048076240370e+02
2.866960127248350254e-01 1.708688683550668657e+02
2.962816712996577673e-01 1.592813367328946867e+02
3.061878256129444420e-01 1.498633264711570234e+02
3.164251914144354805e-01 1.417856606622511890e+02
3.270048427341168962e-01 1.337721130813033596e+02
3.379382238612947953e-01 1.251844041367079257e+02
3.492371617241852855e-01 1.164547556508319417e+02
3.609138786834163448e-01 1.084776220540530147e+02
3.729810057532814693e-01 1.016454673717121295e+02
3.854515962650386651e-01 9.554271555029106366e+01
3.983391399870480631e-01 8.953039271349868500e+01
4.116575777170102257e-01 8.347440449111218186e+01
4.254213163620995108e-01 7.775398519295542599e+01
4.396452445232932327e-01 7.264736352598445990e+01
4.543447486007690661e-01 6.798730932921884573e+01
4.695357294377799362e-01 6.348629426475682180e+01
4.852346195210218704e-01 5.914343111388513563e+01
5.014584007560848322e-01 5.512991132358545343e+01
5.182246228372336949e-01 5.145263157817793598e+01
5.355514222313770833e-01 4.797884445796221797e+01
5.534575417967635413e-01 4.467845486811646794e+01
5.719623510576314906e-01 4.161156442247696674e+01
5.910858671567322808e-01 3.876583318554231283e+01
6.108487765084068544e-01 3.608744076164826708e+01
6.312724571756275216e-01 3.357725845580529267e+01
6.523790019952193653e-01 3.124333969041850523e+01
6.741912424762606104e-01 2.906136956801277194e+01
6.967327734975364839e-01 2.702068239517452852e+01
7.200279788307419881e-01 2.511797709978630522e+01
7.441020575170596008e-01 2.334389406278629764e+01
7.689810511256225389e-01 2.168931944443891879e+01
7.946918719233755368e-01 2.014622454946768570e+01
8.212623319867858873e-01 1.870772276393955025e+01
8.487211732869031078e-01 1.736734488464290749e+01
8.770980987803161932e-01 1.611891968687750776e+01
9.064238045396205701e-01 1.495654311713173890e+01
9.367300129581793700e-01 1.387464485588481189e+01
9.680495070650749767e-01 1.286795554770858985e+01
1.000416165987385808e+00 1.193147055229252018e+01
1.033865001598128330e+00 1.106049584791115770e+01
1.068432196389532240e+00 1.025066266571147899e+01
1.104155142612600837e+00 9.497934584955864068e+00
1.141072482725305592e+00 8.798524835276337441e+00
1.179224151193147607e+00 8.148856937754112906e+00
1.218651417687333982e+00 7.545531855995551318e+00
1.259396931727273516e+00 6.985365252896488464e+00
1.301504768815691548e+00 6.465392230965286480e+00
1.345020478116276896e+00 5.982869281919624527e+00
1.389991131725407447e+00 5.535231720929704835e+00
1.436465375591293947e+00 5.120071616746066923e+00
1.484493482135585296e+00 4.735117167560076723e+00
1.534127404634392455e+00 4.378244665868337826e+00
1.585420833417506836e+00 4.047476689721535514e+00
1.638429253946665609e+00 3.740979329562518441e+00
1.693210006835640158e+00 3.457042890104144561e+00
1.749822349877109051e+00 3.194070416020120984e+00
1.808327522143368116e+00 2.950567970778998905e+00
1.868788810230267217e+00 2.725142213649161871e+00
1.931271616715998229e+00 2.516495289153018344e+00
1.995843530908793184e+00 2.323418683324153466e+00
2.062574401960084458e+00 2.144787366370117798e+00
2.131536414422164238e+00 1.979554349413945369e+00
2.202804166332139602e+00 1.826745687106807514e+00
2.276454749906602792e+00 1.685455502281350437e+00
2.352567834934338631e+00 1.554841368275782454e+00
2.431225754957225149e+00 1.434119898430563200e+00
2.512513596332623944e+00 1.322563003457297937e+00
2.596519290273538783e+00 1.219494279761738964e+00
2.683333707966161441e+00 1.124285532067510918e+00
2.773050758867611432e+00 1.036353469152279105e+00
2.865767492290306695e+00 9.551565972858275799e-01
2.961584202382770314e+00 8.801921938210388596e-01
3.060604536620467719e+00 8.109937829010379629e-01
3.162935607924048931e+00 7.471287305459841654e-01
3.268688110526199786e+00 6.881958900784969080e-01
3.377976439712552459e+00 6.338233928357250857e-01
3.490918815566087297e+00 5.836665835511665179e-01
3.607637410848952619e+00 5.374060711265739032e-01
3.728258483159945236e+00 4.947459635860910199e-01
3.852912511510727001e+00 4.554122221772367585e-01
3.981734337468417539e+00 4.191510976842641734e-01
4.114863311017320058e+00 3.857276812268334854e-01
4.252443441297450555e+00 3.549245524822151610e-01
4.394623552383071896e+00 3.265404833316170596e-01
4.541557444269631816e+00 3.003892880078025684e-01
4.693404059243289517e+00 2.762987652390356264e-01
4.850327653813030437e+00 2.541096743298248972e-01
5.012497976391239618e+00 2.336747897361722837e-01
5.180090450915090017e+00 2.148580249080591642e-01
5.353286366607249214e+00 1.975336114368579088e-01
5.532273074081278885e+00 1.815853384632291345e-01
5.717244188003695271e+00 1.669058471986484549e-01
5.908399796532135539e+00 1.533959692235360162e-01
6.105946677756002750e+00 1.409641188310095661e-01
6.310098523373801171e+00 1.295257336045524399e-01
6.521076169849157722e+00 1.190027372683158946e-01
6.739107837295406966e+00 1.093230552078030132e-01
6.964429376347387013e+00 1.004201797125510859e-01
7.197284523287298619e+00 9.223275716095422072e-02
7.437925163700752407e+00 8.470419772869149100e-02
7.686611604948010879e+00 7.778230417690575049e-02
7.943612857745410594e+00 7.141893225905845966e-02
8.209206927161357470e+00 6.556968187480601007e-02
8.483681113341843272e+00 6.019362070130161030e-02
8.767332322290526392e+00 5.525301614888179086e-02
9.060467387039910392e+00 5.071308905337947037e-02
9.363403399560734641e+00 4.654179281357732206e-02
9.676468053768756405e+00 4.270960897687656882e-02
1.000000000000001243e+01 3.918935449745454547e-02
