2.000000000000000164e-05 5.393099505995429155e+01
2.066869842267550072e-05 5.566526485549744052e+01
2.135975472437544027e-05 5.745530422050988761e+01
2.207391643902171255e-05 5.930290935287352028e+01
2.281195609427394449e-05 6.120990618342553091e+01
2.357467204719313169e-05 6.317823950756538665e+01
2.436288934784564352e-05 6.520985645267035125e+01
2.517746063178175121e-05 6.730680317480694441e+01
2.601926704235410016e-05 6.947117764539251539e+01
2.688921918387384303e-05 7.170516256164495417e+01
2.778825810663545582e-05 7.401095912404122146e+01
2.871735632487579741e-05 7.639090013640826271e+01
2.967751886876853870e-05 7.884737782460079814e+01
3.066978437159193627e-05 8.138283188359031328e+01
3.169522619324599853e-05 8.399981186832256697e+01
3.275495358133433647e-05 8.670094793133110045e+01
3.385011287106671010e-05 8.948891677012728962e+01
3.498188872528021299e-05 9.236653081505835416e+01
3.615150541592045298e-05 9.533667743732443967e+01
3.736022814836899319e-05 9.840232702708141233e+01
3.860936443004954884e-05 1.015665236630996162e+02
3.990026548479344494e-05 1.048324594517267059e+02
4.123432771449419843e-05 1.082033899973470739e+02
4.261299420963254024e-05 1.116827229664738468e+02
4.403775631030562105e-05 1.152738910964605168e+02
4.551015521944909301e-05 1.189805407997946247e+02
4.703178366999723984e-05 1.228063419199155248e+02
4.860428764778435972e-05 1.267551223382187686e+02
5.022936817205134787e-05 1.308308651216331668e+02
5.190878313548323190e-05 1.350376369267042946e+02
5.364434920576834987e-05 1.393796332322890805e+02
5.543794379073590958e-05 1.438612003416640448e+02
5.729150706919781900e-05 1.484868217602448226e+02
5.920704408969155763e-05 1.532611330505128251e+02
6.118662693939432690e-05 1.581889078405123712e+02
6.323239698555469304e-05 1.632750583713053913e+02
6.534656719186627638e-05 1.685247043946651786e+02
6.753142451228926792e-05 1.739430512031495653e+02
6.978933236490913268e-05 1.795355673514693251e+02
7.212273318850868345e-05 1.853077762017408077e+02
7.453415108461877573e-05 1.912655024044781271e+02
7.702619454790587906e-05 1.974146623269759289e+02
7.960155928784993205e-05 2.037614551927347861e+02
8.226303114476471348e-05 2.103121058424802072e+02
8.501348910331518868e-05 2.170732728249479635e+02
8.785590840679157983e-05 2.240516057510227483e+02
9.079336377550881697e-05 2.312541717793238831e+02
9.382903273281309529e-05 2.386881124457544274e+02
9.696619904229312483e-05 2.463608299083164468e+02
1.002082562599141270e-04 2.542799274828325338e+02
1.035587114049174785e-04 2.624534099379222312e+02
1.070211887534562421e-04 2.708893198276950898e+02
1.105994337590709140e-04 2.795961288435540268e+02
1.142973171042456330e-04 2.885824575440277044e+02
1.181188388874281471e-04 2.978573314682061550e+02
1.220681329500424115e-04 3.074298413141651167e+02
1.261494713481742377e-04 3.173096716661881942e+02
1.303672689737678670e-04 3.275065197697400095e+02
1.347260883303314362e-04 3.380305289909538260e+02
1.392306444683180742e-04 3.488921634506406804e+02
1.438858100855209437e-04 3.601021738660039091e+02
1.486966207979997041e-04 3.716717454612568758e+02
1.536682805872396744e-04 3.836123073485648547e+02
1.588061674294368483e-04 3.959356891513347705e+02
1.641158391129971276e-04 4.086540637676919800e+02
1.696030392505434848e-04 4.217799238503235983e+02
1.752737034919339915e-04 4.353263928155733424e+02
1.811339659450114388e-04 4.493066848450330326e+02
1.871901658110307874e-04 4.637346726323194730e+02
1.934488542419408646e-04 4.786245904060146472e+02
1.999168014269393128e-04 4.939908914604696406e+02
2.066010039159656652e-04 5.098489427203688251e+02
2.135086921880547338e-04 5.262140961046392249e+02
2.206473384727377968e-04 5.431023814786788080e+02
2.280246648329511538e-04 5.605304668413912168e+02
2.356486515181963309e-04 5.785151799992657971e+02
2.435275455969876748e-04 5.970741331365637734e+02
2.516698698779247295e-04 6.162254892319492683e+02
2.600844321290405573e-04 6.359875819151858423e+02
2.687803346053976817e-04 6.563798040009345414e+02
2.777669838952388651e-04 6.774217853354391536e+02
2.870541010953427292e-04 6.991337984783925776e+02
2.966517323265922064e-04 7.215368280593443160e+02
3.065702596011295341e-04 7.446522386578869828e+02
3.168204120528543403e-04 7.685023694042325815e+02
3.274132775434116785e-04 7.931096228355108906e+02
3.383603146562264279e-04 8.184977333340485757e+02
3.496733650915567022e-04 8.446907505286527567e+02
3.613646664759745386e-04 8.717132216371061304e+02
3.734468656001317080e-04 8.995908668223898985e+02
3.859330320991275886e-04 9.283493706962377701e+02
3.988366725902805230e-04 9.580162325532355680e+02
4.121717452835938129e-04 9.886182889246347258e+02
4.259526750807212541e-04 1.020184316043361378e+03
4.401943691787655547e-04 1.052743527082373703e+03
4.549122331957894719e-04 1.086325353796828040e+03
4.701221878354804149e-04 1.120960397225983570e+03
4.858406861089974399e-04 1.156680276389800156e+03
5.020847311326308640e-04 1.193516824973083885e+03
5.188718945205230424e-04 1.231503387045204818e+03
5.362203353923492141e-04 1.270673210791378779e+03
5.541488200165187389e-04 1.311061183220007024e+03
5.726767421101455150e-04 1.352702451093696027e+03
5.918241438177454907e-04 1.395633151319703529e+03
6.116117373913557359e-04 1.439890420076827240e+03
6.320609275955268004e-04 1.485511613044020805e+03
6.531938348614238542e-04 1.532535648140650437e+03
6.750333192150836329e-04 1.581001316296521964e+03
6.976030050057104547e-04 1.630949530018279575e+03
7.209273064607610694e-04 1.682420396395488751e+03
7.450314540954613768e-04 1.735456129684031339e+03
7.699415220053250396e-04 1.790098633580254955e+03
7.956844560711916160e-04 1.846391323175024354e+03
8.222881031073025473e-04 1.904377592344500044e+03
8.497812409839368810e-04 1.964102561110062425e+03
8.781936097571961097e-04 2.025610710932610345e+03
9.075559438396131216e-04 2.088947969598048530e+03
9.379000052463793693e-04 2.154160915303982165e+03
9.692586179531593148e-04 2.221295810656542926e+03
1.001665703402655023e-03 2.290400257105393393e+03
1.035156317198330069e-03 2.361521657698383024e+03
1.069766687024985286e-03 2.434707632475678110e+03
1.105534251837205851e-03 2.510007231774510274e+03
1.142497702358069404e-03 2.587468066947700663e+03
1.180697022931930960e-03 2.667139378057891463e+03
1.220173534776542454e-03 2.749068588627883400e+03
1.260969940681316284e-03 2.833304739754576985e+03
1.303130371200056587e-03 2.919896287503637268e+03
1.346700432388157767e-03 3.008890628564799499e+03
1.391727255135877424e-03 3.100334809061596388e+03
1.438259546151070007e-03 3.194275949837433018e+03
1.486347640646530459e-03 3.290761040831783248e+03
1.536043556788919398e-03 3.389834026109638216e+03
1.587401051968200579e-03 3.491540476322226368e+03
1.640475680948428249e-03 3.595923542383972745e+03
1.695324855962815390e-03 3.703025109246879310e+03
1.752007908818060174e-03 3.812886256520903771e+03
1.810586155075142928e-03 3.925545573506494293e+03
1.871122960375984270e-03 4.041041649052876892e+03
1.933683808987751848e-03 4.159408562071410415e+03
1.998336374638913938e-03 4.280681103753101524e+03
2.065150593723721201e-03 4.404890335863190558e+03
2.134198740954243185e-03 4.532065382939093979e+03
2.205555507541849362e-03 4.662231508057351675e+03
2.279298081992675151e-03 4.795412223558321784e+03
2.355506233604463730e-03 4.931626522097581983e+03
2.434262398755145627e-03 5.070892236835391486e+03
2.515651770076436904e-03 5.213222916612184235e+03
2.599762388608985089e-03 5.358625520760572726e+03
2.686685239038679764e-03 5.507104727322171129e+03
2.776514348117217236e-03 5.658662743462074104e+03
2.869346886373309435e-03 5.813292177202834864e+03
2.965283273224645581e-03 5.970983954870067464e+03
3.064427285604211931e-03 6.131722140222329472e+03
3.166886170218578649e-03 6.295483250583209156e+03
3.272770759559481216e-03 6.462239577158021348e+03
3.382195591794276077e-03 6.631955774926233971e+03
3.495279034664920681e-03 6.804585917258863446e+03
3.612143413529477973e-03 6.980081080440992082e+03
3.732915143684721951e-03 7.158377666414243322e+03
3.857724867112893516e-03 7.339408311471138404e+03
3.986707593800617976e-03 7.523094957729730595e+03
4.120002847782761740e-03 7.709345131995022712e+03
4.257754818069308354e-03 7.898064018000879514e+03
4.400112514618404608e-03 8.089135831940774551e+03
4.547229929524409554e-03 8.282443155668073814e+03
4.699266203595197679e-03 8.477847753856394775e+03
4.856385798499019031e-03 8.675207201725765117e+03
5.018758674667020935e-03 8.874360125824985516e+03
5.186560475143959549e-03 9.075132881809857281e+03
5.359972715585955248e-03 9.277343976083049711e+03
5.539182980610755057e-03 9.480790308732577614e+03
5.724385126713026593e-03 9.685256354580842526e+03
5.915779491964028892e-03 9.890509899235394187e+03
6.113573112722652143e-03 1.009630770869131629e+04
6.317979947592099882e-03 1.030238171856629742e+04
6.529221108864616957e-03 1.050844782754258085e+04
6.747525101704480652e-03 1.071421135344151844e+04
6.973128071328140755e-03 1.091935330130462535e+04
7.206274058448705437e-03 1.112353729092537469e+04
7.447215263261310406e-03 1.132640508117593890e+04
7.696212318254701257e-03 1.152758420232647768e+04
7.953534570144332738e-03 1.172667896059594386e+04
8.219460371231864307e-03 1.192327041955806635e+04
8.494277380506187053e-03 1.211692416181269073e+04
8.778282874811823774e-03 1.230717797339938988e+04
9.071784070421121463e-03 1.249355394261608490e+04
9.375098455358292851e-03 1.267554800273769069e+04
9.688554132834568261e-03 1.285263695651041598e+04
1.001249017616620725e-02 1.302428112178237097e+04
1.034725699555901803e-02 1.318991066890775983e+04
1.069321671715643858e-02 1.334894282681036020e+04
1.105074357476093505e-02 1.350077027558803275e+04
1.142022431465263173e-02 1.364476511281866624e+04
1.180205861394306721e-02 1.378028946400744098e+04
1.219665951291643881e-02 1.390668876765448476e+04
1.260445386182631328e-02 1.402329019432711902e+04
1.302588278263077520e-02 1.412940764096296880e+04
1.346140214616583890e-02 1.422435288899545230e+04
1.391148306527291781e-02 1.430743388428580147e+04
1.437661240441416924e-02 1.437794720469129061e+04
1.485729330632660182e-02 1.443520145519230391e+04
1.535404573628500365e-02 1.447851555810200807e+04
1.586740704456205894e-02 1.450721720030841607e+04
1.639793254769450481e-02 1.452066460995497982e+04
1.694619612918364313e-02 1.451823682664253829e+04
1.751279086028037155e-02 1.449935446566233804e+04
1.809832964152614798e-02 1.446349349185790197e+04
1.870344586574363213e-02 1.441017727586523142e+04
1.932879410319460894e-02 1.433900531352777216e+04
1.997505080964588620e-02 1.424965253736537488e+04
2.064291505810955316e-02 1.414189521175543632e+04
2.133310929504865505e-02 1.401560623424543883e+04
2.204638012186681956e-02 1.387079273132926755e+04
2.278349910252664909e-02 1.370758081032295559e+04
2.354526359817107548e-02 1.352624551586291091e+04
2.433249762964985810e-02 1.332722609248486697e+04
2.514605276888498206e-02 1.311111910111373982e+04
2.598680906003840441e-02 1.287870884993583059e+04
2.685567597147924673e-02 1.263095960444589400e+04
2.775359337957988490e-02 1.236902531389238538e+04
2.868153258540498754e-02 1.209424795684009041e+04
2.964049736539381419e-02 1.180815689365462640e+04
3.063152505717161092e-02 1.151245912382543611e+04
3.165568768166540647e-02 1.120902321989519987e+04
3.271409310273729054e-02 1.089986763048656940e+04
3.380788622559029871e-02 1.058712662970785641e+04
3.493825023524253087e-02 1.027302693298635859e+04
3.610640787640997940e-02 9.959852656396114980e+03
3.731362277618164441e-02 9.649896709911918151e+03
3.856120081091872487e-02 9.345411959126171496e+03
3.985049151885547425e-02 9.048570509919429242e+03
4.118288955993056055e-02 8.761396010646054492e+03
4.255983622442782027e-02 8.485711340453757657e+03
4.398282099205792772e-02 8.223076760801764976e+03
4.545338314316834522e-02 7.974728712433377950e+03
4.697311342382341770e-02 7.741523408378363456e+03
4.854365576655684383e-02 7.523870200730330907e+03
5.016670906865677154e-02 7.321690884881017155e+03
5.184402902990837420e-02 7.134362461559469921e+03
5.357743005178047802e-02 6.960688340834140035e+03
5.536878720011212396e-02 6.798874166272353250e+03
5.722003823342062395e-02 6.646543470900993270e+03
5.913318569902666078e-02 6.500759965701444344e+03
6.111029909926251474e-02 6.358118707642594927e+03
6.315351713010779189e-02 6.214861884580871447e+03
6.526504999467336310e-02 6.067075808922537362e+03
6.744718179403717817e-02 5.910927767315344681e+03
6.970227299801623477e-02 5.742972878931448577e+03
7.203276299854979858e-02 5.560483870140255931e+03
7.444117274845411802e-02 5.361792779386661095e+03
7.693010748840443946e-02 5.146600168132239560e+03
7.950225956509210379e-02 4.916185683199981213e+03
8.216041134360790865e-02 4.673492671216036797e+03
8.490743821719984319e-02 4.423023373329953756e+03
8.774631171766281157e-02 4.170548602293695694e+03
9.068010272972255870e-02 3.922619330117275695e+03
9.371198481289348681e-02 3.685954762969734929e+03
9.684523763440215649e-02 3.466745576331042685e+03
1.000832505168899600e-01 3.269984361809361417e+03
1.034295261047340625e-01 3.098883812058428703e+03
1.068876841529496080e-01 2.954439271548659235e+03
1.104614654427753945e-01 2.835169550245034770e+03
1.141547358281756464e-01 2.737085477398785315e+03
1.179714904176376727e-01 2.653925215823243434e+03
1.219158578957853512e-01 2.577746931532840790e+03
1.259921049894874856e-01 2.499942991772032656e+03
1.302046410832891354e-01 2.412652324462449087e+03
1.345580229891604751e-01 2.310367149330651046e+03
1.390569598757198100e-01 2.191329971520256095e+03
1.437063183622670492e-01 2.058224024207483581e+03
1.485111277831346888e-01 1.917759812232424792e+03
1.534765856280515817e-01 1.779123735357788519e+03
1.586080631644066208e-01 1.651682238511874857e+03
1.639111112474894438e-01 1.542628892910876630e+03
1.693914663249987407e-01 1.455197085846415575e+03
1.750550566423093313e-01 1.387864684559062880e+03
1.809080086552135869e-01 1.334676490282809709e+03
1.869566536570689830e-01 1.286775525214700110e+03
1.932075346275276828e-01 1.235047140889068487e+03
1.996674133102498971e-01 1.173307182888575426e+03
2.063432775272630582e-01 1.100750865911468054e+03
2.132423487378718452e-01 1.022237876681712578e+03
2.203720898503036263e-01 9.459497062517991708e+02
2.277402132945338109e-01 8.795094250688464399e+02
2.353546893650253491e-01 8.265501252234805634e+02
2.432237548424092122e-01 7.852990955007850289e+02
2.513559219034258718e-01 7.497267503735550918e+02
2.597599873287743666e-01 7.128518229520690284e+02
2.684450420188219666e-01 6.707048485855220861e+02
2.774204808274743361e-01 6.245012093625591660e+02
2.866960127248350254e-01 5.792949691646924748e+02
2.962816712996577673e-01 5.400369976488553903e+02
3.061878256129444420e-01 5.080819652441769563e+02
3.164251914144354805e-01 4.806509344159511556e+02
3.270048427341168962e-01 4.534586302845025330e+02
3.379382238612947953e-01 4.243569439262768128e+02
3.492371617241852855e-01 3.947911334734752131e+02
3.609138786834163448e-01 3.677627510594505793e+02
3.729810057532814693e-01 3.445924041946114471e+02
3.854515962650386651e-01 3.238869394591737318e+02
3.983391399870480631e-01 3.035002464079802280e+02
4.116575777170102257e-01 2.829787745953818785e+02
4.254213163620995108e-01 2.635935597641164350e+02
4.396452445232932327e-01 2.462794705151381152e+02
4.543447486007690661e-01 2.304760758743694282e+02
4.695357294377799362e-01 2.152171180547358915e+02
4.852346195210218704e-01 2.004980091245837457e+02
5.014584007560848322e-01 1.868927064091882642e+02
5.182246228372336949e-01 1.744246758240499275e+02
5.355514222313770833e-01 1.626479885863775792e+02
5.534575417967635413e-01 1.514606182770736496e+02
5.719623510576314906e-01 1.410638956826051924e+02
5.910858671567322808e-01 1.314162127713847781e+02
6.108487765084068544e-01 1.223364969100864670e+02
6.312724571756275216e-01 1.138271581054048625e+02
6.523790019952193653e-01 1.059149675952455567e+02
6.741912424762606104e-01 9.851807616454624394e+01
6.967327734975364839e-01 9.160017360036452772e+01
7.200279788307419881e-01 8.514998193004213078e+01
7.441020575170596008e-01 7.913579841807221271e+01
7.689810511256225389e-01 7.352675263377341253e+01
7.946918719233755368e-01 6.829563835579489250e+01
8.212623319867858873e-01 6.341910479645055432e+01
8.487211732869031078e-01 5.887521601064794652e+01
8.770980987803161932e-01 5.464304837542630366e+01
9.064238045396205701e-01 5.070258646384036894e+01
9.367300129581793700e-01 4.703494655914317946e+01
9.680495070650749767e-01 4.362226589274813904e+01
1.000416165987385808e+00 4.044758020529182119e+01
1.033865001598128330e+00 3.749497793830796866e+01
1.068432196389532240e+00 3.474964897305157763e+01
1.104155142612600837e+00 3.219790799544590953e+01
1.141072482725305592e+00 2.982691618482758855e+01
1.179224151193147607e+00 2.762454822096103157e+01
1.218651417687333982e+00 2.557928109014521922e+01
1.259396931727273516e+00 2.368031979425107281e+01
1.301504768815691548e+00 2.191761359292770095e+01
1.345020478116276896e+00 2.028186307125908172e+01
1.389991131725407447e+00 1.876437489385244461e+01
1.436465375591293947e+00 1.735698649977211616e+01
1.484493482135585296e+00 1.605199556932133831e+01
1.534127404634392455e+00 1.484220182428668089e+01
1.585420833417506836e+00 1.372090142002744173e+01
1.638429253946665609e+00 1.268187814015073478e+01
1.693210006835640158e+00 1.171933689017875047e+01
1.749822349877109051e+00 1.082786431044154973e+01
1.808327522143368116e+00 1.000239521752183869e+01
1.868788810230267217e+00 9.238205393558914125e+00
1.931271616715998229e+00 8.530894713427777276e+00
1.995843530908793184e+00 7.876366838390499225e+00
2.062574401960084458e+00 7.270808544042691501e+00
2.131536414422164238e+00 6.710670881717827996e+00
2.202804166332139602e+00 6.192651834989330695e+00
2.276454749906602792e+00 5.713680036193077960e+00
2.352567834934338631e+00 5.270899430765439320e+00
2.431225754957225149e+00 4.861654701787565536e+00
2.512513596332623944e+00 4.483478087375112331e+00
2.596519290273538783e+00 4.134076839475912202e+00
2.683333707966161441e+00 3.811321097109196199e+00
2.773050758867611432e+00 3.513233104292272646e+00
2.865767492290306695e+00 3.237976952479984849e+00
2.961584202382770314e+00 2.983848563157810219e+00
3.060604536620467719e+00 2.749266848126755924e+00
3.162935607924048931e+00 2.532765347829235569e+00
3.268688110526199786e+00 2.332984090573043900e+00
3.377976439712552459e+00 2.148662272534646700e+00
3.490918815566087297e+00 1.978631403454197857e+00
3.607637410848952619e+00 1.821808795635211364e+00
3.728258483159945236e+00 1.677191484955517620e+00
3.852912511510727001e+00 1.543850559099438469e+00
3.981734337468417539e+00 1.420925835367254697e+00
4.114863311017320058e+00 1.307620971475748517e+00
4.252443441297450555e+00 1.203198905941924579e+00
4.394623552383071896e+00 1.106977424151043055e+00
4.541557444269631816e+00 1.018325287221691688e+00
4.693404059243289517e+00 9.366586882838999761e-01
4.850327653813030437e+00 8.614378311220726170e-01
5.012497976391239618e+00 7.921636918996792787e-01
5.180090450915090017e+00 7.283749890752664324e-01
5.353286366607249214e+00 6.696453816692314875e-01
5.532273074081278885e+00 6.155809035165059617e-01
5.717244188003695271e+00 5.658175978940560569e-01
5.908399796532135539e+00 5.200192644316914414e-01
6.105946677756002750e+00 4.778754025537760852e-01
6.310098523373801171e+00 4.390993289153442003e-01
6.521076169849157722e+00 4.034263747664038613e-01
6.739107837295406966e+00 3.706122377393787359e-01
6.964429376347387013e+00 3.404314797744655285e-01
7.197284523287298619e+00 3.126761181698320402e-01
7.437925163700752407e+00 2.871543049156707883e-01
7.686611604948010879e+00 2.636890841233713312e-01
7.943612857745410594e+00 2.421172417757895268e-01
8.209206927161357470e+00 2.222882584065207778e-01
8.483681113341843272e+00 2.040633714822229494e-01
8.767332322290526392e+00 1.873146694857809880e-01
9.060467387039910392e+00 1.719242573491428228e-01
9.363403399560734641e+00 1.577835019771347824e-01
9.676468053768756405e+00 1.447923366020251457e-01
1.000000000000001243e+01 1.328586067819935157e-01
