2.000000000000000164e-05 5.301333723023838873e-01
2.066869842267550072e-05 5.301331733970274795e-01
2.135975472437544027e-05 5.301429950448693917e-01
2.207391643902171255e-05 5.301255424500154190e-01
2.281195609427394449e-05 5.301383711589654490e-01
2.357467204719313169e-05 5.301259681957875003e-01
2.436288934784564352e-05 5.301357390416151505e-01
2.517746063178175121e-05 5.301338649171468687e-01
2.601926704235410016e-05 5.301358772946489495e-01
2.688921918387384303e-05 5.301358115961003481e-01
2.778825810663545582e-05 5.301267862226147765e-01
2.871735632487579741e-05 5.301386903551016383e-01
2.967751886876853870e-05 5.301234319933314509e-01
3.066978437159193627e-05 5.301381361094599232e-01
3.169522619324599853e-05 5.301391405103167420e-01
3.275495358133433647e-05 5.301295550702099790e-01
3.385011287106671010e-05 5.301370565091333420e-01
3.498188872528021299e-05 5.301286164223978359e-01
3.615150541592045298e-05 5.301333751398416005e-01
3.736022814836899319e-05 5.301390070065994387e-01
3.860936443004954884e-05 5.301342669006110508e-01
3.990026548479344494e-05 5.301376693362126469e-01
4.123432771449419843e-05 5.301301723387360498e-01
4.261299420963254024e-05 5.301364421921214154e-01
4.403775631030562105e-05 5.301310236446398205e-01
4.551015521944909301e-05 5.301335278344827540e-01
4.703178366999723984e-05 5.301330654256761754e-01
4.860428764778435972e-05 5.301257569590618335e-01
5.022936817205134787e-05 5.301336100172627797e-01
5.190878313548323190e-05 5.301278686789208106e-01
5.364434920576834987e-05 5.301271102691098580e-01
5.543794379073590958e-05 5.301329029291674821e-01
5.729150706919781900e-05 5.301303174759551817e-01
5.920704408969155763e-05 5.301322445365921343e-01
6.118662693939432690e-05 5.301312578771870676e-01
6.323239698555469304e-05 5.301315919182818526e-01
6.534656719186627638e-05 5.301321047751254012e-01
6.753142451228926792e-05 5.301259316777865438e-01
6.978933236490913268e-05 5.301377896261615374e-01
7.212273318850868345e-05 5.301283483373793182e-01
7.453415108461877573e-05 5.301291665383999208e-01
7.702619454790587906e-05 5.301316129347055650e-01
7.960155928784993205e-05 5.301367540703741943e-01
8.226303114476471348e-05 5.301242768955984896e-01
8.501348910331518868e-05 5.301286207214352952e-01
8.785590840679157983e-05 5.301318521493904035e-01
9.079336377550881697e-05 5.301253830254927246e-01
9.382903273281309529e-05 5.301263170429588722e-01
9.696619904229312483e-05 5.301303812529235548e-01
1.002082562599141270e-04 5.301222444354198871e-01
1.035587114049174785e-04 5.301238195268141995e-01
1.070211887534562421e-04 5.301280103747904038e-01
1.105994337590709140e-04 5.301203013716890844e-01
1.142973171042456330e-04 5.301241337276850762e-01
1.181188388874281471e-04 5.301245637418670054e-01
1.220681329500424115e-04 5.301235734174151171e-01
1.261494713481742377e-04 5.301113004860932287e-01
1.303672689737678670e-04 5.301248346437158476e-01
1.347260883303314362e-04 5.301221169375001097e-01
1.392306444683180742e-04 5.301229173538474226e-01
1.438858100855209437e-04 5.301118972135004936e-01
1.486966207979997041e-04 5.301127456493492929e-01
1.536682805872396744e-04 5.301113368697900619e-01
1.588061674294368483e-04 5.301179995607373518e-01
1.641158391129971276e-04 5.301157542050857208e-01
1.696030392505434848e-04 5.301116504863838674e-01
1.752737034919339915e-04 5.301181106562096179e-01
1.811339659450114388e-04 5.301149544183491047e-01
1.871901658110307874e-04 5.301075035210368602e-01
1.934488542419408646e-04 5.301096841175148011e-01
1.999168014269393128e-04 5.301013646942998037e-01
2.066010039159656652e-04 5.300996552944202689e-01
2.135086921880547338e-04 5.301018095817587872e-01
2.206473384727377968e-04 5.300986908854828927e-01
2.280246648329511538e-04 5.300982889861336478e-01
2.356486515181963309e-04 5.300910870179131873e-01
2.435275455969876748e-04 5.300887443210299255e-01
2.516698698779247295e-04 5.300925753722984801e-01
2.600844321290405573e-04 5.300783374762310096e-01
2.687803346053976817e-04 5.300868752419590768e-01
2.777669838952388651e-04 5.300669675119393798e-01
2.870541010953427292e-04 5.300812940752516189e-01
2.966517323265922064e-04 5.300716472301625348e-01
3.065702596011295341e-04 5.300685870971135749e-01
3.168204120528543403e-04 5.300586209327693421e-01
3.274132775434116785e-04 5.300607402005914626e-01
3.383603146562264279e-04 5.300544551547248240e-01
3.496733650915567022e-04 5.300551770927960371e-01
3.613646664759745386e-04 5.300388423590175480e-01
3.734468656001317080e-04 5.300435999195948211e-01
3.859330320991275886e-04 5.300350008029591775e-01
3.988366725902805230e-04 5.300240197632716255e-01
4.121717452835938129e-04 5.300258256156573644e-01
4.259526750807212541e-04 5.300187318787927815e-01
4.401943691787655547e-04 5.300103368509332391e-01
4.549122331957894719e-04 5.300059539285438825e-01
4.701221878354804149e-04 5.300041985952679280e-01
4.858406861089974399e-04 5.299862878232329821e-01
5.020847311326308640e-04 5.299897206563654040e-01
5.188718945205230424e-04 5.299841738508390687e-01
5.362203353923492141e-04 5.299681473995937475e-01
5.541488200165187389e-04 5.299742867586982875e-01
5.726767421101455150e-04 5.299644621421503166e-01
5.918241438177454907e-04 5.299523154636462952e-01
6.116117373913557359e-04 5.299417137955586554e-01
6.320609275955268004e-04 5.299407041483870096e-01
6.531938348614238542e-04 5.299305207727833533e-01
6.750333192150836329e-04 5.299210395532210072e-01
6.976030050057104547e-04 5.299136273080191639e-01
7.209273064607610694e-04 5.299222105841963071e-01
7.450314540954613768e-04 5.299028838003149167e-01
7.699415220053250396e-04 5.298980029550065529e-01
7.956844560711916160e-04 5.298978602497459445e-01
8.222881031073025473e-04 5.298881978523629632e-01
8.497812409839368810e-04 5.298750591981948865e-01
8.781936097571961097e-04 5.298759083771147349e-01
9.075559438396131216e-04 5.298699537584278252e-01
9.379000052463793693e-04 5.298589957069469447e-01
9.692586179531593148e-04 5.298485997811898107e-01
1.001665703402655023e-03 5.298459755515403380e-01
1.035156317198330069e-03 5.298466229461022969e-01
1.069766687024985286e-03 5.298310817512817961e-01
1.105534251837205851e-03 5.298314914952945154e-01
1.142497702358069404e-03 5.298216633127272868e-01
1.180697022931930960e-03 5.298241586161094308e-01
1.220173534776542454e-03 5.298161925738787970e-01
1.260969940681316284e-03 5.298083887273022929e-01
1.303130371200056587e-03 5.298016298732138862e-01
1.346700432388157767e-03 5.297891937390851735e-01
1.391727255135877424e-03 5.297882879754330920e-01
1.438259546151070007e-03 5.297842983617772061e-01
1.486347640646530459e-03 5.297731236712173164e-01
1.536043556788919398e-03 5.297550346382685627e-01
1.587401051968200579e-03 5.297595049844701087e-01
1.640475680948428249e-03 5.297472293030561774e-01
1.695324855962815390e-03 5.297449530271531870e-01
1.752007908818060174e-03 5.297234311123043549e-01
1.810586155075142928e-03 5.297233382472040786e-01
1.871122960375984270e-03 5.297073344317406729e-01
1.933683808987751848e-03 5.297091875650253856e-01
1.998336374638913938e-03 5.296912142841279092e-01
2.065150593723721201e-03 5.296884236241619082e-01
2.134198740954243185e-03 5.296661666632671572e-01
2.205555507541849362e-03 5.296640398790689597e-01
2.279298081992675151e-03 5.296428140237389171e-01
2.355506233604463730e-03 5.296234619830273438e-01
2.434262398755145627e-03 5.296149904745456327e-01
2.515651770076436904e-03 5.295980818029156767e-01
2.599762388608985089e-03 5.295918463278567190e-01
2.686685239038679764e-03 5.295678712446770797e-01
2.776514348117217236e-03 5.295566587640261336e-01
2.869346886373309435e-03 5.295379435924698619e-01
2.965283273224645581e-03 5.295193825712785074e-01
3.064427285604211931e-03 5.294951657475343021e-01
3.166886170218578649e-03 5.294858122601271422e-01
3.272770759559481216e-03 5.294579541123806132e-01
3.382195591794276077e-03 5.294369192822846459e-01
3.495279034664920681e-03 5.294030505261088093e-01
3.612143413529477973e-03 5.293809908128306319e-01
3.732915143684721951e-03 5.293497249174001773e-01
3.857724867112893516e-03 5.293323084495922259e-01
3.986707593800617976e-03 5.292946984018929157e-01
4.120002847782761740e-03 5.292646569104323406e-01
4.257754818069308354e-03 5.292350350336660902e-01
4.400112514618404608e-03 5.292087833981103939e-01
4.547229929524409554e-03 5.291771982177299050e-01
4.699266203595197679e-03 5.291304164207755178e-01
4.856385798499019031e-03 5.291014643686164920e-01
5.018758674667020935e-03 5.290664875976490711e-01
5.186560475143959549e-03 5.290386566439078120e-01
5.359972715585955248e-03 5.289862361954714709e-01
5.539182980610755057e-03 5.289604490239139256e-01
5.724385126713026593e-03 5.289115059382921702e-01
5.915779491964028892e-03 5.288701481800561766e-01
6.113573112722652143e-03 5.288274379966450001e-01
6.317979947592099882e-03 5.287830237329194105e-01
6.529221108864616957e-03 5.287321566078460044e-01
6.747525101704480652e-03 5.286840631599039053e-01
6.973128071328140755e-03 5.286390548659207766e-01
7.206274058448705437e-03 5.285818858736139880e-01
7.447215263261310406e-03 5.285323834957009748e-01
7.696212318254701257e-03 5.284798454915105026e-01
7.953534570144332738e-03 5.284217699671456270e-01
8.219460371231864307e-03 5.283630773214917919e-01
8.494277380506187053e-03 5.283060101076700876e-01
8.778282874811823774e-03 5.282376079313217954e-01
9.071784070421121463e-03 5.281790189917867639e-01
9.375098455358292851e-03 5.281142859707463888e-01
9.688554132834568261e-03 5.280463189199195995e-01
1.001249017616620725e-02 5.279748751947318519e-01
1.034725699555901803e-02 5.279112041927361831e-01
1.069321671715643858e-02 5.278289106726300473e-01
1.105074357476093505e-02 5.277552208830770253e-01
1.142022431465263173e-02 5.276852700053575873e-01
1.180205861394306721e-02 5.275976319630628630e-01
1.219665951291643881e-02 5.275171061406953577e-01
1.260445386182631328e-02 5.274359789696002609e-01
1.302588278263077520e-02 5.273501490941069347e-01
1.346140214616583890e-02 5.272607446121037045e-01
1.391148306527291781e-02 5.271600270613677752e-01
1.437661240441416924e-02 5.270762146367014012e-01
1.485729330632660182e-02 5.269759129686643062e-01
1.535404573628500365e-02 5.268793040219582613e-01
1.586740704456205894e-02 5.267842835024999504e-01
1.639793254769450481e-02 5.266759714892143007e-01
1.694619612918364313e-02 5.265789572381378569e-01
1.751279086028037155e-02 5.264692366061549667e-01
1.809832964152614798e-02 5.263644958952057307e-01
1.870344586574363213e-02 5.262500236065877912e-01
1.932879410319460894e-02 5.261382990108205426e-01
1.997505080964588620e-02 5.260244304569431373e-01
2.064291505810955316e-02 5.259068297139188886e-01
2.133310929504865505e-02 5.257794317700085207e-01
2.204638012186681956e-02 5.256747899960027004e-01
2.278349910252664909e-02 5.255460202468479336e-01
2.354526359817107548e-02 5.254165076528584111e-01
2.433249762964985810e-02 5.252969817137090880e-01
2.514605276888498206e-02 5.251715152231528627e-01
2.598680906003840441e-02 5.250356901431080248e-01
2.685567597147924673e-02 5.249079915722960621e-01
2.775359337957988490e-02 5.247657222637787111e-01
2.868153258540498754e-02 5.246339943654121374e-01
2.964049736539381419e-02 5.245032839957569637e-01
3.063152505717161092e-02 5.243616547916010173e-01
3.165568768166540647e-02 5.242215577123054970e-01
3.271409310273729054e-02 5.240851092718303850e-01
3.380788622559029871e-02 5.239387709970544371e-01
3.493825023524253087e-02 5.238003041514593949e-01
3.610640787640997940e-02 5.236538407720785493e-01
3.731362277618164441e-02 5.235074054753582340e-01
3.856120081091872487e-02 5.233630949851826308e-01
3.985049151885547425e-02 5.232064161879896869e-01
4.118288955993056055e-02 5.230667526420873514e-01
4.255983622442782027e-02 5.229143893315570946e-01
4.398282099205792772e-02 5.227753246713985336e-01
4.545338314316834522e-02 5.226134331111320641e-01
4.697311342382341770e-02 5.224882723303817533e-01
4.854365576655684383e-02 5.223236309881882367e-01
5.016670906865677154e-02 5.221719195385111645e-01
5.184402902990837420e-02 5.220318668111487703e-01
5.357743005178047802e-02 5.218788045336711923e-01
5.536878720011212396e-02 5.217307406613225229e-01
5.722003823342062395e-02 5.215861498882784497e-01
5.913318569902666078e-02 5.214365367139055518e-01
6.111029909926251474e-02 5.212909663285524298e-01
6.315351713010779189e-02 5.211411202989624236e-01
6.526504999467336310e-02 5.209906889475991454e-01
6.744718179403717817e-02 5.208513292835431630e-01
6.970227299801623477e-02 5.207060993588555897e-01
7.203276299854979858e-02 5.205645212407986611e-01
7.444117274845411802e-02 5.204269567995687407e-01
7.693010748840443946e-02 5.202862794817044723e-01
7.950225956509210379e-02 5.201471408806649377e-01
8.216041134360790865e-02 5.200113772877749119e-01
8.490743821719984319e-02 5.198720936945484539e-01
8.774631171766281157e-02 5.197263018978390825e-01
9.068010272972255870e-02 5.196007446555297449e-01
9.371198481289348681e-02 5.194817784989601561e-01
9.684523763440215649e-02 5.193495913751532411e-01
1.000832505168899600e-01 5.192076601165599437e-01
1.034295261047340625e-01 5.190878296347245513e-01
1.068876841529496080e-01 5.189652474225637802e-01
1.104614654427753945e-01 5.188452783359103204e-01
1.141547358281756464e-01 5.187244384976202882e-01
1.179714904176376727e-01 5.186054222803617719e-01
1.219158578957853512e-01 5.184912977903995968e-01
1.259921049894874856e-01 5.183891889512327600e-01
1.302046410832891354e-01 5.182712869438944603e-01
1.345580229891604751e-01 5.181588689352869537e-01
1.390569598757198100e-01 5.180525973942093909e-01
1.437063183622670492e-01 5.179475888677023132e-01
1.485111277831346888e-01 5.178501595647313493e-01
1.534765856280515817e-01 5.177500904699995354e-01
1.586080631644066208e-01 5.176518729647664463e-01
1.639111112474894438e-01 5.175636966438093012e-01
1.693914663249987407e-01 5.174631600883440319e-01
1.750550566423093313e-01 5.173746981538022149e-01
1.809080086552135869e-01 5.172841826273768540e-01
1.869566536570689830e-01 5.172061776885610307e-01
1.932075346275276828e-01 5.171124180540276338e-01
1.996674133102498971e-01 5.170327096993230231e-01
2.063432775272630582e-01 5.169632807735002888e-01
2.132423487378718452e-01 5.168796523681095101e-01
2.203720898503036263e-01 5.168131454355130439e-01
2.277402132945338109e-01 5.167404231528265335e-01
2.353546893650253491e-01 5.166694339863698859e-01
2.432237548424092122e-01 5.166021560755541531e-01
2.513559219034258718e-01 5.165296675230940382e-01
2.597599873287743666e-01 5.164707199687770256e-01
2.684450420188219666e-01 5.164189979155968668e-01
2.774204808274743361e-01 5.163609476461805681e-01
2.866960127248350254e-01 5.162955037788063972e-01
2.962816712996577673e-01 5.162460936882699025e-01
3.061878256129444420e-01 5.161906608428759036e-01
3.164251914144354805e-01 5.161390064341474515e-01
3.270048427341168962e-01 5.160967824551337957e-01
3.379382238612947953e-01 5.160424294851443383e-01
3.492371617241852855e-01 5.160023244156108913e-01
3.609138786834163448e-01 5.159588478223128272e-01
3.729810057532814693e-01 5.159211721191474531e-01
3.854515962650386651e-01 5.158763905558650942e-01
3.983391399870480631e-01 5.158329409042279323e-01
4.116575777170102257e-01 5.158026539814135614e-01
4.254213163620995108e-01 5.157602788697753793e-01
4.396452445232932327e-01 5.157402158263958425e-01
4.543447486007690661e-01 5.156973332433620882e-01
4.695357294377799362e-01 5.156610427708336886e-01
4.852346195210218704e-01 5.156295151090160012e-01
5.014584007560848322e-01 5.156070781940660375e-01
5.182246228372336949e-01 5.155785364463317810e-01
5.355514222313770833e-01 5.155438650457118133e-01
5.534575417967635413e-01 5.155337061905963525e-01
5.719623510576314906e-01 5.155003875772272703e-01
5.910858671567322808e-01 5.154763752452794501e-01
6.108487765084068544e-01 5.154617074171746749e-01
6.312724571756275216e-01 5.154330519495318175e-01
6.523790019952193653e-01 5.154111189548072902e-01
6.741912424762606104e-01 5.153737245041239978e-01
6.967327734975364839e-01 5.153926107283719471e-01
7.200279788307419881e-01 5.153815790660023488e-01
7.441020575170596008e-01 5.153508694767298115e-01
7.689810511256225389e-01 5.153204877759880453e-01
7.946918719233755368e-01 5.153014783822985612e-01
8.212623319867858873e-01 5.152899227372869095e-01
8.487211732869031078e-01 5.152805006442987557e-01
8.770980987803161932e-01 5.152699463897262300e-01
9.064238045396205701e-01 5.152588240931766927e-01
9.367300129581793700e-01 5.152481134312653088e-01
9.680495070650749767e-01 5.152383355334674286e-01
1.000416165987385808e+00 5.152290556876039096e-01
1.033865001598128330e+00 5.152197207128229595e-01
1.068432196389532240e+00 5.152100530772757425e-01
1.104155142612600837e+00 5.152004190120347271e-01
1.141072482725305592e+00 5.151912760818777581e-01
1.179224151193147607e+00 5.151828744137143534e-01
1.218651417687333982e+00 5.151749202846331865e-01
1.259396931727273516e+00 5.151670320808244830e-01
1.301504768815691548e+00 5.151590139208379604e-01
1.345020478116276896e+00 5.151512177275046067e-01
1.389991131725407447e+00 5.151440959000391784e-01
1.436465375591293947e+00 5.151379766934516269e-01
1.484493482135585296e+00 5.151327756597079421e-01
1.534127404634392455e+00 5.151283226984946229e-01
1.585420833417506836e+00 5.151244147874465273e-01
1.638429253946665609e+00 5.151207253764878979e-01
1.693210006835640158e+00 5.151168989475584103e-01
1.749822349877109051e+00 5.151127120574298113e-01
1.808327522143368116e+00 5.151085010501366135e-01
1.868788810230267217e+00 5.151047505552963646e-01
1.931271616715998229e+00 5.151017748483497360e-01
1.995843530908793184e+00 5.150990723551694961e-01
2.062574401960084458e+00 5.150958975542234697e-01
2.131536414422164238e+00 5.150917305692792603e-01
2.202804166332139602e+00 5.150872741537690924e-01
2.276454749906602792e+00 5.150836431553478256e-01
2.352567834934338631e+00 5.150817386325889924e-01
2.431225754957225149e+00 5.150811473652674444e-01
2.512513596332623944e+00 5.150809577326969091e-01
2.596519290273538783e+00 5.150802830314941128e-01
2.683333707966161441e+00 5.150784169155686598e-01
2.773050758867611432e+00 5.150747298263900209e-01
2.865767492290306695e+00 5.150688505546217044e-01
2.961584202382770314e+00 5.150624582524570005e-01
3.060604536620467719e+00 5.150582101935303747e-01
3.162935607924048931e+00 5.150583780890014562e-01
3.268688110526199786e+00 5.150616739455499138e-01
3.377976439712552459e+00 5.150649107079050548e-01
3.490918815566087297e+00 5.150651595209341238e-01
3.607637410848952619e+00 5.150623766064198472e-01
3.728258483159945236e+00 5.150582366897829001e-01
3.852912511510727001e+00 5.150543849828435050e-01
3.981734337468417539e+00 5.150518332022215873e-01
4.114863311017320058e+00 5.150511723517756657e-01
4.252443441297450555e+00 5.150528870788402269e-01
4.394623552383071896e+00 5.150560693619812280e-01
4.541557444269631816e+00 5.150587812160701828e-01
4.693404059243289517e+00 5.150591499419857611e-01
4.850327653813030437e+00 5.150567861925977597e-01
5.012497976391239618e+00 5.150525213124795831e-01
5.180090450915090017e+00 5.150472474328793293e-01
5.353286366607249214e+00 5.150423388108250622e-01
5.532273074081278885e+00 5.150396108959452990e-01
5.717244188003695271e+00 5.150407967157990541e-01
5.908399796532135539e+00 5.150452872461286358e-01
6.105946677756002750e+00 5.150500905678285779e-01
6.310098523373801171e+00 5.150521799319527361e-01
6.521076169849157722e+00 5.150506205912156465e-01
6.739107837295406966e+00 5.150468444251029565e-01
6.964429376347387013e+00 5.150424013454741878e-01
7.197284523287298619e+00 5.150385074899394011e-01
7.437925163700752407e+00 5.150359590339529392e-01
7.686611604948010879e+00 5.150355068565740657e-01
7.943612857745410594e+00 5.150370425094875637e-01
8.209206927161357470e+00 5.150392541966428706e-01
8.483681113341843272e+00 5.150407486708138416e-01
8.767332322290526392e+00 5.150406435843876141e-01
9.060467387039910392e+00 5.150388535547918423e-01
9.363403399560734641e+00 5.150353696760566757e-01
9.676468053768756405e+00 5.150307971703760312e-01
1.000000000000001243e+01 5.150268098383161686e-01
