2.000000000000000164e-05 8.785744908622445948e-01
2.066869842267550072e-05 8.785754823912266254e-01
2.135975472437544027e-05 8.785725487498129427e-01
2.207391643902171255e-05 8.785777695626632022e-01
2.281195609427394449e-05 8.785769310758698714e-01
2.357467204719313169e-05 8.785741784691920575e-01
2.436288934784564352e-05 8.785741782289422375e-01
2.517746063178175121e-05 8.785780106009607460e-01
2.601926704235410016e-05 8.785751288256973268e-01
2.688921918387384303e-05 8.785800351300396827e-01
2.778825810663545582e-05 8.785772074093173289e-01
2.871735632487579741e-05 8.785748077404923473e-01
2.967751886876853870e-05 8.785754056206391827e-01
3.066978437159193627e-05 8.785773971932385740e-01
3.169522619324599853e-05 8.785754090698785213e-01
3.275495358133433647e-05 8.785745963336885067e-01
3.385011287106671010e-05 8.785716322093709563e-01
3.498188872528021299e-05 8.785777436100894455e-01
3.615150541592045298e-05 8.785744113194644545e-01
3.736022814836899319e-05 8.785696106021301244e-01
3.860936443004954884e-05 8.785813556415571490e-01
3.990026548479344494e-05 8.785749992458828928e-01
4.123432771449419843e-05 8.785776888260893314e-01
4.261299420963254024e-05 8.785732409591265890e-01
4.403775631030562105e-05 8.785691319225469309e-01
4.551015521944909301e-05 8.785747322020805994e-01
4.703178366999723984e-05 8.785737139753302394e-01
4.860428764778435972e-05 8.785697413430558766e-01
5.022936817205134787e-05 8.785698024103933967e-01
5.190878313548323190e-05 8.785740556455765571e-01
5.364434920576834987e-05 8.785777815921510525e-01
5.543794379073590958e-05 8.785708275468978590e-01
5.729150706919781900e-05 8.785768223939172117e-01
5.920704408969155763e-05 8.785758099867819748e-01
6.118662693939432690e-05 8.785725415257230608e-01
6.323239698555469304e-05 8.785731585691187728e-01
6.534656719186627638e-05 8.785672584746616609e-01
6.753142451228926792e-05 8.785718620932149170e-01
6.978933236490913268e-05 8.785729830949061681e-01
7.212273318850868345e-05 8.785712095203740413e-01
7.453415108461877573e-05 8.785691824708218300e-01
7.702619454790587906e-05 8.785718262449121463e-01
7.960155928784993205e-05 8.785665438798794247e-01
8.226303114476471348e-05 8.785625580848984706e-01
8.501348910331518868e-05 8.785656510601015379e-01
8.785590840679157983e-05 8.785639382933755348e-01
9.079336377550881697e-05 8.785646368497864733e-01
9.382903273281309529e-05 8.785700148566299994e-01
9.696619904229312483e-05 8.785606236046744622e-01
1.002082562599141270e-04 8.785661796768127196e-01
1.035587114049174785e-04 8.785614195563352657e-01
1.070211887534562421e-04 8.785556194983846767e-01
1.105994337590709140e-04 8.785662351982624907e-01
1.142973171042456330e-04 8.785582114753353045e-01
1.181188388874281471e-04 8.785568137533067423e-01
1.220681329500424115e-04 8.785569483983988182e-01
1.261494713481742377e-04 8.785562674461270261e-01
1.303672689737678670e-04 8.785552201508991521e-01
1.347260883303314362e-04 8.785489906286725326e-01
1.392306444683180742e-04 8.785524965884553561e-01
1.438858100855209437e-04 8.785553988348077104e-01
1.486966207979997041e-04 8.785490594426003108e-01
1.536682805872396744e-04 8.785439473514117248e-01
1.588061674294368483e-04 8.785467452578462622e-01
1.641158391129971276e-04 8.785395053844355928e-01
1.696030392505434848e-04 8.785404950091717513e-01
1.752737034919339915e-04 8.785371920948732427e-01
1.811339659450114388e-04 8.785378096884924881e-01
1.871901658110307874e-04 8.785353614001704115e-01
1.934488542419408646e-04 8.785280811159686953e-01
1.999168014269393128e-04 8.785267578256021892e-01
2.066010039159656652e-04 8.785232218328659082e-01
2.135086921880547338e-04 8.785187956034328227e-01
2.206473384727377968e-04 8.785174126718824361e-01
2.280246648329511538e-04 8.785155623968402550e-01
2.356486515181963309e-04 8.785052296019523199e-01
2.435275455969876748e-04 8.785047026610665055e-01
2.516698698779247295e-04 8.784980530806202337e-01
2.600844321290405573e-04 8.784955895519511726e-01
2.687803346053976817e-04 8.784901481506717236e-01
2.777669838952388651e-04 8.784787501726419867e-01
2.870541010953427292e-04 8.784735120772587669e-01
2.966517323265922064e-04 8.784694811888390520e-01
3.065702596011295341e-04 8.784664039245274614e-01
3.168204120528543403e-04 8.784502730251549929e-01
3.274132775434116785e-04 8.784446391154606681e-01
3.383603146562264279e-04 8.784374785808963804e-01
3.496733650915567022e-04 8.784339497832851507e-01
3.613646664759745386e-04 8.784207245758655080e-01
3.734468656001317080e-04 8.784148598945924480e-01
3.859330320991275886e-04 8.784046872365842695e-01
3.988366725902805230e-04 8.783930029514962490e-01
4.121717452835938129e-04 8.783783854051221418e-01
4.259526750807212541e-04 8.783715399122383749e-01
4.401943691787655547e-04 8.783579816856982303e-01
4.549122331957894719e-04 8.783461539974440901e-01
4.701221878354804149e-04 8.783306256895587749e-01
4.858406861089974399e-04 8.783273047242806664e-01
5.020847311326308640e-04 8.783060384859117109e-01
5.188718945205230424e-04 8.782948389772983200e-01
5.362203353923492141e-04 8.782832073689076369e-01
5.541488200165187389e-04 8.782637300261525448e-01
5.726767421101455150e-04 8.782507266344530272e-01
5.918241438177454907e-04 8.782351540246740029e-01
6.116117373913557359e-04 8.782151686251203904e-01
6.320609275955268004e-04 8.781924260057728526e-01
6.531938348614238542e-04 8.781848829804592693e-01
6.750333192150836329e-04 8.781637440582948928e-01
6.976030050057104547e-04 8.781423857582706383e-01
7.209273064607610694e-04 8.781259293509215968e-01
7.450314540954613768e-04 8.781073375302228534e-01
7.699415220053250396e-04 8.780941808983466768e-01
7.956844560711916160e-04 8.780722222615732209e-01
8.222881031073025473e-04 8.780564337467237079e-01
8.497812409839368810e-04 8.780343443144782434e-01
8.781936097571961097e-04 8.780202127137047841e-01
9.075559438396131216e-04 8.780029886524157723e-01
9.379000052463793693e-04 8.779894638814211838e-01
9.692586179531593148e-04 8.779680864879685354e-01
1.001665703402655023e-03 8.779565402999666146e-01
1.035156317198330069e-03 8.779396868088205075e-01
1.069766687024985286e-03 8.779244914217456675e-01
1.105534251837205851e-03 8.779138815777144389e-01
1.142497702358069404e-03 8.778979656219679795e-01
1.180697022931930960e-03 8.778848300809515282e-01
1.220173534776542454e-03 8.778816299892111541e-01
1.260969940681316284e-03 8.778683922209972179e-01
1.303130371200056587e-03 8.778579195118053624e-01
1.346700432388157767e-03 8.778433049612579531e-01
1.391727255135877424e-03 8.778356426226721076e-01
1.438259546151070007e-03 8.778273687015709648e-01
1.486347640646530459e-03 8.778181544352386956e-01
1.536043556788919398e-03 8.778106731360152404e-01
1.587401051968200579e-03 8.778050676113474671e-01
1.640475680948428249e-03 8.777939448912693843e-01
1.695324855962815390e-03 8.777865620025691040e-01
1.752007908818060174e-03 8.777823358941323484e-01
1.810586155075142928e-03 8.777753532229752853e-01
1.871122960375984270e-03 8.777613724000798978e-01
1.933683808987751848e-03 8.777564443272772854e-01
1.998336374638913938e-03 8.777495473776028012e-01
2.065150593723721201e-03 8.777408385964430293e-01
2.134198740954243185e-03 8.777340495094587691e-01
2.205555507541849362e-03 8.777271120347768241e-01
2.279298081992675151e-03 8.777187554682277515e-01
2.355506233604463730e-03 8.777103383615700860e-01
2.434262398755145627e-03 8.777014543131386182e-01
2.515651770076436904e-03 8.776960288398266696e-01
2.599762388608985089e-03 8.776890790857128088e-01
2.686685239038679764e-03 8.776819606887368286e-01
2.776514348117217236e-03 8.776717114721516166e-01
2.869346886373309435e-03 8.776645791307652322e-01
2.965283273224645581e-03 8.776503180089694212e-01
3.064427285604211931e-03 8.776436546863645161e-01
3.166886170218578649e-03 8.776356429362611733e-01
3.272770759559481216e-03 8.776232647105253193e-01
3.382195591794276077e-03 8.776142001094555667e-01
3.495279034664920681e-03 8.776088382862045068e-01
3.612143413529477973e-03 8.775979926642940576e-01
3.732915143684721951e-03 8.775746388984330126e-01
3.857724867112893516e-03 8.775663525605092996e-01
3.986707593800617976e-03 8.775583728719601462e-01
4.120002847782761740e-03 8.775442015819444608e-01
4.257754818069308354e-03 8.775247095309517409e-01
4.400112514618404608e-03 8.775168576279132049e-01
4.547229929524409554e-03 8.774969788392508185e-01
4.699266203595197679e-03 8.774850543404486558e-01
4.856385798499019031e-03 8.774619847616630386e-01
5.018758674667020935e-03 8.774460153863249401e-01
5.186560475143959549e-03 8.774263118985135002e-01
5.359972715585955248e-03 8.774077182158249721e-01
5.539182980610755057e-03 8.773939934696909360e-01
5.724385126713026593e-03 8.773697038957745109e-01
5.915779491964028892e-03 8.773409138422352260e-01
6.113573112722652143e-03 8.773218218009597447e-01
6.317979947592099882e-03 8.772930955543326581e-01
6.529221108864616957e-03 8.772614383583600128e-01
6.747525101704480652e-03 8.772397828629162619e-01
6.973128071328140755e-03 8.772042828147679216e-01
7.206274058448705437e-03 8.771714803871519806e-01
7.447215263261310406e-03 8.771414233554382101e-01
7.696212318254701257e-03 8.771030713163877612e-01
7.953534570144332738e-03 8.770691759565334422e-01
8.219460371231864307e-03 8.770322888354454838e-01
8.494277380506187053e-03 8.769892365838992676e-01
8.778282874811823774e-03 8.769474496991086498e-01
9.071784070421121463e-03 8.769072939977667902e-01
9.375098455358292851e-03 8.768569014270293227e-01
9.688554132834568261e-03 8.768068482475571690e-01
1.001249017616620725e-02 8.767532243782161228e-01
1.034725699555901803e-02 8.767042900183625864e-01
1.069321671715643858e-02 8.766472269513791993e-01
1.105074357476093505e-02 8.765895958600108395e-01
1.142022431465263173e-02 8.765250970982149115e-01
1.180205861394306721e-02 8.764570323828398957e-01
1.219665951291643881e-02 8.763982703463557566e-01
1.260445386182631328e-02 8.763279590266614960e-01
1.302588278263077520e-02 8.762492354240017933e-01
1.346140214616583890e-02 8.761733223082068811e-01
1.391148306527291781e-02 8.760929896019363783e-01
1.437661240441416924e-02 8.760108555803086672e-01
1.485729330632660182e-02 8.759214021229585478e-01
1.535404573628500365e-02 8.758344647975301323e-01
1.586740704456205894e-02 8.757371294447801047e-01
1.639793254769450481e-02 8.756396746490718863e-01
1.694619612918364313e-02 8.755387150986707612e-01
1.751279086028037155e-02 8.754364857117555854e-01
1.809832964152614798e-02 8.753241301869616464e-01
1.870344586574363213e-02 8.752084038723891846e-01
1.932879410319460894e-02 8.750896255951278180e-01
1.997505080964588620e-02 8.749771033405906451e-01
2.064291505810955316e-02 8.748444696603722148e-01
2.133310929504865505e-02 8.747124433348556494e-01
2.204638012186681956e-02 8.745777863555115328e-01
2.278349910252664909e-02 8.744365101400722873e-01
2.354526359817107548e-02 8.742916147178373398e-01
2.433249762964985810e-02 8.741504129822899039e-01
2.514605276888498206e-02 8.739899689516923420e-01
2.598680906003840441e-02 8.738361025705456697e-01
2.685567597147924673e-02 8.736752839309854801e-01
2.775359337957988490e-02 8.735108422547991358e-01
2.868153258540498754e-02 8.733341596350649993e-01
2.964049736539381419e-02 8.731605930643411284e-01
3.063152505717161092e-02 8.729774386737600977e-01
3.165568768166540647e-02 8.727958683446807031e-01
3.271409310273729054e-02 8.726074598516014857e-01
3.380788622559029871e-02 8.724120842071415582e-01
3.493825023524253087e-02 8.722085942859617580e-01
3.610640787640997940e-02 8.720075611375266433e-01
3.731362277618164441e-02 8.718001666141003136e-01
3.856120081091872487e-02 8.715937534480751037e-01
3.985049151885547425e-02 8.713725949897747070e-01
4.118288955993056055e-02 8.711488872843453635e-01
4.255983622442782027e-02 8.709304328924362126e-01
4.398282099205792772e-02 8.706992993811745185e-01
4.545338314316834522e-02 8.704677198992727405e-01
4.697311342382341770e-02 8.702332226426362505e-01
4.854365576655684383e-02 8.699954663895482776e-01
5.016670906865677154e-02 8.697465219436077977e-01
5.184402902990837420e-02 8.695016175848536699e-01
5.357743005178047802e-02 8.692615316459947339e-01
5.536878720011212396e-02 8.690035331800238794e-01
5.722003823342062395e-02 8.687525767026457180e-01
5.913318569902666078e-02 8.684987071500690492e-01
6.111029909926251474e-02 8.682397585290313469e-01
6.315351713010779189e-02 8.679761253706168578e-01
6.526504999467336310e-02 8.677155724578602403e-01
6.744718179403717817e-02 8.674486948877732084e-01
6.970227299801623477e-02 8.671795136870664722e-01
7.203276299854979858e-02 8.669161858115633779e-01
7.444117274845411802e-02 8.666491039584799383e-01
7.693010748840443946e-02 8.663805728523293892e-01
7.950225956509210379e-02 8.661102978050980727e-01
8.216041134360790865e-02 8.658441616189440637e-01
8.490743821719984319e-02 8.655735422946593260e-01
8.774631171766281157e-02 8.653022478478458179e-01
9.068010272972255870e-02 8.650352077517641236e-01
9.371198481289348681e-02 8.647636474012041496e-01
9.684523763440215649e-02 8.645008301936439876e-01
1.000832505168899600e-01 8.642306459166543275e-01
1.034295261047340625e-01 8.639648719265508037e-01
1.068876841529496080e-01 8.637041534631962891e-01
1.104614654427753945e-01 8.634411582791611250e-01
1.141547358281756464e-01 8.631838961869992000e-01
1.179714904176376727e-01 8.629261416304576660e-01
1.219158578957853512e-01 8.626686383939464742e-01
1.259921049894874856e-01 8.624206162807040998e-01
1.302046410832891354e-01 8.621681080943441877e-01
1.345580229891604751e-01 8.619208858811536755e-01
1.390569598757198100e-01 8.616717686577676227e-01
1.437063183622670492e-01 8.614339741381374926e-01
1.485111277831346888e-01 8.611960220604468752e-01
1.534765856280515817e-01 8.609577956447891367e-01
1.586080631644066208e-01 8.607329407850814462e-01
1.639111112474894438e-01 8.605060595519020694e-01
1.693914663249987407e-01 8.602773290832018693e-01
1.750550566423093313e-01 8.600598577668684408e-01
1.809080086552135869e-01 8.598476596273635364e-01
1.869566536570689830e-01 8.596295237297530978e-01
1.932075346275276828e-01 8.594338779862349398e-01
1.996674133102498971e-01 8.592300276153402860e-01
2.063432775272630582e-01 8.590287735921178225e-01
2.132423487378718452e-01 8.588318976865849663e-01
2.203720898503036263e-01 8.586483711753545300e-01
2.277402132945338109e-01 8.584645056529002227e-01
2.353546893650253491e-01 8.582861081677578552e-01
2.432237548424092122e-01 8.581061343690491450e-01
2.513559219034258718e-01 8.579341758590439682e-01
2.597599873287743666e-01 8.577704985404112081e-01
2.684450420188219666e-01 8.576120669107277772e-01
2.774204808274743361e-01 8.574497306279136311e-01
2.866960127248350254e-01 8.572981414244102982e-01
2.962816712996577673e-01 8.571486868309089457e-01
3.061878256129444420e-01 8.570047406204046592e-01
3.164251914144354805e-01 8.568639050681171598e-01
3.270048427341168962e-01 8.567341584327264892e-01
3.379382238612947953e-01 8.565995014574684374e-01
3.492371617241852855e-01 8.564758344456333550e-01
3.609138786834163448e-01 8.563516030156885783e-01
3.729810057532814693e-01 8.562319319855355992e-01
3.854515962650386651e-01 8.561209632637747369e-01
3.983391399870480631e-01 8.560084239977795439e-01
4.116575777170102257e-01 8.559031243998471705e-01
4.254213163620995108e-01 8.558010325379522554e-01
4.396452445232932327e-01 8.556987807770224386e-01
4.543447486007690661e-01 8.556051863270593971e-01
4.695357294377799362e-01 8.555104971314675399e-01
4.852346195210218704e-01 8.554292728244446975e-01
5.014584007560848322e-01 8.553396538717416009e-01
5.182246228372336949e-01 8.552603565402796537e-01
5.355514222313770833e-01 8.551796817722652211e-01
5.534575417967635413e-01 8.551052385004552781e-01
5.719623510576314906e-01 8.550351565728080416e-01
5.910858671567322808e-01 8.549677603460815734e-01
6.108487765084068544e-01 8.548987787906761060e-01
6.312724571756275216e-01 8.548394783952423248e-01
6.523790019952193653e-01 8.547751284940998673e-01
6.741912424762606104e-01 8.547107886272420352e-01
6.967327734975364839e-01 8.546597885570359487e-01
7.200279788307419881e-01 8.546114720836349710e-01
7.441020575170596008e-01 8.545632653987682570e-01
7.689810511256225389e-01 8.545144437261978920e-01
7.946918719233755368e-01 8.544652898835103372e-01
8.212623319867858873e-01 8.544177690864339647e-01
8.487211732869031078e-01 8.543739941514679748e-01
8.770980987803161932e-01 8.543347993205323565e-01
9.064238045396205701e-01 8.542986353992545467e-01
9.367300129581793700e-01 8.542636980786610934e-01
9.680495070650749767e-01 8.542290230654016048e-01
1.000416165987385808e+00 8.541953970834894605e-01
1.033865001598128330e+00 8.541638238541244821e-01
1.068432196389532240e+00 8.541347956107607775e-01
1.104155142612600837e+00 8.541076100290639905e-01
1.141072482725305592e+00 8.540813951213105382e-01
1.179224151193147607e+00 8.540555694612111948e-01
1.218651417687333982e+00 8.540303133948144998e-01
1.259396931727273516e+00 8.540059305911288368e-01
1.301504768815691548e+00 8.539827255790829463e-01
1.345020478116276896e+00 8.539610054238043757e-01
1.389991131725407447e+00 8.539410776244876766e-01
1.436465375591293947e+00 8.539230883194190991e-01
1.484493482135585296e+00 8.539066472244478678e-01
1.534127404634392455e+00 8.538912527296950161e-01
1.585420833417506836e+00 8.538764705843265856e-01
1.638429253946665609e+00 8.538621192898604439e-01
1.693210006835640158e+00 8.538480766191931526e-01
1.749822349877109051e+00 8.538342712509672250e-01
1.808327522143368116e+00 8.538208476302577843e-01
1.868788810230267217e+00 8.538080073573262041e-01
1.931271616715998229e+00 8.537959315929356530e-01
1.995843530908793184e+00 8.537847036061290140e-01
2.062574401960084458e+00 8.537743773964689975e-01
2.131536414422164238e+00 8.537649462388308130e-01
2.202804166332139602e+00 8.537560744773742272e-01
2.276454749906602792e+00 8.537473155882083775e-01
2.352567834934338631e+00 8.537383584218193322e-01
2.431225754957225149e+00 8.537297233363689841e-01
2.512513596332623944e+00 8.537222460131707047e-01
2.596519290273538783e+00 8.537165472025861623e-01
2.683333707966161441e+00 8.537117449710900363e-01
2.773050758867611432e+00 8.537063176321555424e-01
2.865767492290306695e+00 8.536990181660539800e-01
2.961584202382770314e+00 8.536908005697658730e-01
3.060604536620467719e+00 8.536836688272739782e-01
3.162935607924048931e+00 8.536793594273336394e-01
3.268688110526199786e+00 8.536771184202192053e-01
3.377976439712552459e+00 8.536748632385710023e-01
3.490918815566087297e+00 8.536707000184005079e-01
3.607637410848952619e+00 8.536648375501159070e-01
3.728258483159945236e+00 8.536587370735476687e-01
3.852912511510727001e+00 8.536537831412612798e-01
3.981734337468417539e+00 8.536502312515471536e-01
4.114863311017320058e+00 8.536475870790231069e-01
4.252443441297450555e+00 8.536453601157876214e-01
4.394623552383071896e+00 8.536433039083113350e-01
4.541557444269631816e+00 8.536413524948814890e-01
4.693404059243289517e+00 8.536394322182373484e-01
4.850327653813030437e+00 8.536372716125818494e-01
5.012497976391239618e+00 8.536344364320517242e-01
5.180090450915090017e+00 8.536305312738105000e-01
5.353286366607249214e+00 8.536260215861679601e-01
5.532273074081278885e+00 8.536221605851289640e-01
5.717244188003695271e+00 8.536201705630285241e-01
5.908399796532135539e+00 8.536198509712989990e-01
6.105946677756002750e+00 8.536195536169827180e-01
6.310098523373801171e+00 8.536176118987239825e-01
6.521076169849157722e+00 8.536137096148942449e-01
6.739107837295406966e+00 8.536090582193656129e-01
6.964429376347387013e+00 8.536049322670699047e-01
7.197284523287298619e+00 8.536019171650320869e-01
7.437925163700752407e+00 8.535997312560673622e-01
7.686611604948010879e+00 8.535980389957842362e-01
7.943612857745410594e+00 8.535965655513961803e-01
8.209206927161357470e+00 8.535951211080763379e-01
8.483681113341843272e+00 8.535935227884631216e-01
8.767332322290526392e+00 8.535916239012855122e-01
9.060467387039910392e+00 8.535893342005946849e-01
9.363403399560734641e+00 8.535865696112288070e-01
9.676468053768756405e+00 8.535833527342461258e-01
1.000000000000001243e+01 8.535798917858289370e-01
