2.000000000000000164e-05 5.392754993677668551e+01
2.066869842267550072e-05 5.566170631414384218e+01
2.135975472437544027e-05 5.745163057461443401e+01
2.207391643902171255e-05 5.929911838913982791e+01
2.281195609427394449e-05 6.120600574193534982e+01
2.357467204719313169e-05 6.317422292446988052e+01
2.436288934784564352e-05 6.520571126712854948e+01
2.517746063178175121e-05 6.730252992609152329e+01
2.601926704235410016e-05 6.946677624280221153e+01
2.688921918387384303e-05 7.170061230308040479e+01
2.778825810663545582e-05 7.400628015710501018e+01
2.871735632487579741e-05 7.638609414466793623e+01
2.967751886876853870e-05 7.884241379046109444e+01
3.066978437159193627e-05 8.137771615636303579e+01
3.169522619324599853e-05 8.399454292368795905e+01
3.275495358133433647e-05 8.669551271001319037e+01
3.385011287106671010e-05 8.948332548756144433e+01
3.498188872528021299e-05 9.236078112159341913e+01
3.615150541592045298e-05 9.533075858748566134e+01
3.736022814836899319e-05 9.839621626881189798e+01
3.860936443004954884e-05 1.015602389672344827e+02
3.990026548479344494e-05 1.048259868252390561e+02
4.123432771449419843e-05 1.081967362602216696e+02
4.261299420963254024e-05 1.116758624597789122e+02
4.403775631030562105e-05 1.152668706452038805e+02
4.551015521944909301e-05 1.189732956557158303e+02
4.703178366999723984e-05 1.227988917569953458e+02
4.860428764778435972e-05 1.267474735844442506e+02
5.022936817205134787e-05 1.308230119867099859e+02
5.190878313548323190e-05 1.350295769862229065e+02
5.364434920576834987e-05 1.393713496620461854e+02
5.543794379073590958e-05 1.438527040117973570e+02
5.729150706919781900e-05 1.484781087720691630e+02
5.920704408969155763e-05 1.532522232753897242e+02
6.118662693939432690e-05 1.581797673575518104e+02
6.323239698555469304e-05 1.632657038692578908e+02
6.534656719186627638e-05 1.685151208891112731e+02
6.753142451228926792e-05 1.739332588663929187e+02
6.978933236490913268e-05 1.795255341397135567e+02
7.212273318850868345e-05 1.852975508047011033e+02
7.453415108461877573e-05 1.912550945050086000e+02
7.702619454790587906e-05 1.974040299670953118e+02
7.960155928784993205e-05 2.037506113118786288e+02
8.226303114476471348e-05 2.103011022306178006e+02
8.501348910331518868e-05 2.170620649586489037e+02
8.785590840679157983e-05 2.240402969812541016e+02
9.079336377550881697e-05 2.312427092517447136e+02
9.382903273281309529e-05 2.386765066653158271e+02
9.696619904229312483e-05 2.463490700306003589e+02
1.002082562599141270e-04 2.542681445790371981e+02
1.035587114049174785e-04 2.624415935299571743e+02
1.070211887534562421e-04 2.708774989045368216e+02
1.105994337590709140e-04 2.795843144300710037e+02
1.142973171042456330e-04 2.885707322020240895e+02
1.181188388874281471e-04 2.978456696199818339e+02
1.220681329500424115e-04 3.074183823933792610e+02
1.261494713481742377e-04 3.172983580741314427e+02
1.303672689737678670e-04 3.274954932858011603e+02
1.347260883303314362e-04 3.380199077118755326e+02
1.392306444683180742e-04 3.488819606920894216e+02
1.438858100855209437e-04 3.600926214957106026e+02
1.486966207979997041e-04 3.716628144475852764e+02
1.536682805872396744e-04 3.836041210942676685e+02
1.588061674294368483e-04 3.959283792430501308e+02
1.641158391129971276e-04 4.086477904754815427e+02
1.696030392505434848e-04 4.217749515680536661e+02
1.752737034919339915e-04 4.353227058954842619e+02
1.811339659450114388e-04 4.493046957987880887e+02
1.871901658110307874e-04 4.637345300145668148e+02
1.934488542419408646e-04 4.786264370359260170e+02
1.999168014269393128e-04 4.939952485667704991e+02
2.066010039159656652e-04 5.098558672610755593e+02
2.135086921880547338e-04 5.262240526549333026e+02
2.206473384727377968e-04 5.431157580348793772e+02
2.280246648329511538e-04 5.605476970230448615e+02
2.356486515181963309e-04 5.785367633209792757e+02
2.435275455969876748e-04 5.971004907694961048e+02
2.516698698779247295e-04 6.162572990478918200e+02
2.600844321290405573e-04 6.360254989759308728e+02
2.687803346053976817e-04 6.564245303477980542e+02
2.777669838952388651e-04 6.774741156013853924e+02
2.870541010953427292e-04 6.991946163826363545e+02
2.966517323265922064e-04 7.216069785049202210e+02
3.065702596011295341e-04 7.447330187543847160e+02
3.168204120528543403e-04 7.685946657063740304e+02
3.274132775434116785e-04 7.932150793247407137e+02
3.383603146562264279e-04 8.186175196470223909e+02
3.496733650915567022e-04 8.448266583165208203e+02
3.613646664759745386e-04 8.718669325517490734e+02
3.734468656001317080e-04 8.997643123387160813e+02
3.859330320991275886e-04 9.285447935515293238e+02
3.988366725902805230e-04 9.582357783434792964e+02
4.121717452835938129e-04 9.888649341681609712e+02
4.259526750807212541e-04 1.020460936526304408e+03
4.401943691787655547e-04 1.053053033363593386e+03
4.549122331957894719e-04 1.086671590899193689e+03
4.701221878354804149e-04 1.121347245154394614e+03
4.858406861089974399e-04 1.157112035366531927e+03
5.020847311326308640e-04 1.193998455110838449e+03
5.188718945205230424e-04 1.232039737568604323e+03
5.362203353923492141e-04 1.271270437784094383e+03
5.541488200165187389e-04 1.311725661881105907e+03
5.726767421101455150e-04 1.353441021657985857e+03
5.918241438177454907e-04 1.396453599015339478e+03
6.116117373913557359e-04 1.440801440520900996e+03
6.320609275955268004e-04 1.486522797063814096e+03
6.531938348614238542e-04 1.533657202541945480e+03
6.750333192150836329e-04 1.582244767249104825e+03
6.976030050057104547e-04 1.632327295505914435e+03
7.209273064607610694e-04 1.683946146803330521e+03
7.450314540954613768e-04 1.737145145236165945e+03
7.699415220053250396e-04 1.791967169963244032e+03
7.956844560711916160e-04 1.848458306341799471e+03
8.222881031073025473e-04 1.906662445303041750e+03
8.497812409839368810e-04 1.966626480495580836e+03
8.781936097571961097e-04 2.028398570847497467e+03
9.075559438396131216e-04 2.092025293095174220e+03
9.379000052463793693e-04 2.157555564436363511e+03
9.692586179531593148e-04 2.225039816312918902e+03
1.001665703402655023e-03 2.294525893635924604e+03
1.035156317198330069e-03 2.366065323655118846e+03
1.069766687024985286e-03 2.439708710810249158e+03
1.105534251837205851e-03 2.515507320220474867e+03
1.142497702358069404e-03 2.593512887711115582e+03
1.180697022931930960e-03 2.673777347662000011e+03
1.220173534776542454e-03 2.756352263194961779e+03
1.260969940681316284e-03 2.841290675283890778e+03
1.303130371200056587e-03 2.928642415147196971e+03
1.346700432388157767e-03 3.018460611549418900e+03
1.391727255135877424e-03 3.110795190037993052e+03
1.438259546151070007e-03 3.205697163758369243e+03
1.486347640646530459e-03 3.303215747715846646e+03
1.536043556788919398e-03 3.403398521140950834e+03
1.587401051968200579e-03 3.506294324878726002e+03
1.640475680948428249e-03 3.611947707334383722e+03
1.695324855962815390e-03 3.720402526676797152e+03
1.752007908818060174e-03 3.831700088659078574e+03
1.810586155075142928e-03 3.945880775668824754e+03
1.871122960375984270e-03 4.062980212304860743e+03
1.933683808987751848e-03 4.183034400731738060e+03
1.998336374638913938e-03 4.306070907198926761e+03
2.065150593723721201e-03 4.432118913527545374e+03
2.134198740954243185e-03 4.561199614001995542e+03
2.205555507541849362e-03 4.693331548575558372e+03
2.279298081992675151e-03 4.828527776973389336e+03
2.355506233604463730e-03 4.966796452331956971e+03
2.434262398755145627e-03 5.108138995188980516e+03
2.515651770076436904e-03 5.252552126585453152e+03
2.599762388608985089e-03 5.400027073294645561e+03
2.686685239038679764e-03 5.550542766252428009e+03
2.776514348117217236e-03 5.704078440818727358e+03
2.869346886373309435e-03 5.860598824587218587e+03
2.965283273224645581e-03 6.020062793863243314e+03
3.064427285604211931e-03 6.182421825720866764e+03
3.166886170218578649e-03 6.347616183579733843e+03
3.272770759559481216e-03 6.515575854177383917e+03
3.382195591794276077e-03 6.686220681645459081e+03
3.495279034664920681e-03 6.859460092299210373e+03
3.612143413529477973e-03 7.035191378540286678e+03
3.732915143684721951e-03 7.213298687300987694e+03
3.857724867112893516e-03 7.393655360599112100e+03
3.986707593800617976e-03 7.576121847716669436e+03
4.120002847782761740e-03 7.760540880401373215e+03
4.257754818069308354e-03 7.946750027027265787e+03
4.400112514618404608e-03 8.134566181635900648e+03
4.547229929524409554e-03 8.323799686863814713e+03
4.699266203595197679e-03 8.514242795105032201e+03
4.856385798499019031e-03 8.705682089412162895e+03
5.018758674667020935e-03 8.897886040860843423e+03
5.186560475143959549e-03 9.090612047379565411e+03
5.359972715585955248e-03 9.283611690014649866e+03
5.539182980610755057e-03 9.476618596343152603e+03
5.724385126713026593e-03 9.669355188148556408e+03
5.915779491964028892e-03 9.861527823074520711e+03
6.113573112722652143e-03 1.005283630024918057e+04
6.317979947592099882e-03 1.024295587534784136e+04
6.529221108864616957e-03 1.043155870144605069e+04
6.747525101704480652e-03 1.061829876927471196e+04
6.973128071328140755e-03 1.080282404891114675e+04
7.206274058448705437e-03 1.098476161456591763e+04
7.447215263261310406e-03 1.116374297805422975e+04
7.696212318254701257e-03 1.133937518023984921e+04
7.953534570144332738e-03 1.151125276379269781e+04
8.219460371231864307e-03 1.167895384252500116e+04
8.494277380506187053e-03 1.184204577516924110e+04
8.778282874811823774e-03 1.200007232295997346e+04
9.071784070421121463e-03 1.215257087768250858e+04
9.375098455358292851e-03 1.229906276630640787e+04
9.688554132834568261e-03 1.243905969142617869e+04
1.001249017616620725e-02 1.257206203984174135e+04
1.034725699555901803e-02 1.269755510899361434e+04
1.069321671715643858e-02 1.281501058721774098e+04
1.105074357476093505e-02 1.292388693218121625e+04
1.142022431465263173e-02 1.302362863477876454e+04
1.180205861394306721e-02 1.311368782121033109e+04
1.219665951291643881e-02 1.319351319628263263e+04
1.260445386182631328e-02 1.326253894195040266e+04
1.302588278263077520e-02 1.332020487229132050e+04
1.346140214616583890e-02 1.336594663278301414e+04
1.391148306527291781e-02 1.339920823266710067e+04
1.437661240441416924e-02 1.341946444573777444e+04
1.485729330632660182e-02 1.342618162637865134e+04
1.535404573628500365e-02 1.341885694508892266e+04
1.586740704456205894e-02 1.339700931491270603e+04
1.639793254769450481e-02 1.336019746764953197e+04
1.694619612918364313e-02 1.330801659484215816e+04
1.751279086028037155e-02 1.324010816321907987e+04
1.809832964152614798e-02 1.315617485125082567e+04
1.870344586574363213e-02 1.305597879971245675e+04
1.932879410319460894e-02 1.293936375953572497e+04
1.997505080964588620e-02 1.280625992215113729e+04
2.064291505810955316e-02 1.265668042170823719e+04
2.133310929504865505e-02 1.249076509610222820e+04
2.204638012186681956e-02 1.230875445286196373e+04
2.278349910252664909e-02 1.211102423064103823e+04
2.354526359817107548e-02 1.189808485187072620e+04
2.433249762964985810e-02 1.167059612233178632e+04
2.514605276888498206e-02 1.142936503274458300e+04
2.598680906003840441e-02 1.117535837139350588e+04
2.685567597147924673e-02 1.090970444598290851e+04
2.775359337957988490e-02 1.063369037631831088e+04
2.868153258540498754e-02 1.034876130066706537e+04
2.964049736539381419e-02 1.005650750946495100e+04
3.063152505717161092e-02 9.758656515695129201e+03
3.165568768166540647e-02 9.457054353998537408e+03
3.271409310273729054e-02 9.153651948911758154e+03
3.380788622559029871e-02 8.850456277541094096e+03
3.493825023524253087e-02 8.549533203047261850e+03
3.610640787640997940e-02 8.252938121320403297e+03
3.731362277618164441e-02 7.962694957910028279e+03
3.856120081091872487e-02 7.680747735913827455e+03
3.985049151885547425e-02 7.408915204394772445e+03
4.118288955993056055e-02 7.148838725648583022e+03
4.255983622442782027e-02 6.901935591997907977e+03
4.398282099205792772e-02 6.669348916862421902e+03
4.545338314316834522e-02 6.451897172273523211e+03
4.697311342382341770e-02 6.250027038443065976e+03
4.854365576655684383e-02 6.063765205163197606e+03
5.016670906865677154e-02 5.892684663293885933e+03
5.184402902990837420e-02 5.735863522391163315e+03
5.357743005178047802e-02 5.591866231880620035e+03
5.536878720011212396e-02 5.458728963297814516e+03
5.722003823342062395e-02 5.333983898914359997e+03
5.913318569902666078e-02 5.214698615512749711e+03
6.111029909926251474e-02 5.097558773375497367e+03
6.315351713010779189e-02 4.979006886370201755e+03
6.526504999467336310e-02 4.855425257094818335e+03
6.744718179403717817e-02 4.723379158976407780e+03
6.970227299801623477e-02 4.579900035174408004e+03
7.203276299854979858e-02 4.422793045103251643e+03
7.444117274845411802e-02 4.250946914492372343e+03
7.693010748840443946e-02 4.064580134335417824e+03
7.950225956509210379e-02 3.865393574662360152e+03
8.216041134360790865e-02 3.656578042158602784e+03
8.490743821719984319e-02 3.442656311928060859e+03
8.774631171766281157e-02 3.229132362123655184e+03
9.068010272972255870e-02 3.021998885881762817e+03
9.371198481289348681e-02 2.827142510221197881e+03
9.684523763440215649e-02 2.649735281326005861e+03
1.000832505168899600e-01 2.493659531846183654e+03
1.034295261047340625e-01 2.361066510231624761e+03
1.068876841529496080e-01 2.252062746657030402e+03
1.104614654427753945e-01 2.164564374302630767e+03
1.141547358281756464e-01 2.094341164782580563e+03
1.179714904176376727e-01 2.035293821467570979e+03
1.219158578957853512e-01 1.980065289409184061e+03
1.259921049894874856e-01 1.921027287945629496e+03
1.302046410832891354e-01 1.851608951519048333e+03
1.345580229891604751e-01 1.767732158663144901e+03
1.390569598757198100e-01 1.668935151120646879e+03
1.437063183622670492e-01 1.558735099930035631e+03
1.485111277831346888e-01 1.443931487222892656e+03
1.534765856280515817e-01 1.332946917266483297e+03
1.586080631644066208e-01 1.233695675792943121e+03
1.639111112474894438e-01 1.151609625642630590e+03
1.693914663249987407e-01 1.088347821680819379e+03
1.750550566423093313e-01 1.041407892342917876e+03
1.809080086552135869e-01 1.004701520208830175e+03
1.869566536570689830e-01 9.701416754780912015e+02
1.932075346275276828e-01 9.301369763920655487e+02
1.996674133102498971e-01 8.803559763749891545e+02
2.063432775272630582e-01 8.215030801525957713e+02
2.132423487378718452e-01 7.589301587014339248e+02
2.203720898503036263e-01 7.000359174200530106e+02
2.277402132945338109e-01 6.507827885178835459e+02
2.353546893650253491e-01 6.131021648546536653e+02
2.432237548424092122e-01 5.842842142019479752e+02
2.513559219034258718e-01 5.585366844217162452e+02
2.597599873287743666e-01 5.301575259393605393e+02
2.684450420188219666e-01 4.967977221578358353e+02
2.774204808274743361e-01 4.606384798600066688e+02
2.866960127248350254e-01 4.264312596203629937e+02
2.962816712996577673e-01 3.978788457999942807e+02
3.061878256129444420e-01 3.751457894854090114e+02
3.164251914144354805e-01 3.551903607918047214e+02
3.270048427341168962e-01 3.345088276601255757e+02
3.379382238612947953e-01 3.120533131790134576e+02
3.492371617241852855e-01 2.896984517863779161e+02
3.609138786834163448e-01 2.699086056349738669e+02
3.729810057532814693e-01 2.531945876431439046e+02
3.854515962650386651e-01 2.379582871603319632e+02
3.983391399870480631e-01 2.225758383138991690e+02
4.116575777170102257e-01 2.071461343513123836e+02
4.254213163620995108e-01 1.928855726997483657e+02
4.396452445232932327e-01 1.802892471190706090e+02
4.543447486007690661e-01 1.686448837737803217e+02
4.695357294377799362e-01 1.572695210106289210e+02
4.852346195210218704e-01 1.463840358939425812e+02
5.014584007560848322e-01 1.364376188837694599e+02
5.182246228372336949e-01 1.272939383841421517e+02
5.355514222313770833e-01 1.185943139041746264e+02
5.534575417967635413e-01 1.103631630780666057e+02
5.719623510576314906e-01 1.027578798146719237e+02
5.910858671567322808e-01 9.568261512283221748e+01
6.108487765084068544e-01 8.901311261136299890e+01
6.312724571756275216e-01 8.278509300725045250e+01
6.523790019952193653e-01 7.699849812097717461e+01
6.741912424762606104e-01 7.158384682482136441e+01
6.967327734975364839e-01 6.652470312896288362e+01
7.200279788307419881e-01 6.181244580654298204e+01
7.441020575170596008e-01 5.742214005376420261e+01
7.689810511256225389e-01 5.332982207245709105e+01
7.946918719233755368e-01 4.951490345090666523e+01
8.212623319867858873e-01 4.596027977439011636e+01
8.487211732869031078e-01 4.264988926199436037e+01
8.770980987803161932e-01 3.956830705609922916e+01
9.064238045396205701e-01 3.670065440234144916e+01
9.367300129581793700e-01 3.403290450223964569e+01
9.680495070650749767e-01 3.155181697064549340e+01
1.000416165987385808e+00 2.924485601988360628e+01
1.033865001598128330e+00 2.710027842469127890e+01
1.068432196389532240e+00 2.510716712312028776e+01
1.104155142612600837e+00 2.325544165080903980e+01
1.141072482725305592e+00 2.153565026329248511e+01
1.179224151193147607e+00 1.993886808094196539e+01
1.218651417687333982e+00 1.845661568832532140e+01
1.259396931727273516e+00 1.708095766336841592e+01
1.301504768815691548e+00 1.580451595915543805e+01
1.345020478116276896e+00 1.462047417389854509e+01
1.389991131725407447e+00 1.352246392576533474e+01
1.436465375591293947e+00 1.250450776616942328e+01
1.484493482135585296e+00 1.156096769958641524e+01
1.534127404634392455e+00 1.068657726576340750e+01
1.585420833417506836e+00 9.876436483540041777e+00
1.638429253946665609e+00 9.126003587926270200e+00
1.693210006835640158e+00 8.431046724152984950e+00
1.749822349877109051e+00 7.787615835081011184e+00
1.808327522143368116e+00 7.192019245652979897e+00
1.868788810230267217e+00 6.640816140005405543e+00
1.931271616715998229e+00 6.130802889324249882e+00
1.995843530908793184e+00 5.658997179899345475e+00
2.062574401960084458e+00 5.222624018419153025e+00
2.131536414422164238e+00 4.819102327005572839e+00
2.202804166332139602e+00 4.446032446360595358e+00
2.276454749906602792e+00 4.101183568491324927e+00
2.352567834934338631e+00 3.782482209613643676e+00
2.431225754957225149e+00 3.488001470163703654e+00
2.512513596332623944e+00 3.215951343407251084e+00
2.596519290273538783e+00 2.964669470483010993e+00
2.683333707966161441e+00 2.732612158500126398e+00
2.773050758867611432e+00 2.518346550323882660e+00
2.865767492290306695e+00 2.320543131428252970e+00
2.961584202382770314e+00 2.137968414666164385e+00
3.060604536620467719e+00 1.969478423863860295e+00
3.162935607924048931e+00 1.814012536092075578e+00
3.268688110526199786e+00 1.670587551986847386e+00
3.377976439712552459e+00 1.538292317703912726e+00
3.490918815566087297e+00 1.416282688097211029e+00
3.607637410848952619e+00 1.303776759141385133e+00
3.728258483159945236e+00 1.200050444004725492e+00
3.852912511510727001e+00 1.104433342843834431e+00
3.981734337468417539e+00 1.016304824692489506e+00
4.114863311017320058e+00 9.350904959712167397e-01
4.252443441297450555e+00 8.602589134934052195e-01
4.394623552383071896e+00 7.913184136358852871e-01
4.541557444269631816e+00 7.278142558942617413e-01
4.693404059243289517e+00 6.693259797143108480e-01
4.850327653813030437e+00 6.154648787768844942e-01
5.012497976391239618e+00 5.658716765863318621e-01
5.180090450915090017e+00 5.202143726265635593e-01
5.353286366607249214e+00 4.781862103801107766e-01
5.532273074081278885e+00 4.395038143295409983e-01
5.717244188003695271e+00 4.039054709313940061e-01
5.908399796532135539e+00 3.711495154125103446e-01
6.105946677756002750e+00 3.410128337643884011e-01
6.310098523373801171e+00 3.132894710298412821e-01
6.521076169849157722e+00 2.877892964780338625e-01
6.739107837295406966e+00 2.643368232640747051e-01
6.964429376347387013e+00 2.427701640975870878e-01
7.197284523287298619e+00 2.229400314301197006e-01
7.437925163700752407e+00 2.047087765596536935e-01
7.686611604948010879e+00 1.879494621014582978e-01
7.943612857745410594e+00 1.725450182610381300e-01
8.209206927161357470e+00 1.583874894164861158e-01
8.483681113341843272e+00 1.453773771701521722e-01
8.767332322290526392e+00 1.334229889016093351e-01
9.060467387039910392e+00 1.224398357520969233e-01
9.363403399560734641e+00 1.123500841385260129e-01
9.676468053768756405e+00 1.030820537260228875e-01
1.000000000000001243e+01 9.456974481756763584e-02
