2.000000000000000164e-05 1.383459543069370280e-02
2.066869842267550072e-05 1.427948245400168480e-02
2.135975472437544027e-05 1.473867682952904878e-02
2.207391643902171255e-05 1.521263850052982473e-02
2.281195609427394449e-05 1.570184196835172283e-02
2.357467204719313169e-05 1.620677326732249818e-02
2.436288934784564352e-05 1.672794436269035151e-02
2.517746063178175121e-05 1.726587490573412709e-02
2.601926704235410016e-05 1.782110277702803405e-02
2.688921918387384303e-05 1.839418855559615124e-02
2.778825810663545582e-05 1.898570010061540261e-02
2.871735632487579741e-05 1.959623449454017674e-02
2.967751886876853870e-05 2.022640042544543090e-02
3.066978437159193627e-05 2.087682998577130092e-02
3.169522619324599853e-05 2.154817407104605773e-02
3.275495358133433647e-05 2.224110831542169472e-02
3.385011287106671010e-05 2.295632528074967663e-02
3.498188872528021299e-05 2.369454338319105721e-02
3.615150541592045298e-05 2.445649627047193422e-02
3.736022814836899319e-05 2.524295461234132842e-02
3.860936443004954884e-05 2.605470022854620635e-02
3.990026548479344494e-05 2.689254798307030500e-02
4.123432771449419843e-05 2.775733791022882632e-02
4.261299420963254024e-05 2.864994004307707537e-02
4.403775631030562105e-05 2.957124114559007630e-02
4.551015521944909301e-05 3.052216759181266073e-02
4.703178366999723984e-05 3.150367701236807955e-02
4.860428764778435972e-05 3.251673866494074472e-02
5.022936817205134787e-05 3.356238049864967987e-02
5.190878313548323190e-05 3.464164487339388421e-02
5.364434920576834987e-05 3.575561638126075609e-02
5.543794379073590958e-05 3.690540031217745542e-02
5.729150706919781900e-05 3.809216341806938994e-02
5.920704408969155763e-05 3.931708101929921872e-02
6.118662693939432690e-05 4.058138680974263113e-02
6.323239698555469304e-05 4.188634459108611652e-02
6.534656719186627638e-05 4.323326457933091699e-02
6.753142451228926792e-05 4.462349540958583660e-02
6.978933236490913268e-05 4.605841529239378118e-02
7.212273318850868345e-05 4.753948848284982043e-02
7.453415108461877573e-05 4.906816964349994259e-02
7.702619454790587906e-05 5.064600680759701740e-02
7.960155928784993205e-05 5.227457828984878596e-02
8.226303114476471348e-05 5.395550581589735051e-02
8.501348910331518868e-05 5.569048704021487689e-02
8.785590840679157983e-05 5.748123440224978814e-02
9.079336377550881697e-05 5.932956199092389443e-02
9.382903273281309529e-05 6.123732056590362738e-02
9.696619904229312483e-05 6.320640540649964667e-02
1.002082562599141270e-04 6.523879326764012165e-02
1.035587114049174785e-04 6.733653040966078307e-02
1.070211887534562421e-04 6.950168217838853524e-02
1.105994337590709140e-04 7.173645929277659705e-02
1.142973171042456330e-04 7.404306204363335364e-02
1.181188388874281471e-04 7.642381313803044141e-02
1.220681329500424115e-04 7.888110614384065411e-02
1.261494713481742377e-04 8.141737790881452275e-02
1.303672689737678670e-04 8.403517124953939488e-02
1.347260883303314362e-04 8.673709951614577696e-02
1.392306444683180742e-04 8.952587551466416327e-02
1.438858100855209437e-04 9.240429061896149321e-02
1.486966207979997041e-04 9.537520460964324376e-02
1.536682805872396744e-04 9.844158839340037825e-02
1.588061674294368483e-04 1.016065135345659426e-01
1.641158391129971276e-04 1.048731535354184702e-01
1.696030392505434848e-04 1.082447438112363186e-01
1.752737034919339915e-04 1.117246822964365199e-01
1.811339659450114388e-04 1.153164230569743154e-01
1.871901658110307874e-04 1.190235329188633340e-01
1.934488542419408646e-04 1.228497581007881173e-01
1.999168014269393128e-04 1.267988774697017262e-01
2.066010039159656652e-04 1.308748569482303392e-01
2.135086921880547338e-04 1.350817489091701573e-01
2.206473384727377968e-04 1.394237239699795128e-01
2.280246648329511538e-04 1.439051319874666557e-01
2.356486515181963309e-04 1.485304797751227646e-01
2.435275455969876748e-04 1.533042644344821404e-01
2.516698698779247295e-04 1.582313529988213230e-01
2.600844321290405573e-04 1.633165542216222510e-01
2.687803346053976817e-04 1.685649596149073060e-01
2.777669838952388651e-04 1.739818200705883777e-01
2.870541010953427292e-04 1.795724540919059198e-01
2.966517323265922064e-04 1.853424615643214091e-01
3.065702596011295341e-04 1.912975316062812403e-01
3.168204120528543403e-04 1.974435420163940524e-01
3.274132775434116785e-04 2.037866537864266581e-01
3.383603146562264279e-04 2.103331142037883073e-01
3.496733650915567022e-04 2.170893858473116056e-01
3.613646664759745386e-04 2.240621519656270377e-01
3.734468656001317080e-04 2.312582770541342647e-01
3.859330320991275886e-04 2.386848599494268142e-01
3.988366725902805230e-04 2.463492261439756692e-01
4.121717452835938129e-04 2.542590019230621112e-01
4.259526750807212541e-04 2.624217942607234844e-01
4.401943691787655547e-04 2.708457024971017146e-01
4.549122331957894719e-04 2.795389782407499690e-01
4.701221878354804149e-04 2.885101562548269549e-01
4.858406861089974399e-04 2.977679585341526103e-01
5.020847311326308640e-04 3.073214061302655398e-01
5.188718945205230424e-04 3.171797945435660404e-01
5.362203353923492141e-04 3.273527960161494166e-01
5.541488200165187389e-04 3.378501061251599213e-01
5.726767421101455150e-04 3.486820368548784188e-01
5.918241438177454907e-04 3.598589109851442758e-01
6.116117373913557359e-04 3.713916037299628825e-01
6.320609275955268004e-04 3.832911120285864559e-01
6.531938348614238542e-04 3.955687617741633910e-01
6.750333192150836329e-04 4.082363842243322827e-01
6.976030050057104547e-04 4.213060005481679693e-01
7.209273064607610694e-04 4.347898586925229014e-01
7.450314540954613768e-04 4.487008257780850107e-01
7.699415220053250396e-04 4.630519214880112755e-01
7.956844560711916160e-04 4.778564667356875462e-01
8.222881031073025473e-04 4.931283970982824894e-01
8.497812409839368810e-04 5.088818293160470851e-01
8.781936097571961097e-04 5.251311359945723956e-01
9.075559438396131216e-04 5.418912702674789639e-01
9.379000052463793693e-04 5.591775366575991724e-01
9.692586179531593148e-04 5.770054864313221010e-01
1.001665703402655023e-03 5.953910824674477631e-01
1.035156317198330069e-03 6.143505638867323704e-01
1.069766687024985286e-03 6.339009524525064387e-01
1.105534251837205851e-03 6.540591384246339235e-01
1.142497702358069404e-03 6.748425008448279971e-01
1.180697022931930960e-03 6.962689355948792347e-01
1.220173534776542454e-03 7.183565653160912667e-01
1.260969940681316284e-03 7.411238498212076031e-01
1.303130371200056587e-03 7.645895998566893947e-01
1.346700432388157767e-03 7.887729384934563104e-01
1.391727255135877424e-03 8.136931071267368143e-01
1.438259546151070007e-03 8.393697337617500587e-01
1.486347640646530459e-03 8.658227262513087386e-01
1.536043556788919398e-03 8.930721697479845345e-01
1.587401051968200579e-03 9.211383691889059033e-01
1.640475680948428249e-03 9.500414466898944310e-01
1.695324855962815390e-03 9.798018562785051344e-01
1.752007908818060174e-03 1.010440413424234407e+00
1.810586155075142928e-03 1.041977137510484486e+00
1.871122960375984270e-03 1.074432593556500448e+00
1.933683808987751848e-03 1.107826832910366655e+00
1.998336374638913938e-03 1.142180104919742645e+00
2.065150593723721201e-03 1.177511716626770344e+00
2.134198740954243185e-03 1.213841105208538496e+00
2.205555507541849362e-03 1.251186858962656467e+00
2.279298081992675151e-03 1.289567385802659283e+00
2.355506233604463730e-03 1.328999343719515780e+00
2.434262398755145627e-03 1.369499856817552930e+00
2.515651770076436904e-03 1.411083969160332519e+00
2.599762388608985089e-03 1.453765610134779118e+00
2.686685239038679764e-03 1.497558193193119447e+00
2.776514348117217236e-03 1.542472788204803491e+00
2.869346886373309435e-03 1.588518730801583789e+00
2.965283273224645581e-03 1.635703878657631449e+00
3.064427285604211931e-03 1.684033189224742433e+00
3.166886170218578649e-03 1.733509770751816115e+00
3.272770759559481216e-03 1.784134498244691391e+00
3.382195591794276077e-03 1.835903875356153403e+00
3.495279034664920681e-03 1.888812563209141704e+00
3.612143413529477973e-03 1.942851130524425374e+00
3.732915143684721951e-03 1.998006409205325129e+00
3.857724867112893516e-03 2.054261350360401028e+00
3.986707593800617976e-03 2.111594276795073721e+00
4.120002847782761740e-03 2.169979339661025186e+00
4.257754818069308354e-03 2.229385197859255818e+00
4.400112514618404608e-03 2.289775425286510124e+00
4.547229929524409554e-03 2.351107810306364065e+00
4.699266203595197679e-03 2.413335467706796411e+00
4.856385798499019031e-03 2.476403458054568851e+00
5.018758674667020935e-03 2.540253215214224980e+00
5.186560475143959549e-03 2.604817278606252895e+00
5.359972715585955248e-03 2.670023203241131959e+00
5.539182980610755057e-03 2.735791265894670587e+00
5.724385126713026593e-03 2.802035111088103214e+00
5.915779491964028892e-03 2.868662165858275603e+00
6.113573112722652143e-03 2.935571996447610577e+00
6.317979947592099882e-03 3.002659833613348983e+00
6.529221108864616957e-03 3.069813231599898717e+00
6.747525101704480652e-03 3.136912861699229449e+00
6.973128071328140755e-03 3.203836651493904952e+00
7.206274058448705437e-03 3.270455094321706113e+00
7.447215263261310406e-03 3.336634871872052877e+00
7.696212318254701257e-03 3.402237494680493857e+00
7.953534570144332738e-03 3.467120957043581697e+00
8.219460371231864307e-03 3.531142213385172646e+00
8.494277380506187053e-03 3.594152998677524025e+00
8.778282874811823774e-03 3.656002544667690479e+00
9.071784070421121463e-03 3.716540427219713560e+00
9.375098455358292851e-03 3.775613341530287936e+00
9.688554132834568261e-03 3.833065668498404133e+00
1.001249017616620725e-02 3.888742391484827365e+00
1.034725699555901803e-02 3.942486037681103728e+00
1.069321671715643858e-02 3.994136759391654135e+00
1.105074357476093505e-02 4.043535311092778528e+00
1.142022431465263173e-02 4.090515393814968093e+00
1.180205861394306721e-02 4.134912926887170492e+00
1.219665951291643881e-02 4.176557742154317410e+00
1.260445386182631328e-02 4.215276617900686418e+00
1.302588278263077520e-02 4.250892214203892294e+00
1.346140214616583890e-02 4.283224588788733023e+00
1.391148306527291781e-02 4.312089107684548672e+00
1.437661240441416924e-02 4.337300416777843282e+00
1.485729330632660182e-02 4.358670447574013451e+00
1.535404573628500365e-02 4.376011361847741199e+00
1.586740704456205894e-02 4.389140558305190787e+00
1.639793254769450481e-02 4.397875994006660072e+00
1.694619612918364313e-02 4.402045591631523536e+00
1.751279086028037155e-02 4.401485830870014659e+00
1.809832964152614798e-02 4.396043616407695254e+00
1.870344586574363213e-02 4.385583635670145419e+00
1.932879410319460894e-02 4.369984652082064436e+00
1.997505080964588620e-02 4.349144324291863484e+00
2.064291505810955316e-02 4.322983217516748411e+00
2.133310929504865505e-02 4.291444080790618010e+00
2.204638012186681956e-02 4.254499206197090544e+00
2.278349910252664909e-02 4.212149418001269296e+00
2.354526359817107548e-02 4.164431932159082805e+00
2.433249762964985810e-02 4.111425208473841408e+00
2.514605276888498206e-02 4.053244397741288196e+00
2.598680906003840441e-02 3.990057067556918913e+00
2.685567597147924673e-02 3.922072780107430212e+00
2.775359337957988490e-02 3.849552137951707476e+00
2.868153258540498754e-02 3.772806323496830760e+00
2.964049736539381419e-02 3.692192664268330482e+00
3.063152505717161092e-02 3.608118021807251274e+00
3.165568768166540647e-02 3.521034258236834358e+00
3.271409310273729054e-02 3.431439184869548242e+00
3.380788622559029871e-02 3.339867627638712921e+00
3.493825023524253087e-02 3.246888967949275173e+00
3.610640787640997940e-02 3.153096983907857975e+00
3.731362277618164441e-02 3.059096290026773968e+00
3.856120081091872487e-02 2.965495668898062043e+00
3.985049151885547425e-02 2.872893099116009985e+00
4.118288955993056055e-02 2.781864354942908513e+00
4.255983622442782027e-02 2.692945234473464122e+00
4.398282099205792772e-02 2.606621804841218193e+00
4.545338314316834522e-02 2.523305675783676261e+00
4.697311342382341770e-02 2.443327847674564346e+00
4.854365576655684383e-02 2.366915371035277715e+00
5.016670906865677154e-02 2.294185997418800138e+00
5.184402902990837420e-02 2.225131926167427387e+00
5.357743005178047802e-02 2.159615638968752638e+00
5.536878720011212396e-02 2.097355505098173367e+00
5.722003823342062395e-02 2.037939478263213200e+00
5.913318569902666078e-02 1.980828721541998405e+00
6.111029909926251474e-02 1.925369218727477350e+00
6.315351713010779189e-02 1.870823106032951433e+00
6.526504999467336310e-02 1.816403838615164412e+00
6.744718179403717817e-02 1.761325317896393017e+00
6.970227299801623477e-02 1.704860382836231647e+00
7.203276299854979858e-02 1.646406391123016455e+00
7.444117274845411802e-02 1.585554611815444659e+00
7.693010748840443946e-02 1.522151002967627287e+00
7.950225956509210379e-02 1.456344232272001715e+00
8.216041134360790865e-02 1.388609672934818740e+00
8.490743821719984319e-02 1.319742254838865314e+00
8.774631171766281157e-02 1.250806437762937318e+00
9.068010272972255870e-02 1.183053619479079277e+00
9.371198481289348681e-02 1.117806983497937834e+00
9.684523763440215649e-02 1.056322777523786671e+00
1.000832505168899600e-01 9.996468446216294490e-01
1.034295261047340625e-01 9.484862503419811963e-01
1.068876841529496080e-01 9.031025202948343988e-01
1.104614654427753945e-01 8.632495835819627983e-01
1.141547358281756464e-01 8.281635113926565372e-01
1.179714904176376727e-01 7.966179501575856303e-01
1.219158578957853512e-01 7.670569610406631211e-01
1.259921049894874856e-01 7.378090760111308821e-01
1.302046410832891354e-01 7.073658934561738443e-01
1.345580229891604751e-01 6.746852759903334551e-01
1.390569598757198100e-01 6.394431728203993082e-01
1.437063183622670492e-01 6.021506045506969107e-01
1.485111277831346888e-01 5.640711735022647666e-01
1.534765856280515817e-01 5.269309862424660373e-01
1.586080631644066208e-01 4.924896374801627230e-01
1.639111112474894438e-01 4.620836210930940879e-01
1.693914663249987407e-01 4.362723059224558608e-01
1.750550566423093313e-01 4.146749620323879615e-01
1.809080086552135869e-01 3.960555073287833072e-01
1.869566536570689830e-01 3.786630391108607996e-01
1.932075346275276828e-01 3.607802535320144277e-01
1.996674133102498971e-01 3.413289952675921946e-01
2.063432775272630582e-01 3.202825893293992920e-01
2.132423487378718452e-01 2.986526962256071394e-01
2.203720898503036263e-01 2.780025606898909873e-01
2.277402132945338109e-01 2.597060660061270565e-01
2.353546893650253491e-01 2.443149871200032131e-01
2.432237548424092122e-01 2.313345553745871086e-01
2.513559219034258718e-01 2.195179191517161454e-01
2.597599873287743666e-01 2.075597365937790761e-01
2.684450420188219666e-01 1.948356736353559215e-01
2.774204808274743361e-01 1.817152139025805524e-01
2.866960127248350254e-01 1.692018345633224119e-01
2.962816712996577673e-01 1.581548866799087072e-01
3.061878256129444420e-01 1.486821957515754022e-01
3.164251914144354805e-01 1.401425119295985067e-01
3.270048427341168962e-01 1.317288912829532033e-01
3.379382238612947953e-01 1.231393685518198805e-01
3.492371617241852855e-01 1.147362342791323903e-01
3.609138786834163448e-01 1.070683985192171922e-01
3.729810057532814693e-01 1.002838291622400596e-01
3.854515962650386651e-01 9.404148719396716871e-02
3.983391399870480631e-01 8.795425556950640933e-02
4.116575777170102257e-01 8.200491943371611414e-02
4.254213163620995108e-01 7.645021370836126151e-02
4.396452445232932327e-01 7.141207228289474240e-02
4.543447486007690661e-01 6.673677090776478082e-02
4.695357294377799362e-01 6.225548483686156598e-02
4.852346195210218704e-01 5.799826844528117864e-02
5.014584007560848322e-01 5.406154051069014116e-02
5.182246228372336949e-01 5.041667070012301188e-02
5.355514222313770833e-01 4.697602623732480276e-02
5.534575417967635413e-01 4.373390692713366446e-02
5.719623510576314906e-01 4.072083479007355955e-02
5.910858671567322808e-01 3.791297096861955679e-02
6.108487765084068544e-01 3.527616111290653861e-02
6.312724571756275216e-01 3.281239222445630349e-02
6.523790019952193653e-01 3.051827423597027952e-02
6.741912424762606104e-01 2.837404241167116106e-02
6.967327734975364839e-01 2.637158983888395966e-02
7.200279788307419881e-01 2.450509766189816821e-02
7.441020575170596008e-01 2.276534957307583401e-02
7.689810511256225389e-01 2.114355236604582508e-02
7.946918719233755368e-01 1.963184906662956281e-02
8.212623319867858873e-01 1.822333155097698512e-02
8.487211732869031078e-01 1.691150644934125841e-02
8.770980987803161932e-01 1.569021283069780420e-02
9.064238045396205701e-01 1.455359972350092103e-02
9.367300129581793700e-01 1.349615264213808834e-02
9.680495070650749767e-01 1.251265013874077597e-02
1.000416165987385808e+00 1.159812730666576891e-02
1.033865001598128330e+00 1.074793153522230447e-02
1.068432196389532240e+00 9.957740074926996546e-03
1.104155142612600837e+00 9.223565566634396931e-03
1.141072482725305592e+00 8.541669077567346641e-03
1.179224151193147607e+00 7.908519005500167301e-03
1.218651417687333982e+00 7.320758732449314868e-03
1.259396931727273516e+00 6.775246439407339033e-03
1.301504768815691548e+00 6.269060545586304344e-03
1.345020478116276896e+00 5.799501387358410413e-03
1.389991131725407447e+00 5.364046462044891848e-03
1.436465375591293947e+00 4.960327892373301607e-03
1.484493482135585296e+00 4.586112064346152366e-03
1.534127404634392455e+00 4.239312380016178536e-03
1.585420833417506836e+00 3.917987342609102926e-03
1.638429253946665609e+00 3.620337430933883577e-03
1.693210006835640158e+00 3.344685776684124152e-03
1.749822349877109051e+00 3.089466913601798728e-03
1.808327522143368116e+00 2.853217292490772827e-03
1.868788810230267217e+00 2.634572704014639943e-03
1.931271616715998229e+00 2.432263052646686970e-03
1.995843530908793184e+00 2.245106303343621674e-03
2.062574401960084458e+00 2.072002581494593668e-03
2.131536414422164238e+00 1.911928708262175709e-03
2.202804166332139602e+00 1.763933091665141487e-03
2.276454749906602792e+00 1.627131005618211602e-03
2.352567834934338631e+00 1.500700135752531606e-03
2.431225754957225149e+00 1.383876384650492911e-03
2.512513596332623944e+00 1.275949944952275246e-03
2.596519290273538783e+00 1.176261600732470772e-03
2.683333707966161441e+00 1.084199183965637095e-03
2.773050758867611432e+00 9.991944599073905066e-04
2.865767492290306695e+00 9.207201483193329242e-04
2.961584202382770314e+00 8.482870004335153974e-04
3.060604536620467719e+00 7.814412475866919401e-04
3.162935607924048931e+00 7.197621798969198277e-04
3.268688110526199786e+00 6.628597972591469562e-04
3.377976439712552459e+00 6.103726746492519131e-04
3.490918815566087297e+00 5.619659653834137162e-04
3.607637410848952619e+00 5.173295279096726479e-04
3.728258483159945236e+00 4.761761564234507737e-04
3.852912511510727001e+00 4.382399289526945968e-04
3.981734337468417539e+00 4.032746431968741406e-04
4.114863311017320058e+00 3.710524272835912917e-04
4.252443441297450555e+00 3.413624479779700429e-04
4.394623552383071896e+00 3.140096580686755831e-04
4.541557444269631816e+00 2.888136598435915104e-04
4.693404059243289517e+00 2.656076523791710362e-04
4.850327653813030437e+00 2.442374332010340855e-04
5.012497976391239618e+00 2.245604747868253385e-04
5.180090450915090017e+00 2.064450673220635660e-04
5.353286366607249214e+00 1.897695111222114821e-04
5.532273074081278885e+00 1.744213792430666812e-04
5.717244188003695271e+00 1.602968384135158169e-04
5.908399796532135539e+00 1.473000112619111653e-04
6.105946677756002750e+00 1.353423813368051433e-04
6.310098523373801171e+00 1.243422387964560213e-04
6.521076169849157722e+00 1.142241534665857218e-04
6.739107837295406966e+00 1.049185061054119203e-04
6.964429376347387013e+00 9.636107106565381720e-05
7.197284523287298619e+00 8.849261870659422356e-05
7.437925163700752407e+00 8.125853480399138919e-05
7.686611604948010879e+00 7.460845475539787689e-05
7.943612857745410594e+00 6.849593084837476737e-05
8.209206927161357470e+00 6.287813333563420381e-05
8.483681113341843272e+00 5.771558697468202046e-05
8.767332322290526392e+00 5.297191324978375052e-05
9.060467387039910392e+00 4.861359183631606306e-05
9.363403399560734641e+00 4.460974212837767793e-05
9.676468053768756405e+00 4.093192452870269795e-05
1.000000000000001243e+01 3.755395323346750628e-05
