2.000000000000000164e-05 9.140328375366614466e+01
2.066869842267550072e-05 9.434257006278814117e+01
2.135975472437544027e-05 9.737637155576317127e+01
2.207391643902171255e-05 1.005077051680725617e+02
2.281195609427394449e-05 1.037397655573358719e+02
2.357467204719313169e-05 1.070757127783521554e+02
2.436288934784564352e-05 1.105189564033104688e+02
2.517746063178175121e-05 1.140729217228787462e+02
2.601926704235410016e-05 1.177411545652653189e+02
2.688921918387384303e-05 1.215273423689784664e+02
2.778825810663545582e-05 1.254352558872101326e+02
2.871735632487579741e-05 1.294688738584917189e+02
2.967751886876853870e-05 1.336321307392349240e+02
3.066978437159193627e-05 1.379293103880302738e+02
3.169522619324599853e-05 1.423646556032848025e+02
3.275495358133433647e-05 1.469425841938762858e+02
3.385011287106671010e-05 1.516677270574463137e+02
3.498188872528021299e-05 1.565447924174028458e+02
3.615150541592045298e-05 1.615786686815734470e+02
3.736022814836899319e-05 1.667744336237449829e+02
3.860936443004954884e-05 1.721372066813312358e+02
3.990026548479344494e-05 1.776724198443739624e+02
4.123432771449419843e-05 1.833855945923545505e+02
4.261299420963254024e-05 1.892824807265712366e+02
4.403775631030562105e-05 1.953689182607493251e+02
4.551015521944909301e-05 2.016510516788003144e+02
4.703178366999723984e-05 2.081351555874090877e+02
4.860428764778435972e-05 2.148277044258737192e+02
5.022936817205134787e-05 2.217354194565290300e+02
5.190878313548323190e-05 2.288651976934356469e+02
5.364434920576834987e-05 2.362241952774560048e+02
5.543794379073590958e-05 2.438197534993925331e+02
5.729150706919781900e-05 2.516594714396659924e+02
5.920704408969155763e-05 2.597512000965625703e+02
6.118662693939432690e-05 2.681030296865675950e+02
6.323239698555469304e-05 2.767233349616400915e+02
6.534656719186627638e-05 2.856206405473928953e+02
6.753142451228926792e-05 2.948040161064280937e+02
6.978933236490913268e-05 3.042824889013669463e+02
7.212273318850868345e-05 3.140656170442919120e+02
7.453415108461877573e-05 3.241630956851116707e+02
7.702619454790587906e-05 3.345851246334704001e+02
7.960155928784993205e-05 3.453420836904450653e+02
8.226303114476471348e-05 3.564445786060862815e+02
8.501348910331518868e-05 3.679039107405379809e+02
8.785590840679157983e-05 3.797314419966658079e+02
9.079336377550881697e-05 3.919388958436852022e+02
9.382903273281309529e-05 4.045385772250438094e+02
9.696619904229312483e-05 4.175430488029970775e+02
1.002082562599141270e-04 4.309651091930575149e+02
1.035587114049174785e-04 4.448183596330912337e+02
1.070211887534562421e-04 4.591165488925840918e+02
1.105994337590709140e-04 4.738738405168948020e+02
1.142973171042456330e-04 4.891050131264370862e+02
1.181188388874281471e-04 5.048252256002963918e+02
1.220681329500424115e-04 5.210501445070998443e+02
1.261494713481742377e-04 5.377958054705227369e+02
1.303672689737678670e-04 5.550791031884074300e+02
1.347260883303314362e-04 5.729169697003317197e+02
1.392306444683180742e-04 5.913271179828509503e+02
1.438858100855209437e-04 6.103278988337644932e+02
1.486966207979997041e-04 6.299384199857161093e+02
1.536682805872396744e-04 6.501777527825821608e+02
1.588061674294368483e-04 6.710661797902773742e+02
1.641158391129971276e-04 6.926242474742807644e+02
1.696030392505434848e-04 7.148733708188364062e+02
1.752737034919339915e-04 7.378355648462597856e+02
1.811339659450114388e-04 7.615333557407069520e+02
1.871901658110307874e-04 7.859904204715843434e+02
1.934488542419408646e-04 8.112306913936824913e+02
1.999168014269393128e-04 8.372789562021447409e+02
2.066010039159656652e-04 8.641608221852455927e+02
2.135086921880547338e-04 8.919030701069465294e+02
2.206473384727377968e-04 9.205325112873715625e+02
2.280246648329511538e-04 9.500774390102462803e+02
2.356486515181963309e-04 9.805665923024102995e+02
2.435275455969876748e-04 1.012029796433412116e+03
2.516698698779247295e-04 1.044498122447178048e+03
2.600844321290405573e-04 1.078002428794497291e+03
2.687803346053976817e-04 1.112576003985067018e+03
2.777669838952388651e-04 1.148252111890709784e+03
2.870541010953427292e-04 1.185065381490738673e+03
2.966517323265922064e-04 1.223051140691459295e+03
3.065702596011295341e-04 1.262246279303101801e+03
3.168204120528543403e-04 1.302688094405913489e+03
3.274132775434116785e-04 1.344415919655136577e+03
3.383603146562264279e-04 1.387469508381641390e+03
3.496733650915567022e-04 1.431889707902867940e+03
3.613646664759745386e-04 1.477718386759014038e+03
3.734468656001317080e-04 1.524999868707080850e+03
3.859330320991275886e-04 1.573778336055340333e+03
3.988366725902805230e-04 1.624099369346059120e+03
4.121717452835938129e-04 1.676011051415437350e+03
4.259526750807212541e-04 1.729561069380424442e+03
4.401943691787655547e-04 1.784799324700838042e+03
4.549122331957894719e-04 1.841777327220428788e+03
4.701221878354804149e-04 1.900546784038647729e+03
4.858406861089974399e-04 1.961162033306041394e+03
5.020847311326308640e-04 2.023679165805969660e+03
5.188718945205230424e-04 2.088153445312275380e+03
5.362203353923492141e-04 2.154643495962303859e+03
5.541488200165187389e-04 2.223209607253708327e+03
5.726767421101455150e-04 2.293911855179438589e+03
5.918241438177454907e-04 2.366812897690619593e+03
6.116117373913557359e-04 2.441977094264018433e+03
6.320609275955268004e-04 2.519470521904867837e+03
6.531938348614238542e-04 2.599358826833426065e+03
6.750333192150836329e-04 2.681711002224718868e+03
6.976030050057104547e-04 2.766597883926727263e+03
7.209273064607610694e-04 2.854089971722803966e+03
7.450314540954613768e-04 2.944260251110326408e+03
7.699415220053250396e-04 3.037183590088125584e+03
7.956844560711916160e-04 3.132935328169839522e+03
8.222881031073025473e-04 3.231592576762523549e+03
8.497812409839368810e-04 3.333234046352990845e+03
8.781936097571961097e-04 3.437939992595289368e+03
9.075559438396131216e-04 3.545790412772420950e+03
9.379000052463793693e-04 3.656868501186374033e+03
9.692586179531593148e-04 3.771258334251486303e+03
1.001665703402655023e-03 3.889042593141397901e+03
1.035156317198330069e-03 4.010305855039264316e+03
1.069766687024985286e-03 4.135134753229423040e+03
1.105534251837205851e-03 4.263616653171930011e+03
1.142497702358069404e-03 4.395837658236983771e+03
1.180697022931930960e-03 4.531885234204636618e+03
1.220173534776542454e-03 4.671846595766858627e+03
1.260969940681316284e-03 4.815809639116563631e+03
1.303130371200056587e-03 4.963860943449466504e+03
1.346700432388157767e-03 5.116086392805763353e+03
1.391727255135877424e-03 5.272574420354191716e+03
1.438259546151070007e-03 5.433405278305154752e+03
1.486347640646530459e-03 5.598666385540469491e+03
1.536043556788919398e-03 5.768435203067699149e+03
1.587401051968200579e-03 5.942797367747641147e+03
1.640475680948428249e-03 6.121823881772446839e+03
1.695324855962815390e-03 6.305592471904592458e+03
1.752007908818060174e-03 6.494169762637367057e+03
1.810586155075142928e-03 6.687626620779088626e+03
1.871122960375984270e-03 6.886022808315848124e+03
1.933683808987751848e-03 7.089419193607071065e+03
1.998336374638913938e-03 7.297863126066949917e+03
2.065150593723721201e-03 7.511402461910065540e+03
2.134198740954243185e-03 7.730075311843548661e+03
2.205555507541849362e-03 7.953914194094603772e+03
2.279298081992675151e-03 8.182939319387198339e+03
2.355506233604463730e-03 8.417167965806183929e+03
2.434262398755145627e-03 8.656603773189328422e+03
2.515651770076436904e-03 8.901237730076061780e+03
2.599762388608985089e-03 9.151058034110723383e+03
2.686685239038679764e-03 9.406027963339831331e+03
2.776514348117217236e-03 9.666109908301385076e+03
2.869346886373309435e-03 9.931247109225922031e+03
2.965283273224645581e-03 1.020136496293043274e+04
3.064427285604211931e-03 1.047637957572636878e+04
3.166886170218578649e-03 1.075619057464070283e+04
3.272770759559481216e-03 1.104067239449599583e+04
3.382195591794276077e-03 1.132969257154928528e+04
3.495279034664920681e-03 1.162309067461753511e+04
3.612143413529477973e-03 1.192069764859579300e+04
3.732915143684721951e-03 1.222231048249493142e+04
3.857724867112893516e-03 1.252772249701031797e+04
3.986707593800617976e-03 1.283668481986853294e+04
4.120002847782761740e-03 1.314895085984527941e+04
4.257754818069308354e-03 1.346423623869954281e+04
4.400112514618404608e-03 1.378224345455209914e+04
4.547229929524409554e-03 1.410264372730020295e+04
4.699266203595197679e-03 1.442509344566749678e+04
4.856385798499019031e-03 1.474923195585569556e+04
5.018758674667020935e-03 1.507466968341308893e+04
5.186560475143959549e-03 1.540100168325301456e+04
5.359972715585955248e-03 1.572779060016238327e+04
5.539182980610755057e-03 1.605459664339677693e+04
5.724385126713026593e-03 1.638094400005092575e+04
5.915779491964028892e-03 1.670634305921563282e+04
6.113573112722652143e-03 1.703028337095451934e+04
6.317979947592099882e-03 1.735222514254588532e+04
6.529221108864616957e-03 1.767162507616959920e+04
6.747525101704480652e-03 1.798789971988698017e+04
6.973128071328140755e-03 1.830046270033728433e+04
7.206274058448705437e-03 1.860868787823812090e+04
7.447215263261310406e-03 1.891194791473829173e+04
7.696212318254701257e-03 1.920958197999720142e+04
7.953534570144332738e-03 1.950090782496968313e+04
8.219460371231864307e-03 1.978521748330332412e+04
8.494277380506187053e-03 2.006178928402613019e+04
8.778282874811823774e-03 2.032986151555243850e+04
9.071784070421121463e-03 2.058867110014473292e+04
9.375098455358292851e-03 2.083740603146347712e+04
9.688554132834568261e-03 2.107525931103213588e+04
1.001249017616620725e-02 2.130138224745056505e+04
1.034725699555901803e-02 2.151491484610982661e+04
1.069321671715643858e-02 2.171497498256304971e+04
1.105074357476093505e-02 2.190066229660579484e+04
1.142022431465263173e-02 2.207106705342012356e+04
1.180205861394306721e-02 2.222525772630353094e+04
1.219665951291643881e-02 2.236230909893257922e+04
1.260445386182631328e-02 2.248128530420698735e+04
1.302588278263077520e-02 2.258124785009391053e+04
1.346140214616583890e-02 2.266125617462478840e+04
1.391148306527291781e-02 2.272039320481823597e+04
1.437661240441416924e-02 2.275776430425566286e+04
1.485729330632660182e-02 2.277247961862246666e+04
1.535404573628500365e-02 2.276369918316350959e+04
1.586740704456205894e-02 2.273062294278171612e+04
1.639793254769450481e-02 2.267249740177806598e+04
1.694619612918364313e-02 2.258864137139093873e+04
1.751279086028037155e-02 2.247845192346367912e+04
1.809832964152614798e-02 2.234141529967683528e+04
1.870344586574363213e-02 2.217712092536901764e+04
1.932879410319460894e-02 2.198528870881014882e+04
1.997505080964588620e-02 2.176577403792187761e+04
2.064291505810955316e-02 2.151858558173063648e+04
2.133310929504865505e-02 2.124391288029391580e+04
2.204638012186681956e-02 2.094214057504093216e+04
2.278349910252664909e-02 2.061384432633186225e+04
2.354526359817107548e-02 2.025983823228413530e+04
2.433249762964985810e-02 1.988117429489136339e+04
2.514605276888498206e-02 1.947915683725580311e+04
2.598680906003840441e-02 1.905534236472611519e+04
2.685567597147924673e-02 1.861156039445957867e+04
2.775359337957988490e-02 1.814989422907465632e+04
2.868153258540498754e-02 1.767271094759121843e+04
2.964049736539381419e-02 1.718260394916984296e+04
3.063152505717161092e-02 1.668239816926046115e+04
3.165568768166540647e-02 1.617512771837064247e+04
3.271409310273729054e-02 1.566399629693735915e+04
3.380788622559029871e-02 1.515232307071521427e+04
3.493825023524253087e-02 1.464351679022834833e+04
3.610640787640997940e-02 1.414099588583372133e+04
3.731362277618164441e-02 1.364812670011924456e+04
3.856120081091872487e-02 1.316815307330682481e+04
3.985049151885547425e-02 1.270413230655356347e+04
4.118288955993056055e-02 1.225884044697147510e+04
4.255983622442782027e-02 1.183467952056825561e+04
4.398282099205792772e-02 1.143363015483772688e+04
4.545338314316834522e-02 1.105712451304135539e+04
4.697311342382341770e-02 1.070601523095867742e+04
4.854365576655684383e-02 1.038045043288789202e+04
5.016670906865677154e-02 1.007984792964151347e+04
5.184402902990837420e-02 9.802825491888936085e+03
5.357743005178047802e-02 9.547155084228075793e+03
5.536878720011212396e-02 9.309754384274978293e+03
5.722003823342062395e-02 9.086724198636689835e+03
5.913318569902666078e-02 8.873408782044132749e+03
6.111029909926251474e-02 8.664530246801265093e+03
6.315351713010779189e-02 8.454408684583622744e+03
6.526504999467336310e-02 8.237253188512722772e+03
6.744718179403717817e-02 8.007542933613562127e+03
6.970227299801623477e-02 7.760476958398206079e+03
7.203276299854979858e-02 7.492464183273284107e+03
7.444117274845411802e-02 7.201616628683306772e+03
7.693010748840443946e-02 6.888133943181979703e+03
7.950225956509210379e-02 6.554577238469320946e+03
8.216041134360790865e-02 6.205878081984610617e+03
8.490743821719984319e-02 5.849114409227323449e+03
8.774631171766281157e-02 5.492974545395823952e+03
9.068010272972255870e-02 5.146986092438852211e+03
9.371198481289348681e-02 4.820574315110594398e+03
9.684523763440215649e-02 4.522082678047384434e+03
1.000832505168899600e-01 4.257847909912265095e+03
1.034295261047340625e-01 4.031460504103325547e+03
1.068876841529496080e-01 3.843237447049857110e+03
1.104614654427753945e-01 3.689974343094793767e+03
1.141547358281756464e-01 3.565003276895190538e+03
1.179714904176376727e-01 3.458652555397608921e+03
1.219158578957853512e-01 3.359216654668725369e+03
1.259921049894874856e-01 3.254540165268047531e+03
1.302046410832891354e-01 3.134112104744948738e+03
1.345580229891604751e-01 2.991337539551889677e+03
1.390569598757198100e-01 2.825322518697844771e+03
1.437063183622670492e-01 2.641466952911566295e+03
1.485111277831346888e-01 2.450423267546284023e+03
1.534765856280515817e-01 2.265508424431187450e+03
1.586080631644066208e-01 2.099345531685217793e+03
1.639111112474894438e-01 1.960694835908860568e+03
1.693914663249987407e-01 1.852340955881570153e+03
1.750550566423093313e-01 1.770413649729393683e+03
1.809080086552135869e-01 1.705284189122287444e+03
1.869566536570689830e-01 1.644098123458461714e+03
1.932075346275276828e-01 1.574746034660508485e+03
1.996674133102498971e-01 1.490251164420094028e+03
2.063432775272630582e-01 1.391597326146735668e+03
2.132423487378718452e-01 1.287165619305617156e+03
2.203720898503036263e-01 1.188672093897537707e+03
2.277402132945338109e-01 1.105648155693857234e+03
2.353546893650253491e-01 1.041262225020984033e+03
2.432237548424092122e-01 9.912805105547359972e+02
2.513559219034258718e-01 9.465141988020054669e+02
2.597599873287743666e-01 8.978647906113392310e+02
2.684450420188219666e-01 8.415201360803112038e+02
2.774204808274743361e-01 7.808610352345765477e+02
2.866960127248350254e-01 7.234044362477688992e+02
2.962816712996577673e-01 6.750683699648541278e+02
3.061878256129444420e-01 6.361698815963345623e+02
3.164251914144354805e-01 6.018991287442898965e+02
3.270048427341168962e-01 5.666651948561112704e+02
3.379382238612947953e-01 5.287508899766347668e+02
3.492371617241852855e-01 4.910949301237799887e+02
3.609138786834163448e-01 4.576162005584274652e+02
3.729810057532814693e-01 4.291538186538460309e+02
3.854515962650386651e-01 4.031796583265166305e+02
3.983391399870480631e-01 3.770940994849449908e+02
4.116575777170102257e-01 3.510253152765021127e+02
4.254213163620995108e-01 3.268964682662922883e+02
4.396452445232932327e-01 3.055044149674386631e+02
4.543447486007690661e-01 2.857215188341066323e+02
4.695357294377799362e-01 2.664506375695058296e+02
4.852346195210218704e-01 2.480290524575486018e+02
5.014584007560848322e-01 2.311685419049468351e+02
5.182246228372336949e-01 2.156546180118104985e+02
5.355514222313770833e-01 2.009121950872553271e+02
5.534575417967635413e-01 1.869722228409336537e+02
5.719623510576314906e-01 1.740820781622705908e+02
5.910858671567322808e-01 1.620882717510505699e+02
6.108487765084068544e-01 1.507891576080151879e+02
6.312724571756275216e-01 1.402373864805264532e+02
6.523790019952193653e-01 1.304309906117756839e+02
6.741912424762606104e-01 1.212568482827910543e+02
6.967327734975364839e-01 1.126861398353474613e+02
7.200279788307419881e-01 1.047025455216580667e+02
7.441020575170596008e-01 9.726419175354814683e+01
7.689810511256225389e-01 9.033089158771431926e+01
7.946918719233755368e-01 8.386791615054333704e+01
8.212623319867858873e-01 7.784615727014083575e+01
8.487211732869031078e-01 7.223827965227108905e+01
8.770980987803161932e-01 6.701808443421938932e+01
9.064238045396205701e-01 6.216036345103600524e+01
9.367300129581793700e-01 5.764135560427513383e+01
9.680495070650749767e-01 5.343862501953307742e+01
1.000416165987385808e+00 4.953091999890733632e+01
1.033865001598128330e+00 4.589833283211036985e+01
1.068432196389532240e+00 4.252235828613149238e+01
1.104155142612600837e+00 3.938591140869260698e+01
1.141072482725305592e+00 3.647297379508938775e+01
1.179224151193147607e+00 3.376842056152543137e+01
1.218651417687333982e+00 3.125788217543783887e+01
1.259396931727273516e+00 2.892791158059585754e+01
1.301504768815691548e+00 2.676600734628292955e+01
1.345020478116276896e+00 2.476062157426791188e+01
1.389991131725407447e+00 2.290096561304927647e+01
1.436465375591293947e+00 2.117691241690531356e+01
1.484493482135585296e+00 1.957890827568230918e+01
1.534127404634392455e+00 1.809802924785255129e+01
1.585420833417506836e+00 1.672597346491945913e+01
1.638429253946665609e+00 1.545504812695111596e+01
1.693210006835640158e+00 1.427808564380675449e+01
1.749822349877109051e+00 1.318839511586871538e+01
1.808327522143368116e+00 1.217972161495409189e+01
1.868788810230267217e+00 1.124623521659657577e+01
1.931271616715998229e+00 1.038250864748618874e+01
1.995843530908793184e+00 9.583491423122080022e+00
2.062574401960084458e+00 8.844484443887816738e+00
2.131536414422164238e+00 8.161116548563127182e+00
2.202804166332139602e+00 7.529322641418951356e+00
2.276454749906602792e+00 6.945323478988911781e+00
2.352567834934338631e+00 6.405606599231406406e+00
2.431225754957225149e+00 5.906908350321157464e+00
2.512513596332623944e+00 5.446197110269306307e+00
2.596519290273538783e+00 5.020657476608062275e+00
2.683333707966161441e+00 4.627675130225807898e+00
2.773050758867611432e+00 4.264823482472232641e+00
2.865767492290306695e+00 3.929850926938789790e+00
2.961584202382770314e+00 3.620668383839002136e+00
3.060604536620467719e+00 3.335338345806798888e+00
3.162935607924048931e+00 3.072064497546534767e+00
3.268688110526199786e+00 2.829181663737315500e+00
3.377976439712552459e+00 2.605146702905825951e+00
3.490918815566087297e+00 2.398529982628623713e+00
3.607637410848952619e+00 2.208007340817365272e+00
3.728258483159945236e+00 2.032352555967361418e+00
3.852912511510727001e+00 1.870430321497333681e+00
3.981734337468417539e+00 1.721189622042537559e+00
4.114863311017320058e+00 1.583657745822276031e+00
4.252443441297450555e+00 1.456934708802709144e+00
4.394623552383071896e+00 1.340187866988605148e+00
4.541557444269631816e+00 1.232647094527273834e+00
4.693404059243289517e+00 1.133600327146021325e+00
4.850327653813030437e+00 1.042389291017546737e+00
5.012497976391239618e+00 9.584055610050109530e-01
5.180090450915090017e+00 8.810869074844080995e-01
5.353286366607249214e+00 8.099138930201510433e-01
5.532273074081278885e+00 7.444066976004969360e-01
5.717244188003695271e+00 6.841221631258276314e-01
5.908399796532135539e+00 6.286510152578004273e-01
6.105946677756002750e+00 5.776153505654757492e-01
6.310098523373801171e+00 5.306663440885918126e-01
6.521076169849157722e+00 4.874820404681786679e-01
6.739107837295406966e+00 4.477653361296379253e-01
6.964429376347387013e+00 4.112421373837099603e-01
7.197284523287298619e+00 3.776596368263921977e-01
7.437925163700752407e+00 3.467846956500069133e-01
7.686611604948010879e+00 3.184023223140262648e-01
7.943612857745410594e+00 2.923142662873386977e-01
8.209206927161357470e+00 2.683377397343931214e-01
8.483681113341843272e+00 2.463042695909674062e-01
8.767332322290526392e+00 2.260585889911970181e-01
9.060467387039910392e+00 2.074576190397325326e-01
9.363403399560734641e+00 1.903695499184364925e-01
9.676468053768756405e+00 1.746729941705323919e-01
1.000000000000001243e+01 1.602561872686393274e-01
