2.000000000000000164e-05 9.140328330167874071e+01
2.066869842267550072e-05 9.434256731536694929e+01
2.135975472437544027e-05 9.737636382572104310e+01
2.207391643902171255e-05 1.005076999619553106e+02
2.281195609427394449e-05 1.037397568890509092e+02
2.357467204719313169e-05 1.070757063987606728e+02
2.436288934784564352e-05 1.105189489314004589e+02
2.517746063178175121e-05 1.140729135600999768e+02
2.601926704235410016e-05 1.177411484958218182e+02
2.688921918387384303e-05 1.215273358791462073e+02
2.778825810663545582e-05 1.254352458782432223e+02
2.871735632487579741e-05 1.294688665769971010e+02
2.967751886876853870e-05 1.336321231687413729e+02
3.066978437159193627e-05 1.379293023915106460e+02
3.169522619324599853e-05 1.423646379062354868e+02
3.275495358133433647e-05 1.469425705229356822e+02
3.385011287106671010e-05 1.516677141450441866e+02
3.498188872528021299e-05 1.565447710600118114e+02
3.615150541592045298e-05 1.615786537741260815e+02
3.736022814836899319e-05 1.667744108444314008e+02
3.860936443004954884e-05 1.721371837593698331e+02
3.990026548479344494e-05 1.776723909947978655e+02
4.123432771449419843e-05 1.833855654374442850e+02
4.261299420963254024e-05 1.892824495942202248e+02
4.403775631030562105e-05 1.953688861277552746e+02
4.551015521944909301e-05 2.016510131991699950e+02
4.703178366999723984e-05 2.081351129694911606e+02
4.860428764778435972e-05 2.148276576244095963e+02
5.022936817205134787e-05 2.217353698744291250e+02
5.190878313548323190e-05 2.288651450238371297e+02
5.364434920576834987e-05 2.362241361609229955e+02
5.543794379073590958e-05 2.438196833111917385e+02
5.729150706919781900e-05 2.516594036645452093e+02
5.920704408969155763e-05 2.597511217886084864e+02
6.118662693939432690e-05 2.681029412190740118e+02
6.323239698555469304e-05 2.767232347671451294e+02
6.534656719186627638e-05 2.856205394314341106e+02
6.753142451228926792e-05 2.948038975035317435e+02
6.978933236490913268e-05 3.042823619178595322e+02
7.212273318850868345e-05 3.140654731226417766e+02
7.453415108461877573e-05 3.241629405720843806e+02
7.702619454790587906e-05 3.345849491396338067e+02
7.960155928784993205e-05 3.453418956799703778e+02
8.226303114476471348e-05 3.564443729240177845e+02
8.501348910331518868e-05 3.679036864077939413e+02
8.785590840679157983e-05 3.797311849836640363e+02
9.079336377550881697e-05 3.919386196380883689e+02
9.382903273281309529e-05 4.045382760742975847e+02
9.696619904229312483e-05 4.175427195413512891e+02
1.002082562599141270e-04 4.309647364905941913e+02
1.035587114049174785e-04 4.448179566539953953e+02
1.070211887534562421e-04 4.591160908634417410e+02
1.105994337590709140e-04 4.738733420555022917e+02
1.142973171042456330e-04 4.891044632196537236e+02
1.181188388874281471e-04 5.048246353384319036e+02
1.220681329500424115e-04 5.210494771692951872e+02
1.261494713481742377e-04 5.377950694305270645e+02
1.303672689737678670e-04 5.550782842086941855e+02
1.347260883303314362e-04 5.729160671077656843e+02
1.392306444683180742e-04 5.913261510658412590e+02
1.438858100855209437e-04 6.103268281069209706e+02
1.486966207979997041e-04 6.299372229815161290e+02
1.536682805872396744e-04 6.501764538683578394e+02
1.588061674294368483e-04 6.710647418394518127e+02
1.641158391129971276e-04 6.926226667688144971e+02
1.696030392505434848e-04 7.148716143510980601e+02
1.752737034919339915e-04 7.378336527330692434e+02
1.811339659450114388e-04 7.615312611374521339e+02
1.871901658110307874e-04 7.859880988768059069e+02
1.934488542419408646e-04 8.112281230410450235e+02
1.999168014269393128e-04 8.372761374019045206e+02
2.066010039159656652e-04 8.641577440666188750e+02
2.135086921880547338e-04 8.918996624873025212e+02
2.206473384727377968e-04 9.205287723891789256e+02
2.280246648329511538e-04 9.500732987324597616e+02
2.356486515181963309e-04 9.805620417256400287e+02
2.435275455969876748e-04 1.012024818410926400e+03
2.516698698779247295e-04 1.044492635127347967e+03
2.600844321290405573e-04 1.077996428175955543e+03
2.687803346053976817e-04 1.112569413052743357e+03
2.777669838952388651e-04 1.148244862049320773e+03
2.870541010953427292e-04 1.185057407460011746e+03
2.966517323265922064e-04 1.223042406629210745e+03
3.065702596011295341e-04 1.262236654839033690e+03
3.168204120528543403e-04 1.302677608999802942e+03
3.274132775434116785e-04 1.344404384318121402e+03
3.383603146562264279e-04 1.387456809196543190e+03
3.496733650915567022e-04 1.431875807810960168e+03
3.613646664759745386e-04 1.477703224745321904e+03
3.734468656001317080e-04 1.524983278388361668e+03
3.859330320991275886e-04 1.573760134332688267e+03
3.988366725902805230e-04 1.624079477885631150e+03
4.121717452835938129e-04 1.675989288059911132e+03
4.259526750807212541e-04 1.729537254216472320e+03
4.401943691787655547e-04 1.784773257291399204e+03
4.549122331957894719e-04 1.841748872057027711e+03
4.701221878354804149e-04 1.900515784896994774e+03
4.858406861089974399e-04 1.961128293151619573e+03
5.020847311326308640e-04 2.023642291403816898e+03
5.188718945205230424e-04 2.088113350358492880e+03
5.362203353923492141e-04 2.154599792455186616e+03
5.541488200165187389e-04 2.223162133684482797e+03
5.726767421101455150e-04 2.293860232008184994e+03
5.918241438177454907e-04 2.366756911712895544e+03
6.116117373913557359e-04 2.441916468966441698e+03
6.320609275955268004e-04 2.519404710496604366e+03
6.531938348614238542e-04 2.599287700673698964e+03
6.750333192150836329e-04 2.681634095342139062e+03
6.976030050057104547e-04 2.766514737697029432e+03
7.209273064607610694e-04 2.854000405467245400e+03
7.450314540954613768e-04 2.944163717717859527e+03
7.699415220053250396e-04 3.037079757855891330e+03
7.956844560711916160e-04 3.132823688355254944e+03
8.222881031073025473e-04 3.231472838742382919e+03
8.497812409839368810e-04 3.333105737597163625e+03
8.781936097571961097e-04 3.437802743451829883e+03
9.075559438396131216e-04 3.545643894563145295e+03
9.379000052463793693e-04 3.656712161554877639e+03
9.692586179531593148e-04 3.771092043159931109e+03
1.001665703402655023e-03 3.888865722774052301e+03
1.035156317198330069e-03 4.010118203609620650e+03
1.069766687024985286e-03 4.134936252147106643e+03
1.105534251837205851e-03 4.263406747700624692e+03
1.142497702358069404e-03 4.395616192070036959e+03
1.180697022931930960e-03 4.531651968960421073e+03
1.220173534776542454e-03 4.671601364799819748e+03
1.260969940681316284e-03 4.815552394329652998e+03
1.303130371200056587e-03 4.963591590393784827e+03
1.346700432388157767e-03 5.115805032387223036e+03
1.391727255135877424e-03 5.272280678602287480e+03
1.438259546151070007e-03 5.433099640447369893e+03
1.486347640646530459e-03 5.598348517559400534e+03
1.536043556788919398e-03 5.768105842678260160e+03
1.587401051968200579e-03 5.942455813653210498e+03
1.640475680948428249e-03 6.121470608958911725e+03
1.695324855962815390e-03 6.305227399427843920e+03
1.752007908818060174e-03 6.493792929140950946e+03
1.810586155075142928e-03 6.687237992230970121e+03
1.871122960375984270e-03 6.885622161678209523e+03
1.933683808987751848e-03 7.089005899006178879e+03
1.998336374638913938e-03 7.297437265020320410e+03
2.065150593723721201e-03 7.510963407226774507e+03
2.134198740954243185e-03 7.729622061359078543e+03
2.205555507541849362e-03 7.953445988246561683e+03
2.279298081992675151e-03 8.182454814996313871e+03
2.355506233604463730e-03 8.416665957199373224e+03
2.434262398755145627e-03 8.656082446084305047e+03
2.515651770076436904e-03 8.900695871908957997e+03
2.599762388608985089e-03 9.150492804090765276e+03
2.686685239038679764e-03 9.405437971713567094e+03
2.776514348117217236e-03 9.665493112987714994e+03
2.869346886373309435e-03 9.930600609832683404e+03
2.965283273224645581e-03 1.020068747494939089e+04
3.064427285604211931e-03 1.047566825694961699e+04
3.166886170218578649e-03 1.075544357769326598e+04
3.272770759559481216e-03 1.103988869136798348e+04
3.382195591794276077e-03 1.132886945137795738e+04
3.495279034664920681e-03 1.162222706020582518e+04
3.612143413529477973e-03 1.191979083814895421e+04
3.732915143684721951e-03 1.222135948184314111e+04
3.857724867112893516e-03 1.252672440533467488e+04
3.986707593800617976e-03 1.283563809830386526e+04
4.120002847782761740e-03 1.314785129708523709e+04
4.257754818069308354e-03 1.346308083963899298e+04
4.400112514618404608e-03 1.378102720888216572e+04
4.547229929524409554e-03 1.410136195174841851e+04
4.699266203595197679e-03 1.442374125623026885e+04
4.856385798499019031e-03 1.474780302039369417e+04
5.018758674667020935e-03 1.507315781925860938e+04
5.186560475143959549e-03 1.539939974952041121e+04
5.359972715585955248e-03 1.572609346605766405e+04
5.539182980610755057e-03 1.605279731690722110e+04
5.724385126713026593e-03 1.637903643913655469e+04
5.915779491964028892e-03 1.670431922290595685e+04
6.113573112722652143e-03 1.702813669610165016e+04
6.317979947592099882e-03 1.734994647059563795e+04
6.529221108864616957e-03 1.766920445805108102e+04
6.747525101704480652e-03 1.798532561451738729e+04
6.973128071328140755e-03 1.829772148805897814e+04
7.206274058448705437e-03 1.860576785148015551e+04
7.447215263261310406e-03 1.890883578458388729e+04
7.696212318254701257e-03 1.920626303184421340e+04
7.953534570144332738e-03 1.949736859680107591e+04
8.219460371231864307e-03 1.978144237876725674e+04
8.494277380506187053e-03 2.005776203859137968e+04
8.778282874811823774e-03 2.032556341617640282e+04
9.071784070421121463e-03 2.058408016243177553e+04
9.375098455358292851e-03 2.083250339512319260e+04
9.688554132834568261e-03 2.107002101507205589e+04
1.001249017616620725e-02 2.129578612120036632e+04
1.034725699555901803e-02 2.150893754635392906e+04
1.069321671715643858e-02 2.170859029775105228e+04
1.105074357476093505e-02 2.189384338029259743e+04
1.142022431465263173e-02 2.206378420004026339e+04
1.180205861394306721e-02 2.221748175443008950e+04
1.219665951291643881e-02 2.235400869842130487e+04
1.260445386182631328e-02 2.247242964015991311e+04
1.302588278263077520e-02 2.257180350099075804e+04
1.346140214616583890e-02 2.265118843568387456e+04
1.391148306527291781e-02 2.270966722616199331e+04
1.437661240441416924e-02 2.274634500660790582e+04
1.485729330632660182e-02 2.276033224572035761e+04
1.535404573628500365e-02 2.275078773737704250e+04
1.586740704456205894e-02 2.271691161576555896e+04
1.639793254769450481e-02 2.265795140796593842e+04
1.694619612918364313e-02 2.257322863033127578e+04
1.751279086028037155e-02 2.246213890897704914e+04
1.809832964152614798e-02 2.232417322067571513e+04
1.870344586574363213e-02 2.215892222956200203e+04
1.932879410319460894e-02 2.196611052063406896e+04
1.997505080964588620e-02 2.174559684208827093e+04
2.064291505810955316e-02 2.149739461296983791e+04
2.133310929504865505e-02 2.122170046473866023e+04
2.204638012186681956e-02 2.091890232150050360e+04
2.278349910252664909e-02 2.058958766315206594e+04
2.354526359817107548e-02 2.023457647719113811e+04
2.433249762964985810e-02 1.985493015101692799e+04
2.514605276888498206e-02 1.945196272270592817e+04
2.598680906003840441e-02 1.902724095817924535e+04
2.685567597147924673e-02 1.858260671967258895e+04
2.775359337957988490e-02 1.812015471506353788e+04
2.868153258540498754e-02 1.764226302294713969e+04
2.964049736539381419e-02 1.715153729586601548e+04
3.063152505717161092e-02 1.665081442087328105e+04
3.165568768166540647e-02 1.614313978042480267e+04
3.271409310273729054e-02 1.563172874466346548e+04
3.380788622559029871e-02 1.511990935720507696e+04
3.493825023524253087e-02 1.461109889075784304e+04
3.610640787640997940e-02 1.410872217376616936e+04
3.731362277618164441e-02 1.361615073566909086e+04
3.856120081091872487e-02 1.313663234408159769e+04
3.985049151885547425e-02 1.267322352110162683e+04
4.118288955993056055e-02 1.222869753699707690e+04
4.255983622442782027e-02 1.180545487091020550e+04
4.398282099205792772e-02 1.140546684854697378e+04
4.545338314316834522e-02 1.103015604060974147e+04
4.697311342382341770e-02 1.068036123191194929e+04
4.854365576655684383e-02 1.035621647862593818e+04
5.016670906865677154e-02 1.005711854415035850e+04
5.184402902990837420e-02 9.781663230986276176e+03
5.357743005178047802e-02 9.527595920386998841e+03
5.536878720011212396e-02 9.291805667806169367e+03
5.722003823342062395e-02 9.070358878332608583e+03
5.913318569902666078e-02 8.858564239345590977e+03
6.111029909926251474e-02 8.651105743463673207e+03
6.315351713010779189e-02 8.442264409349794732e+03
6.526504999467336310e-02 8.226213221737674758e+03
6.744718179403717817e-02 7.997399496969304892e+03
6.970227299801623477e-02 7.750999069637891807e+03
7.203276299854979858e-02 7.483410962215422842e+03
7.444117274845411802e-02 7.192750642512422019e+03
7.693010748840443946e-02 6.879241037002435405e+03
7.950225956509210379e-02 6.545482416973705767e+03
8.216041134360790865e-02 6.196462203379010134e+03
8.490743821719984319e-02 5.839325513601012062e+03
8.774631171766281157e-02 5.482831111006134961e+03
9.068010272972255870e-02 5.136574943010593415e+03
9.371198481289348681e-02 4.810040115633134519e+03
9.684523763440215649e-02 4.511611662383652401e+03
1.000832505168899600e-01 4.247647905026298758e+03
1.034295261047340625e-01 4.021738711614500517e+03
1.068876841529496080e-01 3.834181911795736596e+03
1.104614654427753945e-01 3.681732646778870730e+03
1.141547358281756464e-01 3.557666105429389518e+03
1.179714904176376727e-01 3.452237477818042862e+03
1.219158578957853512e-01 3.353659003379957994e+03
1.259921049894874856e-01 3.249693932407740249e+03
1.302046410832891354e-01 3.129767117311461789e+03
1.345580229891604751e-01 2.987254003401214959e+03
1.390569598757198100e-01 2.821277276767216335e+03
1.437063183622670492e-01 2.637301457697467868e+03
1.485111277831346888e-01 2.446075110089419468e+03
1.534765856280515817e-01 2.261017347595528463e+03
1.586080631644066208e-01 2.094832758406995254e+03
1.639111112474894438e-01 1.956324469049453000e+03
1.693914663249987407e-01 1.848274880350118110e+03
1.750550566423093313e-01 1.766770857162429138e+03
1.809080086552135869e-01 1.702109391088505163e+03
1.869566536570689830e-01 1.641346713611619407e+03
1.932075346275276828e-01 1.572295952073292710e+03
1.996674133102498971e-01 1.487945724671153357e+03
2.063432775272630582e-01 1.389305545418836118e+03
2.132423487378718452e-01 1.284831603581860691e+03
2.203720898503036263e-01 1.186326092931649782e+03
2.277402132945338109e-01 1.103377986153498114e+03
2.353546893650253491e-01 1.039163263271570258e+03
2.432237548424092122e-01 9.894084876029717179e+02
2.513559219034258718e-01 9.448593865529434197e+02
2.597599873287743666e-01 8.963602551622054762e+02
2.684450420188219666e-01 8.400841322720633570e+02
2.774204808274743361e-01 7.794466615160155243e+02
2.866960127248350254e-01 7.220206710509593222e+02
2.962816712996577673e-01 6.737596931911048159e+02
3.061878256129444420e-01 6.349750418690167635e+02
3.164251914144354805e-01 6.008206418015352028e+02
3.270048427341168962e-01 5.656707743681402007e+02
3.379382238612947953e-01 5.278037923580059214e+02
3.492371617241852855e-01 4.901838315245784656e+02
3.609138786834163448e-01 4.567559677250726509e+02
3.729810057532814693e-01 4.283610899059882513e+02
3.854515962650386651e-01 4.024522810003137465e+02
3.983391399870480631e-01 3.764149969185663167e+02
4.116575777170102257e-01 3.503822210838621345e+02
4.254213163620995108e-01 3.262914557307556151e+02
4.396452445232932327e-01 3.049434822610436981e+02
4.543447486007690661e-01 2.852024336040344679e+02
4.695357294377799362e-01 2.659653840754958196e+02
4.852346195210218704e-01 2.475737715547665232e+02
5.014584007560848322e-01 2.307444091243226296e+02
5.182246228372336949e-01 2.152610530238833917e+02
5.355514222313770833e-01 2.005454362478419341e+02
5.534575417967635413e-01 1.866297743291024744e+02
5.719623510576314906e-01 1.737634822821256080e+02
5.910858671567322808e-01 1.617921737755786751e+02
6.108487765084068544e-01 1.505134255642263099e+02
6.312724571756275216e-01 1.399807904649826753e+02
6.523790019952193653e-01 1.301925409754248903e+02
6.741912424762606104e-01 1.210351637773921993e+02
6.967327734975364839e-01 1.124800152528084425e+02
7.200279788307419881e-01 1.045110105994357355e+02
7.441020575170596008e-01 9.708630064485181776e+01
7.689810511256225389e-01 9.016571591774034289e+01
7.946918719233755368e-01 8.371456841745268207e+01
8.212623319867858873e-01 7.770381657178141666e+01
8.487211732869031078e-01 7.210618797622622367e+01
8.770980987803161932e-01 6.689553746513325905e+01
9.064238045396205701e-01 6.204670050811900950e+01
9.367300129581793700e-01 5.753595690301582977e+01
9.680495070650749767e-01 5.334091065425201350e+01
1.000416165987385808e+00 4.944034953592917958e+01
1.033865001598128330e+00 4.581440288665937288e+01
1.068432196389532240e+00 4.244459968660713400e+01
1.104155142612600837e+00 3.931388625482412635e+01
1.141072482725305592e+00 3.640627346734047620e+01
1.179224151193147607e+00 3.370666410725098672e+01
1.218651417687333982e+00 3.120071496609960704e+01
1.259396931727273516e+00 2.887500361666768001e+01
1.301504768815691548e+00 2.671705145876043019e+01
1.345020478116276896e+00 2.471533153466983279e+01
1.389991131725407447e+00 2.285907476947060957e+01
1.436465375591293947e+00 2.113817260322888814e+01
1.484493482135585296e+00 1.954308899735453053e+01
1.534127404634392455e+00 1.806491652088902811e+01
1.585420833417506836e+00 1.669536857259983265e+01
1.638429253946665609e+00 1.542676629958952184e+01
1.693210006835640158e+00 1.425195508993781779e+01
1.749822349877109051e+00 1.316425621609097263e+01
1.808327522143368116e+00 1.215742625954615619e+01
1.868788810230267217e+00 1.122564603801576233e+01
1.931271616715998229e+00 1.036349824343656856e+01
1.995843530908793184e+00 9.565941578537611178e+00
2.062574401960084458e+00 8.828285479229343480e+00
2.131536414422164238e+00 8.146166738591082535e+00
2.202804166332139602e+00 7.515527680774848562e+00
2.276454749906602792e+00 6.932595969162202110e+00
2.352567834934338631e+00 6.393865570883911609e+00
2.431225754957225149e+00 5.896078848550546425e+00
2.512513596332623944e+00 5.436209771669402890e+00
2.596519290273538783e+00 5.011448110625037700e+00
2.683333707966161441e+00 4.619184287843669523e+00
2.773050758867611432e+00 4.256996101028031276e+00
2.865767492290306695e+00 3.922636027420931093e+00
2.961584202382770314e+00 3.614018806487357516e+00
3.060604536620467719e+00 3.329210484233711576e+00
3.162935607924048931e+00 3.066418039227331693e+00
3.268688110526199786e+00 2.823979353129234315e+00
3.377976439712552459e+00 2.600354117452914782e+00
3.490918815566087297e+00 2.394115320533875213e+00
3.607637410848952619e+00 2.203941213965605161e+00
3.728258483159945236e+00 2.028607806093606580e+00
3.852912511510727001e+00 1.866981857352009611e+00
3.981734337468417539e+00 1.718014268999999317e+00
4.114863311017320058e+00 1.580734105125871869e+00
4.252443441297450555e+00 1.454243025963009917e+00
4.394623552383071896e+00 1.337709912051530781e+00
4.541557444269631816e+00 1.230366049260074979e+00
4.693404059243289517e+00 1.131500677805989508e+00
4.850327653813030437e+00 1.040456725586336839e+00
5.012497976391239618e+00 9.566268758147520312e-01
5.180090450915090017e+00 8.794499239577259209e-01
5.353286366607249214e+00 8.084073796209841900e-01
5.532273074081278885e+00 7.430202977449650303e-01
5.717244188003695271e+00 6.828463292842105181e-01
5.908399796532135539e+00 6.274769502997217252e-01
6.105946677756002750e+00 5.765349524918099711e-01
6.310098523373801171e+00 5.296721516906277571e-01
6.521076169849157722e+00 4.865671781465795709e-01
6.739107837295406966e+00 4.469234640193411323e-01
6.964429376347387013e+00 4.104674115824936131e-01
7.197284523287298619e+00 3.769466758744003387e-01
7.437925163700752407e+00 3.461285489271625493e-01
7.686611604948010879e+00 3.177984359934982739e-01
7.943612857745410594e+00 2.917584488717100411e-01
8.209206927161357470e+00 2.678261301933808625e-01
8.483681113341843272e+00 2.458333122665180004e-01
8.767332322290526392e+00 2.256250113365697862e-01
9.060467387039910392e+00 2.070584110347415130e-01
9.363403399560734641e+00 1.900019435810568758e-01
9.676468053768756405e+00 1.743344438738248514e-01
1.000000000000001243e+01 1.599443513287446272e-01
