2.000000000000000164e-05 5.311439307950360700e+01
2.066869842267550072e-05 5.482239884004496133e+01
2.135975472437544027e-05 5.658533520634485825e+01
2.207391643902171255e-05 5.840494580262391366e+01
2.281195609427394449e-05 6.028307959923289161e+01
2.357467204719313169e-05 6.222160025589791132e+01
2.436288934784564352e-05 6.422246388406547624e+01
2.517746063178175121e-05 6.628765650367445517e+01
2.601926704235410016e-05 6.841924993058546534e+01
2.688921918387384303e-05 7.061939681184760786e+01
2.778825810663545582e-05 7.289027519565978253e+01
2.871735632487579741e-05 7.523419468333058546e+01
2.967751886876853870e-05 7.765345006352160340e+01
3.066978437159193627e-05 8.015051363472971957e+01
3.169522619324599853e-05 8.272786011144484064e+01
3.275495358133433647e-05 8.538807926561796080e+01
3.385011287106671010e-05 8.813384223812003881e+01
3.498188872528021299e-05 9.096787389830899428e+01
3.615150541592045298e-05 9.389302295544517563e+01
3.736022814836899319e-05 9.691223911679205116e+01
3.860936443004954884e-05 1.000285061714837980e+02
3.990026548479344494e-05 1.032449896197083632e+02
4.123432771449419843e-05 1.065648687278225708e+02
4.261299420963254024e-05 1.099914703040344790e+02
4.403775631030562105e-05 1.135282532159113202e+02
4.551015521944909301e-05 1.171787320991920467e+02
4.703178366999723984e-05 1.209465959556887356e+02
4.860428764778435972e-05 1.248355551805688179e+02
5.022936817205134787e-05 1.288495625608597663e+02
5.190878313548323190e-05 1.329925757547362366e+02
5.364434920576834987e-05 1.372688007862408028e+02
5.543794379073590958e-05 1.416824404767395151e+02
5.729150706919781900e-05 1.462379866606198107e+02
5.920704408969155763e-05 1.509399528770741199e+02
6.118662693939432690e-05 1.557930380231112792e+02
6.323239698555469304e-05 1.608021419454452996e+02
6.534656719186627638e-05 1.659722060533093781e+02
6.753142451228926792e-05 1.713084478605627510e+02
6.978933236490913268e-05 1.768161405810355404e+02
7.212273318850868345e-05 1.825008949375789484e+02
7.453415108461877573e-05 1.883682662478254883e+02
7.702619454790587906e-05 1.944242321425915065e+02
7.960155928784993205e-05 2.006747244459470494e+02
8.226303114476471348e-05 2.071260738509517410e+02
8.501348910331518868e-05 2.137846697013239066e+02
8.785590840679157983e-05 2.206572351129325966e+02
9.079336377550881697e-05 2.277504931243007604e+02
9.382903273281309529e-05 2.350716273709486757e+02
9.696619904229312483e-05 2.426278840779223742e+02
1.002082562599141270e-04 2.504268679464790637e+02
1.035587114049174785e-04 2.584762574890285123e+02
1.070211887534562421e-04 2.667841393292447378e+02
1.105994337590709140e-04 2.753587475766195212e+02
1.142973171042456330e-04 2.842086347949467608e+02
1.181188388874281471e-04 2.933425609081239713e+02
1.220681329500424115e-04 3.027697037672290890e+02
1.261494713481742377e-04 3.124993656115435101e+02
1.303672689737678670e-04 3.225412226968377354e+02
1.347260883303314362e-04 3.329051923122224252e+02
1.392306444683180742e-04 3.436016924967215687e+02
1.438858100855209437e-04 3.546411752360560854e+02
1.486966207979997041e-04 3.660347458217585768e+02
1.536682805872396744e-04 3.777935396663642678e+02
1.588061674294368483e-04 3.899292107396444749e+02
1.641158391129971276e-04 4.024538232349950704e+02
1.696030392505434848e-04 4.153796628660889496e+02
1.752737034919339915e-04 4.287196453564914691e+02
1.811339659450114388e-04 4.424866902244361313e+02
1.871901658110307874e-04 4.566945574735246396e+02
1.934488542419408646e-04 4.713570676690531513e+02
1.999168014269393128e-04 4.864886856591223818e+02
2.066010039159656652e-04 5.021042766554386390e+02
2.135086921880547338e-04 5.182191485608227595e+02
2.206473384727377968e-04 5.348489586212799622e+02
2.280246648329511538e-04 5.520101063742283714e+02
2.356486515181963309e-04 5.697191742478158858e+02
2.435275455969876748e-04 5.879935167055795091e+02
2.516698698779247295e-04 6.068507201724340803e+02
2.600844321290405573e-04 6.263092295035613688e+02
2.687803346053976817e-04 6.463878423072786745e+02
2.777669838952388651e-04 6.671058903937343985e+02
2.870541010953427292e-04 6.884832602500860048e+02
2.966517323265922064e-04 7.105405730233181885e+02
3.065702596011295341e-04 7.332990491201160239e+02
3.168204120528543403e-04 7.567802021724816086e+02
3.274132775434116785e-04 7.810064578190763314e+02
3.383603146562264279e-04 8.060009212964562266e+02
3.496733650915567022e-04 8.317869810874764198e+02
3.613646664759745386e-04 8.583891006151169449e+02
3.734468656001317080e-04 8.858323366081726817e+02
3.859330320991275886e-04 9.141422519552703534e+02
3.988366725902805230e-04 9.433450025113866104e+02
4.121717452835938129e-04 9.734676728608460508e+02
4.259526750807212541e-04 1.004538343480651633e+03
4.401943691787655547e-04 1.036585171200575587e+03
4.549122331957894719e-04 1.069637612824596090e+03
4.701221878354804149e-04 1.103725648589273305e+03
4.858406861089974399e-04 1.138879782371163856e+03
5.020847311326308640e-04 1.175131639193236424e+03
5.188718945205230424e-04 1.212513504420304571e+03
5.362203353923492141e-04 1.251058229187047573e+03
5.541488200165187389e-04 1.290799863781388240e+03
5.726767421101455150e-04 1.331772837474474954e+03
5.918241438177454907e-04 1.374012643653827126e+03
6.116117373913557359e-04 1.417555326874805587e+03
6.320609275955268004e-04 1.462437702898993393e+03
6.531938348614238542e-04 1.508698003138022841e+03
6.750333192150836329e-04 1.556373916704894100e+03
6.976030050057104547e-04 1.605505477922085447e+03
7.209273064607610694e-04 1.656132085808708098e+03
7.450314540954613768e-04 1.708294885248887113e+03
7.699415220053250396e-04 1.762035138849755640e+03
7.956844560711916160e-04 1.817395326869644578e+03
8.222881031073025473e-04 1.874418114746560605e+03
8.497812409839368810e-04 1.933147102414098072e+03
8.781936097571961097e-04 1.993626548339607325e+03
9.075559438396131216e-04 2.055901451863714101e+03
9.379000052463793693e-04 2.120017469387057190e+03
9.692586179531593148e-04 2.186019626061945473e+03
1.001665703402655023e-03 2.253955402250272982e+03
1.035156317198330069e-03 2.323871347051522662e+03
1.069766687024985286e-03 2.395814455332853868e+03
1.105534251837205851e-03 2.469832820951324720e+03
1.142497702358069404e-03 2.545974098000912818e+03
1.180697022931930960e-03 2.624286165814566630e+03
1.220173534776542454e-03 2.704817606787563363e+03
1.260969940681316284e-03 2.787616355305336128e+03
1.303130371200056587e-03 2.872730688761715101e+03
1.346700432388157767e-03 2.960207594415806852e+03
1.391727255135877424e-03 3.050095749318097205e+03
1.438259546151070007e-03 3.142442191131055552e+03
1.486347640646530459e-03 3.237292596769551437e+03
1.536043556788919398e-03 3.334694647044097110e+03
1.587401051968200579e-03 3.434692090673288931e+03
1.640475680948428249e-03 3.537330683867243806e+03
1.695324855962815390e-03 3.642653068540236745e+03
1.752007908818060174e-03 3.750700075042160279e+03
1.810586155075142928e-03 3.861515228203670631e+03
1.871122960375984270e-03 3.975135924310113296e+03
1.933683808987751848e-03 4.091600236241795756e+03
1.998336374638913938e-03 4.210942242933821944e+03
2.065150593723721201e-03 4.333197218669452013e+03
2.134198740954243185e-03 4.458394755488152441e+03
2.205555507541849362e-03 4.586564044667117741e+03
2.279298081992675151e-03 4.717729385998538419e+03
2.355506233604463730e-03 4.851915003581896599e+03
2.434262398755145627e-03 4.989136916198884137e+03
2.515651770076436904e-03 5.129412886973337663e+03
2.599762388608985089e-03 5.272753111382525276e+03
2.686685239038679764e-03 5.419164830931308643e+03
2.776514348117217236e-03 5.568650413220562768e+03
2.869346886373309435e-03 5.721208987988728040e+03
2.965283273224645581e-03 5.876830017047435831e+03
3.064427285604211931e-03 6.035503166535528180e+03
3.166886170218578649e-03 6.197208819285639038e+03
3.272770759559481216e-03 6.361917984773581338e+03
3.382195591794276077e-03 6.529600668521875377e+03
3.495279034664920681e-03 6.700214818745491357e+03
3.612143413529477973e-03 6.873711370520031778e+03
3.732915143684721951e-03 7.050031389974442391e+03
3.857724867112893516e-03 7.229108536425422244e+03
3.986707593800617976e-03 7.410865042031131452e+03
4.120002847782761740e-03 7.595213869028586487e+03
4.257754818069308354e-03 7.782055860245580334e+03
4.400112514618404608e-03 7.971280976370974713e+03
4.547229929524409554e-03 8.162769242634482907e+03
4.699266203595197679e-03 8.356389405127347345e+03
4.856385798499019031e-03 8.551994358154446672e+03
5.018758674667020935e-03 8.749433456971102714e+03
5.186560475143959549e-03 8.948531868622054390e+03
5.359972715585955248e-03 9.149111567155941884e+03
5.539182980610755057e-03 9.350975107461696098e+03
5.724385126713026593e-03 9.553908500006016766e+03
5.915779491964028892e-03 9.757684524406151468e+03
6.113573112722652143e-03 9.962055918573543750e+03
6.317979947592099882e-03 1.016675429940178037e+04
6.529221108864616957e-03 1.037149670066227736e+04
6.747525101704480652e-03 1.057598393761604166e+04
6.973128071328140755e-03 1.077988945017347396e+04
7.206274058448705437e-03 1.098288224887922843e+04
7.447215263261310406e-03 1.118460528072505076e+04
7.696212318254701257e-03 1.138468447576055769e+04
7.953534570144332738e-03 1.158272542528893791e+04
8.219460371231864307e-03 1.177830657860026258e+04
8.494277380506187053e-03 1.197098559141009537e+04
8.778282874811823774e-03 1.216029627501803043e+04
9.071784070421121463e-03 1.234575586124231086e+04
9.375098455358292851e-03 1.252684828286232005e+04
9.688554132834568261e-03 1.270306084332534374e+04
1.001249017616620725e-02 1.287383668585936539e+04
1.034725699555901803e-02 1.303861596911514425e+04
1.069321671715643858e-02 1.319680131139771947e+04
1.105074357476093505e-02 1.334777368035717700e+04
1.142022431465263173e-02 1.349090881731632908e+04
1.180205861394306721e-02 1.362554984709191922e+04
1.219665951291643881e-02 1.375104371519841698e+04
1.260445386182631328e-02 1.386671546986478097e+04
1.302588278263077520e-02 1.397187277903806716e+04
1.346140214616583890e-02 1.406581326986444037e+04
1.391148306527291781e-02 1.414783763577387617e+04
1.437661240441416924e-02 1.421724508061158485e+04
1.485729330632660182e-02 1.427334626904370452e+04
1.535404573628500365e-02 1.431544070119978460e+04
1.586740704456205894e-02 1.434286554121693916e+04
1.639793254769450481e-02 1.435496526622640158e+04
1.694619612918364313e-02 1.435113073095699110e+04
1.751279086028037155e-02 1.433078460309350521e+04
1.809832964152614798e-02 1.429339456870561298e+04
1.870344586574363213e-02 1.423850157200386457e+04
1.932879410319460894e-02 1.416570880471680539e+04
1.997505080964588620e-02 1.407469987515716457e+04
2.064291505810955316e-02 1.396526765728412465e+04
2.133310929504865505e-02 1.383730615834674609e+04
2.204638012186681956e-02 1.369083308775168553e+04
2.278349910252664909e-02 1.352599740284270410e+04
2.354526359817107548e-02 1.334310787568737032e+04
2.433249762964985810e-02 1.314262919732159389e+04
2.514605276888498206e-02 1.292519120458951693e+04
2.598680906003840441e-02 1.269161509972891326e+04
2.685567597147924673e-02 1.244289908326418481e+04
2.775359337957988490e-02 1.218024165372709467e+04
2.868153258540498754e-02 1.190502793785687936e+04
2.964049736539381419e-02 1.161883086563281722e+04
3.063152505717161092e-02 1.132339321588022358e+04
3.165568768166540647e-02 1.102063073662928036e+04
3.271409310273729054e-02 1.071260301655761396e+04
3.380788622559029871e-02 1.040147889970339565e+04
3.493825023524253087e-02 1.008952208166856508e+04
3.610640787640997940e-02 9.779041327756545797e+03
3.731362277618164441e-02 9.472347359387613324e+03
3.856120081091872487e-02 9.171715763787899050e+03
3.985049151885547425e-02 8.879318435508079347e+03
4.118288955993056055e-02 8.597176604071768452e+03
4.255983622442782027e-02 8.327099681364281423e+03
4.398282099205792772e-02 8.070628427165136600e+03
4.545338314316834522e-02 7.828958942780275720e+03
4.697311342382341770e-02 7.602908322908770970e+03
4.854365576655684383e-02 7.392825862600156142e+03
5.016670906865677154e-02 7.198557337988984727e+03
5.184402902990837420e-02 7.019400172240239044e+03
5.357743005178047802e-02 6.854057055538125496e+03
5.536878720011212396e-02 6.700612181797218909e+03
5.722003823342062395e-02 6.556557787943042968e+03
5.913318569902666078e-02 6.418806187682692325e+03
6.111029909926251474e-02 6.283790220410599431e+03
6.315351713010779189e-02 6.147582404404459339e+03
6.526504999467336310e-02 6.006097790274242470e+03
6.744718179403717817e-02 5.855352080150863003e+03
6.970227299801623477e-02 5.691769547337689801e+03
7.203276299854979858e-02 5.512543334051313650e+03
7.444117274845411802e-02 5.315986376227064284e+03
7.693010748840443946e-02 5.101845850983623677e+03
7.950225956509210379e-02 4.871537421793327667e+03
8.216041134360790865e-02 4.628212188907387826e+03
8.490743821719984319e-02 4.376643556458524472e+03
8.774631171766281157e-02 4.122909671095094382e+03
9.068010272972255870e-02 3.873883649149868688e+03
9.371198481289348681e-02 3.636576823777123991e+03
9.684523763440215649e-02 3.417415590762331703e+03
1.000832505168899600e-01 3.221559420098811188e+03
1.034295261047340625e-01 3.052294296442047198e+03
1.068876841529496080e-01 2.910595302293223540e+03
1.104614654427753945e-01 2.794873847369659870e+03
1.141547358281756464e-01 2.700937723312764319e+03
1.179714904176376727e-01 2.622234771569172608e+03
1.219158578957853512e-01 2.550462407845782764e+03
1.259921049894874856e-01 2.476614217562911108e+03
1.302046410832891354e-01 2.392458184812428499e+03
1.345580229891604751e-01 2.292226833459047157e+03
1.390569598757198100e-01 2.174095989801528958e+03
1.437063183622670492e-01 2.040909668796855840e+03
1.485111277831346888e-01 1.899740977513448797e+03
1.534765856280515817e-01 1.760248767614093595e+03
1.586080631644066208e-01 1.632261221895753806e+03
1.639111112474894438e-01 1.523303852533771533e+03
1.693914663249987407e-01 1.436762783907091944e+03
1.750550566423093313e-01 1.371056658166364059e+03
1.809080086552135869e-01 1.319982178188145326e+03
1.869566536570689830e-01 1.274287280647204398e+03
1.932075346275276828e-01 1.224416411674714482e+03
1.996674133102498971e-01 1.163852672936116051e+03
2.063432775272630582e-01 1.091710576682190094e+03
2.132423487378718452e-01 1.013064966040467993e+03
2.203720898503036263e-01 9.364989893563119949e+02
2.277402132945338109e-01 8.700295956566595805e+02
2.353546893650253491e-01 8.175092925475499896e+02
2.432237548424092122e-01 7.771374373946634933e+02
2.513559219034258718e-01 7.426388117754823952e+02
2.597599873287743666e-01 7.066936669691725683e+02
2.684450420188219666e-01 6.650912372949795781e+02
2.774204808274743361e-01 6.190523552163314207e+02
2.866960127248350254e-01 5.738589759934835683e+02
2.962816712996577673e-01 5.347312672961179487e+02
3.061878256129444420e-01 5.031483138077605872e+02
3.164251914144354805e-01 4.762470080794947194e+02
3.270048427341168962e-01 4.495390086877753220e+02
3.379382238612947953e-01 4.207305511772714226e+02
3.492371617241852855e-01 3.912993485478201023e+02
3.609138786834163448e-01 3.643980239417538769e+02
3.729810057532814693e-01 3.414534091965913376e+02
3.854515962650386651e-01 3.210414909031010211e+02
3.983391399870480631e-01 3.009077983819271935e+02
4.116575777170102257e-01 2.805484599587738330e+02
4.254213163620995108e-01 2.612869402208402789e+02
4.396452445232932327e-01 2.441262524716069890e+02
4.543447486007690661e-01 2.285022064045621448e+02
4.695357294377799362e-01 2.133983111701468829e+02
4.852346195210218704e-01 1.987958352187160642e+02
5.014584007560848322e-01 1.853008893375402408e+02
5.182246228372336949e-01 1.729535752405211326e+02
5.355514222313770833e-01 1.612897362599762801e+02
5.534575417967635413e-01 1.501966317791518861e+02
5.719623510576314906e-01 1.398881631887800552e+02
5.910858671567322808e-01 1.303286995897999248e+02
6.108487765084068544e-01 1.213294028353216873e+02
6.312724571756275216e-01 1.128920879836614404e+02
6.523790019952193653e-01 1.050486962122342334e+02
6.741912424762606104e-01 9.771609470105211415e+01
6.967327734975364839e-01 9.085721305102818235e+01
7.200279788307419881e-01 8.446192895539269330e+01
7.441020575170596008e-01 7.849882644256307174e+01
7.689810511256225389e-01 7.293722136844873205e+01
7.946918719233755368e-01 6.775011058329565117e+01
8.212623319867858873e-01 6.291438991454426599e+01
8.487211732869031078e-01 5.840835962531102155e+01
8.770980987803161932e-01 5.421130854836710711e+01
9.064238045396205701e-01 5.030340573503906398e+01
9.367300129581793700e-01 4.666593943169927172e+01
9.680495070650749767e-01 4.328121197199741488e+01
1.000416165987385808e+00 4.013241780555865290e+01
1.033865001598128330e+00 3.720379325289773931e+01
1.068432196389532240e+00 3.448066498614974762e+01
1.104155142612600837e+00 3.194947575868615175e+01
1.141072482725305592e+00 2.959750637127725170e+01
1.179224151193147607e+00 2.741274277395009662e+01
1.218651417687333982e+00 2.538376372297609151e+01
1.259396931727273516e+00 2.349986848185086430e+01
1.301504768815691548e+00 2.175109411033744422e+01
1.345020478116276896e+00 2.012822392132439830e+01
1.389991131725407447e+00 1.862264191382038803e+01
1.436465375591293947e+00 1.722625754895759442e+01
1.484493482135585296e+00 1.593143511376579724e+01
1.534127404634392455e+00 1.473103593894598085e+01
1.585420833417506836e+00 1.361841322610686333e+01
1.638429253946665609e+00 1.258740354180797105e+01
1.693210006835640158e+00 1.163226094880906736e+01
1.749822349877109051e+00 1.074761794189669928e+01
1.808327522143368116e+00 9.928452371056822656e+00
1.868788810230267217e+00 9.170079922452817556e+00
1.931271616715998229e+00 8.468137307280395376e+00
1.995843530908793184e+00 7.818561912374577538e+00
2.062574401960084458e+00 7.217571703600241584e+00
2.131536414422164238e+00 6.661646738013476288e+00
2.202804166332139602e+00 6.147512161590840130e+00
2.276454749906602792e+00 5.672121821011316456e+00
2.352567834934338631e+00 5.232642920585385937e+00
2.431225754957225149e+00 4.826441371626224885e+00
2.512513596332623944e+00 4.451068995735983691e+00
2.596519290273538783e+00 4.104251259616606085e+00
2.683333707966161441e+00 3.783875427327342500e+00
2.773050758867611432e+00 3.487979659087069972e+00
2.865767492290306695e+00 3.214742716129046496e+00
2.961584202382770314e+00 2.962473973538388261e+00
3.060604536620467719e+00 2.729604731391269024e+00
3.162935607924048931e+00 2.514679970956715138e+00
3.268688110526199786e+00 2.316350211500309175e+00
3.377976439712552459e+00 2.133364317960702472e+00
3.490918815566087297e+00 1.964562772204773156e+00
3.607637410848952619e+00 1.808871330219052442e+00
3.728258483159945236e+00 1.665294889322666894e+00
3.852912511510727001e+00 1.532911748799976159e+00
3.981734337468417539e+00 1.410868183884313787e+00
4.114863311017320058e+00 1.298373718292303858e+00
4.252443441297450555e+00 1.194696757412519128e+00
4.394623552383071896e+00 1.099160335323127624e+00
4.541557444269631816e+00 1.011138165014009438e+00
4.693404059243289517e+00 9.300509610865849153e-01
4.850327653813030437e+00 8.553629339518388219e-01
5.012497976391239618e+00 7.865786521687351263e-01
5.180090450915090017e+00 7.232401725764883160e-01
5.353286366607249214e+00 6.649243051714400776e-01
5.532273074081278885e+00 6.112400399912998328e-01
5.717244188003695271e+00 5.618261400365939240e-01
5.908399796532135539e+00 5.163488991261871996e-01
6.105946677756002750e+00 4.745001044338931218e-01
6.310098523373801171e+00 4.359951771217553951e-01
6.521076169849157722e+00 4.005713662012561627e-01
6.739107837295406966e+00 3.679861170433503803e-01
6.964429376347387013e+00 3.380156075264253990e-01
7.197284523287298619e+00 3.104533613251503343e-01
7.437925163700752407e+00 2.851089345960214350e-01
7.686611604948010879e+00 2.618066623251906200e-01
7.943612857745410594e+00 2.403845061707704234e-01
8.209206927161357470e+00 2.206930147378085572e-01
8.483681113341843272e+00 2.025944105166668785e-01
8.767332322290526392e+00 1.859616935146974903e-01
9.060467387039910392e+00 1.706778123568806760e-01
9.363403399560734641e+00 1.566349104066123710e-01
9.676468053768756405e+00 1.437336299252291172e-01
1.000000000000001243e+01 1.318824612607870095e-01
