2.000000000000000164e-05 3.413544306534549122e+01
2.066869842267550072e-05 3.523314287138553169e+01
2.135975472437544027e-05 3.636614168735127350e+01
2.207391643902171255e-05 3.753557012091680889e+01
2.281195609427394449e-05 3.874260826427855875e+01
2.357467204719313169e-05 3.998844864025870294e+01
2.436288934784564352e-05 4.127436429806407858e+01
2.517746063178175121e-05 4.260162194495656252e+01
2.601926704235410016e-05 4.397155209797675468e+01
2.688921918387384303e-05 4.538554006991228107e+01
2.778825810663545582e-05 4.684499034841119425e+01
2.871735632487579741e-05 4.835137630021606725e+01
2.967751886876853870e-05 4.990618552283843457e+01
3.066978437159193627e-05 5.151099914938887281e+01
3.169522619324599853e-05 5.316740763809421111e+01
3.275495358133433647e-05 5.487707878490175517e+01
3.385011287106671010e-05 5.664171800772795962e+01
3.498188872528021299e-05 5.846310353051328690e+01
3.615150541592045298e-05 6.034304735962757604e+01
3.736022814836899319e-05 6.228342847511068214e+01
3.860936443004954884e-05 6.428619810093721298e+01
3.990026548479344494e-05 6.635337984151864532e+01
4.123432771449419843e-05 6.848700541059281477e+01
4.261299420963254024e-05 7.068922209529958423e+01
4.403775631030562105e-05 7.296225199348475599e+01
4.551015521944909301e-05 7.530836348291971660e+01
4.703178366999723984e-05 7.772988939488126903e+01
4.860428764778435972e-05 8.022926807175024067e+01
5.022936817205134787e-05 8.280899708080058019e+01
5.190878313548323190e-05 8.547166297656468714e+01
5.364434920576834987e-05 8.821990663254342735e+01
5.543794379073590958e-05 9.105652310684428130e+01
5.729150706919781900e-05 9.398430696896176073e+01
5.920704408969155763e-05 9.700618576961345241e+01
6.118662693939432690e-05 1.001252200700590009e+02
6.323239698555469304e-05 1.033444779551466581e+02
6.534656719186627638e-05 1.066672547087304679e+02
6.753142451228926792e-05 1.100967991213422437e+02
6.978933236490913268e-05 1.136365585898764579e+02
7.212273318850868345e-05 1.172900689731378208e+02
7.453415108461877573e-05 1.210610123460705694e+02
7.702619454790587906e-05 1.249531340342482650e+02
7.960155928784993205e-05 1.289702755489152821e+02
8.226303114476471348e-05 1.331165417173845356e+02
8.501348910331518868e-05 1.373960164581640981e+02
8.785590840679157983e-05 1.418129825840553337e+02
9.079336377550881697e-05 1.463718220425406003e+02
9.382903273281309529e-05 1.510771184750188354e+02
9.696619904229312483e-05 1.559335669739711534e+02
1.002082562599141270e-04 1.609459896603378297e+02
1.035587114049174785e-04 1.661193873745113478e+02
1.070211887534562421e-04 1.714589274702193791e+02
1.105994337590709140e-04 1.769699617309050268e+02
1.142973171042456330e-04 1.826578517522041807e+02
1.181188388874281471e-04 1.885283784027930380e+02
1.220681329500424115e-04 1.945873640205394963e+02
1.261494713481742377e-04 2.008407842976447171e+02
1.303672689737678670e-04 2.072949487780693971e+02
1.347260883303314362e-04 2.139561663383048256e+02
1.392306444683180742e-04 2.208311090193831205e+02
1.438858100855209437e-04 2.279265240097055027e+02
1.486966207979997041e-04 2.352495882685711877e+02
1.536682805872396744e-04 2.428074439539734612e+02
1.588061674294368483e-04 2.506075911979822877e+02
1.641158391129971276e-04 2.586577928444228291e+02
1.696030392505434848e-04 2.669659225882922442e+02
1.752737034919339915e-04 2.755402605431885945e+02
1.811339659450114388e-04 2.843892483801709545e+02
1.871901658110307874e-04 2.935215881234165067e+02
1.934488542419408646e-04 3.029463187543777849e+02
1.999168014269393128e-04 3.126726140808648324e+02
2.066010039159656652e-04 3.227101689647662397e+02
2.135086921880547338e-04 3.330687339419793034e+02
2.206473384727377968e-04 3.437584371536170238e+02
2.280246648329511538e-04 3.547897701695806063e+02
2.356486515181963309e-04 3.661735562557811932e+02
2.435275455969876748e-04 3.779207664688806290e+02
2.516698698779247295e-04 3.900429653536699561e+02
2.600844321290405573e-04 4.025518222058414040e+02
2.687803346053976817e-04 4.154595417583361723e+02
2.777669838952388651e-04 4.287784962388114423e+02
2.870541010953427292e-04 4.425216775312861159e+02
2.966517323265922064e-04 4.567022110464236562e+02
3.065702596011295341e-04 4.713338165847804930e+02
3.168204120528543403e-04 4.864303437574745317e+02
3.274132775434116785e-04 5.020063152797570751e+02
3.383603146562264279e-04 5.180763619153926811e+02
3.496733650915567022e-04 5.346560945040461093e+02
3.613646664759745386e-04 5.517608831290046965e+02
3.734468656001317080e-04 5.694068101834784557e+02
3.859330320991275886e-04 5.876105049975045631e+02
3.988366725902805230e-04 6.063891115810922656e+02
4.121717452835938129e-04 6.257598320541396788e+02
4.259526750807212541e-04 6.457407119649569722e+02
4.401943691787655547e-04 6.663500324596101336e+02
4.549122331957894719e-04 6.876067961282118404e+02
4.701221878354804149e-04 7.095302270438294272e+02
4.858406861089974399e-04 7.321402125636318488e+02
5.020847311326308640e-04 7.554571181401161084e+02
5.188718945205230424e-04 7.795016650470811328e+02
5.362203353923492141e-04 8.042953803033873328e+02
5.541488200165187389e-04 8.298598471971167783e+02
5.726767421101455150e-04 8.562174756771488546e+02
5.918241438177454907e-04 8.833910995621287157e+02
6.116117373913557359e-04 9.114040876264720055e+02
6.320609275955268004e-04 9.402803774817415388e+02
6.531938348614238542e-04 9.700439064425147535e+02
6.750333192150836329e-04 1.000719951081418344e+03
6.976030050057104547e-04 1.032333483097501585e+03
7.209273064607610694e-04 1.064910575280997818e+03
7.450314540954613768e-04 1.098477224510280166e+03
7.699415220053250396e-04 1.133060255394153273e+03
7.956844560711916160e-04 1.168687020758046174e+03
8.222881031073025473e-04 1.205384783094674049e+03
8.497812409839368810e-04 1.243182251246733358e+03
8.781936097571961097e-04 1.282107110357666215e+03
9.075559438396131216e-04 1.322188799223324850e+03
9.379000052463793693e-04 1.363456004261284079e+03
9.692586179531593148e-04 1.405938662957944189e+03
1.001665703402655023e-03 1.449666505238577429e+03
1.035156317198330069e-03 1.494670070503557554e+03
1.069766687024985286e-03 1.540978710184575220e+03
1.105534251837205851e-03 1.588623901659791954e+03
1.142497702358069404e-03 1.637635973530342426e+03
1.180697022931930960e-03 1.688046065820128206e+03
1.220173534776542454e-03 1.739884783327612922e+03
1.260969940681316284e-03 1.793183546091436028e+03
1.303130371200056587e-03 1.847972314156212178e+03
1.346700432388157767e-03 1.904282934021857272e+03
1.391727255135877424e-03 1.962145556248526646e+03
1.438259546151070007e-03 2.021590499697714449e+03
1.486347640646530459e-03 2.082647893006495451e+03
1.536043556788919398e-03 2.145347348021069593e+03
1.587401051968200579e-03 2.209717549509520722e+03
1.640475680948428249e-03 2.275787906793859293e+03
1.695324855962815390e-03 2.343585933831942384e+03
1.752007908818060174e-03 2.413138622581396248e+03
1.810586155075142928e-03 2.484472980423427089e+03
1.871122960375984270e-03 2.557613469606050330e+03
1.933683808987751848e-03 2.632585464484598106e+03
1.998336374638913938e-03 2.709411734372619321e+03
2.065150593723721201e-03 2.788114467631985463e+03
2.134198740954243185e-03 2.868713358967750537e+03
2.205555507541849362e-03 2.951228438507738247e+03
2.279298081992675151e-03 3.035675528829855466e+03
2.355506233604463730e-03 3.122070193648632539e+03
2.434262398755145627e-03 3.210425317457183610e+03
2.515651770076436904e-03 3.300751544684011151e+03
2.599762388608985089e-03 3.393055665344137196e+03
2.686685239038679764e-03 3.487344828089266230e+03
2.776514348117217236e-03 3.583618926205547268e+03
2.869346886373309435e-03 3.681878318153589589e+03
2.965283273224645581e-03 3.782117053725901314e+03
3.064427285604211931e-03 3.884327978603352676e+03
3.166886170218578649e-03 3.988496730667283828e+03
3.272770759559481216e-03 4.094607728888773636e+03
3.382195591794276077e-03 4.202639594605517232e+03
3.495279034664920681e-03 4.312565231044833126e+03
3.612143413529477973e-03 4.424353533823649741e+03
3.732915143684721951e-03 4.537968367295126882e+03
3.857724867112893516e-03 4.653364950457595114e+03
3.986707593800617976e-03 4.770498177811627102e+03
4.120002847782761740e-03 4.889309711264940233e+03
4.257754818069308354e-03 5.009739954630589637e+03
4.400112514618404608e-03 5.131718864674091492e+03
4.547229929524409554e-03 5.255172443387914427e+03
4.699266203595197679e-03 5.380016729020528146e+03
4.856385798499019031e-03 5.506159189242469438e+03
5.018758674667020935e-03 5.633503446578393778e+03
5.186560475143959549e-03 5.761938366744061568e+03
5.359972715585955248e-03 5.891348688804411722e+03
5.539182980610755057e-03 6.021607741458776218e+03
5.724385126713026593e-03 6.152579824090364127e+03
5.915779491964028892e-03 6.284116650632265191e+03
6.113573112722652143e-03 6.416063938261485418e+03
6.317979947592099882e-03 6.548252652085360751e+03
6.529221108864616957e-03 6.680505396276755164e+03
6.747525101704480652e-03 6.812628428810801779e+03
6.973128071328140755e-03 6.944421397369336773e+03
7.206274058448705437e-03 7.075668074805250399e+03
7.447215263261310406e-03 7.206143232418541629e+03
7.696212318254701257e-03 7.335607217574525748e+03
7.953534570144332738e-03 7.463806477096606613e+03
8.219460371231864307e-03 7.590474204273421492e+03
8.494277380506187053e-03 7.715328894010155636e+03
8.778282874811823774e-03 7.838077326012600679e+03
9.071784070421121463e-03 7.958412145687629163e+03
9.375098455358292851e-03 8.076011083490759120e+03
9.688554132834568261e-03 8.190539130767577262e+03
1.001249017616620725e-02 8.301646298779689459e+03
1.034725699555901803e-02 8.408970211129442760e+03
1.069321671715643858e-02 8.512135331229859730e+03
1.105074357476093505e-02 8.610748234574137314e+03
1.142022431465263173e-02 8.704412586260577882e+03
1.180205861394306721e-02 8.792712647935135465e+03
1.219665951291643881e-02 8.875226997689989730e+03
1.260445386182631328e-02 8.951523115526581023e+03
1.302588278263077520e-02 9.021162997002915290e+03
1.346140214616583890e-02 9.083697825387611374e+03
1.391148306527291781e-02 9.138684932217711321e+03
1.437661240441416924e-02 9.185670461154139048e+03
1.485729330632660182e-02 9.224206951041160210e+03
1.535404573628500365e-02 9.253855478789269910e+03
1.586740704456205894e-02 9.274183290845707234e+03
1.639793254769450481e-02 9.284768878446973758e+03
1.694619612918364313e-02 9.285218076296932850e+03
1.751279086028037155e-02 9.275152504624626090e+03
1.809832964152614798e-02 9.254226566753724910e+03
1.870344586574363213e-02 9.222131583715445231e+03
1.932879410319460894e-02 9.178608390982588389e+03
1.997505080964588620e-02 9.123439026736870801e+03
2.064291505810955316e-02 9.056472547697465416e+03
2.133310929504865505e-02 8.977626464835771912e+03
2.204638012186681956e-02 8.886888719514705372e+03
2.278349910252664909e-02 8.784334850629975335e+03
2.354526359817107548e-02 8.670134442836055314e+03
2.433249762964985810e-02 8.544556791264132698e+03
2.514605276888498206e-02 8.407980181311266278e+03
2.598680906003840441e-02 8.260894210321788705e+03
2.685567597147924673e-02 8.103904860393580748e+03
2.775359337957988490e-02 7.937744876507784284e+03
2.868153258540498754e-02 7.763266630309502943e+03
2.964049736539381419e-02 7.581437296374098878e+03
3.063152505717161092e-02 7.393340706474761646e+03
3.165568768166540647e-02 7.200172541921338961e+03
3.271409310273729054e-02 7.003211979867453920e+03
3.380788622559029871e-02 6.803825313799431569e+03
3.493825023524253087e-02 6.603435698335010784e+03
3.610640787640997940e-02 6.403498749025548022e+03
3.731362277618164441e-02 6.205485382586243759e+03
3.856120081091872487e-02 6.010840603679906053e+03
3.985049151885547425e-02 5.820956455390063638e+03
4.118288955993056055e-02 5.637135759628254164e+03
4.255983622442782027e-02 5.460550219491421558e+03
4.398282099205792772e-02 5.292211218278554043e+03
4.545338314316834522e-02 5.132919862357102829e+03
4.697311342382341770e-02 4.983236586651459220e+03
4.854365576655684383e-02 4.843439360032870354e+03
5.016670906865677154e-02 4.713489788156578470e+03
5.184402902990837420e-02 4.593009907586860209e+03
5.357743005178047802e-02 4.481248987304669754e+03
5.536878720011212396e-02 4.377074039598751369e+03
5.722003823342062395e-02 4.278983045099925221e+03
5.913318569902666078e-02 4.185111790523126729e+03
6.111029909926251474e-02 4.093294092111427290e+03
6.315351713010779189e-02 4.001137988293399303e+03
6.526504999467336310e-02 3.906144375194141503e+03
6.744718179403717817e-02 3.805865244256052847e+03
6.970227299801623477e-02 3.698089685911162633e+03
7.203276299854979858e-02 3.581063959621780214e+03
7.444117274845411802e-02 3.453702963703157366e+03
7.693010748840443946e-02 3.315788441895399956e+03
7.950225956509210379e-02 3.168111553313815421e+03
8.216041134360790865e-02 3.012525171099187901e+03
8.490743821719984319e-02 2.851881312762585367e+03
8.774631171766281157e-02 2.689848572074939511e+03
9.068010272972255870e-02 2.530608678216459793e+03
9.371198481289348681e-02 2.378458728577162674e+03
9.684523763440215649e-02 2.237372124081616221e+03
1.000832505168899600e-01 2.110570792383230582e+03
1.034295261047340625e-01 2.000144790513472117e+03
1.068876841529496080e-01 1.906771789683318730e+03
1.104614654427753945e-01 1.829547082517641911e+03
1.141547358281756464e-01 1.765959793497704823e+03
1.179714904176376727e-01 1.712037349027083110e+03
1.219158578957853512e-01 1.662719795207739253e+03
1.259921049894874856e-01 1.612505055405887788e+03
1.302046410832891354e-01 1.556342543490395883e+03
1.345580229891604751e-01 1.490664048860254525e+03
1.390569598757198100e-01 1.414282949810591163e+03
1.437063183622670492e-01 1.328846703706696189e+03
1.485111277831346888e-01 1.238592503664720425e+03
1.534765856280515817e-01 1.149373505463823676e+03
1.586080631644066208e-01 1.067196963178987289e+03
1.639111112474894438e-01 9.967128517307083939e+02
1.693914663249987407e-01 9.400616188782458948e+02
1.750550566423093313e-01 8.963409849024878895e+02
1.809080086552135869e-01 8.617976565346934876e+02
1.869566536570689830e-01 8.307894748066798911e+02
1.932075346275276828e-01 7.974651137153147147e+02
1.996674133102498971e-01 7.578035196340247239e+02
2.063432775272630582e-01 7.112021085784750767e+02
2.132423487378718452e-01 6.606978140698463449e+02
2.203720898503036263e-01 6.115028496272481107e+02
2.277402132945338109e-01 5.685324397126466920e+02
2.353546893650253491e-01 5.341874459846329728e+02
2.432237548424092122e-01 5.074097561899588413e+02
2.513559219034258718e-01 4.843814370955004733e+02
2.597599873287743666e-01 4.606176854295249541e+02
2.684450420188219666e-01 4.335107823346538112e+02
2.774204808274743361e-01 4.037645200068247391e+02
2.866960127248350254e-01 3.745829662485985523e+02
2.962816712996577673e-01 3.491668025206112702e+02
3.061878256129444420e-01 3.284476910797508822e+02
3.164251914144354805e-01 3.106928953153080784e+02
3.270048427341168962e-01 2.931530510667565181e+02
3.379382238612947953e-01 2.744026091965993146e+02
3.492371617241852855e-01 2.553224627285770794e+02
3.609138786834163448e-01 2.378364280854141555e+02
3.729810057532814693e-01 2.228291839898017201e+02
3.854515962650386651e-01 2.094391811553375646e+02
3.983391399870480631e-01 1.962818406716808397e+02
4.116575777170102257e-01 1.830348446026131626e+02
4.254213163620995108e-01 1.704998814482305818e+02
4.396452445232932327e-01 1.592938449222264694e+02
4.543447486007690661e-01 1.490755634723164746e+02
4.695357294377799362e-01 1.392192751399547888e+02
4.852346195210218704e-01 1.297062581193725066e+02
5.014584007560848322e-01 1.209047638472039097e+02
5.182246228372336949e-01 1.128406545031125319e+02
5.355514222313770833e-01 1.052284691306995228e+02
5.534575417967635413e-01 9.799538013575798345e+01
5.719623510576314906e-01 9.127016199934210761e+01
5.910858671567322808e-01 8.503060486622959502e+01
6.108487765084068544e-01 7.915943737523731727e+01
6.312724571756275216e-01 7.365566597679040228e+01
6.523790019952193653e-01 6.853763254614199241e+01
6.741912424762606104e-01 6.375331210033808560e+01
6.967327734975364839e-01 5.927870897103264269e+01
7.200279788307419881e-01 5.510623136734711380e+01
7.441020575170596008e-01 5.121553627522084895e+01
7.689810511256225389e-01 4.758680313358559033e+01
7.946918719233755368e-01 4.420249927129450640e+01
8.212623319867858873e-01 4.104750627687776898e+01
8.487211732869031078e-01 3.810762183595715413e+01
8.770980987803161932e-01 3.536931206650451998e+01
9.064238045396205701e-01 3.281964598500142216e+01
9.367300129581793700e-01 3.044642362655243417e+01
9.680495070650749767e-01 2.823810279315214444e+01
1.000416165987385808e+00 2.618371848775133870e+01
1.033865001598128330e+00 2.427298498128404347e+01
1.068432196389532240e+00 2.249632749173310486e+01
1.104155142612600837e+00 2.084489838895393987e+01
1.141072482725305592e+00 1.931039723381884698e+01
1.179224151193147607e+00 1.788498507621049782e+01
1.218651417687333982e+00 1.656121221469196314e+01
1.259396931727273516e+00 1.533209889016768201e+01
1.301504768815691548e+00 1.419114550833440269e+01
1.345020478116276896e+00 1.313233715333934448e+01
1.389991131725407447e+00 1.215005085225337922e+01
1.436465375591293947e+00 1.123900730980458462e+01
1.484493482135585296e+00 1.039422557641389311e+01
1.534127404634392455e+00 9.611049058529552269e+00
1.585420833417506836e+00 8.885141586190879792e+00
1.638429253946665609e+00 8.212481357095732903e+00
1.693210006835640158e+00 7.589318896799659875e+00
1.749822349877109051e+00 7.012151946077492148e+00
1.808327522143368116e+00 6.477704252989170186e+00
1.868788810230267217e+00 5.982920041553544621e+00
1.931271616715998229e+00 5.524952787819895406e+00
1.995843530908793184e+00 5.101151719820918196e+00
2.062574401960084458e+00 4.709049063575421634e+00
2.131536414422164238e+00 4.346348121523615937e+00
2.202804166332139602e+00 4.010912226937571212e+00
2.276454749906602792e+00 3.700753967966631919e+00
2.352567834934338631e+00 3.414025159510460039e+00
2.431225754957225149e+00 3.149007376428739846e+00
2.512513596332623944e+00 2.904103494400899876e+00
2.596519290273538783e+00 2.677829616947088542e+00
2.683333707966161441e+00 2.468807243286589514e+00
2.773050758867611432e+00 2.275756283532492041e+00
2.865767492290306695e+00 2.097488427131023681e+00
2.961584202382770314e+00 1.932900706580602535e+00
3.060604536620467719e+00 1.780969738225150145e+00
3.162935607924048931e+00 1.640746274456554188e+00
3.268688110526199786e+00 1.511349828721118449e+00
3.377976439712552459e+00 1.391964047895708489e+00
3.490918815566087297e+00 1.281832382603155907e+00
3.607637410848952619e+00 1.180254023469698099e+00
3.728258483159945236e+00 1.086579832208551366e+00
3.852912511510727001e+00 1.000208525460125397e+00
3.981734337468417539e+00 9.205830700620905027e-01
4.114863311017320058e+00 8.471876547290086990e-01
4.252443441297450555e+00 7.795449112455170582e-01
4.394623552383071896e+00 7.172132024713189224e-01
4.541557444269631816e+00 6.597839995101659749e-01
4.693404059243289517e+00 6.068794127015825213e-01
4.850327653813030437e+00 5.581498552328642004e-01
5.012497976391239618e+00 5.132720287653315117e-01
5.180090450915090017e+00 4.719471121393506996e-01
5.353286366607249214e+00 4.338990176162649814e-01
5.532273074081278885e+00 3.988726904835073195e-01
5.717244188003695271e+00 3.666324862944124185e-01
5.908399796532135539e+00 3.369606904295781580e-01
6.105946677756002750e+00 3.096561977423811229e-01
6.310098523373801171e+00 2.845333258517442898e-01
6.521076169849157722e+00 2.614206459140545613e-01
6.739107837295406966e+00 2.401599158181043081e-01
6.964429376347387013e+00 2.206051126981626587e-01
7.197284523287298619e+00 2.026215271338223656e-01
7.437925163700752407e+00 1.860849070303674802e-01
7.686611604948010879e+00 1.708806419745362293e-01
7.943612857745410594e+00 1.569030168330630415e-01
8.209206927161357470e+00 1.440545338644750317e-01
8.483681113341843272e+00 1.322453087047396614e-01
8.767332322290526392e+00 1.213924832896488420e-01
9.060467387039910392e+00 1.114196852681774291e-01
9.363403399560734641e+00 1.022565412901108861e-01
9.676468053768756405e+00 9.383822600575518480e-02
1.000000000000001243e+01 8.610503845949492308e-02
