2.000000000000000164e-05 5.393013017059334402e+01
2.066869842267550072e-05 5.566436834119137700e+01
2.135975472437544027e-05 5.745437280054149198e+01
2.207391643902171255e-05 5.930194777651582427e+01
2.281195609427394449e-05 6.120891796303914134e+01
2.357467204719313169e-05 6.317720938445636136e+01
2.436288934784564352e-05 6.520880715741402867e+01
2.517746063178175121e-05 6.730571413858442043e+01
2.601926704235410016e-05 6.947005459146694761e+01
2.688921918387384303e-05 7.170398638235299416e+01
2.778825810663545582e-05 7.400975479130198664e+01
2.871735632487579741e-05 7.638965341182262136e+01
2.967751886876853870e-05 7.884607860966377757e+01
3.066978437159193627e-05 8.138149290312438211e+01
3.169522619324599853e-05 8.399842952809510166e+01
3.275495358133433647e-05 8.669950917574229265e+01
3.385011287106671010e-05 8.948742814553172309e+01
3.498188872528021299e-05 9.236499892102769138e+01
3.615150541592045298e-05 9.533509191327904375e+01
3.736022814836899319e-05 9.840066381732796685e+01
3.860936443004954884e-05 1.015648108262489870e+02
3.990026548479344494e-05 1.048306858523426115e+02
4.123432771449419843e-05 1.082015598593628454e+02
4.261299420963254024e-05 1.116808126609210063e+02
4.403775631030562105e-05 1.152719204294529476e+02
4.551015521944909301e-05 1.189784894470381147e+02
4.703178366999723984e-05 1.228042085706309621e+02
4.860428764778435972e-05 1.267529134188128097e+02
5.022936817205134787e-05 1.308285730269394946e+02
5.190878313548323190e-05 1.350352174978521589e+02
5.364434920576834987e-05 1.393771288487545803e+02
5.543794379073590958e-05 1.438585985120317048e+02
5.729150706919781900e-05 1.484841206169539873e+02
5.920704408969155763e-05 1.532583233706984061e+02
6.118662693939432690e-05 1.581859721571753994e+02
6.323239698555469304e-05 1.632720191320287313e+02
6.534656719186627638e-05 1.685215248173553846e+02
6.753142451228926792e-05 1.739397398465703759e+02
6.978933236490913268e-05 1.795321040814578168e+02
7.212273318850868345e-05 1.853041676872527717e+02
7.453415108461877573e-05 1.912617360042538621e+02
7.702619454790587906e-05 1.974107163851346343e+02
7.960155928784993205e-05 2.037572780697265671e+02
8.226303114476471348e-05 2.103077646262708242e+02
8.501348910331518868e-05 2.170686870353063398e+02
8.785590840679157983e-05 2.240468538531245599e+02
9.079336377550881697e-05 2.312491628026097317e+02
9.382903273281309529e-05 2.386828149957228220e+02
9.696619904229312483e-05 2.463552822662439041e+02
1.002082562599141270e-04 2.542740702166375399e+02
1.035587114049174785e-04 2.624472380115890928e+02
1.070211887534562421e-04 2.708827983221406726e+02
1.105994337590709140e-04 2.795892945074331806e+02
1.142973171042456330e-04 2.885752115784704870e+02
1.181188388874281471e-04 2.978496375847483364e+02
1.220681329500424115e-04 3.074217601934930144e+02
1.261494713481742377e-04 3.173009991094595534e+02
1.303672689737678670e-04 3.274973400760614481e+02
1.347260883303314362e-04 3.380207825677985625e+02
1.392306444683180742e-04 3.488818190461041127e+02
1.438858100855209437e-04 3.600912073737932246e+02
1.486966207979997041e-04 3.716600473520256287e+02
1.536682805872396744e-04 3.835998263786863163e+02
1.588061674294368483e-04 3.959223260883142075e+02
1.641158391129971276e-04 4.086397533134436344e+02
1.696030392505434848e-04 4.217646591188405978e+02
1.752737034919339915e-04 4.353099779992398908e+02
1.811339659450114388e-04 4.492890910920332317e+02
1.871901658110307874e-04 4.637158138617465966e+02
1.934488542419408646e-04 4.786042990068287963e+02
1.999168014269393128e-04 4.939691891478452135e+02
2.066010039159656652e-04 5.098254356275886039e+02
2.135086921880547338e-04 5.261887387313320232e+02
2.206473384727377968e-04 5.430750533704365353e+02
2.280246648329511538e-04 5.605009498451903482e+02
2.356486515181963309e-04 5.784833393568412703e+02
2.435275455969876748e-04 5.970397037191452227e+02
2.516698698779247295e-04 6.161881505946173547e+02
2.600844321290405573e-04 6.359473068018984350e+02
2.687803346053976817e-04 6.563361373762933226e+02
2.777669838952388651e-04 6.773745014618541518e+02
2.870541010953427292e-04 6.990824991328391889e+02
2.966517323265922064e-04 7.214810850034770056e+02
3.065702596011295341e-04 7.445916242257771955e+02
3.168204120528543403e-04 7.684364492352106026e+02
3.274132775434116785e-04 7.930381002904639445e+02
3.383603146562264279e-04 8.184199508638781708e+02
3.496733650915567022e-04 8.446060158749261291e+02
3.613646664759745386e-04 8.716209791996966487e+02
3.734468656001317080e-04 8.994903833260488000e+02
3.859330320991275886e-04 9.282400041569335372e+02
3.988366725902805230e-04 9.578969044131106330e+02
4.121717452835938129e-04 9.884884756774957850e+02
4.259526750807212541e-04 1.020042843982892919e+03
4.401943691787655547e-04 1.052589130592651600e+03
4.549122331957894719e-04 1.086156877780702416e+03
4.701221878354804149e-04 1.120776801981428434e+03
4.858406861089974399e-04 1.156480107680104993e+03
5.020847311326308640e-04 1.193298558523150177e+03
5.188718945205230424e-04 1.231265392561943827e+03
5.362203353923492141e-04 1.270413827621081737e+03
5.541488200165187389e-04 1.310778436221621860e+03
5.726767421101455150e-04 1.352394120795929211e+03
5.918241438177454907e-04 1.395297258005562298e+03
6.116117373913557359e-04 1.439524498667979742e+03
6.320609275955268004e-04 1.485113031837213612e+03
6.531938348614238542e-04 1.532101726996413845e+03
6.750333192150836329e-04 1.580529385951322865e+03
6.976030050057104547e-04 1.630435830403101136e+03
7.209273064607610694e-04 1.681862176970322253e+03
7.450314540954613768e-04 1.734849286048986414e+03
7.699415220053250396e-04 1.789439614588236282e+03
7.956844560711916160e-04 1.845676275516979558e+03
8.222881031073025473e-04 1.903602397834958538e+03
8.497812409839368810e-04 1.963262405012585987e+03
8.781936097571961097e-04 2.024701163068202959e+03
9.075559438396131216e-04 2.087964241986367142e+03
9.379000052463793693e-04 2.153097896310782289e+03
9.692586179531593148e-04 2.220148526549779945e+03
1.001665703402655023e-03 2.289163346100351191e+03
1.035156317198330069e-03 2.360189891991632521e+03
1.069766687024985286e-03 2.433276102110695319e+03
1.105534251837205851e-03 2.508469971302878093e+03
1.142497702358069404e-03 2.585820021677529439e+03
1.180697022931930960e-03 2.665375490077829454e+03
1.220173534776542454e-03 2.747184258170002977e+03
1.260969940681316284e-03 2.831295553668803223e+03
1.303130371200056587e-03 2.917757922241355573e+03
1.346700432388157767e-03 3.006620005927130478e+03
1.391727255135877424e-03 3.097929502911208601e+03
1.438259546151070007e-03 3.191734693176905694e+03
1.486347640646530459e-03 3.288082690532606648e+03
1.536043556788919398e-03 3.387020668946173373e+03
1.587401051968200579e-03 3.488593236532626179e+03
1.640475680948428249e-03 3.592847298829778083e+03
1.695324855962815390e-03 3.699825519708816955e+03
1.752007908818060174e-03 3.809571032585947250e+03
1.810586155075142928e-03 3.922126723399841467e+03
1.871122960375984270e-03 4.037531191614261388e+03
1.933683808987751848e-03 4.155823493323140610e+03
1.998336374638913938e-03 4.277040013747514422e+03
2.065150593723721201e-03 4.401215586608909689e+03
2.134198740954243185e-03 4.528382504215363952e+03
2.205555507541849362e-03 4.658569006201792945e+03
2.279298081992675151e-03 4.791802311689268208e+03
2.355506233604463730e-03 4.928105522675041357e+03
2.434262398755145627e-03 5.067499826773298082e+03
2.515651770076436904e-03 5.210000314428672937e+03
2.599762388608985089e-03 5.355618653893078772e+03
2.686685239038679764e-03 5.504365208531997268e+03
2.776514348117217236e-03 5.656238905179949143e+03
2.869346886373309435e-03 5.811241346510758376e+03
2.965283273224645581e-03 5.969361766828766122e+03
3.064427285604211931e-03 6.130589155444318749e+03
3.166886170218578649e-03 6.294901850303628635e+03
3.272770759559481216e-03 6.462272892346835761e+03
3.382195591794276077e-03 6.632670357530472756e+03
3.495279034664920681e-03 6.806050177788401925e+03
3.612143413529477973e-03 6.982362526904065817e+03
3.732915143684721951e-03 7.161551726150463764e+03
3.857724867112893516e-03 7.343547472589911195e+03
3.986707593800617976e-03 7.528274160188831956e+03
4.120002847782761740e-03 7.715643553758975031e+03
4.257754818069308354e-03 7.905559425333206491e+03
4.400112514618404608e-03 8.097910433673825537e+03
4.547229929524409554e-03 8.292581444719355204e+03
4.699266203595197679e-03 8.489433998090798923e+03
4.856385798499019031e-03 8.688330207188042550e+03
5.018758674667020935e-03 8.889108991357565174e+03
5.186560475143959549e-03 9.091599752541169437e+03
5.359972715585955248e-03 9.295619226558743321e+03
5.539182980610755057e-03 9.500969039858004180e+03
5.724385126713026593e-03 9.707431325635920075e+03
5.915779491964028892e-03 9.914777419510775871e+03
6.113573112722652143e-03 1.012275829355483984e+04
6.317979947592099882e-03 1.033110813083774337e+04
6.529221108864616957e-03 1.053954412304480138e+04
6.747525101704480652e-03 1.074776293730630096e+04
6.973128071328140755e-03 1.095544733071192604e+04
7.206274058448705437e-03 1.116225343698100005e+04
7.447215263261310406e-03 1.136782478929599529e+04
7.696212318254701257e-03 1.157178795239929605e+04
7.953534570144332738e-03 1.177373311813222972e+04
8.219460371231864307e-03 1.197324913066458248e+04
8.494277380506187053e-03 1.216988594351360916e+04
8.778282874811823774e-03 1.236318263484112867e+04
9.071784070421121463e-03 1.255264645331595420e+04
9.375098455358292851e-03 1.273777333709087543e+04
9.688554132834568261e-03 1.291803212759547205e+04
1.001249017616620725e-02 1.309286965343696647e+04
1.034725699555901803e-02 1.326171532358409604e+04
1.069321671715643858e-02 1.342397254249502657e+04
1.105074357476093505e-02 1.357902774253522148e+04
1.142022431465263173e-02 1.372624178132834641e+04
1.180205861394306721e-02 1.386496202022587568e+04
1.219665951291643881e-02 1.399452826348265626e+04
1.260445386182631328e-02 1.411425441768022574e+04
1.302588278263077520e-02 1.422344571960694702e+04
1.346140214616583890e-02 1.432139985054165300e+04
1.391148306527291781e-02 1.440740609518670135e+04
1.437661240441416924e-02 1.448075942090355056e+04
1.485729330632660182e-02 1.454075056820743885e+04
1.535404573628500365e-02 1.458668627583552916e+04
1.586740704456205894e-02 1.461788185338858784e+04
1.639793254769450481e-02 1.463367826264590258e+04
1.694619612918364313e-02 1.463344922592367402e+04
1.751279086028037155e-02 1.461660379798585200e+04
1.809832964152614798e-02 1.458259293117289235e+04
1.870344586574363213e-02 1.453094305566512776e+04
1.932879410319460894e-02 1.446123488191667457e+04
1.997505080964588620e-02 1.437313908048799749e+04
2.064291505810955316e-02 1.426641613315800350e+04
2.133310929504865505e-02 1.414094314752447463e+04
2.204638012186681956e-02 1.399670768087274701e+04
2.278349910252664909e-02 1.383383519598969542e+04
2.354526359817107548e-02 1.365260270227615729e+04
2.433249762964985810e-02 1.345344222543723663e+04
2.514605276888498206e-02 1.323696020448956551e+04
2.598680906003840441e-02 1.300393532222785507e+04
2.685567597147924673e-02 1.275534106190168495e+04
2.775359337957988490e-02 1.249234295798518724e+04
2.868153258540498754e-02 1.221629391504555315e+04
2.964049736539381419e-02 1.192873311207201186e+04
3.063152505717161092e-02 1.163138964032150761e+04
3.165568768166540647e-02 1.132614815153523887e+04
3.271409310273729054e-02 1.101504750760590468e+04
3.380788622559029871e-02 1.070025030622675695e+04
3.493825023524253087e-02 1.038401239542947042e+04
3.610640787640997940e-02 1.006863486713945713e+04
3.731362277618164441e-02 9.756446697240307913e+03
3.856120081091872487e-02 9.449732249187083653e+03
3.985049151885547425e-02 9.150685631094069322e+03
4.118288955993056055e-02 8.861364904312989893e+03
4.255983622442782027e-02 8.583616586189618829e+03
4.398282099205792772e-02 8.319026558335830487e+03
4.545338314316834522e-02 8.068852589359520607e+03
4.697311342382341770e-02 7.833966387962725094e+03
4.854365576655684383e-02 7.614789059726403138e+03
5.016670906865677154e-02 7.411248071735390113e+03
5.184402902990837420e-02 7.222716636877862584e+03
5.357743005178047802e-02 7.047991113490001226e+03
5.536878720011212396e-02 6.885254510991399911e+03
5.722003823342062395e-02 6.732101714045457811e+03
5.913318569902666078e-02 6.585557078488473053e+03
6.111029909926251474e-02 6.442167439796280632e+03
6.315351713010779189e-02 6.298116773774685498e+03
6.526504999467336310e-02 6.149428649655409572e+03
6.744718179403717817e-02 5.992205051284456204e+03
6.970227299801623477e-02 5.822932689658981872e+03
7.203276299854979858e-02 5.638831175028102734e+03
7.444117274845411802e-02 5.438186016590538202e+03
7.693010748840443946e-02 5.220671175540614058e+03
7.950225956509210379e-02 4.987569228055129315e+03
8.216041134360790865e-02 4.741853025890965000e+03
8.490743821719984319e-02 4.488088138019141297e+03
8.774631171766281157e-02 4.232129835601231207e+03
9.068010272972255870e-02 3.980647954720978305e+03
9.371198481289348681e-02 3.740481223010723625e+03
9.684523763440215649e-02 3.517946200312567726e+03
1.000832505168899600e-01 3.318154785488416110e+03
1.034295261047340625e-01 3.144410738135284191e+03
1.068876841529496080e-01 2.997767503148285869e+03
1.104614654427753945e-01 2.876764548149180882e+03
1.141547358281756464e-01 2.777385599870099668e+03
1.179714904176376727e-01 2.693292267685475963e+03
1.219158578957853512e-01 2.616420156367235904e+03
1.259921049894874856e-01 2.538003030249311450e+03
1.302046410832891354e-01 2.450003050713175071e+03
1.345580229891604751e-01 2.346749568308001926e+03
1.390569598757198100e-01 2.226374231755665733e+03
1.437063183622670492e-01 2.091529701381692121e+03
1.485111277831346888e-01 1.948991995513580378e+03
1.534765856280515817e-01 1.808099159025832932e+03
1.586080631644066208e-01 1.678420761525112994e+03
1.639111112474894438e-01 1.567348867162172837e+03
1.693914663249987407e-01 1.478271122735914105e+03
1.750550566423093313e-01 1.409730057216041359e+03
1.809080086552135869e-01 1.355735305052409785e+03
1.869566536570689830e-01 1.307295065640752227e+03
1.932075346275276828e-01 1.255092175530670147e+03
1.996674133102498971e-01 1.192733492051039320e+03
2.063432775272630582e-01 1.119277815715809766e+03
2.132423487378718452e-01 1.039583048467298113e+03
2.203720898503036263e-01 9.619618202001928466e+02
2.277402132945338109e-01 8.942391671585567110e+02
2.353546893650253491e-01 8.402253333258775001e+02
2.432237548424092122e-01 7.982216025396726309e+02
2.513559219034258718e-01 7.621408031575890618e+02
2.597599873287743666e-01 7.248426823075679977e+02
2.684450420188219666e-01 6.821836348167636288e+02
2.774204808274743361e-01 6.352981539074030479e+02
2.866960127248350254e-01 5.892971246270067240e+02
2.962816712996577673e-01 5.492760885974761322e+02
3.061878256129444420e-01 5.167105463951982074e+02
3.164251914144354805e-01 4.888351849687248318e+02
3.270048427341168962e-01 4.612720820696605415e+02
3.379382238612947953e-01 4.317581126611897275e+02
3.492371617241852855e-01 4.017030446482688149e+02
3.609138786834163448e-01 3.741725220263682559e+02
3.729810057532814693e-01 3.505717660470866122e+02
3.854515962650386651e-01 3.295257426308853042e+02
3.983391399870480631e-01 3.088308811575922732e+02
4.116575777170102257e-01 2.879782899832547969e+02
4.254213163620995108e-01 2.682472245864185538e+02
4.396452445232932327e-01 2.506190859341005535e+02
4.543447486007690661e-01 2.345492811655545040e+02
4.695357294377799362e-01 2.190425547221937848e+02
4.852346195210218704e-01 2.040711677314523627e+02
5.014584007560848322e-01 1.902225248559780084e+02
5.182246228372336949e-01 1.775372573264458254e+02
5.355514222313770833e-01 1.655613536205879655e+02
5.534575417967635413e-01 1.541799352818963200e+02
5.719623510576314906e-01 1.435987385579860529e+02
5.910858671567322808e-01 1.337825289052615574e+02
6.108487765084068544e-01 1.245450819273938095e+02
6.312724571756275216e-01 1.158854316921488987e+02
6.523790019952193653e-01 1.078332287563202243e+02
6.741912424762606104e-01 1.003057987401588633e+02
6.967327734975364839e-01 9.326577367120106032e+01
7.200279788307419881e-01 8.670105775638859313e+01
7.441020575170596008e-01 8.057965451239131482e+01
7.689810511256225389e-01 7.487040582723045645e+01
7.946918719233755368e-01 6.954573811083400869e+01
8.212623319867858873e-01 6.458185897808364473e+01
8.487211732869031078e-01 5.995641742443593358e+01
8.770980987803161932e-01 5.564811753923576987e+01
9.064238045396205701e-01 5.163661620504710470e+01
9.367300129581793700e-01 4.790272045672052315e+01
9.680495070650749767e-01 4.442827148797109515e+01
1.000416165987385808e+00 4.119601771987061767e+01
1.033865001598128330e+00 3.818977617743096431e+01
1.068432196389532240e+00 3.539448236627693234e+01
1.104155142612600837e+00 3.279621569001604797e+01
1.141072482725305592e+00 3.038191651304648389e+01
1.179224151193147607e+00 2.813925134820238227e+01
1.218651417687333982e+00 2.605649919278854298e+01
1.259396931727273516e+00 2.412267846333016408e+01
1.301504768815691548e+00 2.232756324927941094e+01
1.345020478116276896e+00 2.066169070715954703e+01
1.389991131725407447e+00 1.911621456502309968e+01
1.436465375591293947e+00 1.768282877941775766e+01
1.484493482135585296e+00 1.635369561663439697e+01
1.534127404634392455e+00 1.512148771748247889e+01
1.585420833417506836e+00 1.397938248498632596e+01
1.638429253946665609e+00 1.292105334317887610e+01
1.693210006835640158e+00 1.194060219591581351e+01
1.749822349877109051e+00 1.103251929112283847e+01
1.808327522143368116e+00 1.019164908607697662e+01
1.868788810230267217e+00 9.413182823281395883e+00
1.931271616715998229e+00 8.692641404320234244e+00
1.995843530908793184e+00 8.025854646485642618e+00
2.062574401960084458e+00 7.408940423457613278e+00
2.131536414422164238e+00 6.838285588045776464e+00
2.202804166332139602e+00 6.310528450797090905e+00
2.276454749906602792e+00 5.822542060476424197e+00
2.352567834934338631e+00 5.371418514055069870e+00
2.431225754957225149e+00 4.954453996326979137e+00
2.512513596332623944e+00 4.569135545520803809e+00
2.596519290273538783e+00 4.213128402086145918e+00
2.683333707966161441e+00 3.884263771505550356e+00
2.773050758867611432e+00 3.580527727811125605e+00
2.865767492290306695e+00 3.300050707700136421e+00
2.961584202382770314e+00 3.041097313804252522e+00
3.060604536620467719e+00 2.802057332268446110e+00
3.162935607924048931e+00 2.581437225101363087e+00
3.268688110526199786e+00 2.377851752915097094e+00
3.377976439712552459e+00 2.190016613856244909e+00
3.490918815566087297e+00 2.016741556904621202e+00
3.607637410848952619e+00 1.856923896900481763e+00
3.728258483159945236e+00 1.709542197371965999e+00
3.852912511510727001e+00 1.573650355561519332e+00
3.981734337468417539e+00 1.448372009519659942e+00
4.114863311017320058e+00 1.332895705993136781e+00
4.252443441297450555e+00 1.226470444897693968e+00
4.394623552383071896e+00 1.128401353281321073e+00
4.541557444269631816e+00 1.038045603551753127e+00
4.693404059243289517e+00 9.548085958711325372e-01
4.850327653813030437e+00 8.781403209781386554e-01
5.012497976391239618e+00 8.075321650156436215e-01
5.180090450915090017e+00 7.425140120152077250e-01
5.353286366607249214e+00 6.826514764854487716e-01
5.532273074081278885e+00 6.275432412943142690e-01
5.717244188003695271e+00 5.768185355508085310e-01
5.908399796532135539e+00 5.301348120241649031e-01
6.105946677756002750e+00 4.871756660937325289e-01
6.310098523373801171e+00 4.476489587668653347e-01
6.521076169849157722e+00 4.112849812984453735e-01
6.739107837295406966e+00 3.778347757029962839e-01
6.964429376347387013e+00 3.470686057314318895e-01
7.197284523287298619e+00 3.187745252378532124e-01
7.437925163700752407e+00 2.927570323700453558e-01
7.686611604948010879e+00 2.688357971660101930e-01
7.943612857745410594e+00 2.468444849698162025e-01
8.209206927161357470e+00 2.266296892413488528e-01
8.483681113341843272e+00 2.080499850594066669e-01
8.767332322290526392e+00 1.909750120692525199e-01
9.060467387039910392e+00 1.752846248433643506e-01
9.363403399560734641e+00 1.608681134122310064e-01
9.676468053768756405e+00 1.476234884100958156e-01
1.000000000000001243e+01 1.354568134147895175e-01
