1.7961554e-14 1.8891822e-14 1.8572709e-14 1.7409649e-14 1.8826793e-14 1.7913202e-14 1.7992159e-14 1.821208e-14 1.8050739e-14 1.7878971e-14 4.8755217e+11
9.8437035e-15 1.0486074e-14 1.0271789e-14 1.0538965e-14 1.0456477e-14 9.8081904e-15 9.8992709e-15 1.0029069e-14 9.9140835e-15 9.8359584e-15 6.2597042e+11
6.6839965e-15 6.0415914e-15 6.4495425e-15 6.0747549e-15 6.0115859e-15 6.6495581e-15 6.7121475e-15 6.2900745e-15 6.7361746e-15 6.6575615e-15 8.0368624e+11
3.7812666e-15 4.1775822e-15 3.8895195e-15 3.4490778e-15 4.4589365e-15 3.7639504e-15 3.7914107e-15 4.0397603e-15 3.5581702e-15 3.7681743e-15 1.0318564e+12
2.2737362e-15 2.6194628e-15 2.5865358e-15 2.187745e-15 2.5225903e-15 2.2595965e-15 2.2901929e-15 2.4170243e-15 2.4997444e-15 2.2589442e-15 1.324805e+12
1.4496364e-15 1.6475114e-15 1.5049267e-15 1.3897451e-15 1.5222065e-15 1.4343008e-15 1.3976585e-15 1.4688939e-15 1.4052428e-15 1.4395595e-15 1.7009232e+12
8.5767106e-16 9.8466994e-16 9.3925027e-16 7.8103806e-16 1.0159165e-15 8.762875e-16 9.0758918e-16 8.9289534e-16 8.8469946e-16 8.7790967e-16 2.1838229e+12
5.3353195e-16 6.3639334e-16 5.926008e-16 4.7031361e-16 6.201957e-16 5.0848864e-16 5.2545248e-16 5.6640833e-16 5.3420323e-16 5.086306e-16 2.8038201e+12
3.1049345e-16 3.817182e-16 3.6054697e-16 2.7811493e-16 3.7307941e-16 3.1344566e-16 3.1721639e-16 3.3370935e-16 3.2239124e-16 3.1431663e-16 3.5998372e+12
1.914055e-16 2.3575552e-16 2.199886e-16 1.6628809e-16 2.344742e-16 1.8753719e-16 1.9163661e-16 2.001125e-16 1.9458791e-16 1.8788905e-16 4.6218472e+12
1.1149817e-16 1.4336642e-16 1.3155259e-16 9.5949944e-17 1.4120523e-16 1.1187677e-16 1.140266e-16 1.2038901e-16 1.1470375e-16 1.1085174e-16 5.9340104e+12
6.6803608e-17 8.7743762e-17 7.8636408e-17 5.616689e-17 8.4582727e-17 6.5306327e-17 6.7231641e-17 7.2373067e-17 6.8788756e-17 6.5659236e-17 7.6187026e+12
3.9200919e-17 5.2530736e-17 4.7511927e-17 3.2096882e-17 5.1677987e-17 3.7993799e-17 3.9844179e-17 4.2614449e-17 4.0159099e-17 3.8528006e-17 9.7816866e+12
2.2712326e-17 3.1194672e-17 2.7770501e-17 1.842992e-17 3.0646356e-17 2.2231143e-17 2.289745e-17 2.4903034e-17 2.3265204e-17 2.1952671e-17 1.2558751e+13
1.2916964e-17 1.8515429e-17 1.6286223e-17 1.0284347e-17 1.8013574e-17 1.253587e-17 1.3170388e-17 1.4359792e-17 1.3468466e-17 1.261301e-17 1.6124237e+13
7.2954212e-18 1.0844369e-17 9.4942241e-18 5.719659e-18 1.0593143e-17 7.1137232e-18 7.3974173e-18 8.1356896e-18 7.6257773e-18 7.1208533e-18 2.0701981e+13
4.0410751e-18 6.2774572e-18 5.3660288e-18 3.1061114e-18 6.0408079e-18 3.9125238e-18 4.1083629e-18 4.5672916e-18 4.270269e-18 3.9392539e-18 2.6579367e+13
2.1912185e-18 3.56139e-18 2.9990818e-18 1.6517809e-18 3.4511557e-18 2.1549478e-18 2.2649579e-18 2.5498341e-18 2.3042338e-18 2.1911415e-18 3.4125368e+13
1.1904593e-18 1.979062e-18 1.6647014e-18 8.4219393e-19 1.9217844e-18 1.1471855e-18 1.2275387e-18 1.3834234e-18 1.2221538e-18 1.1571517e-18 4.3813714e+13
6.1682374e-19 1.0992881e-18 8.9286025e-19 4.3736873e-19 1.0590149e-18 5.9625277e-19 6.3351829e-19 7.251623e-19 6.4584154e-19 6.0711761e-19 5.6252625e+13
3.133833e-19 5.7363176e-19 4.6623564e-19 2.1174915e-19 5.6258125e-19 3.012408e-19 3.1987383e-19 3.8102664e-19 3.3156839e-19 2.982435e-19 7.2222998e+13
1.4979389e-19 3.1380165e-19 2.3156069e-19 9.8160339e-20 2.9281086e-19 1.4212334e-19 1.5816105e-19 1.8753413e-19 1.6196223e-19 1.4857873e-19 9.2727432e+13
6.9400575e-20 1.5239646e-19 1.1694339e-19 4.3893566e-20 1.4460809e-19 6.6165695e-20 7.6266346e-20 9.0071682e-20 7.705922e-20 6.8053297e-20 1.1905317e+14
3.2381058e-20 7.4521479e-20 5.5930429e-20 1.8393241e-20 7.0838666e-20 2.8893836e-20 3.1712585e-20 3.9863971e-20 3.406032e-20 3.2142412e-20 1.528529e+14
1.2431286e-20 3.352461e-20 2.3481878e-20 7.7900405e-21 3.2161592e-20 1.3374949e-20 1.3581251e-20 1.78163e-20 1.4703105e-20 1.2466604e-20 1.9624852e+14
5.0208117e-21 1.5268868e-20 9.9210388e-21 2.6198037e-21 1.3999234e-20 5.1998983e-21 5.6631845e-21 7.2660089e-21 5.5690675e-21 4.3559979e-21 2.5196436e+14
1.8183903e-21 6.8453383e-21 3.8544025e-21 8.1516793e-22 5.8655137e-21 1.7792589e-21 2.0419905e-21 2.5494529e-21 2.4252527e-21 1.7642425e-21 3.2349818e+14
6.0591339e-22 2.4190964e-21 1.4942506e-21 2.5237627e-22 2.2550644e-21 4.5867243e-22 6.4683905e-22 9.6413153e-22 7.0825741e-22 5.3811804e-22 4.1534076e+14
1.5993294e-22 7.9977444e-22 5.1911178e-22 1.2208715e-23 7.1671975e-22 1.7115102e-22 2.4830301e-22 3.7266282e-22 1.8944451e-22 1.8710992e-22 5.3325788e+14
2.967484e-23 2.4173717e-22 1.1317797e-22 1.8899111e-23 1.8531943e-22 2.3179384e-23 5.445323e-23 8.6084278e-23 6.7739375e-23 4.0805821e-23 6.8465219e+14
9.2501365e-24 8.8444225e-23 7.106494e-23 3.656982e-24 7.2965016e-23 4.5126551e-24 4.7176994e-24 5.1772316e-24 1.9217027e-23 1.8161485e-23 8.7902802e+14
