1.4284363e-14 1.5237595e-14 1.5631641e-14 1.5790161e-14 1.5477863e-14 1.5156713e-14 1.5403087e-14 1.4721284e-14 1.4396285e-14 1.4835106e-14 4.7873722e+11
9.7797837e-15 9.3389585e-15 9.6276731e-15 8.3997311e-15 9.5342189e-15 9.2721729e-15 9.4607294e-15 8.9841317e-15 8.7485635e-15 9.0330795e-15 5.9262794e+11
4.903577e-15 5.7046495e-15 5.2210809e-15 6.376787e-15 5.8475527e-15 5.6642583e-15 5.7890458e-15 6.060362e-15 5.888509e-15 5.4985591e-15 7.3361306e+11
3.5974057e-15 3.4940199e-15 4.2153849e-15 3.8881166e-15 3.5870357e-15 3.8116408e-15 3.5543852e-15 3.4759005e-15 3.3571792e-15 3.6893568e-15 9.0813829e+11
2.1514701e-15 2.536059e-15 2.4610251e-15 2.6012276e-15 2.4241536e-15 2.2219992e-15 2.5763294e-15 2.1976607e-15 2.2742265e-15 2.4776914e-15 1.1241827e+12
1.3354159e-15 1.5468611e-15 1.570228e-15 1.7725351e-15 1.6514554e-15 1.6242309e-15 1.5772415e-15 1.4396456e-15 1.4048617e-15 1.3705464e-15 1.3916238e+12
7.993511e-16 9.8684444e-16 1.1036354e-15 1.0658567e-15 1.049796e-15 9.4626889e-16 9.5326775e-16 8.8365453e-16 8.3285839e-16 9.6431726e-16 1.7226886e+12
5.0339267e-16 6.3005405e-16 6.4335697e-16 6.7574121e-16 6.4150226e-16 6.0631528e-16 6.6037627e-16 5.72224e-16 5.2641863e-16 5.592442e-16 2.1325131e+12
3.0797006e-16 3.9763937e-16 4.2844208e-16 4.3150171e-16 4.0191994e-16 3.8220867e-16 4.0226713e-16 3.3490447e-16 3.1301109e-16 3.4795123e-16 2.6398341e+12
1.8380593e-16 2.3941907e-16 2.7415311e-16 2.8229918e-16 2.5971883e-16 2.364172e-16 2.4616135e-16 2.1172162e-16 1.9007519e-16 2.1187255e-16 3.2678459e+12
1.0930777e-16 1.4836885e-16 1.6284958e-16 1.7438946e-16 1.611186e-16 1.441052e-16 1.5493864e-16 1.2746211e-16 1.146286e-16 1.3328272e-16 4.0452605e+12
6.3976853e-17 9.060491e-17 1.0371118e-16 1.0679097e-16 9.5873077e-17 8.6073416e-17 9.5580575e-17 7.6431865e-17 6.6212441e-17 7.6529072e-17 5.0076207e+12
3.6997523e-17 5.3767167e-17 6.2456779e-17 6.5567915e-17 5.8866765e-17 5.2510152e-17 5.6372913e-17 4.4610454e-17 3.8685165e-17 4.6616439e-17 6.1989247e+12
2.0747276e-17 3.2093651e-17 3.720103e-17 4.0500775e-17 3.6233598e-17 3.0824982e-17 3.4378996e-17 2.5813609e-17 2.2620131e-17 2.6864685e-17 7.6736377e+12
1.1670266e-17 1.8821944e-17 2.2371528e-17 2.3946169e-17 2.1108675e-17 1.7861716e-17 1.9803392e-17 1.4976076e-17 1.2409332e-17 1.552151e-17 9.4991823e+12
6.3008586e-18 1.0947651e-17 1.3317907e-17 1.4336233e-17 1.2242894e-17 1.0396816e-17 1.1680526e-17 8.2071458e-18 6.9915526e-18 8.8103489e-18 1.1759021e+13
3.3595861e-18 6.043639e-18 7.5554706e-18 8.1801612e-18 7.0309014e-18 5.8350344e-18 6.6612831e-18 4.6108528e-18 3.7156986e-18 4.7990869e-18 1.455647e+13
1.776903e-18 3.4378264e-18 4.2885525e-18 4.7439602e-18 4.0046518e-18 3.2251314e-18 3.7582301e-18 2.4610175e-18 1.9673172e-18 2.5949168e-18 1.8019428e+13
8.9190416e-19 1.8891903e-18 2.3855845e-18 2.641498e-18 2.2422948e-18 1.73465e-18 2.0471529e-18 1.2995288e-18 1.0032764e-18 1.3747716e-18 2.2306218e+13
4.4990466e-19 9.9922152e-19 1.2910189e-18 1.4507985e-18 1.1685352e-18 9.2705191e-19 1.0823099e-18 6.597259e-19 4.849882e-19 7.28467e-19 2.7612827e+13
2.1278734e-19 5.0270207e-19 6.7956802e-19 7.7485925e-19 6.039014e-19 4.5716293e-19 5.6280065e-19 3.405744e-19 2.441375e-19 3.5231631e-19 3.4181869e+13
9.3035541e-20 2.4852812e-19 3.5069471e-19 4.0836879e-19 3.0984609e-19 2.3217196e-19 2.8729606e-19 1.4970719e-19 1.0973051e-19 1.7385985e-19 4.2313674e+13
3.9171185e-20 1.190719e-19 1.7367306e-19 1.9315665e-19 1.4905269e-19 1.0117335e-19 1.3892698e-19 7.4007533e-20 4.6316529e-20 7.4554202e-20 5.238002e+13
1.6792571e-20 5.2983807e-20 8.1426796e-20 9.4438355e-20 7.2769884e-20 4.8620909e-20 5.9535228e-20 3.090854e-20 2.1361945e-20 3.2745873e-20 6.4841133e+13
6.1682317e-21 2.2734044e-20 3.7726547e-20 4.322622e-20 3.3530387e-20 2.0241339e-20 2.7214827e-20 1.1116309e-20 9.1040149e-21 1.2410675e-20 8.0266721e+13
2.4543753e-21 9.9744383e-21 1.5738119e-20 2.0580355e-20 1.4320023e-20 8.87261e-21 1.2376461e-20 4.5988997e-21 2.7579801e-21 5.1304724e-21 9.936203e+13
6.056139e-22 3.5799573e-21 6.1091248e-21 8.6566414e-21 5.8072776e-21 3.10257e-21 3.9703835e-21 2.020847e-21 1.1561248e-21 2.1292858e-21 1.2300008e+14
1.6998168e-22 1.5262129e-21 2.9565884e-21 3.3583925e-21 2.445207e-21 1.3979874e-21 1.9224695e-21 4.7438275e-22 2.5802536e-22 6.7574631e-22 1.5226157e+14
0 2.6557448e-22 8.959051e-22 1.1711109e-21 7.1829643e-22 3.685028e-22 6.8809501e-22 2.1532259e-22 4.146222e-23 1.9850253e-22 1.8848433e+14
0 7.1885793e-23 2.8111531e-22 2.0937457e-22 1.5956128e-22 9.1962676e-23 2.0354104e-22 3.8611373e-23 1.6656461e-23 4.0088623e-23 2.3332441e+14
0 5.8374215e-23 1.1467014e-22 1.4667463e-22 2.166065e-23 0 6.2089697e-23 0 0 0 2.8883187e+14
