0.0088996412 0.86164684 0.90633153 1.0512051 1.3382469
0.015079122 0.86405548 0.91207829 1.0610977 1.3306483
0.021447902 0.86609246 0.91921937 1.071846 1.3573252
0.027836608 0.86127007 0.91001208 1.0631741 1.3513778
0.034350998 0.86550265 0.91612516 1.0648969 1.3456405
0.040478868 0.86184137 0.91088547 1.0636124 1.3399612
0.046767167 0.86146584 0.91489054 1.0717775 1.3514812
0.053082251 0.86275274 0.91564316 1.0680988 1.3457079
0.059453624 0.86431648 0.92054307 1.0751376 1.3524435
0.065762248 0.86065639 0.91378709 1.0662184 1.3419927
0.071966329 0.86094893 0.9158306 1.0692631 1.3426465
0.078278609 0.8561964 0.91076516 1.0671052 1.3426139
0.084703989 0.85607316 0.91220108 1.0650296 1.341587
0.090968546 0.85566217 0.91169727 1.065525 1.3457515
0.097207898 0.85276131 0.90830233 1.0613112 1.3292421
0.1034763 0.85153651 0.9092242 1.0636384 1.3332611
0.10975764 0.84878261 0.90529207 1.06021 1.3269008
0.11605431 0.84700954 0.90282039 1.0558449 1.3233311
0.12236697 0.84577369 0.90163836 1.0568697 1.327532
0.12868173 0.84457017 0.90183739 1.0590189 1.3282797
0.13495008 0.8391022 0.89524844 1.0508709 1.3176894
0.14119496 0.83729056 0.89452309 1.0499821 1.3167497
0.14751336 0.83320558 0.89007103 1.0449297 1.3058523
0.15378651 0.83311004 0.89060459 1.0441438 1.3060732
0.16006575 0.82828754 0.88484912 1.0357903 1.2929951
0.16639912 0.82421981 0.88134312 1.0335992 1.2926168
0.17271956 0.81965142 0.87665213 1.0293861 1.2845976
0.17897652 0.81780577 0.87485735 1.025568 1.2758383
0.18523537 0.81489597 0.87177353 1.0206665 1.2753358
0.19148068 0.81320349 0.86990034 1.0202937 1.2698323
0.19778899 0.80824623 0.86626826 1.0153604 1.2654693
0.20409377 0.80707791 0.86321802 1.0132366 1.2654575
0.21039393 0.80256983 0.85833673 1.0086513 1.254849
0.21669097 0.79839889 0.85538066 1.0011155 1.245418
0.22297003 0.79403693 0.84936907 0.99562148 1.2381691
0.229262 0.78840466 0.84300713 0.98862416 1.2328784
0.23551415 0.7895434 0.84555112 0.98743976 1.2217752
0.24179106 0.78307288 0.83788114 0.98298195 1.2249948
0.24808565 0.78047276 0.83514095 0.97629658 1.210745
0.25434923 0.77817878 0.83261501 0.97628639 1.2059696
0.26063343 0.77322809 0.82776701 0.96998327 1.2012396
0.26692574 0.76926789 0.82368566 0.96513629 1.1902738
0.27324233 0.76753436 0.82096969 0.96113713 1.1886911
0.27955297 0.76399431 0.81914791 0.95918816 1.1751033
0.28583663 0.75956514 0.8127414 0.95133355 1.1699565
0.29208763 0.75621112 0.81042003 0.94711554 1.164268
0.29834498 0.75325929 0.80654419 0.94464678 1.1558796
0.30463826 0.74945938 0.801847 0.93812094 1.1518852
0.31092791 0.74494961 0.79865097 0.93396004 1.1423358
0.31721682 0.74055163 0.7935829 0.92604185 1.1361184
0.32351876 0.73683952 0.78750814 0.92262142 1.1298102
0.32981682 0.73511592 0.78734289 0.91773686 1.1232198
0.33611764 0.73118495 0.78280857 0.91367302 1.1141917
0.34237004 0.72845464 0.77968254 0.9104179 1.110512
0.34864782 0.7249048 0.77636119 0.90456677 1.0983726
0.35494116 0.72241286 0.77280888 0.8995932 1.0924815
0.36119169 0.71780857 0.76744188 0.89310432 1.0802999
0.36747671 0.71438418 0.76421577 0.88922148 1.0796554
0.37376478 0.71108784 0.76032335 0.88543926 1.0683526
0.3800654 0.7082245 0.75690765 0.87891916 1.0587754
0.38635399 0.70404068 0.75329175 0.87628502 1.0556052
0.39261402 0.70331578 0.75157645 0.87255274 1.0426841
0.39892645 0.69781297 0.74591917 0.86730962 1.0416368
0.40520732 0.69447404 0.74263392 0.85942699 1.0293429
0.41149165 0.69162941 0.73898458 0.85949619 1.0316438
0.41778143 0.68864093 0.73475527 0.85258914 1.014678
0.42404006 0.68544704 0.73228962 0.84742627 1.0082926
0.43034257 0.68030521 0.72597094 0.83879327 0.99910933
0.43663586 0.68136358 0.72796314 0.84276675 0.99613821
0.44289962 0.67539082 0.72028941 0.83265548 0.98207112
0.44916344 0.6734507 0.71966292 0.82933975 0.97499035
0.45544141 0.67160172 0.71765315 0.82853553 0.97290623
0.46176345 0.66723996 0.71137276 0.81919342 0.95678847
0.46806442 0.66453734 0.70842296 0.81481613 0.955611
0.47434852 0.66306937 0.70711075 0.81484277 0.94742672
0.48063561 0.6598529 0.70309556 0.80696216 0.94257224
0.48690193 0.65678488 0.6990846 0.80190816 0.93478942
0.49316971 0.65284974 0.69630843 0.79907371 0.92701046
0.49945067 0.65096023 0.69395024 0.79307274 0.91532481
0.50571591 0.64765343 0.6900783 0.78991173 0.90571525
0.5119924 0.64471987 0.68637145 0.78261873 0.90043334
0.51831261 0.64305257 0.68411833 0.77995209 0.90057158
0.52460896 0.63916865 0.68088412 0.77549981 0.88374007
0.53087573 0.63664143 0.67737929 0.77282647 0.87860928
0.53715735 0.63348577 0.67377802 0.77081867 0.87708038
0.54345796 0.63152713 0.67163378 0.76490472 0.86746207
0.54974307 0.62759292 0.66717411 0.75672331 0.85444574
0.55599374 0.62400224 0.66342819 0.75348217 0.84633533
0.56228547 0.62395024 0.66311621 0.75269119 0.84667247
0.56860115 0.61992456 0.65765689 0.74573623 0.83558151
0.57488046 0.6187094 0.65715226 0.74228468 0.82645396
0.58115502 0.61638904 0.6538247 0.7395751 0.81690159
0.58743945 0.61414462 0.65099747 0.73440509 0.81229223
0.59371762 0.61112358 0.64792348 0.72964976 0.80387437
0.5999972 0.60853702 0.64536452 0.72645347 0.80092483
0.60626791 0.60626987 0.64291217 0.72273445 0.79494086
0.61254696 0.60306346 0.63907472 0.71780491 0.77992559
0.61884777 0.60125654 0.63644377 0.71397242 0.7743101
0.62513106 0.59869437 0.63320817 0.70821954 0.77286031
0.63140275 0.59528607 0.62951173 0.7051875 0.75740301
0.63770036 0.59490935 0.63002129 0.702229 0.75641513
0.64398578 0.59215969 0.62629814 0.69782148 0.74938784
0.65026854 0.59030044 0.62297525 0.69180576 0.74037707
0.65655861 0.58742682 0.62053062 0.68895451 0.73272408
0.66283693 0.58611828 0.61881031 0.68389725 0.72567243
0.66911854 0.58218943 0.61482286 0.68200661 0.71729931
0.67540702 0.58031875 0.61272504 0.67772958 0.71139401
0.68168355 0.57775311 0.6092846 0.67489606 0.70152581
0.68795925 0.57587191 0.60703266 0.67163565 0.69611068
0.69423443 0.57409994 0.60377434 0.66720237 0.69533093
0.70051754 0.57150221 0.60173163 0.66211651 0.68035257
0.7068125 0.56878939 0.59885242 0.65737356 0.67057184
0.7131019 0.56834147 0.59771911 0.65394166 0.66520031
0.71939183 0.5655516 0.59538569 0.65147032 0.65830091
0.72568338 0.56387576 0.59364474 0.64935822 0.65096878
0.73196527 0.56052185 0.58904461 0.64482972 0.64922196
0.7382508 0.55972251 0.58769301 0.63991282 0.64171994
0.74452658 0.5569194 0.58442729 0.63616408 0.62651829
0.75078711 0.55486165 0.58169237 0.63158652 0.62692089
0.75707585 0.55255056 0.57914452 0.62828726 0.62092761
0.76336412 0.55153717 0.57764518 0.62586169 0.61077127
0.7696463 0.54836088 0.57378294 0.61888301 0.59856304
0.77593949 0.54721802 0.57317813 0.61848982 0.59335068
0.78223291 0.54515156 0.569877 0.6135294 0.59177993
0.78853149 0.54307122 0.56836436 0.60880179 0.57686264
0.79478966 0.54080291 0.56507222 0.60542593 0.57246749
0.80104911 0.53942171 0.56321426 0.6021431 0.57010732
0.80733641 0.53773065 0.56228303 0.5992906 0.55507006
0.81362295 0.53566405 0.55907974 0.59700432 0.5474038
0.8199153 0.53391948 0.55684888 0.59266044 0.55089238
0.82619526 0.53285059 0.55551659 0.5890089 0.54114844
0.83248971 0.53021853 0.55286886 0.58637144 0.52749349
0.83879593 0.527693 0.54929097 0.58076223 0.51604391
0.84506346 0.52700366 0.54869756 0.57871385 0.5236817
0.85132829 0.52518558 0.54663318 0.57262119 0.50446297
0.85761983 0.52353495 0.54325047 0.57134168 0.4965906
0.86390585 0.52117459 0.54066398 0.56875788 0.4851076
0.87018387 0.519854 0.53949388 0.56579074 0.47839024
0.87646411 0.51822097 0.53815058 0.56097859 0.47572557
0.88275039 0.51566536 0.5350416 0.55664383 0.47238698
0.88903328 0.51431092 0.53312908 0.55427013 0.46816187
0.89530842 0.51298394 0.53170856 0.55259052 0.46245953
0.90159565 0.51047515 0.52817977 0.54731215 0.45389206
0.90788333 0.50948859 0.52761332 0.54712318 0.44251274
0.91417441 0.50818767 0.52515456 0.54014787 0.43022911
0.92046308 0.50591782 0.52286736 0.53615848 0.41766992
0.92674344 0.50389478 0.52062179 0.53380504 0.40790437
0.93303242 0.50328192 0.51823555 0.5291936 0.40140298
0.93932658 0.50065503 0.51618239 0.5277338 0.39297862
0.94559748 0.49951286 0.51416853 0.52376885 0.3865179
0.951866 0.4980493 0.51359329 0.52048081 0.39374111
0.95814133 0.49603261 0.51048081 0.51630313 0.37848031
0.96443509 0.49476225 0.50933797 0.51434057 0.36950782
0.97073556 0.49347124 0.50745624 0.51232411 0.36763656
0.97700808 0.4919101 0.50517165 0.50559053 0.34947695
0.98328233 0.48993182 0.50260991 0.50201002 0.33742155
0.98955697 0.48872797 0.50059343 0.49994992 0.33595226
0.99584563 0.48733598 0.49967088 0.49894792 0.33465262
1.0021362 0.48535176 0.49677783 0.49497825 0.32429175
1.0084048 0.48409376 0.49532264 0.49171372 0.31200235
1.0146941 0.48274894 0.49354722 0.48926614 0.31152455
1.0209926 0.48109895 0.49152333 0.48768288 0.29156742
1.027274 0.47930155 0.49019053 0.48200472 0.28798936
1.0335592 0.47875112 0.48938685 0.48176004 0.28264972
1.0398476 0.47651166 0.48630727 0.4774577 0.27185764
1.046127 0.47553339 0.48534653 0.47237558 0.25233088
1.0524034 0.47381875 0.48211695 0.46859548 0.24360095
1.0586807 0.47243501 0.47972984 0.46661434 0.24394855
1.0649643 0.47047261 0.47749568 0.46219468 0.22138863
1.0712568 0.47006657 0.47682876 0.46057838 0.21722276
1.077544 0.46847558 0.4753046 0.45872419 0.23328028
1.0838248 0.46751921 0.47423371 0.45542616 0.19717536
1.090108 0.46524174 0.47154328 0.45157293 0.1792982
1.0963897 0.46395527 0.47011659 0.44638067 0.18135411
1.1026811 0.46383747 0.46883501 0.44610522 0.12783519
1.108963 0.46220361 0.4671848 0.44308015 0.12398017
1.1152254 0.46128955 0.46621139 0.43855346 0.12849751
1.1215021 0.45910066 0.46309263 0.43559524 0.091527692
1.1277926 0.45784709 0.46225289 0.4348343 0.086657123
1.1340896 0.45602411 0.45969834 0.4290886 0.076908267
1.140364 0.45490331 0.45809761 0.42507574 0.077916577
1.1466392 0.45343128 0.4562344 0.4237461 0.023285436
1.1529424 0.45233859 0.45462627 0.42069313 0.011815787
1.1592289 0.45118176 0.45357354 0.41847777 0.015263366
1.1655087 0.44960976 0.45138586 0.41468054 0.011229831
1.1717931 0.44811471 0.44953272 0.4092098 0.010642759
1.1780874 0.44734871 0.44832389 0.40775899 0
1.1843677 0.4462248 0.44813951 0.40743906 0.007426085
1.1906346 0.44466045 0.44436039 0.39888386 0
1.1969122 0.44388483 0.44321057 0.39985415 0
1.2032016 0.44288866 0.44094881 0.39559645 0
1.2094868 0.44178956 0.43988691 0.39363774 0
1.2157639 0.4408733 0.43909301 0.39190139 0
1.2220498 0.43874006 0.43627595 0.38465588 0
1.2283406 0.43752142 0.43610967 0.38441651 0
1.234633 0.43567328 0.43409566 0.38117287 0
1.2409022 0.43555269 0.43274333 0.37910111 0
1.2471748 0.43415136 0.43055387 0.37500713 0
1.2534655 0.4323075 0.42746985 0.36910081 0
1.25975 0.43163752 0.4267997 0.36886032 0
1.2660321 0.42986606 0.42547849 0.36487408 0
1.2723163 0.43027701 0.42591337 0.36657649 0
1.2786042 0.42855777 0.4231471 0.36113918 0
1.2848866 0.42751964 0.42151626 0.35841421 0
1.2911754 0.42646565 0.41958308 0.35411362 0
1.2974657 0.42428118 0.41761191 0.35035513 0
1.3037418 0.42426463 0.41694929 0.34897524 0
1.3100173 0.42278976 0.41550602 0.34696764 0
1.3163014 0.42171509 0.41364724 0.34013437 0
1.3225868 0.42046819 0.41202159 0.33925755 0
1.3288655 0.41974264 0.41187264 0.33689078 0
1.3351448 0.41781145 0.40848611 0.33175839 0
1.3414405 0.41824806 0.40866674 0.32962594 0
1.3477309 0.41583235 0.4067917 0.32897237 0
1.3540016 0.41405323 0.40313618 0.32242449 0
1.3602826 0.41437519 0.40347655 0.3208672 0
1.3665657 0.41352213 0.40224046 0.31908483 0
1.3728515 0.41234014 0.40014323 0.31796975 0
1.3791354 0.41074741 0.39984533 0.31623478 0
1.3854096 0.40952469 0.39686542 0.30914634 0
1.3916986 0.40866318 0.3959205 0.30729719 0
1.3979845 0.4076617 0.39353216 0.30191157 0
1.4042679 0.4055347 0.39189821 0.29713704 0
1.4105548 0.40556318 0.39133355 0.30113292 0
1.4168378 0.40509625 0.39075248 0.29691548 0
1.4231182 0.40414962 0.38935707 0.29107622 0
1.4293978 0.40235015 0.38772192 0.28972646 0
1.4356869 0.40206151 0.38743172 0.2866155 0
1.4419771 0.40130082 0.38532862 0.28679419 0
1.4482537 0.39925929 0.38273952 0.28236503 0
1.4545323 0.39894587 0.38212649 0.27797154 0
1.4608193 0.3974312 0.38092434 0.27287868 0
1.4671104 0.39707733 0.37996554 0.26889865 0
1.4733929 0.39589166 0.3784977 0.26756014 0
1.47967 0.39477259 0.37707059 0.26745366 0
1.4859561 0.39401049 0.37577621 0.26595936 0
1.4922336 0.3926092 0.37408184 0.26195327 0
1.4985025 0.39155128 0.37215587 0.25265865 0
1.5047858 0.39083415 0.37152749 0.25427078 0
1.511076 0.38964551 0.36842658 0.24848742 0
1.5173616 0.38945269 0.36959155 0.25553274 0
1.5236486 0.3883938 0.36711299 0.24539937 0
1.529938 0.38760853 0.36623936 0.24302053 0
1.5362302 0.38643913 0.36438625 0.24165727 0
1.5425107 0.38504492 0.36233578 0.23962333 0
1.548784 0.38451221 0.36192816 0.23147668 0
1.5550731 0.38348146 0.36054362 0.22404497 0
1.5613573 0.38168498 0.35804833 0.22957206 0
1.5676291 0.38161312 0.35810956 0.2236536 0
1.5739137 0.37936969 0.35421926 0.21725394 0
1.5802035 0.37935883 0.35464256 0.21610183 0
1.5864854 0.37810372 0.3529286 0.21301524 0
1.59276 0.37824012 0.35315464 0.2071764 0
1.5990464 0.37670322 0.35050075 0.20804591 0
1.6053421 0.37665808 0.34979185 0.20490708 0
1.6116199 0.37474356 0.34793572 0.19683963 0
1.6178976 0.37379382 0.34696232 0.19171964 0
1.6241832 0.37336775 0.34577958 0.19439598 0
1.6304646 0.37221644 0.34482741 0.18958869 0
1.636749 0.37137618 0.34266345 0.18119195 0
1.6430309 0.37094487 0.34361795 0.18687616 0
1.6493092 0.37023112 0.34093688 0.17955825 0
1.6555936 0.36891908 0.33997828 0.17964292 0
1.6618796 0.36819144 0.33819616 0.17300831 0
1.6681694 0.36784906 0.33858904 0.17198865 0
1.6744502 0.36618921 0.33478893 0.16298175 0
1.6807227 0.36525441 0.33523646 0.16394333 0
1.6870139 0.36416286 0.33367416 0.1623843 0
1.693309 0.36344094 0.33202785 0.15441668 0
1.6995821 0.36354177 0.330526 0.15450459 0
1.7058637 0.36213437 0.32891406 0.1537311 0
1.7121544 0.36174561 0.33060668 0.15099386 0
1.7184384 0.36020381 0.32780549 0.14532298 0
1.7247213 0.35953164 0.32621214 0.14100615 0
1.7309974 0.3586657 0.32534084 0.14519245 0
1.7372871 0.35843578 0.32424412 0.13487418 0
1.743568 0.35783625 0.3222783 0.12829115 0
1.7498407 0.35643249 0.32276687 0.12774293 0
1.7561285 0.35545251 0.31885646 0.12196045 0
1.7624135 0.35476246 0.31922846 0.12253082 0
1.7686962 0.3547773 0.31884658 0.11367333 0
1.7749794 0.35312857 0.31635822 0.11590332 0
1.7812656 0.35208612 0.31548361 0.10850691 0
1.7875494 0.35108539 0.3143759 0.095469592 0
1.7938341 0.35148552 0.31480706 0.10265437 0
1.8001151 0.35037991 0.31299495 0.086443154 0
1.8063939 0.34964005 0.31249989 0.070228011 0
1.8126741 0.34896839 0.30948394 0.088722894 0
1.8189569 0.34804505 0.30807821 0.083975752 0
1.8252442 0.34707858 0.30880906 0.075535904 0
1.8315273 0.34543972 0.30580147 0.063413968 0
1.8378113 0.34549201 0.30470824 0.049176621 0
1.8441007 0.34487013 0.30503915 0.055720651 0
1.8503848 0.34393502 0.30512839 0.064691445 0
1.8566661 0.3431712 0.30257222 0.036502244 0
1.8629477 0.34279967 0.30230295 0.049746152 0
1.8692293 0.34087336 0.29920489 0.016013513 0
1.8755176 0.34075573 0.29999072 0.045793988 0
1.8818008 0.33983262 0.2970782 0.023657167 0
1.8880789 0.33922262 0.29640193 0.01520626 0
1.894354 0.33856284 0.29498021 0.021078144 0
1.9006427 0.33864345 0.29570157 0.0046385552 0
1.9069335 0.33782928 0.29322097 0.016864645 0
1.9132076 0.33710641 0.29265639 0.012262098 0
1.9194909 0.33629274 0.29255472 0.020792079 0
1.9257769 0.33607909 0.29174709 0.016129146 0
1.9320645 0.33462276 0.28963466 0.015164218 0
1.9383426 0.33268629 0.28754834 0.0016511679 0
1.9446183 0.33377808 0.28957467 0.020316962 0
1.9509063 0.33226145 0.28695664 0.0063866143 0
1.9571946 0.3323784 0.28649092 0.0033660157 0
1.9634796 0.33074244 0.28560065 0.0030049571 0
1.9697604 0.33069606 0.28485398 0.0076664505 0
1.9760484 0.33036937 0.28375144 0.004801616 0
1.982338 0.32872995 0.28156241 0.0060504181 0
1.9886175 0.32872449 0.28217861 0 0
1.9948963 0.32698936 0.27867381 0 0
2.0011796 0.32761989 0.28072343 0 0
2.0074598 0.32658667 0.27987687 0 0
2.0137374 0.32661835 0.27985552 0 0
2.0200172 0.32541207 0.27804197 0 0
2.0263103 0.3244958 0.27587115 0 0
2.0326005 0.32476297 0.27522992 0 0
2.0388739 0.32318321 0.27404433 0 0
2.0451541 0.32205878 0.27331939 0.0070242542 0
2.0514447 0.32263062 0.27158369 0 0
2.0577304 0.32147832 0.27109485 0 0
2.0640139 0.32017828 0.27083944 0 0
2.0702999 0.32096962 0.27151169 0 0
2.0765897 0.32108378 0.27099646 0 0
2.0828655 0.3188066 0.26902219 0 0
2.0891345 0.3189075 0.2686914 0.0025517824 0
2.0954242 0.31860146 0.26883607 0.0045603171 0
2.1017071 0.31862559 0.26950453 0 0
2.1079865 0.31687525 0.26738057 0.0052787548 0
2.1142718 0.31685424 0.26542029 0 0
2.1205527 0.3156328 0.26537328 0.007906785 0
2.1268369 0.31503326 0.26415441 0.0023374059 0
2.133122 0.31491723 0.26640022 0.0058324538 0.011394407
2.1394117 0.31451591 0.26337897 0.003018652 0
2.1456971 0.3140299 0.26247362 0.0058268976 0
2.1519735 0.313456 0.26074295 0.0023185421 0.0030313351
2.1582599 0.31232146 0.26044039 0.0086416743 0.018965591
2.1645454 0.3127488 0.26254358 0.002589926 0.032839265
2.1708307 0.312006 0.26064427 0 0.020700639
2.1771141 0.31059062 0.25922237 0.0068995334 0.061524171
2.1833876 0.31171219 0.26023087 0.030635973 0.045332323
2.1896703 0.31049852 0.26059532 0.02770735 0.090738776
2.1959601 0.31036517 0.26029796 0.020594752 0.095076333
2.2022426 0.30961927 0.25731183 0.012613519 0.098296395
2.2085217 0.30964948 0.25837492 0.021288177 0.15644005
2.2148046 0.30864201 0.25636053 0.0078180155 0.14430488
2.2210926 0.30851782 0.25749563 0.034289098 0.19014941
2.2273729 0.30848171 0.25732654 0.035073359 0.17486994
2.2336572 0.3077561 0.25801774 0.034117981 0.22730019
2.2399435 0.30677102 0.25569793 0.034535604 0.21029792
2.2462242 0.30644881 0.25567881 0.068662662 0.20867549
2.2525064 0.30588257 0.25518336 0.054501805 0.23493655
2.2587834 0.30538133 0.25427676 0.050612356 0.23415967
2.2650691 0.30521996 0.25473515 0.043125299 0.2414251
2.2713504 0.30554136 0.25465704 0.059807347 0.26062194
2.277634 0.30553037 0.25546616 0.081770473 0.28277527
2.2839224 0.30470596 0.254539 0.073891302 0.27227117
2.2902029 0.30498543 0.25618958 0.10179696 0.29900716
2.2964908 0.30554957 0.25620574 0.10464495 0.29857993
2.3027718 0.30448517 0.25617689 0.09569497 0.30750403
2.3090514 0.30312365 0.2564662 0.10602701 0.33203936
2.3153385 0.30362443 0.2564655 0.11248047 0.32805724
2.3216273 0.30415657 0.25559829 0.11353442 0.34386263
2.3279119 0.30364001 0.25563687 0.13251353 0.34889624
2.3341862 0.30161442 0.25505328 0.12572508 0.36802031
2.340468 0.30250964 0.25478479 0.13551295 0.37100582
2.3467569 0.30280321 0.25567773 0.14232774 0.37413541
2.3530444 0.30173144 0.25498695 0.1355042 0.37661705
2.3593277 0.30217398 0.25656346 0.1505162 0.39494637
2.365603 0.30159653 0.25577208 0.1485182 0.40267661
2.3718859 0.3015749 0.25675633 0.15653913 0.40079551
2.3781733 0.29982436 0.25563333 0.16563341 0.44093779
2.384454 0.30197351 0.25576349 0.16807534 0.42916308
2.3907364 0.29996561 0.25438065 0.16353544 0.4290725
2.3970141 0.30154927 0.25673872 0.17114712 0.43717486
2.4032955 0.30056839 0.25752452 0.18685124 0.45400508
2.409585 0.30053977 0.25856967 0.18839916 0.46996223
2.4158717 0.30055312 0.25772294 0.18941352 0.47217495
2.4221607 0.30115897 0.2596285 0.18864305 0.48143037
2.4284402 0.30000856 0.25840997 0.20263771 0.49790225
2.4347175 0.30016736 0.25854806 0.20719574 0.50499569
2.4410025 0.30099907 0.26026147 0.20318238 0.51414451
2.44729 0.29915623 0.25768344 0.2119102 0.52303003
2.4535718 0.2997435 0.2598992 0.21619624 0.53070176
2.4598527 0.30014778 0.26368927 0.22052882 0.52961939
2.4661392 0.29991332 0.26006615 0.21853046 0.54219504
2.472422 0.30014759 0.26253866 0.23178393 0.55269389
2.4786985 0.30059949 0.26278577 0.2383544 0.55884138
2.4849808 0.3009814 0.26406307 0.24411278 0.57750493
2.4912693 0.29986674 0.26374283 0.24460892 0.57775972
2.4975485 0.30033778 0.26679706 0.24876735 0.58643503
2.5038317 0.3015325 0.26755375 0.25176854 0.58809184
2.5101179 0.30136222 0.26805262 0.25325158 0.59888785
2.5164007 0.30101076 0.26907573 0.26169417 0.61224299
2.5226882 0.30236151 0.27074657 0.26451921 0.6230858
2.5289717 0.30102984 0.26946801 0.27251014 0.63188104
2.535252 0.3015027 0.27020119 0.27128119 0.62945361
2.5415375 0.30188055 0.27338486 0.27919265 0.64005707
2.547823 0.30258024 0.27186464 0.2889699 0.65561044
2.5541007 0.3031215 0.27576186 0.29221075 0.6641594
2.5603768 0.30303968 0.27548075 0.29804774 0.67322424
2.5666675 0.3033105 0.27808717 0.29790918 0.68007563
2.5729551 0.30286338 0.27718393 0.30586372 0.68332349
2.5792338 0.30295238 0.278378 0.30677837 0.69326856
2.5855202 0.30373695 0.27995985 0.31401911 0.70303252
2.5918051 0.30307993 0.28157238 0.31731789 0.70909965
2.5980841 0.30442649 0.28370578 0.32780072 0.72438864
2.6043604 0.30566234 0.28511658 0.32607404 0.72189707
2.6106472 0.30558325 0.28487737 0.33377299 0.73654828
2.6169319 0.3048475 0.28551225 0.33637715 0.7400318
2.6232061 0.30548023 0.2876671 0.3446385 0.76035289
2.6294916 0.3070886 0.28904968 0.35187731 0.76057018
2.6357785 0.30610177 0.29078666 0.35536664 0.77248027
2.642061 0.30786805 0.29472422 0.36088813 0.78178666
2.6483438 0.30748492 0.29353737 0.36427838 0.79071491
2.6546318 0.30918932 0.29602518 0.36980033 0.7975336
2.660919 0.30923624 0.29857372 0.37575704 0.80891502
2.6671985 0.30982861 0.29874347 0.37802744 0.81462677
2.6734843 0.31030828 0.30115889 0.38662048 0.83268591
2.6797734 0.31090422 0.30448179 0.39266085 0.83673272
2.6860582 0.31116963 0.30480653 0.39788855 0.84067612
2.6923387 0.31260623 0.30520953 0.39772454 0.84858714
2.698618 0.31230989 0.30842921 0.40695552 0.85866637
2.7048955 0.31336166 0.30939835 0.4114782 0.86612181
2.7111757 0.31366943 0.31182632 0.41449511 0.87678194
2.7174598 0.315042 0.31327744 0.4193835 0.88834579
2.7237457 0.31639422 0.31652836 0.42735633 0.89840818
2.7300384 0.31682744 0.3178244 0.42973212 0.90293939
2.736318 0.31635926 0.31834098 0.43717866 0.91585424
2.7425919 0.31796954 0.32045344 0.44158523 0.92737527
2.7488797 0.31816069 0.32264438 0.44827909 0.93349644
2.7551634 0.32008495 0.32725816 0.45334446 0.95227325
2.761447 0.32035768 0.32769881 0.45556536 0.94774025
2.7677321 0.32224381 0.33153739 0.46445073 0.96013441
2.7740155 0.32261431 0.33324841 0.47178249 0.97668923
2.7802986 0.32334 0.33480408 0.47564763 0.97928838
2.7865775 0.32424438 0.33601496 0.47723982 0.9854719
2.792858 0.32460273 0.33850874 0.4834044 1.0040163
2.7991438 0.32637653 0.34151288 0.49311108 1.0174494
2.8054301 0.32679424 0.34351924 0.49413199 1.0191605
2.8117151 0.32818919 0.34722828 0.50526289 1.0279701
2.8179893 0.32898305 0.34716402 0.50662725 1.0427387
2.8242692 0.33085083 0.34950701 0.51310293 1.0484034
2.830563 0.33149309 0.35202301 0.52217932 1.0595303
2.8368488 0.33313395 0.35452271 0.52505446 1.0691191
2.84313 0.33380391 0.35749947 0.52819499 1.0805723
2.8494139 0.3348028 0.36016804 0.53501247 1.0903654
2.8556975 0.33569641 0.36303415 0.54392671 1.1018508
2.8619788 0.33704706 0.36575885 0.54810099 1.1102587
2.8682625 0.33895136 0.36866537 0.55352978 1.1161164
2.8745474 0.34036368 0.37087361 0.5620176 1.1320509
2.8808311 0.34207673 0.37615473 0.56546579 1.1372649
2.8871132 0.34257814 0.37685246 0.57386088 1.1511247
2.8933945 0.34500443 0.38049341 0.58017561 1.1659728
2.8996737 0.34489161 0.38133664 0.58308586 1.167344
2.905954 0.34627764 0.38265692 0.58732797 1.1806541
2.9122411 0.34806188 0.38825447 0.59521045 1.1877165
2.918526 0.34948904 0.39074744 0.60200802 1.1960976
2.924809 0.35134633 0.39489729 0.60814785 1.2107731
2.9310959 0.35177969 0.39472652 0.61292533 1.2206085
2.9373782 0.35416426 0.3991049 0.61878638 1.2312368
2.94366 0.35631693 0.40429802 0.62969203 1.2453631
2.9499465 0.35748459 0.40624783 0.63239523 1.2550785
2.9562277 0.35898091 0.40960027 0.64099104 1.2691259
2.9625105 0.35995434 0.41177436 0.64550732 1.2775016
2.9687965 0.36201115 0.41406699 0.6536535 1.2875464
2.9750777 0.36277705 0.41591067 0.65798705 1.3005831
2.9813599 0.36491447 0.42127502 0.66594833 1.3060526
2.9876468 0.36778264 0.42568983 0.67253778 1.318742
2.993929 0.36874406 0.42758374 0.67581738 1.3280617
3.0002062 0.37031611 0.43149262 0.68210528 1.3411565
3.0064862 0.37228761 0.43326593 0.69209812 1.3576968
3.0127698 0.37441318 0.4373602 0.69723916 1.3633195
3.0190531 0.37615016 0.43998931 0.70437297 1.3716251
3.0253374 0.3784339 0.44428204 0.70905875 1.3862502
3.0316237 0.37874792 0.44607387 0.71671466 1.3956206
3.037909 0.38161724 0.45125147 0.72375435 1.4093188
3.0441951 0.38394416 0.45445495 0.73050266 1.4169524
3.0504755 0.38557455 0.45874705 0.73777565 1.4295275
3.056755 0.38766965 0.46113226 0.74130209 1.4425211
3.0630405 0.38948042 0.46551261 0.75163724 1.4547177
3.0693237 0.39137808 0.46904422 0.75791277 1.4651935
3.0756107 0.39419493 0.47360675 0.76503827 1.4800448
3.0818938 0.39574005 0.47667481 0.77337546 1.4932136
3.0881745 0.39759838 0.48020435 0.77934212 1.5032776
3.0944586 0.39991272 0.48457306 0.78359398 1.5133409
3.100744 0.40237701 0.48860847 0.79428548 1.5295917
3.1070281 0.40481362 0.49282533 0.80278506 1.5390409
3.1133093 0.40670052 0.49418341 0.80726996 1.5519071
3.1195907 0.40848272 0.49806517 0.81371563 1.5600183
3.125874 0.4106658 0.50249901 0.82047589 1.5753185
3.1321593 0.41341708 0.50665814 0.82822088 1.5887907
3.1384392 0.41515167 0.51017889 0.83463479 1.6005959
3.1447239 0.41742923 0.51355135 0.84073361 1.6134163
3.151004 0.41993186 0.51815029 0.8506312 1.6261049
3.1572837 0.42189079 0.52198079 0.85448853 1.6355664
3.1635693 0.42488283 0.52704399 0.86681423 1.6495464
3.1698517 0.42744942 0.5309962 0.87280256 1.6638034
3.1761377 0.42950052 0.53419236 0.87946304 1.6759464
3.1824209 0.4317706 0.53808887 0.88716691 1.6900618
3.1887028 0.43497648 0.54399836 0.89447047 1.7024792
3.1949905 0.43669309 0.54574697 0.90008132 1.714272
3.2012753 0.43966074 0.55076398 0.90999526 1.7272219
3.2075514 0.44176861 0.55471327 0.91716449 1.7384025
3.2138352 0.44478483 0.55974352 0.92652918 1.7536209
3.2201226 0.44683363 0.56290908 0.93185495 1.7665769
3.2264067 0.44993573 0.56781138 0.93930508 1.7790077
3.2326878 0.452433 0.57141769 0.94698594 1.7925789
3.2389697 0.45534167 0.5767516 0.95402835 1.8050015
3.2452553 0.45789747 0.58171877 0.96192055 1.8189548
3.251535 0.46119938 0.58497197 0.96940488 1.8318965
3.257818 0.46369338 0.58986456 0.97962598 1.8464117
3.2641022 0.46623608 0.59452544 0.98658648 1.8595066
3.2703843 0.46882656 0.59857718 0.99314247 1.8736621
3.2766697 0.47200711 0.60389951 1.0020284 1.8906456
3.282955 0.4750092 0.60776795 1.0094556 1.9017407
3.2892374 0.47777372 0.6124828 1.0168117 1.9173273
3.2955201 0.47999717 0.61620357 1.0252224 1.9314178
3.3018068 0.48314012 0.62090622 1.0337859 1.9457704
3.3080882 0.48610444 0.62531194 1.0434564 1.9581512
3.3143683 0.48942929 0.63169395 1.0523063 1.9725161
3.3206524 0.49242005 0.63535868 1.0585551 1.9861681
3.3269318 0.49531304 0.63975484 1.067434 2.0014042
3.3332172 0.49843755 0.64564012 1.0753334 2.0154657
3.3395053 0.50168956 0.64958535 1.0827166 2.0299104
3.345788 0.50488674 0.65504729 1.0928545 2.0416516
3.3520722 0.50687357 0.65789192 1.1020299 2.0563785
3.3583517 0.51079798 0.6651747 1.1081909 2.0709729
3.3646309 0.5137214 0.6681814 1.1174187 2.0891904
3.3709171 0.51657941 0.67391605 1.1250405 2.1004713
3.3771997 0.51987888 0.678309 1.1323224 2.11632
3.383485 0.5236544 0.68416761 1.139863 2.1281903
3.3897714 0.52674649 0.68821349 1.1515526 2.1438267
3.3960523 0.53040763 0.69360307 1.1587594 2.158647
3.402332 0.53290904 0.69779458 1.1662296 2.1731656
3.4086109 0.53600501 0.70268948 1.1754453 2.1876008
3.4148974 0.5390409 0.70845066 1.1844481 2.2059947
3.4211808 0.54304063 0.71376004 1.1934351 2.2168138
3.4274635 0.54600075 0.71890761 1.2018492 2.232741
3.433751 0.54972249 0.72365629 1.2117928 2.2503709
3.4400336 0.55268535 0.72835192 1.2196775 2.2651001
3.4463146 0.55597502 0.73321858 1.2281338 2.2809863
3.4526017 0.55963916 0.73957043 1.2367571 2.2985081
3.458885 0.56321697 0.74410568 1.2459933 2.3105478
3.4651654 0.56550095 0.74789448 1.2537965 2.3270409
3.4714502 0.56975673 0.75433966 1.2637895 2.3417849
3.4777353 0.57355574 0.75981694 1.2734639 2.3588669
3.4840204 0.57697911 0.76414876 1.2818202 2.374024
3.4902984 0.58100292 0.76991618 1.2890455 2.3907098
3.4965841 0.58449301 0.77604981 1.3001656 2.4048121
3.5028697 0.58795834 0.78101768 1.3094632 2.4230504
3.5091472 0.59150745 0.78591961 1.3180425 2.4363841
3.5154293 0.59489416 0.79204521 1.3267564 2.4517974
3.521711 0.59910507 0.79659272 1.3350668 2.4690902
3.5279924 0.60192112 0.80237975 1.3460504 2.4837784
3.5342782 0.60574849 0.80767237 1.3548825 2.5011495
3.5405659 0.60974583 0.81414505 1.3643291 2.5168202
3.5468474 0.61389624 0.81920434 1.3748434 2.533517
3.5531332 0.61651406 0.82322335 1.3824944 2.5506113
3.5594194 0.6208196 0.83047673 1.3923847 2.5667159
3.5656987 0.62431965 0.83511476 1.4011146 2.5804984
3.571981 0.62779104 0.84087541 1.4107604 2.600165
3.5782681 0.63274 0.8477119 1.4202706 2.6148379
3.5845504 0.63583819 0.85192662 1.4303767 2.6297314
3.5908286 0.63948209 0.85779416 1.4401955 2.6474676
3.597109 0.64421182 0.8637027 1.4496169 2.6636731
3.6033947 0.6478482 0.86965409 1.4598508 2.6807836
3.6096758 0.65122504 0.87412635 1.4678629 2.6989498
3.6159574 0.65500542 0.88004574 1.4765355 2.7146069
3.622243 0.65861828 0.88573296 1.4867521 2.7293445
3.628522 0.66274943 0.89180555 1.4955139 2.7501785
3.6348065 0.66662612 0.8971486 1.5064822 2.7637442
3.6410953 0.6712392 0.90257887 1.5159173 2.780183
3.647383 0.67460905 0.90862055 1.5245561 2.7976503
3.6536648 0.67896656 0.91469954 1.5335238 2.8160443
3.6599466 0.68179071 0.91933417 1.5447315 2.8327604
3.6662338 0.68659002 0.92589028 1.5545956 2.8497619
3.6725162 0.69037127 0.93169145 1.5644682 2.8645107
3.6787969 0.69426146 0.93666056 1.5732708 2.8819823
3.6850808 0.69799203 0.94327672 1.5827756 2.8988302
3.6913615 0.70242751 0.94922792 1.5936229 2.9172406
3.6976453 0.70646867 0.95449308 1.6010731 2.9312253
3.7039282 0.71044925 0.96093245 1.611697 2.9504502
3.7102105 0.71421538 0.96684892 1.6235288 2.9709453
3.7164963 0.71851307 0.97280553 1.6319113 2.984726
3.7227765 0.72295219 0.97884187 1.6420514 3.002976
3.7290604 0.72698005 0.9848632 1.6521674 3.0188837
3.7353441 0.73081544 0.98948023 1.6605979 3.0367986
3.7416262 0.73480857 0.99518835 1.6714001 3.0540609
3.7479078 0.73895451 1.0014024 1.6806154 3.0712661
3.7541913 0.74309775 1.0072578 1.6899961 3.0896092
3.7604793 0.7474339 1.0143006 1.7016279 3.1073217
3.7667591 0.75138332 1.0196097 1.7096594 3.124186
3.7730369 0.75436931 1.0247729 1.7185009 3.1377652
3.7793245 0.75560725 1.025661 1.7214648 3.1442963
3.7856096 0.75847636 1.0289523 1.728135 3.1529477
3.791892 0.76037111 1.0326389 1.7333761 3.1634582
3.7981772 0.76227539 1.0355001 1.7384092 3.1733309
3.8044595 0.76434835 1.038634 1.7426483 3.1792746
3.8107406 0.76687362 1.0422691 1.7486679 3.1897594
3.8170242 0.76870296 1.0445838 1.7524999 3.1986795
3.8233083 0.76997524 1.0469976 1.7565153 3.2065785
3.82959 0.77222493 1.0503518 1.764618 3.2190599
3.8358721 0.77475815 1.0539478 1.7688176 3.2267631
3.8421598 0.77665008 1.0570003 1.7733827 3.2340451
3.8484445 0.77853533 1.0600543 1.7795956 3.2440511
3.8547246 0.78071895 1.0632874 1.7855107 3.2534388
3.8610074 0.78282295 1.0660755 1.7895311 3.2634506
3.8672884 0.78467195 1.0691067 1.7950311 3.2726535
3.8735709 0.78697651 1.0727311 1.8003987 3.2813853
3.8798537 0.78911341 1.0757825 1.806267 3.2904449
3.8861388 0.79116667 1.0789333 1.8115398 3.3001351
3.8924222 0.79271277 1.0814649 1.8168485 3.3108465
3.8987057 0.79536214 1.0851077 1.8230493 3.3171413
3.904991 0.79724162 1.0879727 1.8267433 3.3264606
3.9112719 0.79999319 1.09142 1.832926 3.3388207
3.9175547 0.80123888 1.0941233 1.8381511 3.3492691
3.923841 0.8038422 1.0982544 1.8435794 3.3569068
3.9301245 0.80649413 1.1015168 1.8499048 3.3662888
3.9364023 0.80821183 1.1038808 1.8537276 3.3755862
3.9426867 0.81081662 1.108291 1.861429 3.3848761
3.9489749 0.8129193 1.1113256 1.8654075 3.3952499
3.9552603 0.81502204 1.1147002 1.8715742 3.4062769
3.9615405 0.81720458 1.1173448 1.8767188 3.4167196
3.9678228 0.81970157 1.1202465 1.8818874 3.4238114
3.9741093 0.82221293 1.124094 1.8875653 3.435777
3.9803891 0.82446216 1.1275359 1.8931819 3.4418798
3.9866693 0.82684309 1.1318371 1.8999939 3.454306
3.9929531 0.82891806 1.1345484 1.9058238 3.4650782
3.9992376 0.83131689 1.1376563 1.9116287 3.4759617
4.0055206 0.83311098 1.1404472 1.9172991 3.4869101
4.0118004 0.83610609 1.1443947 1.9221585 3.4935004
4.018084 0.8384553 1.1486398 1.928782 3.5073333
4.024369 0.84089013 1.1517296 1.9344899 3.5129593
4.0306486 0.84314863 1.1556031 1.9404782 3.5243786
4.0369309 0.84547856 1.1582041 1.9447539 3.533013
4.043218 0.84814366 1.1620975 1.9509349 3.544121
4.049505 0.85081519 1.1653874 1.9593075 3.5565118
4.055786 0.85220191 1.1685173 1.9636977 3.567073
4.0620657 0.85555029 1.1729394 1.9693857 3.5768663
4.0683514 0.8582587 1.1760581 1.9749885 3.5874391
4.0746341 0.86026147 1.1804475 1.9836823 3.5997091
4.0809155 0.86266837 1.1836187 1.9875504 3.6127422
4.0872042 0.86489659 1.1863158 1.9944806 3.6213167
4.0934892 0.86810214 1.1912227 1.9998689 3.6334181
4.0997691 0.87061809 1.1949415 2.0061966 3.6418493
4.1060505 0.87294907 1.1981183 2.0128115 3.6525863
4.1123344 0.87554408 1.2022317 2.0201927 3.6664937
4.1186204 0.87774855 1.2054398 2.0245702 3.6731302
4.1249001 0.88049067 1.209219 2.0306993 3.6842524
4.1311787 0.88317798 1.2130336 2.0382494 3.6962372
4.1374656 0.88599666 1.2167397 2.0438712 3.7085708
4.1437516 0.8888459 1.2213831 2.050315 3.7178871
4.1500348 0.89084279 1.2235512 2.0567911 3.7297134
4.1563169 0.89357726 1.2285894 2.063161 3.7426364
4.1625996 0.89621894 1.2319105 2.0695704 3.7530303
4.1688861 0.89914804 1.235786 2.0758863 3.7641927
4.1751677 0.90188242 1.2401373 2.082692 3.7738279
4.1814502 0.90482521 1.2435695 2.0886858 3.7863658
4.1877378 0.90743754 1.2480471 2.0957059 3.7986325
4.1940191 0.90922643 1.2507046 2.1023839 3.8088261
4.2002971 0.91298767 1.2558754 2.1081074 3.8193609
4.2065802 0.91519883 1.2587143 2.1145564 3.8303797
4.2128623 0.91843788 1.2630704 2.1210862 3.843951
4.2191458 0.92073477 1.2667797 2.1292862 3.8573434
4.225433 0.92340494 1.2707143 2.1348154 3.8661894
4.231716 0.9264305 1.275359 2.1413233 3.8776757
4.2379957 0.92883671 1.2792967 2.1488081 3.8896012
4.244278 0.93166089 1.2822429 2.1535697 3.8995257
4.2505649 0.93471296 1.2875899 2.1620402 3.914376
4.2568497 0.93787359 1.2908524 2.1687537 3.9274309
4.2631308 0.94064027 1.2958516 2.1758375 3.9368382
4.2694117 0.9437086 1.2999047 2.1818252 3.9496394
4.275694 0.94618572 1.3041874 2.1894638 3.9613676
4.2819777 0.94948973 1.3080923 2.1957659 3.9762533
4.2882622 0.95245079 1.3119443 2.2021432 3.9863566
4.2945474 0.95539861 1.3162959 2.209811 3.9980522
4.3008297 0.95818957 1.3201716 2.2174159 4.0118441
4.3071128 0.96170231 1.3249834 2.2243001 4.0223945
4.3133958 0.96468374 1.3291797 2.2313306 4.0357949
4.319678 0.96784506 1.3334454 2.2376378 4.0486315
4.3259594 0.97015854 1.3373268 2.2447993 4.0603067
4.332245 0.9735241 1.3424771 2.2518233 4.0711657
4.338532 0.97640091 1.3460736 2.2601977 4.08771
4.3448141 0.97896177 1.3502123 2.2673346 4.0967492
4.3510961 0.98188463 1.3540191 2.273469 4.1105596
4.3573801 0.9856177 1.359033 2.2815535 4.123207
4.3636669 0.98923992 1.363545 2.2884699 4.1351764
4.3699499 0.99205663 1.3683137 2.2945331 4.1484879
4.3762279 0.99466161 1.3723405 2.3015528 4.1585136
4.3825069 0.99790415 1.3768238 2.3098172 4.1753558
4.3887934 1.0012481 1.3810326 2.3177557 4.1861761
4.395077 1.0036067 1.385097 2.3247885 4.2007566
4.4013576 1.0072505 1.3910983 2.3332049 4.213325
4.4076403 1.0101533 1.394402 2.3398673 4.2234723
4.4139241 1.0140789 1.3989311 2.3460978 4.2378796
4.4202108 1.0169942 1.4035339 2.355064 4.2530849
4.4264914 1.0197993 1.4078592 2.3623358 4.2639946
4.432774 1.0236013 1.4132709 2.3711258 4.2792473
4.4390578 1.0264918 1.4177125 2.3762872 4.293865
4.4453413 1.0301459 1.4212299 2.3835496 4.3049852
4.4516275 1.032901 1.4263929 2.3928001 4.3194533
4.4579123 1.036394 1.4308274 2.3988851 4.3316723
4.4641977 1.0397778 1.4356742 2.4089311 4.346262
4.4704788 1.0429494 1.4402483 2.4166109 4.3619615
4.4767593 1.0472912 1.446434 2.4245099 4.3766069
4.483046 1.0498197 1.449945 2.4313756 4.3883866
4.4893311 1.0529551 1.4552086 2.4382094 4.4019784
4.4956106 1.0562462 1.4592437 2.4473737 4.4145708
4.5018888 1.0595944 1.4645582 2.4548323 4.4286062
4.5081704 1.0634303 1.4690047 2.4619944 4.4432792
4.5144567 1.066873 1.4735976 2.471003 4.4574372
4.5207384 1.0701478 1.4792744 2.4793816 4.4719486
4.5270208 1.0737428 1.4837245 2.4871505 4.4862164
4.5333061 1.0765731 1.4884189 2.4951226 4.4996024
4.5395877 1.0799624 1.4934046 2.5023639 4.5134846
4.5458704 1.0839347 1.4978502 2.512031 4.5294793
4.5521545 1.0880427 1.503993 2.5180144 4.5409592
4.5584424 1.0913533 1.5086489 2.5274085 4.5556332
4.5647254 1.0937413 1.5133011 2.5347713 4.5715709
4.5710052 1.0972359 1.5171535 2.5436659 4.58728
4.5772897 1.1014359 1.5222455 2.549991 4.597217
4.5835734 1.10502 1.5277552 2.5587761 4.6134408
4.5898565 1.1089447 1.5328641 2.5684752 4.6286248
4.5961372 1.1118927 1.5377832 2.5764016 4.6422324
4.6024224 1.1161194 1.5430812 2.5856311 4.6579566
4.6087097 1.1189429 1.5478638 2.5932632 4.6739518
4.6149912 1.122643 1.5527208 2.6005585 4.6863424
4.6212725 1.1264518 1.5577683 2.60927 4.7015899
4.627556 1.129932 1.5625848 2.617157 4.7130721
4.6338395 1.1339153 1.5677689 2.6254494 4.7308972
4.640119 1.1378674 1.5740201 2.6348622 4.747469
4.6464005 1.1407652 1.5781104 2.6433105 4.763294
4.6526881 1.143964 1.5827614 2.6502267 4.7741992
4.6589739 1.1485258 1.5887182 2.6590917 4.7896057
4.6652533 1.1518921 1.5941164 2.6696897 4.8037731
4.6715342 1.1552085 1.5988334 2.6758408 4.8195938
4.6778199 1.1595058 1.6037388 2.6853437 4.8358888
4.6841045 1.1630106 1.6094887 2.6941547 4.8514746
4.6903854 1.1667573 1.6136463 2.7017356 4.8694564
4.6966701 1.1703935 1.6195454 2.7115051 4.8824644
4.7029558 1.1739507 1.6246179 2.7182105 4.8970298
4.7092363 1.1779506 1.6309607 2.7285061 4.9111389
4.7155178 1.1813617 1.6348507 2.7361666 4.927319
4.7218015 1.1848944 1.6395705 2.744559 4.9440623
4.7280848 1.1891995 1.6454326 2.7550097 4.9593073
4.7343673 1.1929501 1.6501955 2.762288 4.9728684
4.7406505 1.1963723 1.6563632 2.7707925 4.9852313
4.7469333 1.2002923 1.6620433 2.780706 5.0028477
4.7532149 1.2047246 1.666819 2.7885883 5.0205692
4.7594946 1.2082518 1.6717127 2.7978932 5.0325743
4.7657804 1.2119655 1.677439 2.8062855 5.0529442
4.7720691 1.2160217 1.6828272 2.8159446 5.0657542
4.7783509 1.2192004 1.6879256 2.8231419 5.0790981
4.784635 1.2239989 1.6938899 2.8323438 5.0935095
4.7909206 1.2269661 1.6984055 2.8412662 5.1109233
4.7972039 1.2311104 1.7046319 2.8512818 5.1280654
4.8034859 1.2347738 1.7090439 2.8587466 5.1433276
4.8097699 1.2390513 1.7151074 2.8676825 5.1557292
4.8160561 1.242555 1.7214373 2.8770532 5.1750165
4.8223352 1.2462038 1.7251609 2.8861042 5.1887868
4.8286118 1.2498409 1.7311091 2.8943935 5.207416
4.8348948 1.2545568 1.73582 2.9045281 5.2214207
4.8411817 1.2586211 1.7423939 2.9123267 5.2369386
4.8474631 1.2611729 1.7463346 2.9198008 5.2523952
4.8537471 1.2661741 1.7525288 2.9286526 5.2694543
4.8600362 1.2694295 1.7576658 2.9372195 5.2835116
4.8663168 1.273568 1.7628578 2.9481542 5.3006979
4.8725994 1.2780556 1.7687886 2.9579444 5.3166087
4.8788848 1.280786 1.7740232 2.9644493 5.329717
4.8851663 1.2846778 1.778748 2.9735694 5.3463058
4.8914489 1.2893699 1.7854889 2.9830642 5.3638365
4.8977296 1.293513 1.7914282 2.9929879 5.3812022
4.9040155 1.2969507 1.7961709 3.0007507 5.3966919
4.9102992 1.3003795 1.8013295 3.0092182 5.4100265
4.9165785 1.3047915 1.8066999 3.0194455 5.4268836
4.9228647 1.3082842 1.8122872 3.027534 5.4429299
4.9291459 1.3122603 1.8172451 3.0360836 5.4600004
4.9354294 1.316781 1.8229074 3.0459395 5.4735222
4.9417135 1.3200494 1.8281102 3.0550974 5.4910116
4.947993 1.3244064 1.8344564 3.0666187 5.5068233
4.9542788 1.3272018 1.8378896 3.0710544 5.5211083
4.9605656 1.3325646 1.8456398 3.0816391 5.5385754
4.9668447 1.3354038 1.849657 3.0904584 5.5532208
4.973125 1.3395876 1.8556265 3.0996116 5.5693211
4.9794104 1.3427735 1.8596098 3.107296 5.5841612
4.9856955 1.3468118 1.8652503 3.1168455 5.5965167
4.9919773 1.3500438 1.8713818 3.1255291 5.6159226
4.9982613 1.3541476 1.8757446 3.1321814 5.6298168
5.004546 1.3580867 1.8815381 3.143327 5.6484173
5.010828 1.3622429 1.8874088 3.1520862 5.664076
5.0171047 1.3659727 1.8920974 3.1603728 5.6790796
5.0233897 1.3697449 1.8987094 3.1700337 5.695368
5.029679 1.3739437 1.9035109 3.1778354 5.7082006
5.0359566 1.3764079 1.90733 3.1877619 5.7274196
5.0422388 1.3818714 1.914303 3.1955364 5.7388328
5.0485253 1.384818 1.9188508 3.2047318 5.7533291
5.05481 1.3885915 1.9242213 3.2133982 5.7737742
5.0610964 1.3933761 1.929529 3.220551 5.7850968
5.0673786 1.3969834 1.9341376 3.2291673 5.8023858
5.0736582 1.39975 1.9400501 3.2379579 5.8155531
5.0799396 1.4036884 1.9449463 3.246588 5.8328108
5.0862233 1.4070484 1.9488419 3.2550784 5.847051
5.0925057 1.4112793 1.9545718 3.263065 5.8618777
5.0987925 1.4156688 1.9609896 3.2724658 5.8774884
5.1050771 1.4192321 1.9655339 3.2792461 5.8914685
5.1113517 1.4222795 1.9701908 3.2868237 5.9036221
5.1176364 1.4260366 1.9751773 3.2961028 5.9207159
5.1239216 1.4289263 1.9794277 3.3044467 5.9352284
5.1302023 1.4341118 1.9865831 3.3138959 5.9525452
5.1364866 1.4372435 1.9905093 3.3219182 5.9619267
5.142773 1.440846 1.9957312 3.3295967 5.9804621
5.1490575 1.4439193 1.999489 3.3372458 5.9923491
5.1553345 1.446489 2.004173 3.3424973 6.0048749
5.1616191 1.4510277 2.0108305 3.3544037 6.0227732
5.1679062 1.4548802 2.0147053 3.3613264 6.0347412
5.1741896 1.4580171 2.0196961 3.367922 6.0511702
5.1804742 1.4615662 2.0248743 3.3767755 6.0601985
5.1867588 1.4650658 2.0296499 3.3831649 6.073885
5.1930392 1.4693172 2.0349103 3.3920384 6.0872673
5.1993169 1.4700579 2.0363862 3.3969234 6.0977669
5.2055993 1.4745103 2.0428506 3.4074741 6.1161838
5.2118847 1.477141 2.045715 3.4118467 6.1264616
5.2181682 1.4812487 2.0519865 3.4236058 6.1463947
5.2244496 1.4849505 2.0572983 3.4285507 6.15486
5.2307264 1.4860798 2.0584534 3.4351125 6.1660216
5.2370131 1.4908776 2.0657494 3.4445338 6.1863846
5.2433065 1.4925104 2.0669509 3.4486225 6.1895281
5.249585 1.496861 2.0736622 3.4585065 6.2028468
5.2558663 1.4988934 2.0770598 3.4637846 6.2179431
5.2621526 1.5022551 2.0812855 3.4699688 6.2279257
5.2684309 1.5050543 2.0858362 3.4772411 6.2426835
5.2747057 1.5074738 2.0877779 3.4845431 6.2508252
5.2809908 1.5109178 2.093884 3.4910565 6.268353
5.2872799 1.5124656 2.0966379 3.4959719 6.2746901
5.2935635 1.5165943 2.1014068 3.5028736 6.286126
5.2998464 1.5190106 2.1047094 3.5094821 6.2952401
5.3061314 1.52163 2.1076394 3.5151713 6.3069176
5.3124149 1.5239278 2.1121013 3.5209183 6.3210372
5.318692 1.5252891 2.1141111 3.5253027 6.3242505
5.3249765 1.5293976 2.1184738 3.5318866 6.3383765
5.331267 1.5303043 2.1205265 3.5361962 6.3451866
5.3375504 1.5340278 2.1253249 3.5420976 6.3563999
5.3438299 1.5372571 2.1296636 3.551038 6.3706441
5.3501139 1.538012 2.1317567 3.556923 6.3779338
5.3563991 1.5424341 2.1367404 3.562559 6.3930981
5.3626817 1.5451683 2.1419073 3.567023 6.4011127
5.3689622 1.5481083 2.14602 3.5762793 6.4113122
5.3752458 1.5519047 2.1497293 3.5836143 6.4257027
5.381536 1.5543059 2.1538567 3.5884295 6.4392035
5.387813 1.5580016 2.1583168 3.5964304 6.4494385
5.3940916 1.5593504 2.1614741 3.6012461 6.4612492
5.4003822 1.5632041 2.1664427 3.6098682 6.4726534
5.4066644 1.5664489 2.1710113 3.6192613 6.4879952
5.4129375 1.5691956 2.1760754 3.6261815 6.5018729
5.4192183 1.5727916 2.1795311 3.6327603 6.5146004
5.4255097 1.5759073 2.1827111 3.639375 6.5309359
5.4317953 1.5794077 2.1888551 3.6473224 6.5440053
5.4380687 1.5822983 2.1930307 3.6547355 6.5527475
5.444353 1.5861207 2.1982708 3.6631108 6.5697225
5.4506476 1.5883007 2.2019918 3.6690677 6.5839372
5.4569261 1.5919589 2.2066813 3.6779565 6.5965099
5.4632032 1.5970138 2.2129525 3.6844715 6.612074
5.4694906 1.6002821 2.2182105 3.6952267 6.6251413
5.4757753 1.603004 2.2221446 3.7019942 6.639886
5.4820552 1.6067893 2.2264118 3.7109532 6.6553477
5.4883448 1.6092132 2.2315738 3.7190501 6.6665045
5.4946299 1.6148918 2.2370332 3.7259903 6.6850851
5.500905 1.6170768 2.2412591 3.734635 6.6962861
5.507184 1.6198164 2.2457352 3.7384947 6.7103317
5.5134655 1.622627 2.2490895 3.7467212 6.7208129
5.519755 1.6268531 2.2540865 3.7595144 6.7410991
5.5260388 1.632167 2.2622761 3.7657902 6.7510332
5.5323112 1.6355185 2.2677054 3.77499 6.7680894
5.5385939 1.6402575 2.2716438 3.7842597 6.7843619
5.5448892 1.6432166 2.2768931 3.7889461 6.79245
5.5511702 1.6452765 2.2802968 3.7974276 6.8112968
5.5574444 1.650241 2.2864987 3.8049979 6.8276352
5.5637327 1.6530016 2.2909463 3.8178661 6.8368155
5.5700222 1.657391 2.298003 3.8255922 6.8567709
5.5762966 1.6603074 2.3009963 3.830574 6.8704327
5.582577 1.6629965 2.3050169 3.838344 6.8802997
5.5888758 1.6674805 2.3117276 3.8494385 6.9021947
5.5951585 1.6711748 2.316959 3.8571828 6.9128276
5.6014285 1.6750601 2.3200909 3.8662278 6.9304085
5.6077149 1.67912 2.3274108 3.8720193 6.9491286
5.6140085 1.6822151 2.3324264 3.8827607 6.9631692
5.6202825 1.6875849 2.3385461 3.8911136 6.9774096
5.6265585 1.6908708 2.3421458 3.8988511 6.9974545
5.6328571 1.6923242 2.3447039 3.9090125 7.0152661
5.6391437 1.6967496 2.3519099 3.9170089 7.0192979
5.6454227 1.7013114 2.3567584 3.9267179 7.0406657
5.6517049 1.7058595 2.3619258 3.9333529 7.0455263
5.6579936 1.7085403 2.3677514 3.940876 7.073339
5.6642851 1.7140604 2.3752653 3.9512578 7.0800612
5.6705565 1.7169555 2.3784994 3.9613534 7.0989168
5.6768351 1.7208256 2.3842045 3.9683994 7.1106515
5.6831318 1.7256223 2.3908841 3.9762163 7.1320327
5.6894193 1.7291954 2.3944872 3.9875772 7.1425787
5.6956891 1.7323161 2.3994007 3.9945615 7.1638929
5.7019687 1.7362886 2.4069547 4.0075481 7.1816436
5.708269 1.7380213 2.4112731 4.0106268 7.1893103
5.7145496 1.7425535 2.4142979 4.0182185 7.2032458
5.7208164 1.7488581 2.422892 4.030819 7.2284117
5.7271108 1.7524168 2.429093 4.0401737 7.2481193
5.7334057 1.7554077 2.4331048 4.0463129 7.2518104
5.7396772 1.7604061 2.4394729 4.0588257 7.2745896
5.7459514 1.7639472 2.4434506 4.0627582 7.2926564
5.7522516 1.7678148 2.4508959 4.0767313 7.3130648
5.758539 1.7735986 2.4564886 4.0845249 7.3208194
5.7647984 1.7781339 2.4616647 4.0942551 7.3384874
5.7710821 1.7793055 2.4665561 4.1051638 7.3546522
5.7773798 1.7832567 2.4709927 4.1094506 7.3684966
5.7836569 1.7858857 2.4749568 4.1175244 7.3908419
5.7899298 1.7919504 2.482407 4.1286542 7.4080307
5.7962218 1.7939537 2.4865865 4.1366762 7.421701
5.8025084 1.7990068 2.4920053 4.1458429 7.4331891
5.8087875 1.8018949 2.4994753 4.1542267 7.4437097
5.815068 1.8074473 2.5034729 4.1646888 7.454284
5.8213519 1.8119869 2.5082343 4.1728451 7.4901163
5.8276413 1.8151318 2.5139437 4.1840372 7.495858
5.8339209 1.8184632 2.5213684 4.1957998 7.5131966
5.8401987 1.8229765 2.5254514 4.2012066 7.5359195
5.846494 1.830101 2.534235 4.2110324 7.5512525
5.8527842 1.8313762 2.5388531 4.2251079 7.5727476
5.8590415 1.8382196 2.5443968 4.2295019 7.582401
5.8653156 1.839727 2.5512581 4.2350285 7.593483
5.8716245 1.8453837 2.5559832 4.2483669 7.6079119
5.8779116 1.8493253 2.5580648 4.2538786 7.6251169
5.884173 1.8515367 2.5650402 4.266205 7.6521506
5.890459 1.8557492 2.5677524 4.2715838 7.6585831
5.8967616 1.8597177 2.5772079 4.2831238 7.6792393
5.9030337 1.8629935 2.5819604 4.2882518 7.6860873
5.9093032 1.8660177 2.5842058 4.300273 7.708771
5.9156163 1.8720085 2.592712 4.3082573 7.7244911
5.921905 1.8760078 2.6005093 4.3253043 7.7502599
5.9281521 1.8840177 2.6103684 4.3340324 7.7707303
5.9344277 1.8847092 2.6118712 4.3362849 7.7763583
5.9407474 1.8892894 2.6171274 4.3512366 7.7977355
5.947044 1.8935275 2.6204473 4.3546477 7.8167842
5.9532853 1.8975001 2.6260235 4.3667175 7.8236807
5.959571 1.8993959 2.6325799 4.3786916 7.8392049
5.9658838 1.9046219 2.6393003 4.3881437 7.8637049
5.9721535 1.9066206 2.6430342 4.3920537 7.8683929
5.9784118 1.9120755 2.650732 4.4002332 7.8748046
5.9847161 1.9167175 2.656082 4.4127861 7.9228794
5.9910339 1.9219892 2.6604798 4.4172315 7.9209644
5.9972891 1.9265656 2.6673427 4.430258 7.938195
6.0035485 1.9261301 2.6680232 4.4423607 7.9667459
6.0098611 1.9345698 2.6812647 4.4441158 7.9711259
6.0161587 1.9361793 2.6815515 4.4558841 7.9805362
6.0223963 1.9399631 2.6902874 4.4702784 7.9995925
6.0286595 1.9434614 2.6922023 4.4771442 8.0149631
6.0349883 1.9457827 2.6927026 4.474944 8.0308918
6.0412764 1.9504196 2.7009918 4.4940393 8.0551965
6.0475235 1.9521332 2.7051556 4.5009484 8.0637033
6.0538231 1.957812 2.7132747 4.5078464 8.0699622
6.0601472 1.9579449 2.7148435 4.5174732 8.1004223
6.0664012 1.9644127 2.7222251 4.5249924 8.1113703
6.072635 1.9743352 2.733788 4.5424227 8.1275039
6.0789572 1.9779629 2.7367698 4.546575 8.146731
6.0852909 1.9773783 2.7398747 4.5538804 8.1684919
6.09153 1.9794133 2.74331 4.564219 8.1830883
6.0977644 1.9877066 2.756665 4.5741009 8.1841345
6.1040987 1.9876605 2.7563148 4.578746 8.2092543
6.1104184 1.9913232 2.7607311 4.5865686 8.2284468
6.1166413 1.9939867 2.7628533 4.5929971 8.2245243
6.1229139 2.0003586 2.7681893 4.6081399 8.2637306
6.1292582 2.0030072 2.7740609 4.6107458 8.2575136
6.1355365 2.0056575 2.777309 4.6134992 8.2746534
6.1417569 2.0127024 2.7845786 4.6202363 8.2871893
6.1480695 2.0170703 2.793035 4.6417357 8.3065485
6.1544121 2.0180933 2.7927037 4.6398037 8.3174876
6.1606378 2.0241963 2.8007792 4.651211 8.3386083
6.1668736 2.0240998 2.8027432 4.6570858 8.3441815
6.1732242 2.0274713 2.8060914 4.6623744 8.3531938
6.1795551 2.0300152 2.8109673 4.6677572 8.3879441
6.1857456 2.0368862 2.8209713 4.6843386 8.3919439
6.1919759 2.0419317 2.8267916 4.6993307 8.4142737
6.1983636 2.0394015 2.8216559 4.6964727 8.416596
6.2046914 2.0459438 2.8370093 4.715331 8.4361202
6.2108424 2.0521074 2.8411611 4.7143163 8.4429165
6.217094 2.0550867 2.8471767 4.7225566 8.4761882
6.2235014 2.0565675 2.8502746 4.7292103 8.5008813
6.229796 2.0569502 2.8472104 4.7300899 8.4971754
6.2359786 2.066419 2.8683619 4.7539288 8.5151411
6.2422872 2.0680451 2.8651356 4.760154 8.5027353
6.2486553 2.0718356 2.869667 4.7600141 8.5116863
6.2548669 2.0731105 2.8701769 4.7616302 8.52507
6.2611133 2.0731597 2.8706999 4.7577629 8.5451056
6.2675223 2.0803479 2.8865265 4.7848378 8.5512293
6.2738161 2.0793253 2.8850945 4.7908905 8.5728678
6.2799176 2.0857919 2.8871823 4.7901017 8.6005378
6.2862174 2.0843732 2.8875762 4.7947056 8.5913427
6.2927241 2.0926601 2.9057344 4.8099245 8.6246519
6.2989558 2.0939106 2.8977489 4.8135345 8.626142
6.3049391 2.0967587 2.9083383 4.8239419 8.6330615
6.3113408 2.106077 2.912261 4.839836 8.6425222
6.3179475 2.0977562 2.9108209 4.8344322 8.6466944
6.3240719 2.1067952 2.914564 4.8499878 8.6709157
6.3300021 2.1072741 2.9166974 4.8457697 8.6978432
6.3365138 2.114144 2.9258561 4.8572436 8.7118844
6.3431536 2.1081396 2.9240262 4.8588632 8.6957005
6.3491186 2.1090944 2.9213522 4.8465272 8.6726643
6.3550533 2.1207645 2.9319169 4.8819736 8.7392651
6.3617438 2.1157118 2.9325707 4.8936902 8.737063
6.3684172 2.1213169 2.9427883 4.9000679 8.7394297
6.3740597 2.1281917 2.9519072 4.8877902 8.729064
6.380051 2.1199267 2.9582319 4.9078303 8.7600725
6.3869902 2.1366544 2.962252 4.9032949 8.7776513
6.3936831 2.1543526 2.9843894 4.9385633 8.7771606
6.3990096 2.1478264 2.9739466 4.9150785 8.8416785
6.4050873 2.1403427 2.9705917 4.9271125 8.8032502
6.4122154 2.1264334 2.9628198 4.8962479 8.7619762
6.4189842 2.1462781 2.9616201 4.9255169 8.8244003
6.4241576 2.1645974 2.9866003 4.9393894 8.8314164
6.4302427 2.1524344 2.9777395 4.9551005 8.8732297
6.4374349 2.1466615 2.9666985 4.9246576 8.8531618
6.4442148 2.1639892 2.9816829 4.9894534 8.9539047
6.4492026 2.168485 2.9954575 4.9728112 8.8663746
6.4554407 2.1721659 2.9883737 4.9531125 8.8936278
6.4626465 2.1752172 2.9972949 4.9844271 8.9806187
6.4687081 2.1659824 2.9979494 4.9831457 8.9511586
6.4736854 2.1635751 3.0039996 4.9732754 8.9033773
6.4806668 2.1933073 3.0316843 5.0346123 8.9947358
6.4878735 2.1525604 3.0133901 5.0018671 8.9493558
6.4934547 2.2240409 3.0564673 5.0802704 9.2090089
6.4986714 2.1664467 2.999868 5.0220478 8.9165115
6.5058484 2.111051 2.8994304 4.9035378 9.1133833
6.5129779 2.1878075 3.0869047 5.1000888 9.1204695
6.5188016 2.0407109 3.0545196 4.9654474 8.8771922
6.5233329 2.3247218 2.8884662 4.7942887 8.5609706
6.5296777 2.0825521 4.16637 3.9139894 5.8779
