1.8012272e-14
1.552686e-14
1.3281567e-14
1.1449116e-14
9.7664681e-15
8.4789278e-15
7.307734e-15
6.2480905e-15
5.3500691e-15
4.5503284e-15
3.9432541e-15
3.3867046e-15
2.8835569e-15
2.4813078e-15
2.1667805e-15
1.8257958e-15
1.5610825e-15
1.3312515e-15
1.1464883e-15
9.7794044e-16
8.3587781e-16
7.1609189e-16
6.1025019e-16
5.2445271e-16
4.4806691e-16
3.8132077e-16
3.2475601e-16
2.7637302e-16
2.3534323e-16
2.0023125e-16
1.7003396e-16
1.446906e-16
1.2398503e-16
1.0474397e-16
8.8712064e-17
7.4883391e-17
6.2399054e-17
5.4087316e-17
4.5505623e-17
3.8485811e-17
3.2570329e-17
2.7334033e-17
2.3045312e-17
1.9446039e-17
1.6342032e-17
1.3747149e-17
1.1503833e-17
9.611849e-18
8.0529786e-18
6.7109917e-18
5.5952511e-18
4.6300153e-18
3.8719099e-18
3.1950408e-18
2.6479574e-18
2.190515e-18
1.8085258e-18
1.4926779e-18
1.2224221e-18
9.9756957e-19
8.1286124e-19
6.6457702e-19
5.3894488e-19
4.3951122e-19
3.5277595e-19
2.8578148e-19
2.298685e-19
1.8308279e-19
1.4571892e-19
1.1515098e-19
9.1193328e-20
7.211245e-20
5.6541339e-20
4.3881033e-20
3.4001734e-20
2.6070718e-20
2.0379589e-20
1.5460089e-20
1.1717916e-20
8.8685813e-21
6.6639096e-21
4.9599396e-21
3.6772988e-21
2.6780595e-21
1.9788703e-21
1.4084317e-21
1.0076522e-21
7.1032777e-22
5.017449e-22
3.4946691e-22
2.3683758e-22
1.6208628e-22
1.0770844e-22
7.1202526e-23
4.6402219e-23
2.9774095e-23
1.9098783e-23
1.169691e-23
7.1016659e-24
