1.4432382e-14
1.2647164e-14
1.1036619e-14
9.608419e-15
8.4316079e-15
7.3020456e-15
6.3571968e-15
5.5081041e-15
4.779831e-15
4.1517734e-15
3.6022455e-15
3.1318152e-15
2.732261e-15
2.3685697e-15
2.0327764e-15
1.7518825e-15
1.5012677e-15
1.3119877e-15
1.1389313e-15
9.8452569e-16
8.4898751e-16
7.3207608e-16
6.3383753e-16
5.4599587e-16
4.672597e-16
4.0029804e-16
3.4590723e-16
2.9681676e-16
2.5423049e-16
2.1746873e-16
1.8719317e-16
1.6059966e-16
1.3651792e-16
1.1692448e-16
9.958134e-17
8.4840416e-17
7.2274343e-17
6.1419069e-17
5.2198819e-17
4.4297732e-17
3.7688944e-17
3.1663354e-17
2.6683383e-17
2.2633501e-17
1.9012263e-17
1.5912582e-17
1.3489405e-17
1.1269602e-17
9.4246207e-18
7.9151185e-18
6.5694267e-18
5.5047196e-18
4.5354954e-18
3.771754e-18
3.1260126e-18
2.5656796e-18
2.1233203e-18
1.7383691e-18
1.43081e-18
1.1587069e-18
9.5207473e-19
7.7722344e-19
6.2647094e-19
5.04156e-19
4.061265e-19
3.2811665e-19
2.6465722e-19
2.1109697e-19
1.6635542e-19
1.3241812e-19
1.0456055e-19
8.1651962e-20
6.441502e-20
4.9872265e-20
3.8961452e-20
3.0267041e-20
2.2970684e-20
1.7633876e-20
1.3320119e-20
1.0074029e-20
7.62139e-21
5.6491883e-21
4.1866076e-21
3.0983266e-21
2.2739e-21
1.6510189e-21
1.1944982e-21
8.4984069e-22
6.0369158e-22
4.2641994e-22
2.9742164e-22
2.0573144e-22
1.4127293e-22
9.5717031e-23
6.3570596e-23
4.3016064e-23
2.7881632e-23
1.8139821e-23
1.1578688e-23
