1.4109174e-14 1.4109309e-14 1.413368e-14 1.4113878e-14 1.4117035e-14 1.4120769e-14 1.4116339e-14 1.4107154e-14 1.4118149e-14 1.4106152e-14 5.3105843e+11 2.5148347e+11
5.336612e-15 5.3343138e-15 5.3349506e-15 5.3366941e-15 5.3409098e-15 5.3334085e-15 5.3354082e-15 5.33506e-15 5.3354729e-15 5.3315929e-15 8.4904038e+11 4.0206427e+11
2.2505323e-15 2.2509415e-15 2.2535581e-15 2.2498323e-15 2.2541166e-15 2.2474023e-15 2.250509e-15 2.2494745e-15 2.2531521e-15 2.2483342e-15 1.3574204e+12 6.4280836e+11
8.8065341e-16 8.790907e-16 8.8075071e-16 8.7904302e-16 8.8075169e-16 8.8041988e-16 8.8143379e-16 8.7823442e-16 8.8017078e-16 8.797767e-16 2.1702033e+12 1.0277028e+12
3.3751524e-16 3.3648789e-16 3.3704904e-16 3.3630835e-16 3.3628887e-16 3.3640086e-16 3.3751767e-16 3.3642946e-16 3.3622314e-16 3.3664978e-16 3.4696563e+12 1.6430606e+12
1.291336e-16 1.2921926e-16 1.2907878e-16 1.2907993e-16 1.289406e-16 1.2933422e-16 1.2907155e-16 1.2933118e-16 1.2901445e-16 1.2919946e-16 5.5471829e+12 2.6268763e+12
4.7503775e-17 4.7136612e-17 4.7302336e-17 4.6998033e-17 4.726662e-17 4.7266143e-17 4.7327337e-17 4.7365673e-17 4.7374006e-17 4.7379721e-17 8.8686706e+12 4.1997715e+12
1.7023981e-17 1.6916899e-17 1.6919133e-17 1.6961281e-17 1.6869092e-17 1.7005663e-17 1.6907516e-17 1.6962026e-17 1.6994046e-17 1.6825306e-17 1.4178966e+13 6.7144693e+12
5.8067648e-18 5.8057401e-18 5.8474731e-18 5.8096526e-18 5.797822e-18 5.7915807e-18 5.771832e-18 5.766988e-18 5.8343384e-18 5.7737882e-18 2.2668908e+13 1.0734893e+13
1.859389e-18 1.8756453e-18 1.8711005e-18 1.8793743e-18 1.8734311e-18 1.8779176e-18 1.8737225e-18 1.8818797e-18 1.8571749e-18 1.8959219e-18 3.6242373e+13 1.7162627e+13
5.6131587e-19 5.5803587e-19 5.6189898e-19 5.572341e-19 5.6634519e-19 5.6084209e-19 5.5810876e-19 5.5763499e-19 5.5267855e-19 5.5916565e-19 5.7943225e+13 2.7439096e+13
1.4946839e-19 1.5211263e-19 1.4716607e-19 1.5097287e-19 1.4951398e-19 1.4627705e-19 1.5010665e-19 1.5069933e-19 1.4860217e-19 1.4771315e-19 9.26379e+13 4.3868808e+13
3.4176388e-20 3.3762906e-20 3.444729e-20 3.5103157e-20 3.3991034e-20 3.3976776e-20 3.4005292e-20 3.423342e-20 3.4760965e-20 3.5801798e-20 1.4810671e+14 7.0136142e+13
6.2248303e-21 7.0631312e-21 6.1713217e-21 6.7064074e-21 6.6172264e-21 7.0363769e-21 6.6618169e-21 6.4745369e-21 6.483455e-21 6.2872569e-21 2.3678859e+14 1.1213157e+14
9.7058886e-22 8.3671454e-22 9.1480789e-22 9.8174506e-22 8.8133931e-22 8.980736e-22 9.5385457e-22 9.6501077e-22 9.9290125e-22 8.7576122e-22 3.7857053e+14 1.7927261e+14
5.931287e-23 1.1164776e-22 9.7691786e-23 4.8845893e-23 8.7224809e-23 8.7224809e-23 1.0466977e-22 9.4202794e-23 1.0118078e-22 9.4202794e-23 6.0524728e+14 2.866157e+14
6.5468929e-24 0 2.1822976e-24 1.0911488e-23 0 2.1822976e-24 2.1822976e-24 2.1822976e-24 6.5468929e-24 8.7291906e-24 9.6765129e+14 4.5823263e+14
0 0 0 0 0 0 0 0 0 0 1.547052e+15 7.3260867e+14
0 0 0 0 0 0 0 0 0 0 2.4733806e+15 1.1712729e+15
0 0 0 0 0 0 0 0 0 0 3.9543671e+15 1.8725961e+15
