1.9172537e-14
1.6565262e-14
1.4108794e-14
1.2035228e-14
1.0257589e-14
8.76306e-15
7.41664e-15
6.349064e-15
5.4602745e-15
4.6589128e-15
3.9558591e-15
3.3589147e-15
2.8789012e-15
2.4567774e-15
2.0865781e-15
1.7897717e-15
1.5050378e-15
1.2974919e-15
1.1046741e-15
9.3566069e-16
7.9533231e-16
6.721629e-16
5.8025621e-16
4.8957993e-16
4.1757267e-16
3.5562116e-16
2.9941023e-16
2.5335308e-16
2.1854907e-16
1.8564787e-16
1.5610479e-16
1.3294483e-16
1.1312617e-16
9.5271226e-17
8.1337847e-17
6.842505e-17
5.8022521e-17
4.8752043e-17
4.1041299e-17
3.4740328e-17
2.9222934e-17
2.4536379e-17
2.0674361e-17
1.7379288e-17
1.4547918e-17
1.2141736e-17
1.0299639e-17
8.5963279e-18
7.1893471e-18
5.989186e-18
4.9793377e-18
4.1503561e-18
3.4435148e-18
2.8626452e-18
2.383523e-18
1.9600379e-18
1.6128914e-18
1.3316994e-18
1.1027513e-18
8.9492136e-19
7.282605e-19
5.9801956e-19
4.8533126e-19
3.9286258e-19
3.2184582e-19
2.5991558e-19
2.071263e-19
1.6661982e-19
1.3254925e-19
1.0533357e-19
8.435922e-20
6.6547726e-20
5.1825932e-20
4.064496e-20
3.2036062e-20
2.4784673e-20
1.8848617e-20
1.4347184e-20
1.0957698e-20
8.2801848e-21
6.2144041e-21
4.6208671e-21
3.4308071e-21
2.5136043e-21
1.8100955e-21
1.3095064e-21
9.2477054e-22
6.5729112e-22
4.5538709e-22
3.1333334e-22
2.1628192e-22
1.439072e-22
9.5443785e-23
6.1772284e-23
3.9836712e-23
2.493758e-23
1.5565253e-23
9.54904e-24
5.6120076e-24
