2.000000000000000164e-05 1.050839613534035433e+00
2.066869842267550072e-05 1.050839860748481902e+00
2.135975472437544027e-05 1.050839318234872310e+00
2.207391643902171255e-05 1.050842223500582318e+00
2.281195609427394449e-05 1.050842032784899516e+00
2.357467204719313169e-05 1.050842130190948742e+00
2.436288934784564352e-05 1.050841301393981908e+00
2.517746063178175121e-05 1.050838771637830238e+00
2.601926704235410016e-05 1.050843226715904022e+00
2.688921918387384303e-05 1.050839591824951569e+00
2.778825810663545582e-05 1.050842917186601611e+00
2.871735632487579741e-05 1.050840649249023651e+00
2.967751886876853870e-05 1.050839994790174980e+00
3.066978437159193627e-05 1.050839836018891305e+00
3.169522619324599853e-05 1.050837139068488524e+00
3.275495358133433647e-05 1.050839601553171354e+00
3.385011287106671010e-05 1.050838042160863184e+00
3.498188872528021299e-05 1.050841826890730912e+00
3.615150541592045298e-05 1.050841018726472287e+00
3.736022814836899319e-05 1.050838329003591642e+00
3.860936443004954884e-05 1.050838842219985692e+00
3.990026548479344494e-05 1.050839298070122441e+00
4.123432771449419843e-05 1.050840266786989607e+00
4.261299420963254024e-05 1.050841750429370780e+00
4.403775631030562105e-05 1.050834594318454052e+00
4.551015521944909301e-05 1.050839489853281572e+00
4.703178366999723984e-05 1.050838850221860854e+00
4.860428764778435972e-05 1.050836834585028523e+00
5.022936817205134787e-05 1.050840154372563173e+00
5.190878313548323190e-05 1.050837150677991660e+00
5.364434920576834987e-05 1.050837903751073998e+00
5.543794379073590958e-05 1.050838472006806024e+00
5.729150706919781900e-05 1.050836284153507494e+00
5.920704408969155763e-05 1.050837829092137854e+00
6.118662693939432690e-05 1.050832123936832341e+00
6.323239698555469304e-05 1.050836792184561608e+00
6.534656719186627638e-05 1.050833215733065540e+00
6.753142451228926792e-05 1.050830947681337779e+00
6.978933236490913268e-05 1.050835784184747546e+00
7.212273318850868345e-05 1.050831411851592456e+00
7.453415108461877573e-05 1.050834667200511552e+00
7.702619454790587906e-05 1.050835580268733471e+00
7.960155928784993205e-05 1.050831630461916077e+00
8.226303114476471348e-05 1.050831513222811431e+00
8.501348910331518868e-05 1.050830565233691116e+00
8.785590840679157983e-05 1.050830738238609507e+00
9.079336377550881697e-05 1.050829249328831372e+00
9.382903273281309529e-05 1.050828857663966165e+00
9.696619904229312483e-05 1.050828478154420820e+00
1.002082562599141270e-04 1.050826210862989996e+00
1.035587114049174785e-04 1.050828459598559750e+00
1.070211887534562421e-04 1.050825095822524480e+00
1.105994337590709140e-04 1.050826642437119540e+00
1.142973171042456330e-04 1.050823218386407687e+00
1.181188388874281471e-04 1.050818755752292777e+00
1.220681329500424115e-04 1.050820051604351546e+00
1.261494713481742377e-04 1.050822615476487476e+00
1.303672689737678670e-04 1.050814462643224090e+00
1.347260883303314362e-04 1.050819320694343917e+00
1.392306444683180742e-04 1.050816518343202555e+00
1.438858100855209437e-04 1.050809084262544157e+00
1.486966207979997041e-04 1.050811397246956158e+00
1.536682805872396744e-04 1.050803121847846633e+00
1.588061674294368483e-04 1.050802904323090203e+00
1.641158391129971276e-04 1.050801419599149300e+00
1.696030392505434848e-04 1.050800443447396759e+00
1.752737034919339915e-04 1.050797022784768942e+00
1.811339659450114388e-04 1.050791390279245396e+00
1.871901658110307874e-04 1.050789093935445839e+00
1.934488542419408646e-04 1.050786170547350018e+00
1.999168014269393128e-04 1.050783555458156160e+00
2.066010039159656652e-04 1.050778286925107219e+00
2.135086921880547338e-04 1.050773330501292735e+00
2.206473384727377968e-04 1.050772426026119755e+00
2.280246648329511538e-04 1.050762982678352886e+00
2.356486515181963309e-04 1.050761457864175519e+00
2.435275455969876748e-04 1.050753990638175539e+00
2.516698698779247295e-04 1.050745762105679049e+00
2.600844321290405573e-04 1.050742299417619208e+00
2.687803346053976817e-04 1.050732120828512972e+00
2.777669838952388651e-04 1.050731880828882359e+00
2.870541010953427292e-04 1.050718111852645853e+00
2.966517323265922064e-04 1.050707163018088641e+00
3.065702596011295341e-04 1.050702442961493510e+00
3.168204120528543403e-04 1.050693115393450450e+00
3.274132775434116785e-04 1.050683084858096139e+00
3.383603146562264279e-04 1.050671707959647927e+00
3.496733650915567022e-04 1.050658585951399937e+00
3.613646664759745386e-04 1.050648014096113192e+00
3.734468656001317080e-04 1.050634949299242171e+00
3.859330320991275886e-04 1.050619861961165746e+00
3.988366725902805230e-04 1.050603650920999943e+00
4.121717452835938129e-04 1.050590885136607699e+00
4.259526750807212541e-04 1.050575421938306109e+00
4.401943691787655547e-04 1.050553503907493802e+00
4.549122331957894719e-04 1.050535362247819737e+00
4.701221878354804149e-04 1.050513189793673030e+00
4.858406861089974399e-04 1.050491100699244562e+00
5.020847311326308640e-04 1.050469019308854390e+00
5.188718945205230424e-04 1.050444828651115659e+00
5.362203353923492141e-04 1.050416216171710770e+00
5.541488200165187389e-04 1.050385040115847213e+00
5.726767421101455150e-04 1.050355965073522801e+00
5.918241438177454907e-04 1.050322435379276387e+00
6.116117373913557359e-04 1.050290023447036258e+00
6.320609275955268004e-04 1.050247073062555936e+00
6.531938348614238542e-04 1.050212449208321353e+00
6.750333192150836329e-04 1.050165489103194627e+00
6.976030050057104547e-04 1.050123685341006530e+00
7.209273064607610694e-04 1.050076443264445158e+00
7.450314540954613768e-04 1.050019876815376341e+00
7.699415220053250396e-04 1.049964391876635483e+00
7.956844560711916160e-04 1.049906975915865237e+00
8.222881031073025473e-04 1.049843126953036831e+00
8.497812409839368810e-04 1.049779761196729666e+00
8.781936097571961097e-04 1.049705150659213215e+00
9.075559438396131216e-04 1.049629599519384948e+00
9.379000052463793693e-04 1.049545988026413079e+00
9.692586179531593148e-04 1.049461395747659065e+00
1.001665703402655023e-03 1.049365857195495355e+00
1.035156317198330069e-03 1.049266495605877925e+00
1.069766687024985286e-03 1.049162560626140328e+00
1.105534251837205851e-03 1.049049246532188118e+00
1.142497702358069404e-03 1.048930505574176886e+00
1.180697022931930960e-03 1.048797102458820962e+00
1.220173534776542454e-03 1.048663379613208546e+00
1.260969940681316284e-03 1.048520462417864341e+00
1.303130371200056587e-03 1.048364838425755341e+00
1.346700432388157767e-03 1.048196877508919211e+00
1.391727255135877424e-03 1.048025936573110162e+00
1.438259546151070007e-03 1.047834534207183532e+00
1.486347640646530459e-03 1.047636192307053626e+00
1.536043556788919398e-03 1.047426567590308721e+00
1.587401051968200579e-03 1.047193360519171890e+00
1.640475680948428249e-03 1.046959365780933071e+00
1.695324855962815390e-03 1.046703195699363764e+00
1.752007908818060174e-03 1.046428463612201210e+00
1.810586155075142928e-03 1.046143873843000005e+00
1.871122960375984270e-03 1.045835930881623854e+00
1.933683808987751848e-03 1.045511175312667351e+00
1.998336374638913938e-03 1.045159221803665384e+00
2.065150593723721201e-03 1.044794369402641143e+00
2.134198740954243185e-03 1.044405022772940006e+00
2.205555507541849362e-03 1.043987993216481502e+00
2.279298081992675151e-03 1.043548887441067885e+00
2.355506233604463730e-03 1.043085089452645109e+00
2.434262398755145627e-03 1.042593187021748635e+00
2.515651770076436904e-03 1.042073020932598126e+00
2.599762388608985089e-03 1.041519528308584963e+00
2.686685239038679764e-03 1.040933959418171684e+00
2.776514348117217236e-03 1.040315528580604720e+00
2.869346886373309435e-03 1.039667460822416567e+00
2.965283273224645581e-03 1.038980036315094502e+00
3.064427285604211931e-03 1.038254056133882886e+00
3.166886170218578649e-03 1.037491683883929650e+00
3.272770759559481216e-03 1.036690597787609303e+00
3.382195591794276077e-03 1.035850824046349761e+00
3.495279034664920681e-03 1.034961173361416131e+00
3.612143413529477973e-03 1.034038829609124299e+00
3.732915143684721951e-03 1.033063950312206991e+00
3.857724867112893516e-03 1.032050711716971492e+00
3.986707593800617976e-03 1.030989985164541656e+00
4.120002847782761740e-03 1.029884562500781975e+00
4.257754818069308354e-03 1.028737036257345361e+00
4.400112514618404608e-03 1.027541889028815270e+00
4.547229929524409554e-03 1.026302663351689848e+00
4.699266203595197679e-03 1.025024370543247132e+00
4.856385798499019031e-03 1.023706983437687290e+00
5.018758674667020935e-03 1.022347747169401355e+00
5.186560475143959549e-03 1.020948082525577894e+00
5.359972715585955248e-03 1.019520126834018603e+00
5.539182980610755057e-03 1.018064393761822783e+00
5.724385126713026593e-03 1.016580422898173408e+00
5.915779491964028892e-03 1.015079146157341183e+00
6.113573112722652143e-03 1.013559713596695167e+00
6.317979947592099882e-03 1.012032390105656265e+00
6.529221108864616957e-03 1.010506468712709438e+00
6.747525101704480652e-03 1.008978325587231994e+00
6.973128071328140755e-03 1.007472528097869358e+00
7.206274058448705437e-03 1.005976119260161505e+00
7.447215263261310406e-03 1.004513145092767568e+00
7.696212318254701257e-03 1.003093523699098322e+00
7.953534570144332738e-03 1.001705105512683547e+00
8.219460371231864307e-03 1.000375355533237975e+00
8.494277380506187053e-03 9.991021707535006069e-01
8.778282874811823774e-03 9.978984543437511290e-01
9.071784070421121463e-03 9.967579722300955458e-01
9.375098455358292851e-03 9.956915665724193065e-01
9.688554132834568261e-03 9.946926980843040500e-01
1.001249017616620725e-02 9.937837345078732731e-01
1.034725699555901803e-02 9.929368808099100496e-01
1.069321671715643858e-02 9.921600991262802260e-01
1.105074357476093505e-02 9.914557564618774466e-01
1.142022431465263173e-02 9.907970357659501293e-01
1.180205861394306721e-02 9.901939574158875601e-01
1.219665951291643881e-02 9.896325340160223583e-01
1.260445386182631328e-02 9.890970979117510442e-01
1.302588278263077520e-02 9.885919818512405310e-01
1.346140214616583890e-02 9.880959113796013993e-01
1.391148306527291781e-02 9.876193392015669703e-01
1.437661240441416924e-02 9.871427932628552560e-01
1.485729330632660182e-02 9.866796741985714991e-01
1.535404573628500365e-02 9.862190483320231182e-01
1.586740704456205894e-02 9.857717631658541313e-01
1.639793254769450481e-02 9.853417242391651065e-01
1.694619612918364313e-02 9.849236564996289856e-01
1.751279086028037155e-02 9.845342255687583588e-01
1.809832964152614798e-02 9.841745100319644335e-01
1.870344586574363213e-02 9.838506340481867340e-01
1.932879410319460894e-02 9.835442999679777643e-01
1.997505080964588620e-02 9.832594211005025731e-01
2.064291505810955316e-02 9.829878846490731625e-01
2.133310929504865505e-02 9.827339087762567704e-01
2.204638012186681956e-02 9.824780336041296636e-01
2.278349910252664909e-02 9.822323409531864558e-01
2.354526359817107548e-02 9.819715508920831004e-01
2.433249762964985810e-02 9.817345531862010644e-01
2.514605276888498206e-02 9.815028975128132771e-01
2.598680906003840441e-02 9.812803950218711435e-01
2.685567597147924673e-02 9.810786252178049782e-01
2.775359337957988490e-02 9.808864162983930157e-01
2.868153258540498754e-02 9.807057090897911555e-01
2.964049736539381419e-02 9.805292534730404297e-01
3.063152505717161092e-02 9.803513974575187584e-01
3.165568768166540647e-02 9.801899445686585999e-01
3.271409310273729054e-02 9.800196348531168278e-01
3.380788622559029871e-02 9.798733306986882052e-01
3.493825023524253087e-02 9.797305676032301847e-01
3.610640787640997940e-02 9.796109103307575339e-01
3.731362277618164441e-02 9.794873144949806099e-01
3.856120081091872487e-02 9.793772027297089622e-01
3.985049151885547425e-02 9.792722842764784996e-01
4.118288955993056055e-02 9.791886157710869565e-01
4.255983622442782027e-02 9.791035028714936139e-01
4.398282099205792772e-02 9.790457867611812581e-01
4.545338314316834522e-02 9.789947477887800398e-01
4.697311342382341770e-02 9.789559414525174086e-01
4.854365576655684383e-02 9.789211991863999707e-01
5.016670906865677154e-02 9.789045142219559015e-01
5.184402902990837420e-02 9.789012283410591930e-01
5.357743005178047802e-02 9.788961005608954880e-01
5.536878720011212396e-02 9.789111937081627079e-01
5.722003823342062395e-02 9.789150789594809332e-01
5.913318569902666078e-02 9.789299855779250992e-01
6.111029909926251474e-02 9.789417867126668504e-01
6.315351713010779189e-02 9.789417571921997796e-01
6.526504999467336310e-02 9.789375061005770595e-01
6.744718179403717817e-02 9.789227900698688201e-01
6.970227299801623477e-02 9.788910029176559613e-01
7.203276299854979858e-02 9.788514508508882050e-01
7.444117274845411802e-02 9.787892999150572537e-01
7.693010748840443946e-02 9.787150674782432169e-01
7.950225956509210379e-02 9.786252192517931325e-01
8.216041134360790865e-02 9.785244367130583321e-01
8.490743821719984319e-02 9.784145573069946700e-01
8.774631171766281157e-02 9.783055617998464015e-01
9.068010272972255870e-02 9.782046473549357302e-01
9.371198481289348681e-02 9.781195902188929425e-01
9.684523763440215649e-02 9.780562598227361404e-01
1.000832505168899600e-01 9.780218449613855558e-01
1.034295261047340625e-01 9.780217006993090489e-01
1.068876841529496080e-01 9.780678324691239878e-01
1.104614654427753945e-01 9.781370322653921701e-01
1.141547358281756464e-01 9.782306633745552205e-01
1.179714904176376727e-01 9.783331238914592110e-01
1.219158578957853512e-01 9.784231066450708170e-01
1.259921049894874856e-01 9.784909243013123481e-01
1.302046410832891354e-01 9.785076901203498823e-01
1.345580229891604751e-01 9.784908308626198981e-01
1.390569598757198100e-01 9.784169806788841628e-01
1.437063183622670492e-01 9.783122901830757501e-01
1.485111277831346888e-01 9.781891173565355757e-01
1.534765856280515817e-01 9.780695554159918315e-01
1.586080631644066208e-01 9.779838857304825606e-01
1.639111112474894438e-01 9.779490962254291375e-01
1.693914663249987407e-01 9.779847371281689128e-01
1.750550566423093313e-01 9.780676218240618169e-01
1.809080086552135869e-01 9.781786690479896684e-01
1.869566536570689830e-01 9.782796753926037425e-01
1.932075346275276828e-01 9.783216620203163405e-01
1.996674133102498971e-01 9.783061306704174953e-01
2.063432775272630582e-01 9.782349063676185619e-01
2.132423487378718452e-01 9.781314509873481056e-01
2.203720898503036263e-01 9.780389562025266770e-01
2.277402132945338109e-01 9.780018429446140082e-01
2.353546893650253491e-01 9.780279948661907419e-01
2.432237548424092122e-01 9.781008929115072581e-01
2.513559219034258718e-01 9.781743168006897804e-01
2.597599873287743666e-01 9.782092572442575573e-01
2.684450420188219666e-01 9.781792174928749528e-01
2.774204808274743361e-01 9.781174308139548579e-01
2.866960127248350254e-01 9.780535685493289000e-01
2.962816712996577673e-01 9.780407989541637370e-01
3.061878256129444420e-01 9.780775977269556831e-01
3.164251914144354805e-01 9.781254884013157458e-01
3.270048427341168962e-01 9.781457423447480481e-01
3.379382238612947953e-01 9.781172606928805191e-01
3.492371617241852855e-01 9.780801659213830268e-01
3.609138786834163448e-01 9.780603353015292489e-01
3.729810057532814693e-01 9.780792657664926226e-01
3.854515962650386651e-01 9.780994540991669872e-01
3.983391399870480631e-01 9.780975150128777829e-01
4.116575777170102257e-01 9.780802169402346147e-01
4.254213163620995108e-01 9.780680545534057302e-01
4.396452445232932327e-01 9.780770276686374665e-01
4.543447486007690661e-01 9.780889186071992647e-01
4.695357294377799362e-01 9.780773080880954540e-01
4.852346195210218704e-01 9.780698719642511030e-01
5.014584007560848322e-01 9.780714982746130381e-01
5.182246228372336949e-01 9.780723526161836379e-01
5.355514222313770833e-01 9.780713965750347239e-01
5.534575417967635413e-01 9.780708617794163784e-01
5.719623510576314906e-01 9.780690641298441790e-01
5.910858671567322808e-01 9.780680598025207617e-01
6.108487765084068544e-01 9.780678471734910451e-01
6.312724571756275216e-01 9.780646837596530530e-01
6.523790019952193653e-01 9.780641562206106032e-01
6.741912424762606104e-01 9.780672338039814173e-01
6.967327734975364839e-01 9.780574828365539153e-01
7.200279788307419881e-01 9.780537945788245757e-01
7.441020575170596008e-01 9.780547929825068598e-01
7.689810511256225389e-01 9.780569618349674865e-01
7.946918719233755368e-01 9.780580197159476352e-01
8.212623319867858873e-01 9.780578556066263918e-01
8.487211732869031078e-01 9.780565799292253448e-01
8.770980987803161932e-01 9.780544621949864847e-01
9.064238045396205701e-01 9.780520852324978698e-01
9.367300129581793700e-01 9.780500679287960075e-01
9.680495070650749767e-01 9.780489145438547860e-01
1.000416165987385808e+00 9.780488766897781350e-01
1.033865001598128330e+00 9.780501709816797895e-01
1.068432196389532240e+00 9.780525589430455469e-01
1.104155142612600837e+00 9.780546778988921108e-01
1.141072482725305592e+00 9.780549957214846879e-01
1.179224151193147607e+00 9.780528005197115515e-01
1.218651417687333982e+00 9.780496573089525469e-01
1.259396931727273516e+00 9.780475226591888172e-01
1.301504768815691548e+00 9.780476368900522521e-01
1.345020478116276896e+00 9.780490014062680482e-01
1.389991131725407447e+00 9.780501813658273313e-01
1.436465375591293947e+00 9.780501378702397552e-01
1.484493482135585296e+00 9.780492281748910388e-01
1.534127404634392455e+00 9.780481171134164375e-01
1.585420833417506836e+00 9.780473074519346888e-01
1.638429253946665609e+00 9.780466566248868787e-01
1.693210006835640158e+00 9.780458614645911597e-01
1.749822349877109051e+00 9.780447438282907635e-01
1.808327522143368116e+00 9.780436879921796667e-01
1.868788810230267217e+00 9.780432363080747704e-01
1.931271616715998229e+00 9.780437215116408733e-01
1.995843530908793184e+00 9.780444104299788055e-01
2.062574401960084458e+00 9.780442319356987824e-01
2.131536414422164238e+00 9.780424133007380449e-01
2.202804166332139602e+00 9.780399001967101658e-01
2.276454749906602792e+00 9.780382518972683403e-01
2.352567834934338631e+00 9.780386849452211706e-01
2.431225754957225149e+00 9.780401730172860741e-01
2.512513596332623944e+00 9.780407896253155986e-01
2.596519290273538783e+00 9.780389561588282987e-01
2.683333707966161441e+00 9.780356957378376626e-01
2.773050758867611432e+00 9.780332026115754473e-01
2.865767492290306695e+00 9.780333638373858163e-01
2.961584202382770314e+00 9.780354138593402302e-01
3.060604536620467719e+00 9.780372504573664472e-01
3.162935607924048931e+00 9.780369909684416552e-01
3.268688110526199786e+00 9.780349869533317975e-01
3.377976439712552459e+00 9.780328479384654550e-01
3.490918815566087297e+00 9.780320570200596864e-01
3.607637410848952619e+00 9.780325216254946996e-01
3.728258483159945236e+00 9.780331593484794528e-01
3.852912511510727001e+00 9.780329480232197170e-01
3.981734337468417539e+00 9.780318495127655609e-01
4.114863311017320058e+00 9.780305144944848594e-01
4.252443441297450555e+00 9.780295759829318314e-01
4.394623552383071896e+00 9.780291819616305782e-01
4.541557444269631816e+00 9.780291025009293371e-01
4.693404059243289517e+00 9.780290928072147283e-01
4.850327653813030437e+00 9.780288202498309547e-01
5.012497976391239618e+00 9.780278760696951013e-01
5.180090450915090017e+00 9.780258878756227237e-01
5.353286366607249214e+00 9.780233207897938152e-01
5.532273074081278885e+00 9.780214470040602404e-01
5.717244188003695271e+00 9.780215150057752771e-01
5.908399796532135539e+00 9.780232970737224862e-01
6.105946677756002750e+00 9.780249838910820559e-01
6.310098523373801171e+00 9.780247382193482109e-01
6.521076169849157722e+00 9.780223256256116438e-01
6.739107837295406966e+00 9.780194212957794564e-01
6.964429376347387013e+00 9.780177832005193528e-01
7.197284523287298619e+00 9.780179949789200577e-01
7.437925163700752407e+00 9.780190837522942937e-01
7.686611604948010879e+00 9.780199782615069948e-01
7.943612857745410594e+00 9.780200729152914718e-01
8.209206927161357470e+00 9.780194493819174273e-01
8.483681113341843272e+00 9.780182436437755422e-01
8.767332322290526392e+00 9.780165245694623088e-01
9.060467387039910392e+00 9.780142506238493905e-01
9.363403399560734641e+00 9.780113723249747038e-01
9.676468053768756405e+00 9.780080731187289489e-01
1.000000000000001243e+01 9.780049641418262496e-01
