2.000000000000000164e-05 5.301296015023378994e-01
2.066869842267550072e-05 5.301205668377728664e-01
2.135975472437544027e-05 5.301150973098175401e-01
2.207391643902171255e-05 5.301183527635087156e-01
2.281195609427394449e-05 5.301255198539008839e-01
2.357467204719313169e-05 5.301383861699068278e-01
2.436288934784564352e-05 5.301210742258514186e-01
2.517746063178175121e-05 5.301235945639155567e-01
2.601926704235410016e-05 5.301183452500547455e-01
2.688921918387384303e-05 5.301242068075173730e-01
2.778825810663545582e-05 5.301283790013082697e-01
2.871735632487579741e-05 5.301201570313500699e-01
2.967751886876853870e-05 5.301260776583706091e-01
3.066978437159193627e-05 5.301171733840742695e-01
3.169522619324599853e-05 5.301302591510219653e-01
3.275495358133433647e-05 5.301198280964301013e-01
3.385011287106671010e-05 5.301198220223558577e-01
3.498188872528021299e-05 5.301247435834669508e-01
3.615150541592045298e-05 5.301255232089012726e-01
3.736022814836899319e-05 5.301264328668419124e-01
3.860936443004954884e-05 5.301172523944592818e-01
3.990026548479344494e-05 5.301224910134337831e-01
4.123432771449419843e-05 5.301256951748047896e-01
4.261299420963254024e-05 5.301272658609723631e-01
4.403775631030562105e-05 5.301189162413141309e-01
4.551015521944909301e-05 5.301160301376836026e-01
4.703178366999723984e-05 5.301218100990786608e-01
4.860428764778435972e-05 5.301237137675955946e-01
5.022936817205134787e-05 5.301191735982815345e-01
5.190878313548323190e-05 5.301198127449836539e-01
5.364434920576834987e-05 5.301196538763348620e-01
5.543794379073590958e-05 5.301218041825689342e-01
5.729150706919781900e-05 5.301241648581402899e-01
5.920704408969155763e-05 5.301248562202954817e-01
6.118662693939432690e-05 5.301277660302933237e-01
6.323239698555469304e-05 5.301227338845660997e-01
6.534656719186627638e-05 5.301164206626239883e-01
6.753142451228926792e-05 5.301244337784908334e-01
6.978933236490913268e-05 5.301197913128822270e-01
7.212273318850868345e-05 5.301226333212747388e-01
7.453415108461877573e-05 5.301230268495134013e-01
7.702619454790587906e-05 5.301178379836403165e-01
7.960155928784993205e-05 5.301230465734755315e-01
8.226303114476471348e-05 5.301128432350307174e-01
8.501348910331518868e-05 5.301225613637259304e-01
8.785590840679157983e-05 5.301251462226493905e-01
9.079336377550881697e-05 5.301137637111609235e-01
9.382903273281309529e-05 5.301240577461243664e-01
9.696619904229312483e-05 5.301183379989656830e-01
1.002082562599141270e-04 5.301143369862916233e-01
1.035587114049174785e-04 5.301251783434325349e-01
1.070211887534562421e-04 5.301096280321686560e-01
1.105994337590709140e-04 5.301163992124139357e-01
1.142973171042456330e-04 5.301086079978101218e-01
1.181188388874281471e-04 5.301142759629209333e-01
1.220681329500424115e-04 5.301072593745425054e-01
1.261494713481742377e-04 5.301155310311518321e-01
1.303672689737678670e-04 5.301108417764859304e-01
1.347260883303314362e-04 5.301124873676890115e-01
1.392306444683180742e-04 5.301033527615590657e-01
1.438858100855209437e-04 5.301122152292941925e-01
1.486966207979997041e-04 5.301109729680690830e-01
1.536682805872396744e-04 5.300975984908985472e-01
1.588061674294368483e-04 5.301033344130380298e-01
1.641158391129971276e-04 5.301063373289996994e-01
1.696030392505434848e-04 5.301098225153565435e-01
1.752737034919339915e-04 5.301078494341038283e-01
1.811339659450114388e-04 5.300976992963073453e-01
1.871901658110307874e-04 5.300917141438493685e-01
1.934488542419408646e-04 5.300882614399522463e-01
1.999168014269393128e-04 5.300978303557338789e-01
2.066010039159656652e-04 5.300884595467254545e-01
2.135086921880547338e-04 5.300946697465289681e-01
2.206473384727377968e-04 5.300892590163716056e-01
2.280246648329511538e-04 5.300869290676890611e-01
2.356486515181963309e-04 5.300807444818687042e-01
2.435275455969876748e-04 5.300897238942836598e-01
2.516698698779247295e-04 5.300706728895876463e-01
2.600844321290405573e-04 5.300804424130890480e-01
2.687803346053976817e-04 5.300683394171534779e-01
2.777669838952388651e-04 5.300680050082116068e-01
2.870541010953427292e-04 5.300668324874572290e-01
2.966517323265922064e-04 5.300645490908867385e-01
3.065702596011295341e-04 5.300547181327840418e-01
3.168204120528543403e-04 5.300540663240442818e-01
3.274132775434116785e-04 5.300491995846877691e-01
3.383603146562264279e-04 5.300538983284764916e-01
3.496733650915567022e-04 5.300332080286875858e-01
3.613646664759745386e-04 5.300422911352271615e-01
3.734468656001317080e-04 5.300236659673248640e-01
3.859330320991275886e-04 5.300280371240950750e-01
3.988366725902805230e-04 5.300262185444899465e-01
4.121717452835938129e-04 5.300176331283896758e-01
4.259526750807212541e-04 5.300235134939124126e-01
4.401943691787655547e-04 5.300026228360028568e-01
4.549122331957894719e-04 5.300035736521344631e-01
4.701221878354804149e-04 5.299922148180856718e-01
4.858406861089974399e-04 5.299909058368972303e-01
5.020847311326308640e-04 5.299823235430950463e-01
5.188718945205230424e-04 5.299703655088763288e-01
5.362203353923492141e-04 5.299665820652889048e-01
5.541488200165187389e-04 5.299615896568343754e-01
5.726767421101455150e-04 5.299500858997788777e-01
5.918241438177454907e-04 5.299518154819429228e-01
6.116117373913557359e-04 5.299413568819146825e-01
6.320609275955268004e-04 5.299346440180501272e-01
6.531938348614238542e-04 5.299288579733388849e-01
6.750333192150836329e-04 5.299346097004385969e-01
6.976030050057104547e-04 5.299212425931972836e-01
7.209273064607610694e-04 5.299084643597864464e-01
7.450314540954613768e-04 5.299010154766733427e-01
7.699415220053250396e-04 5.298956071467264550e-01
7.956844560711916160e-04 5.298982158294087697e-01
8.222881031073025473e-04 5.298973256747913085e-01
8.497812409839368810e-04 5.298828452069418438e-01
8.781936097571961097e-04 5.298741952417522771e-01
9.075559438396131216e-04 5.298729443612787415e-01
9.379000052463793693e-04 5.298716381164001454e-01
9.692586179531593148e-04 5.298621693540835897e-01
1.001665703402655023e-03 5.298515581994727164e-01
1.035156317198330069e-03 5.298595911638014355e-01
1.069766687024985286e-03 5.298603593235651221e-01
1.105534251837205851e-03 5.298477424696904636e-01
1.142497702358069404e-03 5.298491062031663867e-01
1.180697022931930960e-03 5.298365308991745959e-01
1.220173534776542454e-03 5.298423314876321566e-01
1.260969940681316284e-03 5.298396707729585708e-01
1.303130371200056587e-03 5.298249882285235302e-01
1.346700432388157767e-03 5.298186274222514980e-01
1.391727255135877424e-03 5.298228683248081827e-01
1.438259546151070007e-03 5.298236495326248408e-01
1.486347640646530459e-03 5.298221312685376105e-01
1.536043556788919398e-03 5.298051154273517582e-01
1.587401051968200579e-03 5.298074887948134304e-01
1.640475680948428249e-03 5.297980283179588579e-01
1.695324855962815390e-03 5.297894406325477368e-01
1.752007908818060174e-03 5.297960155329884957e-01
1.810586155075142928e-03 5.297894343321738475e-01
1.871122960375984270e-03 5.297783472352415313e-01
1.933683808987751848e-03 5.297721959616182863e-01
1.998336374638913938e-03 5.297765018902171885e-01
2.065150593723721201e-03 5.297637713075847854e-01
2.134198740954243185e-03 5.297589452915418828e-01
2.205555507541849362e-03 5.297507801573809738e-01
2.279298081992675151e-03 5.297516138362778904e-01
2.355506233604463730e-03 5.297417692622451435e-01
2.434262398755145627e-03 5.297485942929139879e-01
2.515651770076436904e-03 5.297378507504975076e-01
2.599762388608985089e-03 5.297331785600416509e-01
2.686685239038679764e-03 5.297222265088684656e-01
2.776514348117217236e-03 5.297166204339669449e-01
2.869346886373309435e-03 5.297122553551864010e-01
2.965283273224645581e-03 5.297111777977665525e-01
3.064427285604211931e-03 5.296909626730771370e-01
3.166886170218578649e-03 5.296892318003927347e-01
3.272770759559481216e-03 5.296905486920424622e-01
3.382195591794276077e-03 5.296761596135016736e-01
3.495279034664920681e-03 5.296653780325440986e-01
3.612143413529477973e-03 5.296533648362345970e-01
3.732915143684721951e-03 5.296412037814892670e-01
3.857724867112893516e-03 5.296348520506233282e-01
3.986707593800617976e-03 5.296272851149230743e-01
4.120002847782761740e-03 5.296079636755327558e-01
4.257754818069308354e-03 5.295948322677473952e-01
4.400112514618404608e-03 5.295796747301284579e-01
4.547229929524409554e-03 5.295793687732657240e-01
4.699266203595197679e-03 5.295614872954552688e-01
4.856385798499019031e-03 5.295569014450006717e-01
5.018758674667020935e-03 5.295477988246607426e-01
5.186560475143959549e-03 5.295283740871048472e-01
5.359972715585955248e-03 5.295044346182103956e-01
5.539182980610755057e-03 5.294858574565296516e-01
5.724385126713026593e-03 5.294821686542018346e-01
5.915779491964028892e-03 5.294603540381284112e-01
6.113573112722652143e-03 5.294431448314512734e-01
6.317979947592099882e-03 5.294356905144792513e-01
6.529221108864616957e-03 5.294141970784677076e-01
6.747525101704480652e-03 5.293949860488987857e-01
6.973128071328140755e-03 5.293681630019971829e-01
7.206274058448705437e-03 5.293506010845582255e-01
7.447215263261310406e-03 5.293318587748160331e-01
7.696212318254701257e-03 5.293107122785248864e-01
7.953534570144332738e-03 5.292938226146380876e-01
8.219460371231864307e-03 5.292673200429501845e-01
8.494277380506187053e-03 5.292409147045884499e-01
8.778282874811823774e-03 5.292315650111346637e-01
9.071784070421121463e-03 5.292117128320200647e-01
9.375098455358292851e-03 5.291802254889806933e-01
9.688554132834568261e-03 5.291564511868206422e-01
1.001249017616620725e-02 5.291243809748930049e-01
1.034725699555901803e-02 5.291003412070324208e-01
1.069321671715643858e-02 5.290729042867474696e-01
1.105074357476093505e-02 5.290446093518205162e-01
1.142022431465263173e-02 5.290229423653870500e-01
1.180205861394306721e-02 5.289983383523366722e-01
1.219665951291643881e-02 5.289718896985733387e-01
1.260445386182631328e-02 5.289380366404455858e-01
1.302588278263077520e-02 5.289071457443935698e-01
1.346140214616583890e-02 5.288770175679826657e-01
1.391148306527291781e-02 5.288563970948271242e-01
1.437661240441416924e-02 5.288182689492125776e-01
1.485729330632660182e-02 5.287917408473719050e-01
1.535404573628500365e-02 5.287600969891748104e-01
1.586740704456205894e-02 5.287260323273141882e-01
1.639793254769450481e-02 5.286948588086129996e-01
1.694619612918364313e-02 5.286586479204617994e-01
1.751279086028037155e-02 5.286366068215702096e-01
1.809832964152614798e-02 5.285982645874666153e-01
1.870344586574363213e-02 5.285662239490500625e-01
1.932879410319460894e-02 5.285330000026124964e-01
1.997505080964588620e-02 5.284934981773290463e-01
2.064291505810955316e-02 5.284650917074561471e-01
2.133310929504865505e-02 5.284340950522603553e-01
2.204638012186681956e-02 5.283931192744630856e-01
2.278349910252664909e-02 5.283651638890850544e-01
2.354526359817107548e-02 5.283431594046251734e-01
2.433249762964985810e-02 5.282940234877673280e-01
2.514605276888498206e-02 5.282535978805709131e-01
2.598680906003840441e-02 5.282238631103634008e-01
2.685567597147924673e-02 5.281883477620149536e-01
2.775359337957988490e-02 5.281580969951347182e-01
2.868153258540498754e-02 5.281285623635092463e-01
2.964049736539381419e-02 5.280848611564076256e-01
3.063152505717161092e-02 5.280508037017803691e-01
3.165568768166540647e-02 5.280231661579664060e-01
3.271409310273729054e-02 5.279887166947742072e-01
3.380788622559029871e-02 5.279629740531623927e-01
3.493825023524253087e-02 5.279248811527590401e-01
3.610640787640997940e-02 5.278782489728660599e-01
3.731362277618164441e-02 5.278622955897119828e-01
3.856120081091872487e-02 5.278228023117336187e-01
3.985049151885547425e-02 5.277913170674675136e-01
4.118288955993056055e-02 5.277642160152193895e-01
4.255983622442782027e-02 5.277273682754221040e-01
4.398282099205792772e-02 5.277101801535627468e-01
4.545338314316834522e-02 5.276767634301329224e-01
4.697311342382341770e-02 5.276367742085914525e-01
4.854365576655684383e-02 5.276185360203913266e-01
5.016670906865677154e-02 5.275891291738402655e-01
5.184402902990837420e-02 5.275517597578208706e-01
5.357743005178047802e-02 5.275230479758963309e-01
5.536878720011212396e-02 5.274968210640627042e-01
5.722003823342062395e-02 5.274765061114957687e-01
5.913318569902666078e-02 5.274498855120794971e-01
6.111029909926251474e-02 5.274130761284528957e-01
6.315351713010779189e-02 5.273927985347962588e-01
6.526504999467336310e-02 5.273690715871039991e-01
6.744718179403717817e-02 5.273395643170564195e-01
6.970227299801623477e-02 5.273288439289193219e-01
7.203276299854979858e-02 5.272983336954631950e-01
7.444117274845411802e-02 5.272758223860265492e-01
7.693010748840443946e-02 5.272494527696681699e-01
7.950225956509210379e-02 5.272260191000863738e-01
8.216041134360790865e-02 5.272204604523217375e-01
8.490743821719984319e-02 5.271860059773192386e-01
8.774631171766281157e-02 5.271661930237300231e-01
9.068010272972255870e-02 5.271589993839105315e-01
9.371198481289348681e-02 5.271397443745969857e-01
9.684523763440215649e-02 5.271082889239058211e-01
1.000832505168899600e-01 5.270877021096855852e-01
1.034295261047340625e-01 5.270839363175711112e-01
1.068876841529496080e-01 5.270629693512792757e-01
1.104614654427753945e-01 5.270461175157973299e-01
1.141547358281756464e-01 5.270298186463341361e-01
1.179714904176376727e-01 5.270141622448266672e-01
1.219158578957853512e-01 5.270000594935063676e-01
1.259921049894874856e-01 5.269821434621827505e-01
1.302046410832891354e-01 5.269808585623505515e-01
1.345580229891604751e-01 5.269580420636248430e-01
1.390569598757198100e-01 5.269399003184468411e-01
1.437063183622670492e-01 5.269341145341560617e-01
1.485111277831346888e-01 5.269231900104689448e-01
1.534765856280515817e-01 5.269052823914311956e-01
1.586080631644066208e-01 5.268972869432255735e-01
1.639111112474894438e-01 5.268876401610022020e-01
1.693914663249987407e-01 5.268707189772608990e-01
1.750550566423093313e-01 5.268819750016330294e-01
1.809080086552135869e-01 5.268591006744893779e-01
1.869566536570689830e-01 5.268491510820461077e-01
1.932075346275276828e-01 5.268522649696872895e-01
1.996674133102498971e-01 5.268225985833606684e-01
2.063432775272630582e-01 5.268141032315679650e-01
2.132423487378718452e-01 5.268168677110532938e-01
2.203720898503036263e-01 5.268008977431297701e-01
2.277402132945338109e-01 5.267995996343095566e-01
2.353546893650253491e-01 5.267998104237469059e-01
2.432237548424092122e-01 5.267838322682348862e-01
2.513559219034258718e-01 5.267747484165264948e-01
2.597599873287743666e-01 5.267583381577449764e-01
2.684450420188219666e-01 5.267647909700964304e-01
2.774204808274743361e-01 5.267548644491554244e-01
2.866960127248350254e-01 5.267505491909544313e-01
2.962816712996577673e-01 5.267525319483832291e-01
3.061878256129444420e-01 5.267430854694111764e-01
3.164251914144354805e-01 5.267399474877987320e-01
3.270048427341168962e-01 5.267185028602070496e-01
3.379382238612947953e-01 5.267276391037983840e-01
3.492371617241852855e-01 5.267225458512129199e-01
3.609138786834163448e-01 5.267232557145005156e-01
3.729810057532814693e-01 5.267202165294024852e-01
3.854515962650386651e-01 5.267081795173220726e-01
3.983391399870480631e-01 5.267164326653530626e-01
4.116575777170102257e-01 5.267090641471159351e-01
4.254213163620995108e-01 5.267003498596785072e-01
4.396452445232932327e-01 5.267054051882833487e-01
4.543447486007690661e-01 5.267024372839617108e-01
4.695357294377799362e-01 5.266960317932498636e-01
4.852346195210218704e-01 5.266872635790046386e-01
5.014584007560848322e-01 5.266982007398784971e-01
5.182246228372336949e-01 5.266829691064901509e-01
5.355514222313770833e-01 5.266832227434199432e-01
5.534575417967635413e-01 5.266828130043429423e-01
5.719623510576314906e-01 5.266791598510047745e-01
5.910858671567322808e-01 5.266826920665887979e-01
6.108487765084068544e-01 5.266825894199905767e-01
6.312724571756275216e-01 5.266765984424992553e-01
6.523790019952193653e-01 5.266711246733196683e-01
6.741912424762606104e-01 5.266867643554048461e-01
6.967327734975364839e-01 5.266811191837923456e-01
7.200279788307419881e-01 5.266814377416000337e-01
7.441020575170596008e-01 5.266844212456947005e-01
7.689810511256225389e-01 5.266840158762806645e-01
7.946918719233755368e-01 5.266777705857673686e-01
8.212623319867858873e-01 5.266695805966440380e-01
8.487211732869031078e-01 5.266639670828944242e-01
8.770980987803161932e-01 5.266629255484033267e-01
9.064238045396205701e-01 5.266634806469474572e-01
9.367300129581793700e-01 5.266620872800947817e-01
9.680495070650749767e-01 5.266573286689804068e-01
1.000416165987385808e+00 5.266524762012246841e-01
1.033865001598128330e+00 5.266514202345439211e-01
1.068432196389532240e+00 5.266558881022104233e-01
1.104155142612600837e+00 5.266622636993280038e-01
1.141072482725305592e+00 5.266661225087824194e-01
1.179224151193147607e+00 5.266647284720737954e-01
1.218651417687333982e+00 5.266600325958513684e-01
1.259396931727273516e+00 5.266547923334070624e-01
1.301504768815691548e+00 5.266511949496869294e-01
1.345020478116276896e+00 5.266496453538557221e-01
1.389991131725407447e+00 5.266502011199476474e-01
1.436465375591293947e+00 5.266525461808022612e-01
1.484493482135585296e+00 5.266550469491091402e-01
1.534127404634392455e+00 5.266557795836839251e-01
1.585420833417506836e+00 5.266536014566763901e-01
1.638429253946665609e+00 5.266504805977233472e-01
1.693210006835640158e+00 5.266491591678229556e-01
1.749822349877109051e+00 5.266515392902486603e-01
1.808327522143368116e+00 5.266557442974070247e-01
1.868788810230267217e+00 5.266588354434308394e-01
1.931271616715998229e+00 5.266585296638457425e-01
1.995843530908793184e+00 5.266558782290481355e-01
2.062574401960084458e+00 5.266529895886016277e-01
2.131536414422164238e+00 5.266515982988577704e-01
2.202804166332139602e+00 5.266512842910102687e-01
2.276454749906602792e+00 5.266508581248823262e-01
2.352567834934338631e+00 5.266494129264280843e-01
2.431225754957225149e+00 5.266478931217181136e-01
2.512513596332623944e+00 5.266479861516585315e-01
2.596519290273538783e+00 5.266509849301216351e-01
2.683333707966161441e+00 5.266552372660292525e-01
2.773050758867611432e+00 5.266577652669426346e-01
2.865767492290306695e+00 5.266560384216109059e-01
2.961584202382770314e+00 5.266513739261575733e-01
3.060604536620467719e+00 5.266470278671838701e-01
3.162935607924048931e+00 5.266459213752181512e-01
3.268688110526199786e+00 5.266475743967585776e-01
3.377976439712552459e+00 5.266495918547762223e-01
3.490918815566087297e+00 5.266497558851652716e-01
3.607637410848952619e+00 5.266480763214789196e-01
3.728258483159945236e+00 5.266459624424554287e-01
3.852912511510727001e+00 5.266447667942494304e-01
3.981734337468417539e+00 5.266448209027880800e-01
4.114863311017320058e+00 5.266457415833915023e-01
4.252443441297450555e+00 5.266471215266537165e-01
4.394623552383071896e+00 5.266484098036936512e-01
4.541557444269631816e+00 5.266489435824097676e-01
4.693404059243289517e+00 5.266481249107047846e-01
4.850327653813030437e+00 5.266465776292853507e-01
5.012497976391239618e+00 5.266459845241689974e-01
5.180090450915090017e+00 5.266479665250467512e-01
5.353286366607249214e+00 5.266520572941775225e-01
5.532273074081278885e+00 5.266557790948376283e-01
5.717244188003695271e+00 5.266566557382996727e-01
5.908399796532135539e+00 5.266543869907961417e-01
6.105946677756002750e+00 5.266510039159948420e-01
6.310098523373801171e+00 5.266486002872472483e-01
6.521076169849157722e+00 5.266476025866543287e-01
6.739107837295406966e+00 5.266464508514110410e-01
6.964429376347387013e+00 5.266435078666998892e-01
7.197284523287298619e+00 5.266387184708007929e-01
7.437925163700752407e+00 5.266341244309884484e-01
7.686611604948010879e+00 5.266318800582986404e-01
7.943612857745410594e+00 5.266324576894094722e-01
8.209206927161357470e+00 5.266338473248244334e-01
8.483681113341843272e+00 5.266338628311836301e-01
8.767332322290526392e+00 5.266319798597023372e-01
9.060467387039910392e+00 5.266304076535283096e-01
9.363403399560734641e+00 5.266315887441364030e-01
9.676468053768756405e+00 5.266358417559404703e-01
1.000000000000001243e+01 5.266395855473573473e-01
