2.000000000000000164e-05 8.780924687832775133e-01
2.066869842267550072e-05 8.780963470255424008e-01
2.135975472437544027e-05 8.780941765796657084e-01
2.207391643902171255e-05 8.780985819354830690e-01
2.281195609427394449e-05 8.780978732050730429e-01
2.357467204719313169e-05 8.780971157297451368e-01
2.436288934784564352e-05 8.780937706107186935e-01
2.517746063178175121e-05 8.781005084319510878e-01
2.601926704235410016e-05 8.781021441355273405e-01
2.688921918387384303e-05 8.781001485289110509e-01
2.778825810663545582e-05 8.781013580853703759e-01
2.871735632487579741e-05 8.780978445286361511e-01
2.967751886876853870e-05 8.781087354063471517e-01
3.066978437159193627e-05 8.781020880079808411e-01
3.169522619324599853e-05 8.781085786839791796e-01
3.275495358133433647e-05 8.781066457766344424e-01
3.385011287106671010e-05 8.781085207962366912e-01
3.498188872528021299e-05 8.781076414448057976e-01
3.615150541592045298e-05 8.781120246870147694e-01
3.736022814836899319e-05 8.781103604059432577e-01
3.860936443004954884e-05 8.781125259061713928e-01
3.990026548479344494e-05 8.781142967848147851e-01
4.123432771449419843e-05 8.781233193811757154e-01
4.261299420963254024e-05 8.781196498281518270e-01
4.403775631030562105e-05 8.781227540473461879e-01
4.551015521944909301e-05 8.781272052590122223e-01
4.703178366999723984e-05 8.781321405889356280e-01
4.860428764778435972e-05 8.781314283278421895e-01
5.022936817205134787e-05 8.781306228985196194e-01
5.190878313548323190e-05 8.781344376763490223e-01
5.364434920576834987e-05 8.781395305723195266e-01
5.543794379073590958e-05 8.781396302519599573e-01
5.729150706919781900e-05 8.781434119166298125e-01
5.920704408969155763e-05 8.781525775410685686e-01
6.118662693939432690e-05 8.781547394901756398e-01
6.323239698555469304e-05 8.781615346862241545e-01
6.534656719186627638e-05 8.781677389166018255e-01
6.753142451228926792e-05 8.781753915958062651e-01
6.978933236490913268e-05 8.781743033641623564e-01
7.212273318850868345e-05 8.781843800798919686e-01
7.453415108461877573e-05 8.781911141457319214e-01
7.702619454790587906e-05 8.781986321525739880e-01
7.960155928784993205e-05 8.782020045284636423e-01
8.226303114476471348e-05 8.782141118869535301e-01
8.501348910331518868e-05 8.782148738569958146e-01
8.785590840679157983e-05 8.782277908924416288e-01
9.079336377550881697e-05 8.782389110820061351e-01
9.382903273281309529e-05 8.782528262349511561e-01
9.696619904229312483e-05 8.782576191175726077e-01
1.002082562599141270e-04 8.782722741632837948e-01
1.035587114049174785e-04 8.782843052022015762e-01
1.070211887534562421e-04 8.783044534204057507e-01
1.105994337590709140e-04 8.783135211141148702e-01
1.142973171042456330e-04 8.783334208168019908e-01
1.181188388874281471e-04 8.783492588132277845e-01
1.220681329500424115e-04 8.783624367267466315e-01
1.261494713481742377e-04 8.783818810241195152e-01
1.303672689737678670e-04 8.784065624106462966e-01
1.347260883303314362e-04 8.784251532878409874e-01
1.392306444683180742e-04 8.784455054231948834e-01
1.438858100855209437e-04 8.784718884642840342e-01
1.486966207979997041e-04 8.784928175499482350e-01
1.536682805872396744e-04 8.785280501172125778e-01
1.588061674294368483e-04 8.785600446867807278e-01
1.641158391129971276e-04 8.785891040517385120e-01
1.696030392505434848e-04 8.786217079346242409e-01
1.752737034919339915e-04 8.786553188051542396e-01
1.811339659450114388e-04 8.786913617963224565e-01
1.871901658110307874e-04 8.787325666398667634e-01
1.934488542419408646e-04 8.787839720464587501e-01
1.999168014269393128e-04 8.788294823832899505e-01
2.066010039159656652e-04 8.788806755029913154e-01
2.135086921880547338e-04 8.789310691457589142e-01
2.206473384727377968e-04 8.789930957860330185e-01
2.280246648329511538e-04 8.790494962978485649e-01
2.356486515181963309e-04 8.791203714217457055e-01
2.435275455969876748e-04 8.791916040321376968e-01
2.516698698779247295e-04 8.792635792825169716e-01
2.600844321290405573e-04 8.793419867783021093e-01
2.687803346053976817e-04 8.794292892967660036e-01
2.777669838952388651e-04 8.795141323262527511e-01
2.870541010953427292e-04 8.796149405125837095e-01
2.966517323265922064e-04 8.797210176511263136e-01
3.065702596011295341e-04 8.798322380719975078e-01
3.168204120528543403e-04 8.799471740029911615e-01
3.274132775434116785e-04 8.800768823214810688e-01
3.383603146562264279e-04 8.802116548946735675e-01
3.496733650915567022e-04 8.803542399304472577e-01
3.613646664759745386e-04 8.805101068712234413e-01
3.734468656001317080e-04 8.806740073915785283e-01
3.859330320991275886e-04 8.808451901931996231e-01
3.988366725902805230e-04 8.810340776454567147e-01
4.121717452835938129e-04 8.812344584385735091e-01
4.259526750807212541e-04 8.814459732056973973e-01
4.401943691787655547e-04 8.816796877850285874e-01
4.549122331957894719e-04 8.819232320030676586e-01
4.701221878354804149e-04 8.821781982139657030e-01
4.858406861089974399e-04 8.824598369353771066e-01
5.020847311326308640e-04 8.827595399514689412e-01
5.188718945205230424e-04 8.830734403935508459e-01
5.362203353923492141e-04 8.834111302214793238e-01
5.541488200165187389e-04 8.837698577389452304e-01
5.726767421101455150e-04 8.841562703473418994e-01
5.918241438177454907e-04 8.845667296599326601e-01
6.116117373913557359e-04 8.850088402295048784e-01
6.320609275955268004e-04 8.854735394838708640e-01
6.531938348614238542e-04 8.859742481935640734e-01
6.750333192150836329e-04 8.865082610627806892e-01
6.976030050057104547e-04 8.870746496097722256e-01
7.209273064607610694e-04 8.876742919078143279e-01
7.450314540954613768e-04 8.883162115662146530e-01
7.699415220053250396e-04 8.890048478784601249e-01
7.956844560711916160e-04 8.897377620439064216e-01
8.222881031073025473e-04 8.905120401942181463e-01
8.497812409839368810e-04 8.913398061817940921e-01
8.781936097571961097e-04 8.922278706839111839e-01
9.075559438396131216e-04 8.931641284207487708e-01
9.379000052463793693e-04 8.941500468556472514e-01
9.692586179531593148e-04 8.952101245680188502e-01
1.001665703402655023e-03 8.963364939954338029e-01
1.035156317198330069e-03 8.975214950784670132e-01
1.069766687024985286e-03 8.987848124746719014e-01
1.105534251837205851e-03 9.001237803086163947e-01
1.142497702358069404e-03 9.015372526697259525e-01
1.180697022931930960e-03 9.030334999631720594e-01
1.220173534776542454e-03 9.046179885227265682e-01
1.260969940681316284e-03 9.062880095363826660e-01
1.303130371200056587e-03 9.080517740319055120e-01
1.346700432388157767e-03 9.099060272792079962e-01
1.391727255135877424e-03 9.118566592325029196e-01
1.438259546151070007e-03 9.139099510806889537e-01
1.486347640646530459e-03 9.160664476207873719e-01
1.536043556788919398e-03 9.183182428993896806e-01
1.587401051968200579e-03 9.206763445177994498e-01
1.640475680948428249e-03 9.231403112249999543e-01
1.695324855962815390e-03 9.257163402148540499e-01
1.752007908818060174e-03 9.283907112785690918e-01
1.810586155075142928e-03 9.311737635251818856e-01
1.871122960375984270e-03 9.340540732901014831e-01
1.933683808987751848e-03 9.370397540251056423e-01
1.998336374638913938e-03 9.401203053342571669e-01
2.065150593723721201e-03 9.432919419430758623e-01
2.134198740954243185e-03 9.465433914695746687e-01
2.205555507541849362e-03 9.498843710566955423e-01
2.279298081992675151e-03 9.532942348662309939e-01
2.355506233604463730e-03 9.567743093141330979e-01
2.434262398755145627e-03 9.603046083631365804e-01
2.515651770076436904e-03 9.638915559366778574e-01
2.599762388608985089e-03 9.675144029953866021e-01
2.686685239038679764e-03 9.711730969889298404e-01
2.776514348117217236e-03 9.748547985712002761e-01
2.869346886373309435e-03 9.785547255086463059e-01
2.965283273224645581e-03 9.822786368268940915e-01
3.064427285604211931e-03 9.859939255717296014e-01
3.166886170218578649e-03 9.897305383306720383e-01
3.272770759559481216e-03 9.934750268797594153e-01
3.382195591794276077e-03 9.972197814590815224e-01
3.495279034664920681e-03 1.000986525505619396e+00
3.612143413529477973e-03 1.004772472401961325e+00
3.732915143684721951e-03 1.008584352176985499e+00
3.857724867112893516e-03 1.012441527969179633e+00
3.986707593800617976e-03 1.016343626310777903e+00
4.120002847782761740e-03 1.020305275102555198e+00
4.257754818069308354e-03 1.024335358634688165e+00
4.400112514618404608e-03 1.028446546068636946e+00
4.547229929524409554e-03 1.032639811312203282e+00
4.699266203595197679e-03 1.036924617179567853e+00
4.856385798499019031e-03 1.041302160813994515e+00
5.018758674667020935e-03 1.045770651996576595e+00
5.186560475143959549e-03 1.050335720036518206e+00
5.359972715585955248e-03 1.054986986256966963e+00
5.539182980610755057e-03 1.059733479064476569e+00
5.724385126713026593e-03 1.064553725117891148e+00
5.915779491964028892e-03 1.069453213264635716e+00
6.113573112722652143e-03 1.074440409834040322e+00
6.317979947592099882e-03 1.079491465939333539e+00
6.529221108864616957e-03 1.084621646135274231e+00
6.747525101704480652e-03 1.089827657078675793e+00
6.973128071328140755e-03 1.095102745459809235e+00
7.206274058448705437e-03 1.100445946174845924e+00
7.447215263261310406e-03 1.105864770589095381e+00
7.696212318254701257e-03 1.111348343836924490e+00
7.953534570144332738e-03 1.116900627040797733e+00
8.219460371231864307e-03 1.122519120095507805e+00
8.494277380506187053e-03 1.128209818437040379e+00
8.778282874811823774e-03 1.133960917039541050e+00
9.071784070421121463e-03 1.139774740588527013e+00
9.375098455358292851e-03 1.145646947398048177e+00
9.688554132834568261e-03 1.151591961232334649e+00
1.001249017616620725e-02 1.157583662903949540e+00
1.034725699555901803e-02 1.163636731773024291e+00
1.069321671715643858e-02 1.169747766764128505e+00
1.105074357476093505e-02 1.175913803692730131e+00
1.142022431465263173e-02 1.182130272140200278e+00
1.180205861394306721e-02 1.188394577641371352e+00
1.219665951291643881e-02 1.194708137292545880e+00
1.260445386182631328e-02 1.201074475091526317e+00
1.302588278263077520e-02 1.207473940251443389e+00
1.346140214616583890e-02 1.213927705331932172e+00
1.391148306527291781e-02 1.220420717355438667e+00
1.437661240441416924e-02 1.226948898318717118e+00
1.485729330632660182e-02 1.233519407554250380e+00
1.535404573628500365e-02 1.240115801966189313e+00
1.586740704456205894e-02 1.246750382488138742e+00
1.639793254769450481e-02 1.253423258576799704e+00
1.694619612918364313e-02 1.260118579689350593e+00
1.751279086028037155e-02 1.266839156116541965e+00
1.809832964152614798e-02 1.273583618099211501e+00
1.870344586574363213e-02 1.280360306629370060e+00
1.932879410319460894e-02 1.287148722608310036e+00
1.997505080964588620e-02 1.293962086746613283e+00
2.064291505810955316e-02 1.300783143104935480e+00
2.133310929504865505e-02 1.307623246415890783e+00
2.204638012186681956e-02 1.314473828812447564e+00
2.278349910252664909e-02 1.321340958845244273e+00
2.354526359817107548e-02 1.328209737741036456e+00
2.433249762964985810e-02 1.335081555830530897e+00
2.514605276888498206e-02 1.341969302272614017e+00
2.598680906003840441e-02 1.348855297352978377e+00
2.685567597147924673e-02 1.355745645156506418e+00
2.775359337957988490e-02 1.362611093686717290e+00
2.868153258540498754e-02 1.369476165926109434e+00
2.964049736539381419e-02 1.376339336850211703e+00
3.063152505717161092e-02 1.383211382505854958e+00
3.165568768166540647e-02 1.390070931082564076e+00
3.271409310273729054e-02 1.396905272667050335e+00
3.380788622559029871e-02 1.403705253272578668e+00
3.493825023524253087e-02 1.410502436684433425e+00
3.610640787640997940e-02 1.417317891571469923e+00
3.731362277618164441e-02 1.424094643734360011e+00
3.856120081091872487e-02 1.430795207956322868e+00
3.985049151885547425e-02 1.437521508410809501e+00
4.118288955993056055e-02 1.444257362518721388e+00
4.255983622442782027e-02 1.450878943236588281e+00
4.398282099205792772e-02 1.457511319878789235e+00
4.545338314316834522e-02 1.464165209323107897e+00
4.697311342382341770e-02 1.470655638823714195e+00
4.854365576655684383e-02 1.477287876436064185e+00
5.016670906865677154e-02 1.483697144194982886e+00
5.184402902990837420e-02 1.490236143077087405e+00
5.357743005178047802e-02 1.496578906658553310e+00
5.536878720011212396e-02 1.503068283714716680e+00
5.722003823342062395e-02 1.509294041104871864e+00
5.913318569902666078e-02 1.515661365155284379e+00
6.111029909926251474e-02 1.521943172020280954e+00
6.315351713010779189e-02 1.528001113420082602e+00
6.526504999467336310e-02 1.534279345960064322e+00
6.744718179403717817e-02 1.540422540977908206e+00
6.970227299801623477e-02 1.546409693221307835e+00
7.203276299854979858e-02 1.552446661722936438e+00
7.444117274845411802e-02 1.558388775222054656e+00
7.693010748840443946e-02 1.564310013215931106e+00
7.950225956509210379e-02 1.570161330293638358e+00
8.216041134360790865e-02 1.575933415965026452e+00
8.490743821719984319e-02 1.581708440556096162e+00
8.774631171766281157e-02 1.587335218910278956e+00
9.068010272972255870e-02 1.592891039904383632e+00
9.371198481289348681e-02 1.598457251502246823e+00
9.684523763440215649e-02 1.604029304909545761e+00
1.000832505168899600e-01 1.609481717868012085e+00
1.034295261047340625e-01 1.614839938564122779e+00
1.068876841529496080e-01 1.620154171010316224e+00
1.104614654427753945e-01 1.625370389121363113e+00
1.141547358281756464e-01 1.630531152380585880e+00
1.179714904176376727e-01 1.635761139287875476e+00
1.219158578957853512e-01 1.640886839632395677e+00
1.259921049894874856e-01 1.645600887097396825e+00
1.302046410832891354e-01 1.650704679701675781e+00
1.345580229891604751e-01 1.655540491892984800e+00
1.390569598757198100e-01 1.660503912188546760e+00
1.437063183622670492e-01 1.665277318128040696e+00
1.485111277831346888e-01 1.669772701384702573e+00
1.534765856280515817e-01 1.674444938327733112e+00
1.586080631644066208e-01 1.678938235395223355e+00
1.639111112474894438e-01 1.683433476485790115e+00
1.693914663249987407e-01 1.688010952937355480e+00
1.750550566423093313e-01 1.692330730658663906e+00
1.809080086552135869e-01 1.696421166777993816e+00
1.869566536570689830e-01 1.700651504070991082e+00
1.932075346275276828e-01 1.705138174326135569e+00
1.996674133102498971e-01 1.709005774556347390e+00
2.063432775272630582e-01 1.713024748926010865e+00
2.132423487378718452e-01 1.716962199733983452e+00
2.203720898503036263e-01 1.720939215399753808e+00
2.277402132945338109e-01 1.724680693153151534e+00
2.353546893650253491e-01 1.728498759317001809e+00
2.432237548424092122e-01 1.731843473358910312e+00
2.513559219034258718e-01 1.735591246969733659e+00
2.597599873287743666e-01 1.739177463424110837e+00
2.684450420188219666e-01 1.742798970326658869e+00
2.774204808274743361e-01 1.746165021937607920e+00
2.866960127248350254e-01 1.749861186709054994e+00
2.962816712996577673e-01 1.753023455062274083e+00
3.061878256129444420e-01 1.755969308977391785e+00
3.164251914144354805e-01 1.759444724505641933e+00
3.270048427341168962e-01 1.762721926301266562e+00
3.379382238612947953e-01 1.765569892632964821e+00
3.492371617241852855e-01 1.768894787899726317e+00
3.609138786834163448e-01 1.771429697111368329e+00
3.729810057532814693e-01 1.774411498789026709e+00
3.854515962650386651e-01 1.777451747638366220e+00
3.983391399870480631e-01 1.780370500402828293e+00
4.116575777170102257e-01 1.782505489732245652e+00
4.254213163620995108e-01 1.785430124874356039e+00
4.396452445232932327e-01 1.787799720636495282e+00
4.543447486007690661e-01 1.790559918872607792e+00
4.695357294377799362e-01 1.792986083037062084e+00
4.852346195210218704e-01 1.795400062742215974e+00
5.014584007560848322e-01 1.798001003918874963e+00
5.182246228372336949e-01 1.800331286140409048e+00
5.355514222313770833e-01 1.802776937546291647e+00
5.534575417967635413e-01 1.804906109210869358e+00
5.719623510576314906e-01 1.807037686239131746e+00
5.910858671567322808e-01 1.809094315897038285e+00
6.108487765084068544e-01 1.811277734660522443e+00
6.312724571756275216e-01 1.813393875307809822e+00
6.523790019952193653e-01 1.815013524424057056e+00
6.741912424762606104e-01 1.817266257613514568e+00
6.967327734975364839e-01 1.818385497247693383e+00
7.200279788307419881e-01 1.820058486101892914e+00
7.441020575170596008e-01 1.822113382208411236e+00
7.689810511256225389e-01 1.824184805005568011e+00
7.946918719233755368e-01 1.826044921643800834e+00
8.212623319867858873e-01 1.827708189042985154e+00
8.487211732869031078e-01 1.829213755033930244e+00
8.770980987803161932e-01 1.830605075931044379e+00
9.064238045396205701e-01 1.831934087711406534e+00
9.367300129581793700e-01 1.833253590748685991e+00
9.680495070650749767e-01 1.834591231613960982e+00
1.000416165987385808e+00 1.835919249249680973e+00
1.033865001598128330e+00 1.837202561494958752e+00
1.068432196389532240e+00 1.838429620977732881e+00
1.104155142612600837e+00 1.839647019651003523e+00
1.141072482725305592e+00 1.840910114058268432e+00
1.179224151193147607e+00 1.842232347527607006e+00
1.218651417687333982e+00 1.843510814686967203e+00
1.259396931727273516e+00 1.844622614834604990e+00
1.301504768815691548e+00 1.845511242812088781e+00
1.345020478116276896e+00 1.846327740201059830e+00
1.389991131725407447e+00 1.847263586161473237e+00
1.436465375591293947e+00 1.848432824588508661e+00
1.484493482135585296e+00 1.849676449692563729e+00
1.534127404634392455e+00 1.850775302001800293e+00
1.585420833417506836e+00 1.851582612741589529e+00
1.638429253946665609e+00 1.852239860358520840e+00
1.693210006835640158e+00 1.852960257705072555e+00
1.749822349877109051e+00 1.853890776466845303e+00
1.808327522143368116e+00 1.854880411534297613e+00
1.868788810230267217e+00 1.855694407559664638e+00
1.931271616715998229e+00 1.856163634160723053e+00
1.995843530908793184e+00 1.856452676968344928e+00
2.062574401960084458e+00 1.856831929151689708e+00
2.131536414422164238e+00 1.857517513149766319e+00
2.202804166332139602e+00 1.858412916664719416e+00
2.276454749906602792e+00 1.859309992143765244e+00
2.352567834934338631e+00 1.860025277793145637e+00
2.431225754957225149e+00 1.860537407536991594e+00
2.512513596332623944e+00 1.860890072067897583e+00
2.596519290273538783e+00 1.861132332568613545e+00
2.683333707966161441e+00 1.861351836657235692e+00
2.773050758867611432e+00 1.861653601135555558e+00
2.865767492290306695e+00 1.862125795145172846e+00
2.961584202382770314e+00 1.862713016126213095e+00
3.060604536620467719e+00 1.863287514680203483e+00
3.162935607924048931e+00 1.863735616594266231e+00
3.268688110526199786e+00 1.864085890824705327e+00
3.377976439712552459e+00 1.864446995888351166e+00
3.490918815566087297e+00 1.864916515483183934e+00
3.607637410848952619e+00 1.865457782894536454e+00
3.728258483159945236e+00 1.865949795016241364e+00
3.852912511510727001e+00 1.866279985581910328e+00
3.981734337468417539e+00 1.866462655753353239e+00
4.114863311017320058e+00 1.866600913320441757e+00
4.252443441297450555e+00 1.866792699015282553e+00
4.394623552383071896e+00 1.867029382170561469e+00
4.541557444269631816e+00 1.867219296815372687e+00
4.693404059243289517e+00 1.867275767214096271e+00
4.850327653813030437e+00 1.867241516892273800e+00
5.012497976391239618e+00 1.867271421764435946e+00
5.180090450915090017e+00 1.867517531042532708e+00
5.353286366607249214e+00 1.867991048991322511e+00
5.532273074081278885e+00 1.868567454442860098e+00
5.717244188003695271e+00 1.869117611048570105e+00
5.908399796532135539e+00 1.869535902377014391e+00
6.105946677756002750e+00 1.869741911012212876e+00
6.310098523373801171e+00 1.869661224201429439e+00
6.521076169849157722e+00 1.869373231990646644e+00
6.739107837295406966e+00 1.869140568240823086e+00
6.964429376347387013e+00 1.869231071042597891e+00
7.197284523287298619e+00 1.869688426091432598e+00
7.437925163700752407e+00 1.870259217178714017e+00
7.686611604948010879e+00 1.870672702825192824e+00
7.943612857745410594e+00 1.870823669859444927e+00
8.209206927161357470e+00 1.870851199504473872e+00
8.483681113341843272e+00 1.870912498971909921e+00
8.767332322290526392e+00 1.871057346681088251e+00
9.060467387039910392e+00 1.871158803337123810e+00
9.363403399560734641e+00 1.871074459716435712e+00
9.676468053768756405e+00 1.870760507683374874e+00
1.000000000000001243e+01 1.870354183270152015e+00
