2.000000000000000164e-05 5.476235444393120844e+01
2.066869842267550072e-05 5.652335799539154237e+01
2.135975472437544027e-05 5.834098850037564432e+01
2.207391643902171255e-05 6.021706652160993656e+01
2.281195609427394449e-05 6.215346364077258556e+01
2.357467204719313169e-05 6.415214093554422448e+01
2.436288934784564352e-05 6.621508068922803147e+01
2.517746063178175121e-05 6.834434511271386725e+01
2.601926704235410016e-05 7.054209375286244210e+01
2.688921918387384303e-05 7.281049758148198237e+01
2.778825810663545582e-05 7.515184899514379424e+01
2.871735632487579741e-05 7.756847729633427946e+01
2.967751886876853870e-05 8.006282441299865127e+01
3.066978437159193627e-05 8.263735028177480046e+01
3.169522619324599853e-05 8.529467454413344285e+01
3.275495358133433647e-05 8.803744376118382320e+01
3.385011287106671010e-05 9.086838578789692633e+01
3.498188872528021299e-05 9.379037195721728892e+01
3.615150541592045298e-05 9.680628840226160037e+01
3.736022814836899319e-05 9.991918041271159723e+01
3.860936443004954884e-05 1.031321653429668430e+02
3.990026548479344494e-05 1.064484374040154933e+02
4.123432771449419843e-05 1.098713501943457800e+02
4.261299420963254024e-05 1.134042910564622417e+02
4.403775631030562105e-05 1.170508238946531634e+02
4.551015521944909301e-05 1.208146019521145007e+02
4.703178366999723984e-05 1.246993613735600235e+02
4.860428764778435972e-05 1.287090130607253116e+02
5.022936817205134787e-05 1.328475642736461566e+02
5.190878313548323190e-05 1.371191852367208526e+02
5.364434920576834987e-05 1.415280923781265017e+02
5.543794379073590958e-05 1.460787265866976554e+02
5.729150706919781900e-05 1.507756531970915432e+02
5.920704408969155763e-05 1.556235410898298142e+02
6.118662693939432690e-05 1.606272798791219998e+02
6.323239698555469304e-05 1.657918104474924803e+02
6.534656719186627638e-05 1.711223901437560642e+02
6.753142451228926792e-05 1.766242420276328460e+02
6.978933236490913268e-05 1.823028931601267573e+02
7.212273318850868345e-05 1.881640916345595826e+02
7.453415108461877573e-05 1.942135996474689250e+02
7.702619454790587906e-05 2.004575637245012274e+02
7.960155928784993205e-05 2.069021064315582237e+02
8.226303114476471348e-05 2.135537252310436998e+02
8.501348910331518868e-05 2.204190949686675367e+02
8.785590840679157983e-05 2.275049766713227086e+02
9.079336377550881697e-05 2.348185394883416564e+02
9.382903273281309529e-05 2.423669789344172614e+02
9.696619904229312483e-05 2.501579330676258053e+02
1.002082562599141270e-04 2.581990552258159823e+02
1.035587114049174785e-04 2.664983983979018944e+02
1.070211887534562421e-04 2.750643563613355127e+02
1.105994337590709140e-04 2.839052485688978891e+02
1.142973171042456330e-04 2.930300171731413457e+02
1.181188388874281471e-04 3.024477646681764327e+02
1.220681329500424115e-04 3.121677812160184544e+02
1.261494713481742377e-04 3.221997054729665138e+02
1.303672689737678670e-04 3.325536591243021576e+02
1.347260883303314362e-04 3.432396987717548313e+02
1.392306444683180742e-04 3.542686364593852772e+02
1.438858100855209437e-04 3.656513276603837426e+02
1.486966207979997041e-04 3.773990058915438226e+02
1.536682805872396744e-04 3.895234231569816643e+02
1.588061674294368483e-04 4.020365123953130251e+02
1.641158391129971276e-04 4.149506488956081967e+02
1.696030392505434848e-04 4.282786531928107934e+02
1.752737034919339915e-04 4.420335780155028829e+02
1.811339659450114388e-04 4.562290397589544000e+02
1.871901658110307874e-04 4.708791005002800603e+02
1.934488542419408646e-04 4.859980478632973586e+02
1.999168014269393128e-04 5.016008537582587792e+02
2.066010039159656652e-04 5.177027795533928156e+02
2.135086921880547338e-04 5.343196969299011698e+02
2.206473384727377968e-04 5.514677617961076521e+02
2.280246648329511538e-04 5.691637707988907096e+02
2.356486515181963309e-04 5.874249883856151655e+02
2.435275455969876748e-04 6.062692969644597270e+02
2.516698698779247295e-04 6.257149481838190468e+02
2.600844321290405573e-04 6.457808549691485496e+02
2.687803346053976817e-04 6.664863984916410118e+02
2.777669838952388651e-04 6.878515040698922576e+02
2.870541010953427292e-04 7.098971470754202073e+02
2.966517323265922064e-04 7.326441605893041924e+02
3.065702596011295341e-04 7.561144705144661202e+02
3.168204120528543403e-04 7.803306849478485674e+02
3.274132775434116785e-04 8.053155575646856050e+02
3.383603146562264279e-04 8.310931823149734328e+02
3.496733650915567022e-04 8.576879878571495510e+02
3.613646664759745386e-04 8.851248772855185507e+02
3.734468656001317080e-04 9.134298094509423436e+02
3.859330320991275886e-04 9.426292304157630042e+02
3.988366725902805230e-04 9.727504921253088241e+02
4.121717452835938129e-04 1.003821805031998338e+03
4.259526750807212541e-04 1.035871387761159895e+03
4.401943691787655547e-04 1.068929069691372888e+03
4.549122331957894719e-04 1.103024945696091891e+03
4.701221878354804149e-04 1.138190229894954655e+03
4.858406861089974399e-04 1.174456843747142329e+03
5.020847311326308640e-04 1.211857184748983400e+03
5.188718945205230424e-04 1.250424766686569001e+03
5.362203353923492141e-04 1.290193899816039220e+03
5.541488200165187389e-04 1.331199560837702620e+03
5.726767421101455150e-04 1.373477749400937228e+03
5.918241438177454907e-04 1.417065345106819223e+03
6.116117373913557359e-04 1.461999073896760137e+03
6.320609275955268004e-04 1.508318475819114383e+03
6.531938348614238542e-04 1.556061968785250201e+03
6.750333192150836329e-04 1.605269650670343935e+03
6.976030050057104547e-04 1.655982525952717879e+03
7.209273064607610694e-04 1.708241872342029637e+03
7.450314540954613768e-04 1.762090054877093507e+03
7.699415220053250396e-04 1.817570805851810974e+03
7.956844560711916160e-04 1.874727540120005870e+03
8.222881031073025473e-04 1.933604709344534740e+03
8.497812409839368810e-04 1.994248209624586025e+03
8.781936097571961097e-04 2.056703484688778644e+03
9.075559438396131216e-04 2.121017611174725062e+03
9.379000052463793693e-04 2.187237504943724161e+03
9.692586179531593148e-04 2.255410914524161399e+03
1.001665703402655023e-03 2.325586328228892398e+03
1.035156317198330069e-03 2.397811812867699246e+03
1.069766687024985286e-03 2.472136817018059901e+03
1.105534251837205851e-03 2.548610300669538447e+03
1.142497702358069404e-03 2.627281810781139484e+03
1.180697022931930960e-03 2.708201409499443798e+03
1.220173534776542454e-03 2.791417400536817240e+03
1.260969940681316284e-03 2.876979862580522422e+03
1.303130371200056587e-03 2.964937519383538074e+03
1.346700432388157767e-03 3.055339423704127967e+03
1.391727255135877424e-03 3.148233499520621990e+03
1.438259546151070007e-03 3.243666680632998577e+03
1.486347640646530459e-03 3.341687070427006802e+03
1.536043556788919398e-03 3.442338781286980975e+03
1.587401051968200579e-03 3.545667410634647695e+03
1.640475680948428249e-03 3.651715564054508377e+03
1.695324855962815390e-03 3.760526081381193762e+03
1.752007908818060174e-03 3.872137829223581775e+03
1.810586155075142928e-03 3.986590031956918665e+03
1.871122960375984270e-03 4.103919216380540092e+03
1.933683808987751848e-03 4.224157746273283919e+03
1.998336374638913938e-03 4.347339290090098075e+03
2.065150593723721201e-03 4.473491628991569996e+03
2.134198740954243185e-03 4.602641766576272857e+03
2.205555507541849362e-03 4.734812358847175346e+03
2.279298081992675151e-03 4.870022573467978873e+03
2.355506233604463730e-03 5.008290214237048531e+03
2.434262398755145627e-03 5.149626952333325789e+03
2.515651770076436904e-03 5.294042436355816790e+03
2.599762388608985089e-03 5.441541648837336652e+03
2.686685239038679764e-03 5.592125002397900062e+03
2.776514348117217236e-03 5.745789722028865981e+03
2.869346886373309435e-03 5.902526441770867677e+03
2.965283273224645581e-03 6.062321136766592645e+03
3.064427285604211931e-03 6.225155821635578832e+03
3.166886170218578649e-03 6.391005025832705542e+03
3.272770759559481216e-03 6.559834777911780293e+03
3.382195591794276077e-03 6.731609743989083654e+03
3.495279034664920681e-03 6.906280999698205960e+03
3.612143413529477973e-03 7.083795246615233737e+03
3.732915143684721951e-03 7.264086808927342645e+03
3.857724867112893516e-03 7.447084052851972956e+03
3.986707593800617976e-03 7.632703086896949571e+03
4.120002847782761740e-03 7.820847060114013402e+03
4.257754818069308354e-03 8.011413936379989536e+03
4.400112514618404608e-03 8.204285039806925852e+03
4.547229929524409554e-03 8.399331955756735624e+03
4.699266203595197679e-03 8.596412384018054581e+03
4.856385798499019031e-03 8.795376485843306000e+03
5.018758674667020935e-03 8.996060014323958967e+03
5.186560475143959549e-03 9.198282938623078735e+03
5.359972715585955248e-03 9.401855077897238516e+03
5.539182980610755057e-03 9.606571451104080552e+03
5.724385126713026593e-03 9.812211873309697694e+03
5.915779491964028892e-03 1.001853719931806882e+04
6.113573112722652143e-03 1.022529042043416666e+04
6.317979947592099882e-03 1.043219769378391175e+04
6.529221108864616957e-03 1.063896653978907852e+04
6.747525101704480652e-03 1.084528917099070168e+04
6.973128071328140755e-03 1.105083346812619311e+04
7.206274058448705437e-03 1.125525867112742708e+04
7.447215263261310406e-03 1.145820310379165858e+04
7.696212318254701257e-03 1.165928282793894505e+04
7.953534570144332738e-03 1.185809998556757819e+04
8.219460371231864307e-03 1.205422474003445313e+04
8.494277380506187053e-03 1.224721081021015925e+04
8.778282874811823774e-03 1.243658493072804413e+04
9.071784070421121463e-03 1.262185218163037825e+04
9.375098455358292851e-03 1.280250699609242474e+04
9.688554132834568261e-03 1.297801701106538894e+04
1.001249017616620725e-02 1.314782800900365692e+04
1.034725699555901803e-02 1.331137501288446947e+04
1.069321671715643858e-02 1.346805636639455952e+04
1.105074357476093505e-02 1.361724928821526555e+04
1.142022431465263173e-02 1.375832203312307320e+04
1.180205861394306721e-02 1.389062504326184717e+04
1.219665951291643881e-02 1.401349608343978252e+04
1.260445386182631328e-02 1.412626101985387868e+04
1.302588278263077520e-02 1.422822529963387569e+04
1.346140214616583890e-02 1.431868325112996172e+04
1.391148306527291781e-02 1.439693512001183080e+04
1.437661240441416924e-02 1.446229025996155724e+04
1.485729330632660182e-02 1.451405182573170350e+04
1.535404573628500365e-02 1.455152497983078501e+04
1.586740704456205894e-02 1.457404774194926176e+04
1.639793254769450481e-02 1.458097419730777256e+04
1.694619612918364313e-02 1.457170193080392710e+04
1.751279086028037155e-02 1.454565070832463243e+04
1.809832964152614798e-02 1.450230962307396840e+04
1.870344586574363213e-02 1.444122259448671139e+04
1.932879410319460894e-02 1.436200743948540548e+04
1.997505080964588620e-02 1.426436317953476828e+04
2.064291505810955316e-02 1.414809966996417825e+04
2.133310929504865505e-02 1.401312429158904888e+04
2.204638012186681956e-02 1.385948444013696826e+04
2.278349910252664909e-02 1.368734885226052393e+04
2.354526359817107548e-02 1.349705319835478258e+04
2.433249762964985810e-02 1.328908759615374220e+04
2.514605276888498206e-02 1.306411313571140272e+04
2.598680906003840441e-02 1.282299053759741582e+04
2.685567597147924673e-02 1.256674858141713412e+04
2.775359337957988490e-02 1.229662332990992945e+04
2.868153258540498754e-02 1.201403515288869676e+04
2.964049736539381419e-02 1.172059716076733639e+04
3.063152505717161092e-02 1.141810047458388544e+04
3.165568768166540647e-02 1.110849157014986849e+04
3.271409310273729054e-02 1.079386645461810622e+04
3.380788622559029871e-02 1.047644057655130564e+04
3.493825023524253087e-02 1.015850009319636774e+04
3.610640787640997940e-02 9.842393235282923342e+03
3.731362277618164441e-02 9.530457839245173091e+03
3.856120081091872487e-02 9.224984665530975690e+03
3.985049151885547425e-02 8.928165348236976570e+03
4.118288955993056055e-02 8.642028052304045559e+03
4.255983622442782027e-02 8.368390556547175947e+03
4.398282099205792772e-02 8.108777901861385544e+03
4.545338314316834522e-02 7.864384255454083359e+03
4.697311342382341770e-02 7.635992607749468334e+03
4.854365576655684383e-02 7.423931275678663042e+03
5.016670906865677154e-02 7.228005027749059082e+03
5.184402902990837420e-02 7.047463500066586676e+03
5.357743005178047802e-02 6.880952052364883457e+03
5.536878720011212396e-02 6.726498520699967230e+03
5.722003823342062395e-02 6.581519432515331573e+03
5.913318569902666078e-02 6.442864468359211969e+03
6.111029909926251474e-02 6.306886127613763165e+03
6.315351713010779189e-02 6.169594621360261954e+03
6.526504999467336310e-02 6.026841534444390163e+03
6.744718179403717817e-02 5.874599291533712858e+03
6.970227299801623477e-02 5.709264687770169985e+03
7.203276299854979858e-02 5.528032890766194214e+03
7.444117274845411802e-02 5.329244417620783679e+03
7.693010748840443946e-02 5.112712966245878306e+03
7.950225956509210379e-02 4.879939418794510857e+03
8.216041134360790865e-02 4.634185683600322591e+03
8.490743821719984319e-02 4.380349404848328049e+03
8.774631171766281157e-02 4.124626481191239691e+03
9.068010272972255870e-02 3.873988680659466809e+03
9.371198481289348681e-02 3.635513565582328283e+03
9.684523763440215649e-02 3.415659141622123116e+03
1.000832505168899600e-01 3.219566508331539808e+03
1.034295261047340625e-01 3.050461509951543121e+03
1.068876841529496080e-01 2.909221640212904731e+03
1.104614654427753945e-01 2.794125544384228760e+03
1.141547358281756464e-01 2.700831179840140976e+03
1.179714904176376727e-01 2.622628378930903182e+03
1.219158578957853512e-01 2.551072330127875830e+03
1.259921049894874856e-01 2.477058528853655844e+03
1.302046410832891354e-01 2.392329142226051317e+03
1.345580229891604751e-01 2.291183745747148350e+03
1.390569598757198100e-01 2.171954681055422043e+03
1.437063183622670492e-01 2.037702578436167641e+03
1.485111277831346888e-01 1.895719228411980566e+03
1.534765856280515817e-01 1.755820246044314899e+03
1.586080631644066208e-01 1.627886489391682517e+03
1.639111112474894438e-01 1.519381060610370696e+03
1.693914663249987407e-01 1.433527644863107071e+03
1.750550566423093313e-01 1.368531302024166962e+03
1.809080086552135869e-01 1.317971768292159595e+03
1.869566536570689830e-01 1.272437972835506343e+03
1.932075346275276828e-01 1.222338927598876353e+03
1.996674133102498971e-01 1.161275064329734278e+03
2.063432775272630582e-01 1.088597511156841392e+03
2.132423487378718452e-01 1.009631000908467286e+03
2.203720898503036263e-01 9.330982210317848740e+02
2.277402132945338109e-01 8.669849450061552716e+02
2.353546893650253491e-01 8.149664528994019292e+02
2.432237548424092122e-01 7.750119302031458801e+02
2.513559219034258718e-01 7.406752498441836678e+02
2.597599873287743666e-01 7.046177566741280316e+02
2.684450420188219666e-01 6.627797105217632634e+02
2.774204808274743361e-01 6.166014664075410110e+02
2.866960127248350254e-01 5.714948757761707157e+02
2.962816712996577673e-01 5.326350018269157545e+02
3.061878256129444420e-01 5.013319350253681819e+02
3.164251914144354805e-01 4.745683571151884621e+02
3.270048427341168962e-01 4.478361697448756900e+02
3.379382238612947953e-01 4.189631204127259139e+02
3.492371617241852855e-01 3.895638791956936871e+02
3.609138786834163448e-01 3.628093190239443402e+02
3.729810057532814693e-01 3.400263173785497770e+02
3.854515962650386651e-01 3.196949195253585572e+02
3.983391399870480631e-01 2.995712238790896436e+02
4.116575777170102257e-01 2.792374272047293857e+02
4.254213163620995108e-01 2.600607115136519383e+02
4.396452445232932327e-01 2.429997148779305860e+02
4.543447486007690661e-01 2.274359436249846738e+02
4.695357294377799362e-01 2.123649331953819797e+02
4.852346195210218704e-01 1.978118044932053010e+02
5.014584007560848322e-01 1.843845493366802941e+02
5.182246228372336949e-01 1.720929873056712154e+02
5.355514222313770833e-01 1.604689064886262031e+02
5.534575417967635413e-01 1.494198348868677613e+02
5.719623510576314906e-01 1.391609804969090760e+02
5.910858671567322808e-01 1.296438590706728746e+02
6.108487765084068544e-01 1.206817438188953844e+02
6.312724571756275216e-01 1.122836061553356757e+02
6.523790019952193653e-01 1.044775353492980656e+02
6.741912424762606104e-01 9.717871312731519140e+01
6.967327734975364839e-01 9.035187821712536049e+01
7.200279788307419881e-01 8.398751591629549296e+01
7.441020575170596008e-01 7.805392649355380286e+01
7.689810511256225389e-01 7.252019788969393232e+01
7.946918719233755368e-01 6.735928845797131714e+01
8.212623319867858873e-01 6.254823413451600800e+01
8.487211732869031078e-01 5.806546652157808808e+01
8.770980987803161932e-01 5.389036793566102546e+01
9.064238045396205701e-01 5.000315974256948692e+01
9.367300129581793700e-01 4.638518030484048182e+01
9.680495070650749767e-01 4.301878478993423016e+01
1.000416165987385808e+00 3.988722745626501620e+01
1.033865001598128330e+00 3.697480342480281479e+01
1.068432196389532240e+00 3.426689535630082162e+01
1.104155142612600837e+00 3.174999535191183142e+01
1.141072482725305592e+00 2.941143096880732699e+01
1.179224151193147607e+00 2.723923403778187691e+01
1.218651417687333982e+00 2.522203154111915779e+01
1.259396931727273516e+00 2.334916955747235789e+01
1.301504768815691548e+00 2.161072880982332833e+01
1.345020478116276896e+00 1.999753066239083665e+01
1.389991131725407447e+00 1.850099486706373142e+01
1.436465375591293947e+00 1.711306580632772878e+01
1.484493482135585296e+00 1.582614371758730343e+01
1.534127404634392455e+00 1.463312464374470956e+01
1.585420833417506836e+00 1.352739424165961601e+01
1.638429253946665609e+00 1.250281836887971743e+01
1.693210006835640158e+00 1.155367846021480993e+01
1.749822349877109051e+00 1.067463313858743135e+01
1.808327522143368116e+00 9.860685585494513461e+00
1.868788810230267217e+00 9.107175624541882897e+00
1.931271616715998229e+00 8.409762712907566495e+00
1.995843530908793184e+00 7.764405679040286223e+00
2.062574401960084458e+00 7.167342661724682706e+00
2.131536414422164238e+00 6.615072623197045587e+00
2.202804166332139602e+00 6.104338166479668537e+00
2.276454749906602792e+00 5.632109520357918342e+00
2.352567834934338631e+00 5.195569447482361269e+00
2.431225754957225149e+00 4.792098979427256822e+00
2.512513596332623944e+00 4.419264238088548069e+00
2.596519290273538783e+00 4.074803953053003802e+00
2.683333707966161441e+00 3.756617366808358227e+00
2.773050758867611432e+00 3.462753746710724112e+00
2.865767492290306695e+00 3.191402360718512021e+00
2.961584202382770314e+00 2.940882696340303859e+00
3.060604536620467719e+00 2.709635615688108512e+00
3.162935607924048931e+00 2.496215010635442599e+00
3.268688110526199786e+00 2.299279686066781014e+00
3.377976439712552459e+00 2.117586225573626191e+00
3.490918815566087297e+00 1.949982298876369535e+00
3.607637410848952619e+00 1.795400260912026980e+00
3.728258483159945236e+00 1.652851125664430709e+00
3.852912511510727001e+00 1.521418942150875253e+00
3.981734337468417539e+00 1.400255521448254825e+00
4.114863311017320058e+00 1.288575629426599756e+00
4.252443441297450555e+00 1.185652509267140386e+00
4.394623552383071896e+00 1.090813538237229929e+00
4.541557444269631816e+00 1.003436386103596201e+00
4.693404059243289517e+00 9.229454827187155708e-01
4.850327653813030437e+00 8.488086015066893530e-01
5.012497976391239618e+00 7.805336914487215338e-01
5.180090450915090017e+00 7.176659362455934943e-01
5.353286366607249214e+00 6.597850061917501785e-01
5.532273074081278885e+00 6.065025166231129417e-01
5.717244188003695271e+00 5.574596722394992154e-01
5.908399796532135539e+00 5.123250420886894529e-01
6.105946677756002750e+00 4.707925323300506948e-01
6.310098523373801171e+00 4.325795315051688683e-01
6.521076169849157722e+00 3.974251162120500114e-01
6.739107837295406966e+00 3.650884297264087586e-01
6.964429376347387013e+00 3.353472238508165004e-01
7.197284523287298619e+00 3.079964831938392655e-01
7.437925163700752407e+00 2.828471191859838751e-01
7.686611604948010879e+00 2.597247206584451518e-01
7.943612857745410594e+00 2.384684002057790297e-01
8.209206927161357470e+00 2.189297618653987532e-01
8.483681113341843272e+00 2.009720085923580035e-01
8.767332322290526392e+00 1.844690631041090156e-01
9.060467387039910392e+00 1.693047456867804168e-01
9.363403399560734641e+00 1.553720029171695438e-01
9.676468053768756405e+00 1.425722067244103441e-01
1.000000000000001243e+01 1.308145054074774105e-01
