2.000000000000000164e-05 1.361516967376696571e-02
2.066869842267550072e-05 1.405300227765091635e-02
2.135975472437544027e-05 1.450491200479516601e-02
2.207391643902171255e-05 1.497135635365690574e-02
2.281195609427394449e-05 1.545279853981083341e-02
2.357467204719313169e-05 1.594972311138190615e-02
2.436288934784564352e-05 1.646262743419230068e-02
2.517746063178175121e-05 1.699202622970456475e-02
2.601926704235410016e-05 1.753844832510160698e-02
2.688921918387384303e-05 1.810244013755670997e-02
2.778825810663545582e-05 1.868456970480302307e-02
2.871735632487579741e-05 1.928541709054723899e-02
2.967751886876853870e-05 1.990558900524440691e-02
3.066978437159193627e-05 2.054569892020915653e-02
3.169522619324599853e-05 2.120639706827129670e-02
3.275495358133433647e-05 2.188833898090909377e-02
3.385011287106671010e-05 2.259221054325020323e-02
3.498188872528021299e-05 2.331871623586213860e-02
3.615150541592045298e-05 2.406858670161875213e-02
3.736022814836899319e-05 2.484256207209262560e-02
3.860936443004954884e-05 2.564143302814829786e-02
3.990026548479344494e-05 2.646599054228978773e-02
4.123432771449419843e-05 2.731706568563821089e-02
4.261299420963254024e-05 2.819550379175822866e-02
4.403775631030562105e-05 2.910218457355922064e-02
4.551015521944909301e-05 3.003802738306789524e-02
4.703178366999723984e-05 3.100395731385057266e-02
4.860428764778435972e-05 3.200094998218810244e-02
5.022936817205134787e-05 3.302999968555695581e-02
5.190878313548323190e-05 3.409214364513394463e-02
5.364434920576834987e-05 3.518843381982540014e-02
5.543794379073590958e-05 3.631998278872293484e-02
5.729150706919781900e-05 3.748790843422090957e-02
5.920704408969155763e-05 3.869338685113835052e-02
6.118662693939432690e-05 3.993762925740324682e-02
6.323239698555469304e-05 4.122188045222748703e-02
6.534656719186627638e-05 4.254742011479545338e-02
6.753142451228926792e-05 4.391558477523369725e-02
6.978933236490913268e-05 4.532773871329686538e-02
7.212273318850868345e-05 4.678529702593749173e-02
7.453415108461877573e-05 4.828971506401630309e-02
7.702619454790587906e-05 4.984250214539353435e-02
7.960155928784993205e-05 5.144522243229775194e-02
8.226303114476471348e-05 5.309945550570265016e-02
8.501348910331518868e-05 5.480688266882884074e-02
8.785590840679157983e-05 5.656920863086355167e-02
9.079336377550881697e-05 5.838817971349756497e-02
9.382903273281309529e-05 6.026563254817188936e-02
9.696619904229312483e-05 6.220344964527790149e-02
1.002082562599141270e-04 6.420355255931183003e-02
1.035587114049174785e-04 6.626795597062810905e-02
1.070211887534562421e-04 6.839872469737787175e-02
1.105994337590709140e-04 7.059797544062659802e-02
1.142973171042456330e-04 7.286793285885803662e-02
1.181188388874281471e-04 7.521084130964929282e-02
1.220681329500424115e-04 7.762906295720131689e-02
1.261494713481742377e-04 8.012501141483580058e-02
1.303672689737678670e-04 8.270117019185821428e-02
1.347260883303314362e-04 8.536014181518233879e-02
1.392306444683180742e-04 8.810454983288328046e-02
1.438858100855209437e-04 9.093715768674467959e-02
1.486966207979997041e-04 9.386079388684306912e-02
1.536682805872396744e-04 9.687835835666469553e-02
1.588061674294368483e-04 9.999290888114002740e-02
1.641158391129971276e-04 1.032074936577191820e-01
1.696030392505434848e-04 1.065253898806123450e-01
1.752737034919339915e-04 1.099498793593140927e-01
1.811339659450114388e-04 1.134843511975409114e-01
1.871901658110307874e-04 1.171323616049803756e-01
1.934488542419408646e-04 1.208975499556753375e-01
1.999168014269393128e-04 1.247836599469508978e-01
2.066010039159656652e-04 1.287945560528511446e-01
2.135086921880547338e-04 1.329342448691843981e-01
2.206473384727377968e-04 1.372068532361620519e-01
2.280246648329511538e-04 1.416166291738288618e-01
2.356486515181963309e-04 1.461679387347646630e-01
2.435275455969876748e-04 1.508653481100460381e-01
2.516698698779247295e-04 1.557135121906134401e-01
2.600844321290405573e-04 1.607172224738805111e-01
2.687803346053976817e-04 1.658814595251164314e-01
2.777669838952388651e-04 1.712113956163657524e-01
2.870541010953427292e-04 1.767122061115962983e-01
2.966517323265922064e-04 1.823894528541242788e-01
3.065702596011295341e-04 1.882487011487302686e-01
3.168204120528543403e-04 1.942957507693347241e-01
3.274132775434116785e-04 2.005365474552833205e-01
3.383603146562264279e-04 2.069773849355076301e-01
3.496733650915567022e-04 2.136244400279380118e-01
3.613646664759745386e-04 2.204843869964336900e-01
3.734468656001317080e-04 2.275639166147526149e-01
3.859330320991275886e-04 2.348700602046105423e-01
3.988366725902805230e-04 2.424098621919821839e-01
4.121717452835938129e-04 2.501908350137231896e-01
4.259526750807212541e-04 2.582205450552343406e-01
4.401943691787655547e-04 2.665068514230757302e-01
4.549122331957894719e-04 2.750578917815649782e-01
4.701221878354804149e-04 2.838818848970645070e-01
4.858406861089974399e-04 2.929874794328081178e-01
5.020847311326308640e-04 3.023834992248686238e-01
5.188718945205230424e-04 3.120790680287335306e-01
5.362203353923492141e-04 3.220834930235693672e-01
5.541488200165187389e-04 3.324064568397157582e-01
5.726767421101455150e-04 3.430578376055360423e-01
5.918241438177454907e-04 3.540478636408074808e-01
6.116117373913557359e-04 3.653870860681612265e-01
6.320609275955268004e-04 3.770861572525579519e-01
6.531938348614238542e-04 3.891562303713549387e-01
6.750333192150836329e-04 4.016088099410398682e-01
6.976030050057104547e-04 4.144555071123647294e-01
7.209273064607610694e-04 4.277083072796843410e-01
7.450314540954613768e-04 4.413796947164739248e-01
7.699415220053250396e-04 4.554823019172496990e-01
7.956844560711916160e-04 4.700291743890165908e-01
8.222881031073025473e-04 4.850335179645369754e-01
8.497812409839368810e-04 5.005091622419769459e-01
8.781936097571961097e-04 5.164700340781471777e-01
9.075559438396131216e-04 5.329305164383842941e-01
9.379000052463793693e-04 5.499052586673720544e-01
9.692586179531593148e-04 5.674094348382331399e-01
1.001665703402655023e-03 5.854580529367692243e-01
1.035156317198330069e-03 6.040671662746329718e-01
1.069766687024985286e-03 6.232524790270621562e-01
1.105534251837205851e-03 6.430304415521038708e-01
1.142497702358069404e-03 6.634177302392798570e-01
1.180697022931930960e-03 6.844310380026321639e-01
1.220173534776542454e-03 7.060877809270695860e-01
1.260969940681316284e-03 7.284050060924562864e-01
1.303130371200056587e-03 7.514009479967859173e-01
1.346700432388157767e-03 7.750929597201375865e-01
1.391727255135877424e-03 7.994995227643493241e-01
1.438259546151070007e-03 8.246385672885711005e-01
1.486347640646530459e-03 8.505286941871936790e-01
1.536043556788919398e-03 8.771881670276341358e-01
1.587401051968200579e-03 9.046356002645151717e-01
1.640475680948428249e-03 9.328892929508588727e-01
1.695324855962815390e-03 9.619678176887747068e-01
1.752007908818060174e-03 9.918896363915338243e-01
1.810586155075142928e-03 1.022672308825729459e+00
1.871122960375984270e-03 1.054333897154491773e+00
1.933683808987751848e-03 1.086891950002088381e+00
1.998336374638913938e-03 1.120363440894980966e+00
2.065150593723721201e-03 1.154764507290325870e+00
2.134198740954243185e-03 1.190111373505090331e+00
2.205555507541849362e-03 1.226418508673122965e+00
2.279298081992675151e-03 1.263699919648155090e+00
2.355506233604463730e-03 1.301968934544766254e+00
2.434262398755145627e-03 1.341237194874387528e+00
2.515651770076436904e-03 1.381514352851018756e+00
2.599762388608985089e-03 1.422809881049332592e+00
2.686685239038679764e-03 1.465130163086098669e+00
2.776514348117217236e-03 1.508479877034628602e+00
2.869346886373309435e-03 1.552862135296672497e+00
2.965283273224645581e-03 1.598276621366956585e+00
3.064427285604211931e-03 1.644721264539126038e+00
3.166886170218578649e-03 1.692189550946159970e+00
3.272770759559481216e-03 1.740673485173836577e+00
3.382195591794276077e-03 1.790159845734977440e+00
3.495279034664920681e-03 1.840632541454379378e+00
3.612143413529477973e-03 1.892070922005140599e+00
3.732915143684721951e-03 1.944449323218631287e+00
3.857724867112893516e-03 1.997737987716326158e+00
3.986707593800617976e-03 2.051901955426295832e+00
4.120002847782761740e-03 2.106899755280967401e+00
4.257754818069308354e-03 2.162685196592579295e+00
4.400112514618404608e-03 2.219205384594507002e+00
4.547229929524409554e-03 2.276400472340707193e+00
4.699266203595197679e-03 2.334204414729284860e+00
4.856385798499019031e-03 2.392544743947505381e+00
5.018758674667020935e-03 2.451340137130726848e+00
5.186560475143959549e-03 2.510502486289984514e+00
5.359972715585955248e-03 2.569937379313397496e+00
5.539182980610755057e-03 2.629539630254987603e+00
5.724385126713026593e-03 2.689199347856011002e+00
5.915779491964028892e-03 2.748797049468665321e+00
6.113573112722652143e-03 2.808205790058623919e+00
6.317979947592099882e-03 2.867290530387619274e+00
6.529221108864616957e-03 2.925909748195457905e+00
6.747525101704480652e-03 2.983912705960337863e+00
6.973128071328140755e-03 3.041143462768709060e+00
7.206274058448705437e-03 3.097437507955318026e+00
7.447215263261310406e-03 3.152624855351514821e+00
7.696212318254701257e-03 3.206528303542680813e+00
7.953534570144332738e-03 3.258964892612431719e+00
8.219460371231864307e-03 3.309745619548852158e+00
8.494277380506187053e-03 3.358676897433523934e+00
8.778282874811823774e-03 3.405557978664396579e+00
9.071784070421121463e-03 3.450183635184945086e+00
9.375098455358292851e-03 3.492343339052903950e+00
9.688554132834568261e-03 3.531820632800789284e+00
1.001249017616620725e-02 3.568394659968980420e+00
1.034725699555901803e-02 3.601837329937216392e+00
1.069321671715643858e-02 3.631917252776712957e+00
1.105074357476093505e-02 3.658394653936041241e+00
1.142022431465263173e-02 3.681026652999134452e+00
1.180205861394306721e-02 3.699564455550974351e+00
1.219665951291643881e-02 3.713757250044189551e+00
1.260445386182631328e-02 3.723350283631768676e+00
1.302588278263077520e-02 3.728089180429162486e+00
1.346140214616583890e-02 3.727722293715872492e+00
1.391148306527291781e-02 3.722003866998220278e+00
1.437661240441416924e-02 3.710696840219591675e+00
1.485729330632660182e-02 3.693579895442445693e+00
1.535404573628500365e-02 3.670450682360764105e+00
1.586740704456205894e-02 3.641132478149944340e+00
1.639793254769450481e-02 3.605476783556999631e+00
1.694619612918364313e-02 3.563374286425037951e+00
1.751279086028037155e-02 3.514752839816607022e+00
1.809832964152614798e-02 3.459590554160259401e+00
1.870344586574363213e-02 3.397911855988673846e+00
1.932879410319460894e-02 3.329801486580842518e+00
1.997505080964588620e-02 3.255399824692843058e+00
2.064291505810955316e-02 3.174916168961360086e+00
2.133310929504865505e-02 3.088625904285128509e+00
2.204638012186681956e-02 2.996878265790469786e+00
2.278349910252664909e-02 2.900102163335525951e+00
2.354526359817107548e-02 2.798803653803779490e+00
2.433249762964985810e-02 2.693572492974610100e+00
2.514605276888498206e-02 2.585076732370171104e+00
2.598680906003840441e-02 2.474061193525369351e+00
2.685567597147924673e-02 2.361337811352514304e+00
2.775359337957988490e-02 2.247777346687886979e+00
2.868153258540498754e-02 2.134296791521015813e+00
2.964049736539381419e-02 2.021847178588946914e+00
3.063152505717161092e-02 1.911394600323103266e+00
3.165568768166540647e-02 1.803907812206655636e+00
3.271409310273729054e-02 1.700336719006085850e+00
3.380788622559029871e-02 1.601596153479599494e+00
3.493825023524253087e-02 1.508546269847183208e+00
3.610640787640997940e-02 1.421977092106160301e+00
3.731362277618164441e-02 1.342588754153154484e+00
3.856120081091872487e-02 1.270987495418407942e+00
3.985049151885547425e-02 1.207672231513834404e+00
4.118288955993056055e-02 1.153031794084989681e+00
4.255983622442782027e-02 1.107341031633901407e+00
4.398282099205792772e-02 1.070756239216877015e+00
4.545338314316834522e-02 1.043307421528711254e+00
4.697311342382341770e-02 1.024886641595625925e+00
4.854365576655684383e-02 1.015224757637433362e+00
5.016670906865677154e-02 1.013861174503319029e+00
5.184402902990837420e-02 1.020097186575520398e+00
5.357743005178047802e-02 1.032941448121835970e+00
5.536878720011212396e-02 1.051061555723247221e+00
5.722003823342062395e-02 1.072723541737510944e+00
5.913318569902666078e-02 1.095776205381514767e+00
6.111029909926251474e-02 1.117668065586715498e+00
6.315351713010779189e-02 1.135526589248882612e+00
6.526504999467336310e-02 1.146315522827398015e+00
6.744718179403717817e-02 1.147072153759805202e+00
6.970227299801623477e-02 1.135216083154330979e+00
7.203276299854979858e-02 1.108897100290623605e+00
7.444117274845411802e-02 1.067331043021469084e+00
7.693010748840443946e-02 1.011058919664429290e+00
7.950225956509210379e-02 9.420573091602219007e-01
8.216041134360790865e-02 8.636452941169011632e-01
8.490743821719984319e-02 7.801761145349426219e-01
8.774631171766281157e-02 6.965384583517744144e-01
9.068010272972255870e-02 6.175639463492753611e-01
9.371198481289348681e-02 5.474594544785575945e-01
9.684523763440215649e-02 4.893944510716920493e-01
1.000832505168899600e-01 4.453094038429688539e-01
1.034295261047340625e-01 4.159331831893786635e-01
1.068876841529496080e-01 4.008982824453725669e-01
1.104614654427753945e-01 3.988031823170293255e-01
1.141547358281756464e-01 4.071282398983211426e-01
1.179714904176376727e-01 4.220635576279198609e-01
1.219158578957853512e-01 4.384866234606163427e-01
1.259921049894874856e-01 4.504086534971114553e-01
1.302046410832891354e-01 4.520705870707850682e-01
1.345580229891604751e-01 4.395100613309566029e-01
1.390569598757198100e-01 4.120046222104211120e-01
1.437063183622670492e-01 3.726287551706921053e-01
1.485111277831346888e-01 3.274640261038644362e-01
1.534765856280515817e-01 2.836978370370187852e-01
1.586080631644066208e-01 2.474954733038321197e-01
1.639111112474894438e-01 2.225960957565631115e-01
1.693914663249987407e-01 2.099558631525075270e-01
1.750550566423093313e-01 2.079888521973301818e-01
1.809080086552135869e-01 2.128407501405465418e-01
1.869566536570689830e-01 2.188321054011679034e-01
1.932075346275276828e-01 2.198116424050373108e-01
1.996674133102498971e-01 2.115865545949313087e-01
2.063432775272630582e-01 1.941270881735927545e-01
2.132423487378718452e-01 1.716627612253160962e-01
2.203720898503036263e-01 1.502806800774781626e-01
2.277402132945338109e-01 1.347906139100967515e-01
2.353546893650253491e-01 1.268927484899452507e-01
2.432237548424092122e-01 1.250095424815935163e-01
2.513559219034258718e-01 1.251450482233339434e-01
2.597599873287743666e-01 1.227479540824799181e-01
2.684450420188219666e-01 1.153872487150388870e-01
2.774204808274743361e-01 1.043529573847474662e-01
2.866960127248350254e-01 9.338018399348781140e-02
2.962816712996577673e-01 8.563179912570885455e-02
3.061878256129444420e-01 8.166297646375866859e-02
3.164251914144354805e-01 7.948771341724927830e-02
3.270048427341168962e-01 7.633430720349003440e-02
3.379382238612947953e-01 7.099882520578272571e-02
3.492371617241852855e-01 6.471002936656969351e-02
3.609138786834163448e-01 5.951368965646515463e-02
3.729810057532814693e-01 5.613522197955961995e-02
3.854515962650386651e-01 5.356260202923275593e-02
3.983391399870480631e-01 5.044351027619524419e-02
4.116575777170102257e-01 4.663764778321336651e-02
4.254213163620995108e-01 4.307965386192166152e-02
4.396452445232932327e-01 4.034744559432244110e-02
4.543447486007690661e-01 3.802844806948597195e-02
4.695357294377799362e-01 3.553308722390183250e-02
4.852346195210218704e-01 3.294484525769365152e-02
5.014584007560848322e-01 3.067166610692742545e-02
5.182246228372336949e-01 2.871510474722437783e-02
5.355514222313770833e-01 2.679997533448582117e-02
5.534575417967635413e-01 2.490656071912407746e-02
5.719623510576314906e-01 2.319158805134979157e-02
5.910858671567322808e-01 2.163336854110423785e-02
6.108487765084068544e-01 2.013417959404505825e-02
6.312724571756275216e-01 1.872210162738062803e-02
6.523790019952193653e-01 1.742819436343064077e-02
6.741912424762606104e-01 1.621290098293675513e-02
6.967327734975364839e-01 1.507042715706714484e-02
7.200279788307419881e-01 1.400854899872177629e-02
7.441020575170596008e-01 1.302036094502988413e-02
7.689810511256225389e-01 1.209874358571800222e-02
7.946918719233755368e-01 1.123835892087120605e-02
8.212623319867858873e-01 1.043582644484075325e-02
8.487211732869031078e-01 9.687995051946661842e-03
8.770980987803161932e-01 8.991629768707966319e-03
9.064238045396205701e-01 8.343342036360576128e-03
9.367300129581793700e-01 7.739925325029831972e-03
9.680495070650749767e-01 7.178395802863095192e-03
1.000416165987385808e+00 6.655989421806824020e-03
1.033865001598128330e+00 6.170116623753716875e-03
1.068432196389532240e+00 5.718356435771503911e-03
1.104155142612600837e+00 5.298455797803316124e-03
1.141072482725305592e+00 4.908299269566866740e-03
1.179224151193147607e+00 4.545889510693843123e-03
1.218651417687333982e+00 4.209329052338853239e-03
1.259396931727273516e+00 3.896840701466100423e-03
1.301504768815691548e+00 3.606770631333482916e-03
1.345020478116276896e+00 3.337590277978558662e-03
1.389991131725407447e+00 3.087870671183535337e-03
1.436465375591293947e+00 2.856269508562200420e-03
1.484493482135585296e+00 2.641519180771065810e-03
1.534127404634392455e+00 2.442434574990302604e-03
1.585420833417506836e+00 2.257912318748008830e-03
1.638429253946665609e+00 2.086929238893801396e-03
1.693210006835640158e+00 1.928531504871666214e-03
1.749822349877109051e+00 1.781828260244527375e-03
1.808327522143368116e+00 1.645986343562809385e-03
1.868788810230267217e+00 1.520228715464991710e-03
1.931271616715998229e+00 1.403831522341902720e-03
1.995843530908793184e+00 1.296120624160135033e-03
2.062574401960084458e+00 1.196468414510158630e-03
2.131536414422164238e+00 1.104290808863433873e-03
2.202804166332139602e+00 1.019044424982196986e-03
2.276454749906602792e+00 9.402238505402231179e-04
2.352567834934338631e+00 8.673590923824282600e-04
2.431225754957225149e+00 8.000131530793250668e-04
2.512513596332623944e+00 7.377798943913497576e-04
2.596519290273538783e+00 6.802819927273219243e-04
2.683333707966161441e+00 6.271689660521975436e-04
2.773050758867611432e+00 5.781153716455772994e-04
2.865767492290306695e+00 5.328191010676632672e-04
2.961584202382770314e+00 4.909997250456403809e-04
3.060604536620467719e+00 4.523970482506490805e-04
3.162935607924048931e+00 4.167697386307291107e-04
3.268688110526199786e+00 3.838939833821235670e-04
3.377976439712552459e+00 3.535622886232788961e-04
3.490918815566087297e+00 3.255823548272482998e-04
3.607637410848952619e+00 2.997760078372631982e-04
3.728258483159945236e+00 2.759781956591383792e-04
3.852912511510727001e+00 2.540360522443706323e-04
3.981734337468417539e+00 2.338080191784996172e-04
4.114863311017320058e+00 2.151630430214797839e-04
4.252443441297450555e+00 1.979798275081550807e-04
4.394623552383071896e+00 1.821461093579853415e-04
4.541557444269631816e+00 1.675580174196711716e-04
4.693404059243289517e+00 1.541194832270920817e-04
4.850327653813030437e+00 1.417416700848322367e-04
5.012497976391239618e+00 1.303424452037129863e-04
5.180090450915090017e+00 1.198458903522910552e-04
5.353286366607249214e+00 1.101818460594910154e-04
5.532273074081278885e+00 1.012854862200339787e-04
5.717244188003695271e+00 9.309692174760474755e-05
5.908399796532135539e+00 8.556082755660427200e-05
6.105946677756002750e+00 7.862610521779525368e-05
6.310098523373801171e+00 7.224557615968981979e-05
6.521076169849157722e+00 6.637568450620013520e-05
6.739107837295406966e+00 6.097622590444773638e-05
6.964429376347387013e+00 5.601010100677458005e-05
7.197284523287298619e+00 5.144308435129427550e-05
7.437925163700752407e+00 4.724360679836825410e-05
7.686611604948010879e+00 4.338254965773519255e-05
7.943612857745410594e+00 3.983305397178084394e-05
8.209206927161357470e+00 3.657034819185936864e-05
8.483681113341843272e+00 3.357159622349861284e-05
8.767332322290526392e+00 3.081574999316725680e-05
9.060467387039910392e+00 2.828341227276218709e-05
9.363403399560734641e+00 2.595670931996144046e-05
9.676468053768756405e+00 2.381917458760251654e-05
1.000000000000001243e+01 2.185564060862238916e-05
