2.000000000000000164e-05 5.393115857482558795e+01
2.066869842267550072e-05 5.566543389531845776e+01
2.135975472437544027e-05 5.745547387677015649e+01
2.207391643902171255e-05 5.930307833378587645e+01
2.281195609427394449e-05 6.121010040721305501e+01
2.357467204719313169e-05 6.317842172796598987e+01
2.436288934784564352e-05 6.521006565141895805e+01
2.517746063178175121e-05 6.730701493174254324e+01
2.601926704235410016e-05 6.947140897392756642e+01
2.688921918387384303e-05 7.170536997739112905e+01
2.778825810663545582e-05 7.401120194654964735e+01
2.871735632487579741e-05 7.639115303867542650e+01
2.967751886876853870e-05 7.884763165930743867e+01
3.066978437159193627e-05 8.138310243564710333e+01
3.169522619324599853e-05 8.400009034787201756e+01
3.275495358133433647e-05 8.670122877155083074e+01
3.385011287106671010e-05 8.948920099153806973e+01
3.498188872528021299e-05 9.236684535019169573e+01
3.615150541592045298e-05 9.533700232557548304e+01
3.736022814836899319e-05 9.840265200378252075e+01
3.860936443004954884e-05 1.015668777465175481e+02
3.990026548479344494e-05 1.048328220276609386e+02
4.123432771449419843e-05 1.082037858517212214e+02
4.261299420963254024e-05 1.116831119238060950e+02
4.403775631030562105e-05 1.152743137752295866e+02
4.551015521944909301e-05 1.189809754402838990e+02
4.703178366999723984e-05 1.228067910685328314e+02
4.860428764778435972e-05 1.267555907398031110e+02
5.022936817205134787e-05 1.308313543723305941e+02
5.190878313548323190e-05 1.350381335149383233e+02
5.364434920576834987e-05 1.393801502562048711e+02
5.543794379073590958e-05 1.438617695453427814e+02
5.729150706919781900e-05 1.484874181097954704e+02
5.920704408969155763e-05 1.532617646837844063e+02
6.118662693939432690e-05 1.581895716270288403e+02
6.323239698555469304e-05 1.632757524171524608e+02
6.534656719186627638e-05 1.685254342052571133e+02
6.753142451228926792e-05 1.739438221262173840e+02
6.978933236490913268e-05 1.795363722559526423e+02
7.212273318850868345e-05 1.853086693642174225e+02
7.453415108461877573e-05 1.912664239810136166e+02
7.702619454790587906e-05 1.974156075588349779e+02
7.960155928784993205e-05 2.037624746966535838e+02
8.226303114476471348e-05 2.103131946975911148e+02
8.501348910331518868e-05 2.170744101189362141e+02
8.785590840679157983e-05 2.240528630210913263e+02
9.079336377550881697e-05 2.312554863308824622e+02
9.382903273281309529e-05 2.386895088703001875e+02
9.696619904229312483e-05 2.463622818115206030e+02
1.002082562599141270e-04 2.542815268524261398e+02
1.035587114049174785e-04 2.624550838486268276e+02
1.070211887534562421e-04 2.708911833271138221e+02
1.105994337590709140e-04 2.795981269054745439e+02
1.142973171042456330e-04 2.885846134024333196e+02
1.181188388874281471e-04 2.978596030224603624e+02
1.220681329500424115e-04 3.074323284774301897e+02
1.261494713481742377e-04 3.173122955922071924e+02
1.303672689737678670e-04 3.275093345931958311e+02
1.347260883303314362e-04 3.380335866237068672e+02
1.392306444683180742e-04 3.488954902400486162e+02
1.438858100855209437e-04 3.601057608825964849e+02
1.486966207979997041e-04 3.716756575934786611e+02
1.536682805872396744e-04 3.836164547383278887e+02
1.588061674294368483e-04 3.959402673735380631e+02
1.641158391129971276e-04 4.086589526129315004e+02
1.696030392505434848e-04 4.217853092844390517e+02
1.752737034919339915e-04 4.353321384943029102e+02
1.811339659450114388e-04 4.493129977526579637e+02
1.871901658110307874e-04 4.637416073101701954e+02
1.934488542419408646e-04 4.786320503502782344e+02
1.999168014269393128e-04 4.939990616391275466e+02
2.066010039159656652e-04 5.098577867007213626e+02
2.135086921880547338e-04 5.262237409390561425e+02
2.206473384727377968e-04 5.431128822429675438e+02
2.280246648329511538e-04 5.605419445439954416e+02
2.356486515181963309e-04 5.785277067200032661e+02
2.435275455969876748e-04 5.970878237792813934e+02
2.516698698779247295e-04 6.162404072210200638e+02
2.600844321290405573e-04 6.360039068190059197e+02
2.687803346053976817e-04 6.563977169286830531e+02
2.777669838952388651e-04 6.774413169601316440e+02
2.870541010953427292e-04 6.991552250688365575e+02
2.966517323265922064e-04 7.215603583331559321e+02
3.065702596011295341e-04 7.446779340139568149e+02
3.168204120528543403e-04 7.685304329853322542e+02
3.274132775434116785e-04 7.931404247646210024e+02
3.383603146562264279e-04 8.185315788860323210e+02
3.496733650915567022e-04 8.447276698201842464e+02
3.613646664759745386e-04 8.717537514363015134e+02
3.734468656001317080e-04 8.996352249678386670e+02
3.859330320991275886e-04 9.283979749816265894e+02
3.988366725902805230e-04 9.580693951108597730e+02
4.121717452835938129e-04 9.886768197255920541e+02
4.259526750807212541e-04 1.020248554308840653e+03
4.401943691787655547e-04 1.052813834200642759e+03
4.549122331957894719e-04 1.086402267226293361e+03
4.701221878354804149e-04 1.121044978366427358e+03
4.858406861089974399e-04 1.156772818536553132e+03
5.020847311326308640e-04 1.193618398126516695e+03
5.188718945205230424e-04 1.231614656631438493e+03
5.362203353923492141e-04 1.270795167680811574e+03
5.541488200165187389e-04 1.311194952853669747e+03
5.726767421101455150e-04 1.352848703017556772e+03
5.918241438177454907e-04 1.395793375588900290e+03
6.116117373913557359e-04 1.440065760958244937e+03
6.320609275955268004e-04 1.485703655153958834e+03
6.531938348614238542e-04 1.532745826166433972e+03
6.750333192150836329e-04 1.581231551680805978e+03
6.976030050057104547e-04 1.631200858091522605e+03
7.209273064607610694e-04 1.682695267796427288e+03
7.450314540954613768e-04 1.735756497649681023e+03
7.699415220053250396e-04 1.790426896109830750e+03
7.956844560711916160e-04 1.846749309255731760e+03
8.222881031073025473e-04 1.904768628755848567e+03
8.497812409839368810e-04 1.964528734579490219e+03
8.781936097571961097e-04 2.026075195224751269e+03
9.075559438396131216e-04 2.089453951054954359e+03
9.379000052463793693e-04 2.154711303279287222e+03
9.692586179531593148e-04 2.221894247868423463e+03
1.001665703402655023e-03 2.291050333992944616e+03
1.035156317198330069e-03 2.362227288314341422e+03
1.069766687024985286e-03 2.435473162856083945e+03
1.105534251837205851e-03 2.510835922486912750e+03
1.142497702358069404e-03 2.588365135285105225e+03
1.180697022931930960e-03 2.668108088347206376e+03
1.220173534776542454e-03 2.750114175765438631e+03
1.260969940681316284e-03 2.834431782433969147e+03
1.303130371200056587e-03 2.921108867109221137e+03
1.346700432388157767e-03 3.010192776088479604e+03
1.391727255135877424e-03 3.101731331044302806e+03
1.438259546151070007e-03 3.195771024855999713e+03
1.486347640646530459e-03 3.292357607945652944e+03
1.536043556788919398e-03 3.391536175446639845e+03
1.587401051968200579e-03 3.493350182834879888e+03
1.640475680948428249e-03 3.597843636201963818e+03
1.695324855962815390e-03 3.705055759178339031e+03
1.752007908818060174e-03 3.815027922984236284e+03
1.810586155075142928e-03 3.927797520704592444e+03
1.871122960375984270e-03 4.043400867441241644e+03
1.933683808987751848e-03 4.161872262065022369e+03
1.998336374638913938e-03 4.283243312794440499e+03
2.065150593723721201e-03 4.407542108476040084e+03
2.134198740954243185e-03 4.534797019145494232e+03
2.205555507541849362e-03 4.665030977782280388e+03
2.279298081992675151e-03 4.798264721405927958e+03
2.355506233604463730e-03 4.934514361464908689e+03
2.434262398755145627e-03 5.073794496434058601e+03
2.515651770076436904e-03 5.216114388620891077e+03
2.599762388608985089e-03 5.361480198176875092e+03
2.686685239038679764e-03 5.509893574590406388e+03
2.776514348117217236e-03 5.661349406103304318e+03
2.869346886373309435e-03 5.815842466867202347e+03
2.965283273224645581e-03 5.973356753109443162e+03
3.064427285604211931e-03 6.133873745333121406e+03
3.166886170218578649e-03 6.297368958211427525e+03
3.272770759559481216e-03 6.463810852307300593e+03
3.382195591794276077e-03 6.633158239323010093e+03
3.495279034664920681e-03 6.805368773116883858e+03
3.612143413529477973e-03 6.980387387180149744e+03
3.732915143684721951e-03 7.158150871668073705e+03
3.857724867112893516e-03 7.338590173513076479e+03
3.986707593800617976e-03 7.521622205514157940e+03
4.120002847782761740e-03 7.707156936516940732e+03
4.257754818069308354e-03 7.895093231310488591e+03
4.400112514618404608e-03 8.085319561147726745e+03
4.547229929524409554e-03 8.277711597256135065e+03
4.699266203595197679e-03 8.472134750146407896e+03
4.856385798499019031e-03 8.668439117347474166e+03
5.018758674667020935e-03 8.866464916130436904e+03
5.186560475143959549e-03 9.066036871174252155e+03
5.359972715585955248e-03 9.266970542758104784e+03
5.539182980610755057e-03 9.469059369828304625e+03
5.724385126713026593e-03 9.672090334199310746e+03
5.915779491964028892e-03 9.875828354365481573e+03
6.113573112722652143e-03 1.008002510884922231e+04
6.317979947592099882e-03 1.028441709733266907e+04
6.529221108864616957e-03 1.048872049751589111e+04
6.747525101704480652e-03 1.069263770610589563e+04
6.973128071328140755e-03 1.089584959458237790e+04
7.206274058448705437e-03 1.109801952913081914e+04
7.447215263261310406e-03 1.129879500369771995e+04
7.696212318254701257e-03 1.149780275412216361e+04
7.953534570144332738e-03 1.169464718506449572e+04
8.219460371231864307e-03 1.188891372136288010e+04
8.494277380506187053e-03 1.208017261619331839e+04
8.778282874811823774e-03 1.226796140295597797e+04
9.071784070421121463e-03 1.245180882209690753e+04
9.375098455358292851e-03 1.263121150229080558e+04
9.688554132834568261e-03 1.280565823091178936e+04
1.001249017616620725e-02 1.297460258495306698e+04
1.034725699555901803e-02 1.313749036713465648e+04
1.069321671715643858e-02 1.329374080374766527e+04
1.105074357476093505e-02 1.344275443102396457e+04
1.142022431465263173e-02 1.358391511946224819e+04
1.180205861394306721e-02 1.371658176044512402e+04
1.219665951291643881e-02 1.384011559349670642e+04
1.260445386182631328e-02 1.395384653517609877e+04
1.302588278263077520e-02 1.405710723198166670e+04
1.346140214616583890e-02 1.414920825679371228e+04
1.391148306527291781e-02 1.422946971949503859e+04
1.437661240441416924e-02 1.429719905013121388e+04
1.485729330632660182e-02 1.435172188903742244e+04
1.535404573628500365e-02 1.439235830579967296e+04
1.586740704456205894e-02 1.441844853809253254e+04
1.639793254769450481e-02 1.442936619944553240e+04
1.694619612918364313e-02 1.442449700808746456e+04
1.751279086028037155e-02 1.440328126182800224e+04
1.809832964152614798e-02 1.436519556706092953e+04
1.870344586574363213e-02 1.430977752404503553e+04
1.932879410319460894e-02 1.423664005095189168e+04
1.997505080964588620e-02 1.414547438412554220e+04
2.064291505810955316e-02 1.403605720842848132e+04
2.133310929504865505e-02 1.390828565259551942e+04
2.204638012186681956e-02 1.376215894503398522e+04
2.278349910252664909e-02 1.359782246319378100e+04
2.354526359817107548e-02 1.341556216347080226e+04
2.433249762964985810e-02 1.321581493780960045e+04
2.514605276888498206e-02 1.299918819463336695e+04
2.598680906003840441e-02 1.276647491513537534e+04
2.685567597147924673e-02 1.251863411837333842e+04
2.775359337957988490e-02 1.225682248992464702e+04
2.868153258540498754e-02 1.198238592719387088e+04
2.964049736539381419e-02 1.169684678961342979e+04
3.063152505717161092e-02 1.140190284272728059e+04
3.165568768166540647e-02 1.109942242057619660e+04
3.271409310273729054e-02 1.079140851317214947e+04
3.380788622559029871e-02 1.047998403090967258e+04
3.493825023524253087e-02 1.016736239163049868e+04
3.610640787640997940e-02 9.855809087339524922e+03
3.731362277618164441e-02 9.547597592010330118e+03
3.856120081091872487e-02 9.244963606275419806e+03
3.985049151885547425e-02 8.950054212518347413e+03
4.118288955993056055e-02 8.664870204668906808e+03
4.255983622442782027e-02 8.391210579005042746e+03
4.398282099205792772e-02 8.130614933984687923e+03
4.545338314316834522e-02 7.884295592801506245e+03
4.697311342382341770e-02 7.653089328970015231e+03
4.854365576655684383e-02 7.437386617517536251e+03
5.016670906865677154e-02 7.237095308448052492e+03
5.184402902990837420e-02 7.051577281004200813e+03
5.357743005178047802e-02 6.879635887911695136e+03
5.536878720011212396e-02 6.719468953739381504e+03
5.722003823342062395e-02 6.568701815450005597e+03
5.913318569902666078e-02 6.424413610535496446e+03
6.111029909926251474e-02 6.283209388243698413e+03
6.315351713010779189e-02 6.141355486521054445e+03
6.526504999467336310e-02 5.994963222868630510e+03
6.744718179403717817e-02 5.840235541941795418e+03
6.970227299801623477e-02 5.673756396749667147e+03
7.203276299854979858e-02 5.492839489049164513e+03
7.444117274845411802e-02 5.295849329588012552e+03
7.693010748840443946e-02 5.082511814968017461e+03
7.950225956509210379e-02 4.854127663231663973e+03
8.216041134360790865e-02 4.613644595037235376e+03
8.490743821719984319e-02 4.365556019019819360e+03
8.774631171766281157e-02 4.115600768285916274e+03
9.068010272972255870e-02 3.870287353230221925e+03
9.371198481289348681e-02 3.636269847698089507e+03
9.684523763440215649e-02 3.419670528745511092e+03
1.000832505168899600e-01 3.225410644291256176e+03
1.034295261047340625e-01 3.056634792756583920e+03
1.068876841529496080e-01 2.914284619366404058e+03
1.104614654427753945e-01 2.796846685108573638e+03
1.141547358281756464e-01 2.700322493512533129e+03
1.179714904176376727e-01 2.618470300377361582e+03
1.219158578957853512e-01 2.543395161219822967e+03
1.259921049894874856e-01 2.466564607399839133e+03
1.302046410832891354e-01 2.380210444517134420e+03
1.345580229891604751e-01 2.278924151130736846e+03
1.390569598757198100e-01 2.161034811300549336e+03
1.437063183622670492e-01 2.029276052481352508e+03
1.485111277831346888e-01 1.890356978469262231e+03
1.534765856280515817e-01 1.753403336338341660e+03
1.586080631644066208e-01 1.627682532630801916e+03
1.639111112474894438e-01 1.520264408141007380e+03
1.693914663249987407e-01 1.434278449764491825e+03
1.750550566423093313e-01 1.368133975815183248e+03
1.809080086552135869e-01 1.315868657160498742e+03
1.869566536570689830e-01 1.268678971874789568e+03
1.932075346275276828e-01 1.217556864720955900e+03
1.996674133102498971e-01 1.156447308601671921e+03
2.063432775272630582e-01 1.084650296252285898e+03
2.132423487378718452e-01 1.007060938280583628e+03
2.203720898503036263e-01 9.318079837549854574e+02
2.277402132945338109e-01 8.664014601113264007e+02
2.353546893650253491e-01 8.143554349589087451e+02
2.432237548424092122e-01 7.738284184902571496e+02
2.513559219034258718e-01 7.388022054064626900e+02
2.597599873287743666e-01 7.023807415000703713e+02
2.684450420188219666e-01 6.607075319107941596e+02
2.774204808274743361e-01 6.150700205894839883e+02
2.866960127248350254e-01 5.705068184589762268e+02
2.962816712996577673e-01 5.318849405491195057e+02
3.061878256129444420e-01 5.004734884553336656e+02
3.164251914144354805e-01 4.734686563238500412e+02
3.270048427341168962e-01 4.466345807069899365e+02
3.379382238612947953e-01 4.179000520593266970e+02
3.492371617241852855e-01 3.887461051487860004e+02
3.609138786834163448e-01 3.621414339558832012e+02
3.729810057532814693e-01 3.393489637418961138e+02
3.854515962650386651e-01 3.189561650492179865e+02
3.983391399870480631e-01 2.988492993979888297e+02
4.116575777170102257e-01 2.786156306286573567e+02
4.254213163620995108e-01 2.595266061507003883e+02
4.396452445232932327e-01 2.424866829001305746e+02
4.543447486007690661e-01 2.269214836724831059e+02
4.695357294377799362e-01 2.118823824203740571e+02
4.852346195210218704e-01 1.973823489686894561e+02
5.014584007560848322e-01 1.839884130621434508e+02
5.182246228372336949e-01 1.717116987055009645e+02
5.355514222313770833e-01 1.601104884371817434e+02
5.534575417967635413e-01 1.490923959472451088e+02
5.719623510576314906e-01 1.388564644146523221e+02
5.910858671567322808e-01 1.293565580700692692e+02
6.108487765084068544e-01 1.204148862457320917e+02
6.312724571756275216e-01 1.120367131511420666e+02
6.523790019952193653e-01 1.042467793487289072e+02
6.741912424762606104e-01 9.696362820882315248e+01
6.967327734975364839e-01 9.015262974422341813e+01
7.200279788307419881e-01 8.380241291813845805e+01
7.441020575170596008e-01 7.788164718348988913e+01
7.689810511256225389e-01 7.235987686157967858e+01
7.946918719233755368e-01 6.721028536335745684e+01
8.212623319867858873e-01 6.240987459997181475e+01
8.487211732869031078e-01 5.793703893748708822e+01
8.770980987803161932e-01 5.377116591675157764e+01
9.064238045396205701e-01 4.989253379898845253e+01
9.367300129581793700e-01 4.628253695095499864e+01
9.680495070650749767e-01 4.292357686599716260e+01
1.000416165987385808e+00 3.979894266058052921e+01
1.033865001598128330e+00 3.689296147019491201e+01
1.068432196389532240e+00 3.419104640555158880e+01
1.104155142612600837e+00 3.167971857501282074e+01
1.141072482725305592e+00 2.934633295107830975e+01
1.179224151193147607e+00 2.717894748581726461e+01
1.218651417687333982e+00 2.516621439337885846e+01
1.259396931727273516e+00 2.329750339637647016e+01
1.301504768815691548e+00 2.156291694732908581e+01
1.345020478116276896e+00 1.995329586108085707e+01
1.389991131725407447e+00 1.846007811585285197e+01
1.436465375591293947e+00 1.707522568843735655e+01
1.484493482135585296e+00 1.579115650157011075e+01
1.534127404634392455e+00 1.460078315660676118e+01
1.585420833417506836e+00 1.349750635079103667e+01
1.638429253946665609e+00 1.247520510944971228e+01
1.693210006835640158e+00 1.152817303977081842e+01
1.749822349877109051e+00 1.065108022724426640e+01
1.808327522143368116e+00 9.838940702076595102e+00
1.868788810230267217e+00 9.087104462476297329e+00
1.931271616715998229e+00 8.391240483639757386e+00
1.995843530908793184e+00 7.747316525536450449e+00
2.062574401960084458e+00 7.151579065384424894e+00
2.131536414422164238e+00 6.600534870986110469e+00
2.202804166332139602e+00 6.090934009673297567e+00
2.276454749906602792e+00 5.619753668712268002e+00
2.352567834934338631e+00 5.184182980339714142e+00
2.431225754957225149e+00 4.781608610390363445e+00
2.512513596332623944e+00 4.409601851400922534e+00
2.596519290273538783e+00 4.065906302235214653e+00
2.683333707966161441e+00 3.748425905649565237e+00
2.773050758867611432e+00 3.455214347015500564e+00
2.865767492290306695e+00 3.184464970555808350e+00
2.961584202382770314e+00 2.934500987322673282e+00
3.060604536620467719e+00 2.703766692098027669e+00
3.162935607924048931e+00 2.490819167170601478e+00
3.268688110526199786e+00 2.294320199619669154e+00
3.377976439712552459e+00 2.113029146655724499e+00
3.490918815566087297e+00 1.945796248168897957e+00
3.607637410848952619e+00 1.791556266848081780e+00
3.728258483159945236e+00 1.649322454565880891e+00
3.852912511510727001e+00 1.518180917528050955e+00
3.981734337468417539e+00 1.397285318642164542e+00
4.114863311017320058e+00 1.285852113323367352e+00
4.252443441297450555e+00 1.183156122385569331e+00
4.394623552383071896e+00 1.088526247996686180e+00
4.541557444269631816e+00 1.001341604623027903e+00
4.693404059243289517e+00 9.210279407733307222e-01
4.850327653813030437e+00 8.470541857898170601e-01
5.012497976391239618e+00 7.789293191433681596e-01
5.180090450915090017e+00 7.161994913934213169e-01
5.353286366607249214e+00 6.584453352190602349e-01
5.532273074081278885e+00 6.052794014953704060e-01
5.717244188003695271e+00 5.563437421124732829e-01
5.908399796532135539e+00 5.113076498246048596e-01
6.105946677756002750e+00 4.698656545864159373e-01
6.310098523373801171e+00 4.317357308958121864e-01
6.521076169849157722e+00 3.966575456809250388e-01
6.739107837295406966e+00 3.643908290195770894e-01
6.964429376347387013e+00 3.347138636170683967e-01
7.197284523287298619e+00 3.074220903689663942e-01
7.437925163700752407e+00 2.823268107393490656e-01
7.686611604948010879e+00 2.592539766072053387e-01
7.943612857745410594e+00 2.380430571704484077e-01
8.209206927161357470e+00 2.185460083477334947e-01
8.483681113341843272e+00 2.006263531422524948e-01
8.767332322290526392e+00 1.841582961607865498e-01
9.060467387039910392e+00 1.690259033500615404e-01
9.363403399560734641e+00 1.551223480571523872e-01
9.676468053768756405e+00 1.423492218436636925e-01
1.000000000000001243e+01 1.306158899385070904e-01
