2.000000000000000164e-05 9.042524466878630207e+00
2.066869842267550072e-05 9.333306722087860052e+00
2.135975472437544027e-05 9.633442239113019667e+00
2.207391643902171255e-05 9.943223732700653628e+00
2.281195609427394449e-05 1.026297106043820584e+01
2.357467204719313169e-05 1.059299883747512716e+01
2.436288934784564352e-05 1.093363926679058373e+01
2.517746063178175121e-05 1.128523208012047085e+01
2.601926704235410016e-05 1.164813021795988490e+01
2.688921918387384303e-05 1.202269871824485037e+01
2.778825810663545582e-05 1.240931216522789882e+01
2.871735632487579741e-05 1.280835414281339268e+01
2.967751886876853870e-05 1.322022973106812316e+01
3.066978437159193627e-05 1.364534968845389251e+01
3.169522619324599853e-05 1.408413622307998736e+01
3.275495358133433647e-05 1.453703335412335029e+01
3.385011287106671010e-05 1.500449022336479565e+01
3.498188872528021299e-05 1.548698060189768633e+01
3.615150541592045298e-05 1.598498676663359674e+01
3.736022814836899319e-05 1.649899768716993620e+01
3.860936443004954884e-05 1.702954051738193186e+01
3.990026548479344494e-05 1.757714208885319707e+01
4.123432771449419843e-05 1.814234869054133981e+01
4.261299420963254024e-05 1.872572873622627299e+01
4.403775631030562105e-05 1.932786263741477129e+01
4.551015521944909301e-05 1.994935939397085178e+01
4.703178366999723984e-05 2.059083153429417123e+01
4.860428764778435972e-05 2.125293006704406196e+01
5.022936817205134787e-05 2.193631210131287190e+01
5.190878313548323190e-05 2.264166823746523605e+01
5.364434920576834987e-05 2.336969794566873659e+01
5.543794379073590958e-05 2.412112904829792370e+01
5.729150706919781900e-05 2.489672447912027309e+01
5.920704408969155763e-05 2.569724023946899294e+01
6.118662693939432690e-05 2.652349378842435357e+01
6.323239698555469304e-05 2.737630671561547757e+01
6.534656719186627638e-05 2.825653177461286703e+01
6.753142451228926792e-05 2.916504706147171078e+01
6.978933236490913268e-05 3.010276654401138430e+01
7.212273318850868345e-05 3.107061783177219993e+01
7.453415108461877573e-05 3.206957516696894572e+01
7.702619454790587906e-05 3.310063906417084212e+01
7.960155928784993205e-05 3.416483821522241016e+01
8.226303114476471348e-05 3.526323248682076184e+01
8.501348910331518868e-05 3.639691974060542634e+01
8.785590840679157983e-05 3.756703633371976281e+01
9.079336377550881697e-05 3.877474631041589248e+01
9.382903273281309529e-05 4.002125273325157906e+01
9.696619904229312483e-05 4.130780748707432792e+01
1.002082562599141270e-04 4.263568921969582703e+01
1.035587114049174785e-04 4.400621914890700737e+01
1.070211887534562421e-04 4.542077082471966776e+01
1.105994337590709140e-04 4.688075845811396647e+01
1.142973171042456330e-04 4.838760953572850809e+01
1.181188388874281471e-04 4.994286861041823045e+01
1.220681329500424115e-04 5.154804505335329168e+01
1.261494713481742377e-04 5.320475923214016944e+01
1.303672689737678670e-04 5.491464613446682108e+01
1.347260883303314362e-04 5.667941030923817891e+01
1.392306444683180742e-04 5.850080648625616675e+01
1.438858100855209437e-04 6.038065072595781402e+01
1.486966207979997041e-04 6.232079894493166705e+01
1.536682805872396744e-04 6.432318291676509148e+01
1.588061674294368483e-04 6.638977065205676809e+01
1.641158391129971276e-04 6.852263219009579132e+01
1.696030392505434848e-04 7.072385711551726217e+01
1.752737034919339915e-04 7.299564739189806062e+01
1.811339659450114388e-04 7.534022771786264627e+01
1.871901658110307874e-04 7.775992366429727554e+01
1.934488542419408646e-04 8.025711757118624234e+01
1.999168014269393128e-04 8.283428662977057400e+01
2.066010039159656652e-04 8.549391079326609599e+01
2.135086921880547338e-04 8.823867373903095768e+01
2.206473384727377968e-04 9.107123615597905086e+01
2.280246648329511538e-04 9.399436438450450737e+01
2.356486515181963309e-04 9.701096283313506774e+01
2.435275455969876748e-04 1.001239261296382779e+02
2.516698698779247295e-04 1.033363312922436279e+02
2.600844321290405573e-04 1.066512751271308588e+02
2.687803346053976817e-04 1.100720191524932119e+02
2.777669838952388651e-04 1.136018290527854049e+02
2.870541010953427292e-04 1.172441913964979534e+02
2.966517323265922064e-04 1.210025720105286382e+02
3.065702596011295341e-04 1.248805832834919869e+02
3.168204120528543403e-04 1.288820058843352570e+02
3.274132775434116785e-04 1.330106481135552201e+02
3.383603146562264279e-04 1.372704129249697189e+02
3.496733650915567022e-04 1.416654027858539848e+02
3.613646664759745386e-04 1.461997917562030977e+02
3.734468656001317080e-04 1.508778797328780570e+02
3.859330320991275886e-04 1.557040049395754124e+02
3.988366725902805230e-04 1.606827560921745714e+02
4.121717452835938129e-04 1.658187991031013553e+02
4.259526750807212541e-04 1.711168932538397200e+02
4.401943691787655547e-04 1.765818754028883006e+02
4.549122331957894719e-04 1.822188454012694478e+02
4.701221878354804149e-04 1.880330026948021498e+02
4.858406861089974399e-04 1.940295208637811584e+02
5.020847311326308640e-04 2.002138775100245027e+02
5.188718945205230424e-04 2.065916805120715765e+02
5.362203353923492141e-04 2.131686048765479029e+02
5.541488200165187389e-04 2.199503985663951084e+02
5.726767421101455150e-04 2.269430647242016050e+02
5.918241438177454907e-04 2.341527074094509828e+02
6.116117373913557359e-04 2.415855629020402660e+02
6.320609275955268004e-04 2.492478534683714884e+02
6.531938348614238542e-04 2.571462525529289564e+02
6.750333192150836329e-04 2.652872664925225195e+02
6.976030050057104547e-04 2.736775719373424067e+02
7.209273064607610694e-04 2.823242392979581723e+02
7.450314540954613768e-04 2.912340507493146333e+02
7.699415220053250396e-04 3.004141684478628349e+02
7.956844560711916160e-04 3.098717151984656653e+02
8.222881031073025473e-04 3.196141939482175189e+02
8.497812409839368810e-04 3.296488872197473370e+02
8.781936097571961097e-04 3.399833396612979186e+02
9.075559438396131216e-04 3.506251703661192209e+02
9.379000052463793693e-04 3.615819455248379199e+02
9.692586179531593148e-04 3.728616359156225712e+02
1.001665703402655023e-03 3.844717811488446273e+02
1.035156317198330069e-03 3.964204578719319443e+02
1.069766687024985286e-03 4.087154669091850678e+02
1.105534251837205851e-03 4.213648372362010264e+02
1.142497702358069404e-03 4.343764384649311978e+02
1.180697022931930960e-03 4.477582548620564467e+02
1.220173534776542454e-03 4.615182968489210680e+02
1.260969940681316284e-03 4.756643461547290030e+02
1.303130371200056587e-03 4.902045390784309120e+02
1.346700432388157767e-03 5.051463912686396043e+02
1.391727255135877424e-03 5.204979155748634412e+02
1.438259546151070007e-03 5.362666316979702970e+02
1.486347640646530459e-03 5.524600376553756860e+02
1.536043556788919398e-03 5.690856168984856822e+02
1.587401051968200579e-03 5.861506296332770489e+02
1.640475680948428249e-03 6.036620199372223396e+02
1.695324855962815390e-03 6.216264811900978202e+02
1.752007908818060174e-03 6.400506690987806451e+02
1.810586155075142928e-03 6.589409332115136522e+02
1.871122960375984270e-03 6.783031024568809926e+02
1.933683808987751848e-03 6.981427168075066447e+02
1.998336374638913938e-03 7.184652131822313095e+02
2.065150593723721201e-03 7.392751411307961007e+02
2.134198740954243185e-03 7.605770130270342406e+02
2.205555507541849362e-03 7.823744353846195736e+02
2.279298081992675151e-03 8.046710220903769368e+02
2.355506233604463730e-03 8.274694125666305808e+02
2.434262398755145627e-03 8.507717532146357371e+02
2.515651770076436904e-03 8.745795301989450081e+02
2.599762388608985089e-03 8.988937400015854564e+02
2.686685239038679764e-03 9.237143524929083469e+02
2.776514348117217236e-03 9.490409013925745967e+02
2.869346886373309435e-03 9.748719145943335889e+02
2.965283273224645581e-03 1.001204804561239030e+03
3.064427285604211931e-03 1.028036557403872393e+03
3.166886170218578649e-03 1.055362746423070121e+03
3.272770759559481216e-03 1.083177864034484173e+03
3.382195591794276077e-03 1.111475304255969604e+03
3.495279034664920681e-03 1.140247072827466582e+03
3.612143413529477973e-03 1.169483803483220754e+03
3.732915143684721951e-03 1.199175041599063661e+03
3.857724867112893516e-03 1.229308492996612813e+03
3.986707593800617976e-03 1.259869515316342358e+03
4.120002847782761740e-03 1.290843348419244421e+03
4.257754818069308354e-03 1.322212230879805247e+03
4.400112514618404608e-03 1.353957306657875279e+03
4.547229929524409554e-03 1.386057525741170139e+03
4.699266203595197679e-03 1.418489294700695382e+03
4.856385798499019031e-03 1.451228752513882682e+03
5.018758674667020935e-03 1.484247888992523485e+03
5.186560475143959549e-03 1.517517772917153479e+03
5.359972715585955248e-03 1.551007361826342958e+03
5.539182980610755057e-03 1.584682175392563295e+03
5.724385126713026593e-03 1.618506499421038143e+03
5.915779491964028892e-03 1.652441096883929731e+03
6.113573112722652143e-03 1.686444413131079955e+03
6.317979947592099882e-03 1.720472248198401758e+03
6.529221108864616957e-03 1.754477090779922037e+03
6.747525101704480652e-03 1.788409325770600162e+03
6.973128071328140755e-03 1.822214993339331158e+03
7.206274058448705437e-03 1.855838290254066578e+03
7.447215263261310406e-03 1.889220460867005158e+03
7.696212318254701257e-03 1.922298565518360874e+03
7.953534570144332738e-03 1.955007553732844599e+03
8.219460371231864307e-03 1.987277673569528815e+03
8.494277380506187053e-03 2.019037172627089831e+03
8.778282874811823774e-03 2.050208921669504434e+03
9.071784070421121463e-03 2.080713686662727014e+03
9.375098455358292851e-03 2.110469069957684496e+03
9.688554132834568261e-03 2.139388462853168676e+03
1.001249017616620725e-02 2.167381971338004860e+03
1.034725699555901803e-02 2.194356243837804413e+03
1.069321671715643858e-02 2.220215430005070630e+03
1.105074357476093505e-02 2.244858882915545109e+03
1.142022431465263173e-02 2.268184254669793063e+03
1.180205861394306721e-02 2.290085038555188930e+03
1.219665951291643881e-02 2.310454890860289197e+03
1.260445386182631328e-02 2.329182807375057109e+03
1.302588278263077520e-02 2.346156594936963756e+03
1.346140214616583890e-02 2.361262828967267524e+03
1.391148306527291781e-02 2.374388216410316545e+03
1.437661240441416924e-02 2.385417038924716053e+03
1.485729330632660182e-02 2.394237871190149235e+03
1.535404573628500365e-02 2.400737573007939318e+03
1.586740704456205894e-02 2.404807489740239816e+03
1.639793254769450481e-02 2.406341889187934157e+03
1.694619612918364313e-02 2.405241321854099624e+03
1.751279086028037155e-02 2.401411327635754787e+03
1.809832964152614798e-02 2.394766792324147900e+03
1.870344586574363213e-02 2.385230954226743052e+03
1.932879410319460894e-02 2.372740091713163110e+03
1.997505080964588620e-02 2.357243415179232215e+03
2.064291505810955316e-02 2.338705723609725737e+03
2.133310929504865505e-02 2.317110413165116370e+03
2.204638012186681956e-02 2.292459282233481190e+03
2.278349910252664909e-02 2.264777524077292583e+03
2.354526359817107548e-02 2.234113856817121814e+03
2.433249762964985810e-02 2.200543501999901309e+03
2.514605276888498206e-02 2.164169099076248585e+03
2.598680906003840441e-02 2.125123529135189528e+03
2.685567597147924673e-02 2.083570387835415204e+03
2.775359337957988490e-02 2.039702535999870634e+03
2.868153258540498754e-02 1.993746481122476098e+03
2.964049736539381419e-02 1.945957672534552785e+03
3.063152505717161092e-02 1.896621674604997224e+03
3.165568768166540647e-02 1.846049952447989654e+03
3.271409310273729054e-02 1.794578980021607094e+03
3.380788622559029871e-02 1.742563354295614772e+03
3.493825023524253087e-02 1.690373110981997570e+03
3.610640787640997940e-02 1.638386991170505098e+03
3.731362277618164441e-02 1.586983736673698786e+03
3.856120081091872487e-02 1.536537074144410553e+03
3.985049151885547425e-02 1.487404336508539927e+03
4.118288955993056055e-02 1.439918099195596369e+03
4.255983622442782027e-02 1.394378265163722062e+03
4.398282099205792772e-02 1.351039689776876912e+03
4.545338314316834522e-02 1.310102911950969883e+03
4.697311342382341770e-02 1.271705220266724609e+03
4.854365576655684383e-02 1.235909753549429297e+03
5.016670906865677154e-02 1.202697896295475175e+03
5.184402902990837420e-02 1.171960715559694336e+03
5.357743005178047802e-02 1.143494175354775052e+03
5.536878720011212396e-02 1.116994482916490369e+03
5.722003823342062395e-02 1.092061736957359244e+03
5.913318569902666078e-02 1.068203517294836502e+03
6.111029909926251474e-02 1.044849017136169778e+03
6.315351713010779189e-02 1.021371636700740169e+03
6.526504999467336310e-02 9.971175380455503046e+02
6.744718179403717817e-02 9.714502386654438624e+02
6.970227299801623477e-02 9.437972262823102483e+02
7.203276299854979858e-02 9.137087861035902279e+02
7.444117274845411802e-02 8.809126841820951768e+02
7.693010748840443946e-02 8.453656680354013133e+02
7.950225956509210379e-02 8.072892610506536357e+02
8.216041134360790865e-02 7.671810026835323697e+02
8.490743821719984319e-02 7.257981750537875314e+02
8.774631171766281157e-02 6.841060919569521275e+02
9.068010272972255870e-02 6.431980852935656685e+02
9.371198481289348681e-02 6.041907082343319644e+02
9.684523763440215649e-02 5.681097180999204284e+02
1.000832505168899600e-01 5.357785090853554948e+02
1.034295261047340625e-01 5.077215423544406576e+02
1.068876841529496080e-01 4.840933931440266065e+02
1.104614654427753945e-01 4.646371362466670689e+02
1.141547358281756464e-01 4.486792398678433074e+02
1.179714904176376727e-01 4.351702813213017862e+02
1.219158578957853512e-01 4.227843854325720940e+02
1.259921049894874856e-01 4.100888812037405842e+02
1.302046410832891354e-01 3.957806740079084875e+02
1.345580229891604751e-01 3.789533657289684925e+02
1.390569598757198100e-01 3.593296507257152257e+02
1.437063183622670492e-01 3.373721096105750803e+02
1.485111277831346888e-01 3.142104943425571264e+02
1.534765856280515817e-01 2.913788256793103528e+02
1.586080631644066208e-01 2.704325929353360038e+02
1.639111112474894438e-01 2.525566334310341290e+02
1.693914663249987407e-01 2.382731299376217748e+02
1.750550566423093313e-01 2.273126237558302876e+02
1.809080086552135869e-01 2.186725704783961817e+02
1.869566536570689830e-01 2.108745418427920129e+02
1.932075346275276828e-01 2.024068930912419262e+02
1.996674133102498971e-01 1.922548135179551423e+02
2.063432775272630582e-01 1.803033048082230891e+02
2.132423487378718452e-01 1.673767270773477378e+02
2.203720898503036263e-01 1.548408875476673359e+02
2.277402132945338109e-01 1.439557922657445488e+02
2.353546893650253491e-01 1.353094640450362647e+02
2.432237548424092122e-01 1.285909762104094227e+02
2.513559219034258718e-01 1.227894530468188492e+02
2.597599873287743666e-01 1.167477503777715953e+02
2.684450420188219666e-01 1.098199393992973825e+02
2.774204808274743361e-01 1.022237910189660397e+02
2.866960127248350254e-01 9.480609367364273510e+01
2.962816712996577673e-01 8.838340021695948678e+01
3.061878256129444420e-01 8.316758594972682772e+01
3.164251914144354805e-01 7.868731457901148474e+01
3.270048427341168962e-01 7.423182305857673668e+01
3.379382238612947953e-01 6.945439809591645997e+01
3.492371617241852855e-01 6.460456540880187504e+01
3.609138786834163448e-01 6.018070858748222918e+01
3.729810057532814693e-01 5.639433069082863170e+01
3.854515962650386651e-01 5.300796056202448625e+01
3.983391399870480631e-01 4.966708663149762515e+01
4.116575777170102257e-01 4.630299388927927851e+01
4.254213163620995108e-01 4.312940372034544367e+01
4.396452445232932327e-01 4.029795960353601458e+01
4.543447486007690661e-01 3.771208876488157102e+01
4.695357294377799362e-01 3.521278317966841342e+01
4.852346195210218704e-01 3.280248211176947137e+01
5.014584007560848322e-01 3.057644761652581877e+01
5.182246228372336949e-01 2.853650329140555186e+01
5.355514222313770833e-01 2.660857689794033121e+01
5.534575417967635413e-01 2.477732106384836541e+01
5.719623510576314906e-01 2.307621512872971792e+01
5.910858671567322808e-01 2.149752920200855044e+01
6.108487765084068544e-01 2.001150758523305484e+01
6.312724571756275216e-01 1.861911154086838138e+01
6.523790019952193653e-01 1.732454667069622545e+01
6.741912424762606104e-01 1.611419071162826810e+01
6.967327734975364839e-01 1.498224587197702817e+01
7.200279788307419881e-01 1.392690876820660328e+01
7.441020575170596008e-01 1.294295941427058949e+01
7.689810511256225389e-01 1.202531812602287253e+01
7.946918719233755368e-01 1.116952049564941163e+01
8.212623319867858873e-01 1.037174849999931148e+01
8.487211732869031078e-01 9.628415519130790301e+00
8.770980987803161932e-01 8.936097814010746987e+00
9.064238045396205701e-01 8.291517046821573089e+00
9.367300129581793700e-01 7.691580318970396846e+00
9.680495070650749767e-01 7.133362557232533874e+00
1.000416165987385808e+00 6.614086791851250702e+00
1.033865001598128330e+00 6.131148575126563749e+00
1.068432196389532240e+00 5.682123824078233021e+00
1.104155142612600837e+00 5.264772431329512337e+00
1.141072482725305592e+00 4.876992866477428024e+00
1.179224151193147607e+00 4.516800437067730378e+00
1.218651417687333982e+00 4.182309205982804201e+00
1.259396931727273516e+00 3.871752496823956502e+00
1.301504768815691548e+00 3.583485487198788011e+00
1.345020478116276896e+00 3.315986241461579276e+00
1.389991131725407447e+00 3.067832041029316503e+00
1.436465375591293947e+00 2.837687118181940971e+00
1.484493482135585296e+00 2.624291211246263966e+00
1.534127404634392455e+00 2.426466272569242744e+00
1.585420833417506836e+00 2.243115476266420050e+00
1.638429253946665609e+00 2.073221695045710966e+00
1.693210006835640158e+00 1.915836715580561567e+00
1.749822349877109051e+00 1.770074841115062636e+00
1.808327522143368116e+00 1.635107440396738721e+00
1.868788810230267217e+00 1.510161702220478519e+00
1.931271616715998229e+00 1.394517841687030524e+00
1.995843530908793184e+00 1.287505763217329458e+00
2.062574401960084458e+00 1.188501695512063749e+00
2.131536414422164238e+00 1.096925112736946151e+00
2.202804166332139602e+00 1.012235886786559513e+00
2.276454749906602792e+00 9.339316314805198305e-01
2.352567834934338631e+00 8.615452004123950180e-01
2.431225754957225149e+00 7.946423227297273462e-01
2.512513596332623944e+00 7.328194175816864497e-01
2.596519290273538783e+00 6.757015233473551152e-01
2.683333707966161441e+00 6.229402871488667337e-01
2.773050758867611432e+00 5.742122318981757179e-01
2.865767492290306695e+00 5.292170979023944621e-01
2.961584202382770314e+00 4.876762234839160937e-01
3.060604536620467719e+00 4.493310751619646326e-01
3.162935607924048931e+00 4.139418625901386539e-01
3.268688110526199786e+00 3.812861985412142607e-01
3.377976439712552459e+00 3.511579105294101444e-01
3.490918815566087297e+00 3.233659263314702659e-01
3.607637410848952619e+00 2.977332080220150834e-01
3.728258483159945236e+00 2.740957575861485140e-01
3.852912511510727001e+00 2.523016892033910774e-01
3.981734337468417539e+00 2.322103584878933702e-01
4.114863311017320058e+00 2.136915623908158812e-01
4.252443441297450555e+00 1.966247933103316137e-01
4.394623552383071896e+00 1.808985181869846026e-01
4.541557444269631816e+00 1.664095423352275893e-01
4.693404059243289517e+00 1.530624248305314516e-01
4.850327653813030437e+00 1.407689129989931343e-01
5.012497976391239618e+00 1.294474166017207939e-01
5.180090450915090017e+00 1.190225192822712830e-01
5.353286366607249214e+00 1.094245239884280296e-01
5.532273074081278885e+00 1.005890311588681502e-01
5.717244188003695271e+00 9.245654699181832248e-02
5.908399796532135539e+00 8.497211420543858418e-02
6.105946677756002750e+00 7.808497618950457908e-02
6.310098523373801171e+00 7.174827018881362040e-02
6.521076169849157722e+00 6.591873179021862095e-02
6.739107837295406966e+00 6.055642563127234396e-02
6.964429376347387013e+00 5.562450088303453472e-02
7.197284523287298619e+00 5.108896159798674563e-02
7.437925163700752407e+00 4.691845057176537159e-02
7.686611604948010879e+00 4.308404491524125968e-02
7.943612857745410594e+00 3.955906699104008717e-02
8.209206927161357470e+00 3.631891321748764723e-02
8.483681113341843272e+00 3.334090239827128960e-02
8.767332322290526392e+00 3.060412876510120242e-02
9.060467387039910392e+00 2.808932565748453042e-02
9.363403399560734641e+00 2.577873994589479148e-02
9.676468053768756405e+00 2.365601750492575192e-02
1.000000000000001243e+01 2.170609611174743533e-02
