2.000000000000000164e-05 5.311543952036208083e+01
2.066869842267550072e-05 5.482347848092789633e+01
2.135975472437544027e-05 5.658645210250519852e+01
2.207391643902171255e-05 5.840610690236256630e+01
2.281195609427394449e-05 6.028426870348399547e+01
2.357467204719313169e-05 6.222283712254026966e+01
2.436288934784564352e-05 6.422373819069731837e+01
2.517746063178175121e-05 6.628897935296659227e+01
2.601926704235410016e-05 6.842062404533994879e+01
2.688921918387384303e-05 7.062080625152752589e+01
2.778825810663545582e-05 7.289174315686335603e+01
2.871735632487579741e-05 7.523569591529175682e+01
2.967751886876853870e-05 7.765502466543773608e+01
3.066978437159193627e-05 8.015213454682334770e+01
3.169522619324599853e-05 8.272955008185290637e+01
3.275495358133433647e-05 8.538982233366843388e+01
3.385011287106671010e-05 8.813564478760808640e+01
3.498188872528021299e-05 9.096974120749038661e+01
3.615150541592045298e-05 9.389497130906443090e+01
3.736022814836899319e-05 9.691424842179776533e+01
3.860936443004954884e-05 1.000306083622253226e+02
3.990026548479344494e-05 1.032471497244811474e+02
4.123432771449419843e-05 1.065671166467019191e+02
4.261299420963254024e-05 1.099938229641952887e+02
4.403775631030562105e-05 1.135306987534433603e+02
4.551015521944909301e-05 1.171812705667347103e+02
4.703178366999723984e-05 1.209492235254160875e+02
4.860428764778435972e-05 1.248383015276516801e+02
5.022936817205134787e-05 1.288523984748188980e+02
5.190878313548323190e-05 1.329955399904999354e+02
5.364434920576834987e-05 1.372718769071260851e+02
5.543794379073590958e-05 1.416856768598393614e+02
5.729150706919781900e-05 1.462413404378216342e+02
5.920704408969155763e-05 1.509434526332859718e+02
6.118662693939432690e-05 1.557967166564622801e+02
6.323239698555469304e-05 1.608059524622961760e+02
6.534656719186627638e-05 1.659762088170858760e+02
6.753142451228926792e-05 1.713126102343498758e+02
6.978933236490913268e-05 1.768205582915796015e+02
7.212273318850868345e-05 1.825054501976032668e+02
7.453415108461877573e-05 1.883731115470322095e+02
7.702619454790587906e-05 1.944292803738899238e+02
7.960155928784993205e-05 2.006800456688770851e+02
8.226303114476471348e-05 2.071316538769241618e+02
8.501348910331518868e-05 2.137905639064407808e+02
8.785590840679157983e-05 2.206634157153478668e+02
9.079336377550881697e-05 2.277570302872189529e+02
9.382903273281309529e-05 2.350785397377658796e+02
9.696619904229312483e-05 2.426352093741278679e+02
1.002082562599141270e-04 2.504345935495475715e+02
1.035587114049174785e-04 2.584844115620067555e+02
1.070211887534562421e-04 2.667927919490579143e+02
1.105994337590709140e-04 2.753679460821229554e+02
1.142973171042456330e-04 2.842183829727578654e+02
1.181188388874281471e-04 2.933529335717811364e+02
1.220681329500424115e-04 3.027807267972609111e+02
1.261494713481742377e-04 3.125111230343375723e+02
1.303672689737678670e-04 3.225537292872412536e+02
1.347260883303314362e-04 3.329185768349101977e+02
1.392306444683180742e-04 3.436159716737763006e+02
1.438858100855209437e-04 3.546564675284537316e+02
1.486966207979997041e-04 3.660510935810391970e+02
1.536682805872396744e-04 3.778110542214909628e+02
1.588061674294368483e-04 3.899480480644339764e+02
1.641158391129971276e-04 4.024740091219753708e+02
1.696030392505434848e-04 4.154014433742347023e+02
1.752737034919339915e-04 4.287430080274215243e+02
1.811339659450114388e-04 4.425119179876095927e+02
1.871901658110307874e-04 4.567217119693159475e+02
1.934488542419408646e-04 4.713864020418404834e+02
1.999168014269393128e-04 4.865203450217404111e+02
2.066010039159656652e-04 5.021385433997580776e+02
2.135086921880547338e-04 5.182561451719005845e+02
2.206473384727377968e-04 5.348891726877874362e+02
2.280246648329511538e-04 5.520535849706501494e+02
2.356486515181963309e-04 5.697662496138012784e+02
2.435275455969876748e-04 5.880446500782468320e+02
2.516698698779247295e-04 6.069062795261502288e+02
2.600844321290405573e-04 6.263696577210555461e+02
2.687803346053976817e-04 6.464534685377468577e+02
2.777669838952388651e-04 6.671772445116250765e+02
2.870541010953427292e-04 6.885610367871535118e+02
2.966517323265922064e-04 7.106252821927042760e+02
3.065702596011295341e-04 7.333912383999654594e+02
3.168204120528543403e-04 7.568807926935647856e+02
3.274132775434116785e-04 7.811160699030350543e+02
3.383603146562264279e-04 8.061205365019267219e+02
3.496733650915567022e-04 8.319174715094185331e+02
3.613646664759745386e-04 8.585316529662167113e+02
3.734468656001317080e-04 8.859880068042996299e+02
3.859330320991275886e-04 9.143119935175527644e+02
3.988366725902805230e-04 9.435305871029372611e+02
4.121717452835938129e-04 9.736705316580136014e+02
4.259526750807212541e-04 1.004760077324428494e+03
4.401943691787655547e-04 1.036827702474991611e+03
4.549122331957894719e-04 1.069902714057938283e+03
4.701221878354804149e-04 1.104015307642117932e+03
4.858406861089974399e-04 1.139196536678297889e+03
5.020847311326308640e-04 1.175477859446303000e+03
5.188718945205230424e-04 1.212891867709634880e+03
5.362203353923492141e-04 1.251472069195702943e+03
5.541488200165187389e-04 1.291252175915320095e+03
5.726767421101455150e-04 1.332267220914250402e+03
5.918241438177454907e-04 1.374552721510658785e+03
6.116117373913557359e-04 1.418145394124786662e+03
6.320609275955268004e-04 1.463082169017099432e+03
6.531938348614238542e-04 1.509401763506999941e+03
6.750333192150836329e-04 1.557142356577384135e+03
6.976030050057104547e-04 1.606343784013645291e+03
7.209273064607610694e-04 1.657046455493989470e+03
7.450314540954613768e-04 1.709291912673804291e+03
7.699415220053250396e-04 1.763121581055758043e+03
7.956844560711916160e-04 1.818578868513193811e+03
8.222881031073025473e-04 1.875706125209037964e+03
8.497812409839368810e-04 1.934548380513271468e+03
8.781936097571961097e-04 1.995149832856776356e+03
9.075559438396131216e-04 2.057555867290035167e+03
9.379000052463793693e-04 2.121812803785522647e+03
9.692586179531593148e-04 2.187966675328629208e+03
1.001665703402655023e-03 2.256064790831750543e+03
1.035156317198330069e-03 2.326153554680671277e+03
1.069766687024985286e-03 2.398281484278032622e+03
1.105534251837205851e-03 2.472496412233234423e+03
1.142497702358069404e-03 2.548846378176664984e+03
1.180697022931930960e-03 2.627378714869540545e+03
1.220173534776542454e-03 2.708142882751600155e+03
1.260969940681316284e-03 2.791185249766306242e+03
1.303130371200056587e-03 2.876554491736275850e+03
1.346700432388157767e-03 2.964298056052144148e+03
1.391727255135877424e-03 3.054462169188583630e+03
1.438259546151070007e-03 3.147093206220268712e+03
1.486347640646530459e-03 3.242235831327389405e+03
1.536043556788919398e-03 3.339934482079246209e+03
1.587401051968200579e-03 3.440232424128632829e+03
1.640475680948428249e-03 3.543171643693530768e+03
1.695324855962815390e-03 3.648792577815325330e+03
1.752007908818060174e-03 3.757132599902596667e+03
1.810586155075142928e-03 3.868228923297366691e+03
1.871122960375984270e-03 3.982116129310108136e+03
1.933683808987751848e-03 4.098827614281584829e+03
1.998336374638913938e-03 4.218391548504026105e+03
2.065150593723721201e-03 4.340836274646125275e+03
2.134198740954243185e-03 4.466184357444433772e+03
2.205555507541849362e-03 4.594458610033976584e+03
2.279298081992675151e-03 4.725676669454082912e+03
2.355506233604463730e-03 4.859851183429761477e+03
2.434262398755145627e-03 4.996993983968081011e+03
2.515651770076436904e-03 5.137112777771276342e+03
2.599762388608985089e-03 5.280209115412715619e+03
2.686685239038679764e-03 5.426282686245725017e+03
2.776514348117217236e-03 5.575325902810337539e+03
2.869346886373309435e-03 5.727330340452072960e+03
2.965283273224645581e-03 5.882279000408019783e+03
3.064427285604211931e-03 6.040150694781036691e+03
3.166886170218578649e-03 6.200918794537839858e+03
3.272770759559481216e-03 6.364552878145379509e+03
3.382195591794276077e-03 6.531008727239036489e+03
3.495279034664920681e-03 6.700242496693576868e+03
3.612143413529477973e-03 6.872197714115341114e+03
3.732915143684721951e-03 7.046811039973935294e+03
3.857724867112893516e-03 7.224010350812403885e+03
3.986707593800617976e-03 7.403711875929255257e+03
4.120002847782761740e-03 7.585822670176054089e+03
4.257754818069308354e-03 7.770239254653911303e+03
4.400112514618404608e-03 7.956848546849111699e+03
4.547229929524409554e-03 8.145521795611336529e+03
4.699266203595197679e-03 8.336125707077464540e+03
4.856385798499019031e-03 8.528506376579125572e+03
5.018758674667020935e-03 8.722506933522932741e+03
5.186560475143959549e-03 8.917953080344042974e+03
5.359972715585955248e-03 9.114657477761831615e+03
5.539182980610755057e-03 9.312421421461451246e+03
5.724385126713026593e-03 9.511027472168239910e+03
5.915779491964028892e-03 9.710245170673821121e+03
6.113573112722652143e-03 9.909822610777959198e+03
6.317979947592099882e-03 1.010949468912677366e+04
6.529221108864616957e-03 1.030897746702185941e+04
6.747525101704480652e-03 1.050796845488793952e+04
6.973128071328140755e-03 1.070614961895672604e+04
7.206274058448705437e-03 1.090319014884122043e+04
7.447215263261310406e-03 1.109873403120807416e+04
7.696212318254701257e-03 1.129241703828102436e+04
7.953534570144332738e-03 1.148384476290896055e+04
8.219460371231864307e-03 1.167261083314508869e+04
8.494277380506187053e-03 1.185828076585270719e+04
8.778282874811823774e-03 1.204039467918442824e+04
9.071784070421121463e-03 1.221847805887799768e+04
9.375098455358292851e-03 1.239203957047489530e+04
9.688554132834568261e-03 1.256056855230359542e+04
1.001249017616620725e-02 1.272353045530158488e+04
1.034725699555901803e-02 1.288037371608808462e+04
1.069321671715643858e-02 1.303052832348638185e+04
1.105074357476093505e-02 1.317339197189320475e+04
1.142022431465263173e-02 1.330834892461624077e+04
1.180205861394306721e-02 1.343478425034828797e+04
1.219665951291643881e-02 1.355205472978758735e+04
1.260445386182631328e-02 1.365950912005471946e+04
1.302588278263077520e-02 1.375648687212277218e+04
1.346140214616583890e-02 1.384230518378233864e+04
1.391148306527291781e-02 1.391629579479913627e+04
1.437661240441416924e-02 1.397778904942878034e+04
1.485729330632660182e-02 1.402611708546432783e+04
1.535404573628500365e-02 1.406061995465808832e+04
1.586740704456205894e-02 1.408065754185802325e+04
1.639793254769450481e-02 1.408560897732068406e+04
1.694619612918364313e-02 1.407489818022567488e+04
1.751279086028037155e-02 1.404797899005346699e+04
1.809832964152614798e-02 1.400435626179816609e+04
1.870344586574363213e-02 1.394359095071364573e+04
1.932879410319460894e-02 1.386533247823001875e+04
1.997505080964588620e-02 1.376929046674330129e+04
2.064291505810955316e-02 1.365528417410316251e+04
2.133310929504865505e-02 1.352324216986234751e+04
2.204638012186681956e-02 1.337320544165111096e+04
2.278349910252664909e-02 1.320535354985298545e+04
2.354526359817107548e-02 1.302001341463887911e+04
2.433249762964985810e-02 1.281766864086847636e+04
2.514605276888498206e-02 1.259897076577545704e+04
2.598680906003840441e-02 1.236474077889840191e+04
2.685567597147924673e-02 1.211599781768423054e+04
2.775359337957988490e-02 1.185393186400415107e+04
2.868153258540498754e-02 1.157992867796540668e+04
2.964049736539381419e-02 1.129554402790078348e+04
3.063152505717161092e-02 1.100251610792695465e+04
3.165568768166540647e-02 1.070272853314346503e+04
3.271409310273729054e-02 1.039821083233253739e+04
3.380788622559029871e-02 1.009109886890122471e+04
3.493825023524253087e-02 9.783606033721445783e+03
3.610640787640997940e-02 9.477998028319747391e+03
3.731362277618164441e-02 9.176527103003350931e+03
3.856120081091872487e-02 8.881404071978829961e+03
3.985049151885547425e-02 8.594739780143858297e+03
4.118288955993056055e-02 8.318487582954818208e+03
4.255983622442782027e-02 8.054390336659093009e+03
4.398282099205792772e-02 7.803918651774615682e+03
4.545338314316834522e-02 7.568207912650434082e+03
4.697311342382341770e-02 7.348010992117909154e+03
4.854365576655684383e-02 7.143624686064231355e+03
5.016670906865677154e-02 6.954855532126274738e+03
5.184402902990837420e-02 6.780962946565626225e+03
5.357743005178047802e-02 6.620628768734879486e+03
5.536878720011212396e-02 6.471934516987756979e+03
5.722003823342062395e-02 6.332380050481488070e+03
5.913318569902666078e-02 6.198906699987535831e+03
6.111029909926251474e-02 6.067992473804420115e+03
6.315351713010779189e-02 5.935772055296261897e+03
6.526504999467336310e-02 5.798244614757693853e+03
6.744718179403717817e-02 5.651516974813190245e+03
6.970227299801623477e-02 5.492122122098984619e+03
7.203276299854979858e-02 5.317359177001532771e+03
7.444117274845411802e-02 5.125643117170919140e+03
7.693010748840443946e-02 4.916810572160846277e+03
7.950225956509210379e-02 4.692336610961565384e+03
8.216041134360790865e-02 4.455388812292207149e+03
8.490743821719984319e-02 4.210711675877096241e+03
8.774631171766281157e-02 3.964301790032342069e+03
9.068010272972255870e-02 3.722893111433697413e+03
9.371198481289348681e-02 3.493312641308419643e+03
9.684523763440215649e-02 3.281778671353491063e+03
1.000832505168899600e-01 3.093229149845008124e+03
1.034295261047340625e-01 2.930749490679597784e+03
1.068876841529496080e-01 2.795154115091076164e+03
1.104614654427753945e-01 2.684748820253178565e+03
1.141547358281756464e-01 2.595313044145697859e+03
1.179714904176376727e-01 2.520350542308065997e+03
1.219158578957853512e-01 2.451695776993580239e+03
1.259921049894874856e-01 2.380564390652086786e+03
1.302046410832891354e-01 2.299007225986582398e+03
1.345580229891604751e-01 2.201559296745017036e+03
1.390569598757198100e-01 2.086661495912910141e+03
1.437063183622670492e-01 1.957319205452315146e+03
1.485111277831346888e-01 1.820608000934000756e+03
1.534765856280515817e-01 1.686014514549393652e+03
1.586080631644066208e-01 1.563057009183121409e+03
1.639111112474894438e-01 1.458894997453128553e+03
1.693914663249987407e-01 1.376584040310688806e+03
1.750550566423093313e-01 1.314337146892229384e+03
1.809080086552135869e-01 1.265918472086990050e+03
1.869566536570689830e-01 1.222232130571976995e+03
1.932075346275276828e-01 1.174043555591994163e+03
1.996674133102498971e-01 1.115229986984991683e+03
2.063432775272630582e-01 1.045233714303884199e+03
2.132423487378718452e-01 9.692453874971855612e+02
2.203720898503036263e-01 8.956943103147062857e+02
2.277402132945338109e-01 8.322516899956469842e+02
2.353546893650253491e-01 7.824035945085555568e+02
2.432237548424092122e-01 7.441329175814853443e+02
2.513559219034258718e-01 7.111926550757574432e+02
2.597599873287743666e-01 6.765194061546171724e+02
2.684450420188219666e-01 6.362507962565742901e+02
2.774204808274743361e-01 5.918329128790153391e+02
2.866960127248350254e-01 5.485064386417988089e+02
2.962816712996577673e-01 5.112358309382573225e+02
3.061878256129444420e-01 4.812346641116042747e+02
3.164251914144354805e-01 4.555584123745030070e+02
3.270048427341168962e-01 4.298664524854516458e+02
3.379382238612947953e-01 4.021034411983449104e+02
3.492371617241852855e-01 3.738598296073592451e+02
3.609138786834163448e-01 3.481898922262577116e+02
3.729810057532814693e-01 3.263419987000856963e+02
3.854515962650386651e-01 3.068283781906612830e+02
3.983391399870480631e-01 2.874945212767295857e+02
4.116575777170102257e-01 2.679620827610152674e+02
4.254213163620995108e-01 2.495576848793630518e+02
4.396452445232932327e-01 2.331908682822130174e+02
4.543447486007690661e-01 2.182523057244950451e+02
4.695357294377799362e-01 2.037795037875798982e+02
4.852346195210218704e-01 1.898086009388937327e+02
5.014584007560848322e-01 1.769247860859355228e+02
5.182246228372336949e-01 1.651290964298781603e+02
5.355514222313770833e-01 1.539703294673420828e+02
5.534575417967635413e-01 1.433652538617991468e+02
5.719623510576314906e-01 1.335210262460399520e+02
5.910858671567322808e-01 1.243875647892389082e+02
6.108487765084068544e-01 1.157859752754878144e+02
6.312724571756275216e-01 1.077268954994458880e+02
6.523790019952193653e-01 1.002362345325162636e+02
6.741912424762606104e-01 9.323189606638794658e+01
6.967327734975364839e-01 8.668090594336125321e+01
7.200279788307419881e-01 8.057386267540267966e+01
7.441020575170596008e-01 7.488028756709528011e+01
7.689810511256225389e-01 6.957049562080929661e+01
7.946918719233755368e-01 6.461852644529801637e+01
8.212623319867858873e-01 6.000233647910201995e+01
8.487211732869031078e-01 5.570122065655115051e+01
8.770980987803161932e-01 5.169538381730045984e+01
9.064238045396205701e-01 4.796583326960601568e+01
9.367300129581793700e-01 4.449465011584560870e+01
9.680495070650749767e-01 4.126489466831084485e+01
1.000416165987385808e+00 3.826049503030492360e+01
1.033865001598128330e+00 3.546637871630045424e+01
1.068432196389532240e+00 3.286851635100780555e+01
1.104155142612600837e+00 3.045394154709306278e+01
1.141072482725305592e+00 2.821048987259437979e+01
1.179224151193147607e+00 2.612667267353606348e+01
1.218651417687333982e+00 2.419157200174808509e+01
1.259396931727273516e+00 2.239496092054631760e+01
1.301504768815691548e+00 2.072731936601077507e+01
1.345020478116276896e+00 1.917984092769442483e+01
1.389991131725407447e+00 1.774429343318810481e+01
1.436465375591293947e+00 1.641294716718893909e+01
1.484493482135585296e+00 1.517850807816607706e+01
1.534127404634392455e+00 1.403415802155763537e+01
1.585420833417506836e+00 1.297354928435205323e+01
1.638429253946665609e+00 1.199079573020491551e+01
1.693210006835640158e+00 1.108041019574623931e+01
1.749822349877109051e+00 1.023726761288211407e+01
1.808327522143368116e+00 9.456573959228165904e+00
1.868788810230267217e+00 8.733858280188336209e+00
1.931271616715998229e+00 8.064956079808670353e+00
1.995843530908793184e+00 7.445989365750429023e+00
2.062574401960084458e+00 6.873348151576870180e+00
2.131536414422164238e+00 6.343673052864023276e+00
2.202804166332139602e+00 5.853839120953972852e+00
2.276454749906602792e+00 5.400939964548532757e+00
2.352567834934338631e+00 4.982273039094280875e+00
2.431225754957225149e+00 4.595325875425984030e+00
2.512513596332623944e+00 4.237763552983931703e+00
2.596519290273538783e+00 3.907416792342874423e+00
2.683333707966161441e+00 3.602270428185883944e+00
2.773050758867611432e+00 3.320453253376018043e+00
2.865767492290306695e+00 3.060228317242859486e+00
2.961584202382770314e+00 2.819983343839703060e+00
3.060604536620467719e+00 2.598222456202788688e+00
3.162935607924048931e+00 2.393558333250332293e+00
3.268688110526199786e+00 2.204704627889570112e+00
3.377976439712552459e+00 2.030468900975918256e+00
3.490918815566087297e+00 1.869746017352013734e+00
3.607637410848952619e+00 1.721511916183733337e+00
3.728258483159945236e+00 1.584817923367279890e+00
3.852912511510727001e+00 1.458785437822773812e+00
3.981734337468417539e+00 1.342600821450394166e+00
4.114863311017320058e+00 1.235510822046826496e+00
4.252443441297450555e+00 1.136818326437554205e+00
4.394623552383071896e+00 1.045878295433475769e+00
4.541557444269631816e+00 9.620940006520317667e-01
4.693404059243289517e+00 8.849135216220023192e-01
4.850327653813030437e+00 8.138263850818858725e-01
5.012497976391239618e+00 7.483605827921421261e-01
5.180090450915090017e+00 6.880798509501526716e-01
5.353286366607249214e+00 6.325810881548715736e-01
5.532273074081278885e+00 5.814918859215638669e-01
5.717244188003695271e+00 5.344681980769949714e-01
5.908399796532135539e+00 4.911921669909232735e-01
6.105946677756002750e+00 4.513701966516245889e-01
6.310098523373801171e+00 4.147312277264929570e-01
6.521076169849157722e+00 3.810250483000803823e-01
6.739107837295406966e+00 3.500207282622309068e-01
6.964429376347387013e+00 3.215051727679038018e-01
7.197284523287298619e+00 2.952817770061390013e-01
7.437925163700752407e+00 2.711691786105531188e-01
7.686611604948010879e+00 2.490001004458349265e-01
7.943612857745410594e+00 2.286202641393101920e-01
8.209206927161357470e+00 2.098873987349994807e-01
8.483681113341843272e+00 1.926703502180865946e-01
8.767332322290526392e+00 1.768482230448913395e-01
9.060467387039910392e+00 1.623095904852493998e-01
9.363403399560734641e+00 1.489517824214172115e-01
9.676468053768756405e+00 1.366802224217426032e-01
1.000000000000001243e+01 1.254078069925222416e-01
