2.000000000000000164e-05 1.307305379562114823e-02
2.066869842267550072e-05 1.349345305087943508e-02
2.135975472437544027e-05 1.392737120530534306e-02
2.207391643902171255e-05 1.437524189388170170e-02
2.281195609427394449e-05 1.483751386326935019e-02
2.357467204719313169e-05 1.531465402767743025e-02
2.436288934784564352e-05 1.580713341743087558e-02
2.517746063178175121e-05 1.631545511825421152e-02
2.601926704235410016e-05 1.684011954739871378e-02
2.688921918387384303e-05 1.738165535388078858e-02
2.778825810663545582e-05 1.794060602819941980e-02
2.871735632487579741e-05 1.851752876331306044e-02
2.967751886876853870e-05 1.911300839245853173e-02
3.066978437159193627e-05 1.972763187841368795e-02
3.169522619324599853e-05 2.036202244473227924e-02
3.275495358133433647e-05 2.101681150661711614e-02
3.385011287106671010e-05 2.169265855143360719e-02
3.498188872528021299e-05 2.239023484889194476e-02
3.615150541592045298e-05 2.311024723504367939e-02
3.736022814836899319e-05 2.385340964363224028e-02
3.860936443004954884e-05 2.462047024381237154e-02
3.990026548479344494e-05 2.541219299275102386e-02
4.123432771449419843e-05 2.622938120254218047e-02
4.261299420963254024e-05 2.707284445023266234e-02
4.403775631030562105e-05 2.794342613021219904e-02
4.551015521944909301e-05 2.884200196489251911e-02
4.703178366999723984e-05 2.976947601168754287e-02
4.860428764778435972e-05 3.072677667574674060e-02
5.022936817205134787e-05 3.171485239132509210e-02
5.190878313548323190e-05 3.273470123052717867e-02
5.364434920576834987e-05 3.378734476791008662e-02
5.543794379073590958e-05 3.487382765967134146e-02
5.729150706919781900e-05 3.599525700303174425e-02
5.920704408969155763e-05 3.715274099055147772e-02
6.118662693939432690e-05 3.834744042833606453e-02
6.323239698555469304e-05 3.958055587266492981e-02
6.534656719186627638e-05 4.085331770378276828e-02
6.753142451228926792e-05 4.216700882819181956e-02
6.978933236490913268e-05 4.352293233715318066e-02
7.212273318850868345e-05 4.492245950334464860e-02
7.453415108461877573e-05 4.636698089032683517e-02
7.702619454790587906e-05 4.785793814780262001e-02
7.960155928784993205e-05 4.939683268436724506e-02
8.226303114476471348e-05 5.098521521062545497e-02
8.501348910331518868e-05 5.262466171992024461e-02
8.785590840679157983e-05 5.431681365507749770e-02
9.079336377550881697e-05 5.606336284847047990e-02
9.382903273281309529e-05 5.786606584468152042e-02
9.696619904229312483e-05 5.972671110902765673e-02
1.002082562599141270e-04 6.164719734767633297e-02
1.035587114049174785e-04 6.362938938799447830e-02
1.070211887534562421e-04 6.567533270583456040e-02
1.105994337590709140e-04 6.778701601328608606e-02
1.142973171042456330e-04 6.996659652121169082e-02
1.181188388874281471e-04 7.221621942158151786e-02
1.220681329500424115e-04 7.453816344593590382e-02
1.261494713481742377e-04 7.693473149186556836e-02
1.303672689737678670e-04 7.940833203271897844e-02
1.347260883303314362e-04 8.196143314682215186e-02
1.392306444683180742e-04 8.459656916435003005e-02
1.438858100855209437e-04 8.731640849853752884e-02
1.486966207979997041e-04 9.012363371111492549e-02
1.536682805872396744e-04 9.302108251488362678e-02
1.588061674294368483e-04 9.601162454511326383e-02
1.641158391129971276e-04 9.909824166147583602e-02
1.696030392505434848e-04 1.022840395510858369e-01
1.752737034919339915e-04 1.055721665584212349e-01
1.811339659450114388e-04 1.089659478013807747e-01
1.871901658110307874e-04 1.124687157658098846e-01
1.934488542419408646e-04 1.160840052707143577e-01
1.999168014269393128e-04 1.198154069025418739e-01
2.066010039159656652e-04 1.236666462763102992e-01
2.135086921880547338e-04 1.276415199091503472e-01
2.206473384727377968e-04 1.317440299748671162e-01
2.280246648329511538e-04 1.359782718492292819e-01
2.356486515181963309e-04 1.403483913466002375e-01
2.435275455969876748e-04 1.448588154997397515e-01
2.516698698779247295e-04 1.495139883140218229e-01
2.600844321290405573e-04 1.543185154601418307e-01
2.687803346053976817e-04 1.592772021774078173e-01
2.777669838952388651e-04 1.643949493784404858e-01
2.870541010953427292e-04 1.696768332144299174e-01
2.966517323265922064e-04 1.751281156476210688e-01
3.065702596011295341e-04 1.807541201436676792e-01
3.168204120528543403e-04 1.865605139156559233e-01
3.274132775434116785e-04 1.925529499814789269e-01
3.383603146562264279e-04 1.987374010256228452e-01
3.496733650915567022e-04 2.051199612050955412e-01
3.613646664759745386e-04 2.117069030022419029e-01
3.734468656001317080e-04 2.185046943503989869e-01
3.859330320991275886e-04 2.255200654977235764e-01
3.988366725902805230e-04 2.327598904444314887e-01
4.121717452835938129e-04 2.402312316284862248e-01
4.259526750807212541e-04 2.479414847001516764e-01
4.401943691787655547e-04 2.558981128792215953e-01
4.549122331957894719e-04 2.641089098926744927e-01
4.701221878354804149e-04 2.725818792434464566e-01
4.858406861089974399e-04 2.813252812925804980e-01
5.020847311326308640e-04 2.903475326856788108e-01
5.188718945205230424e-04 2.996574682495545816e-01
5.362203353923492141e-04 3.092639991483377426e-01
5.541488200165187389e-04 3.191764168439629179e-01
5.726767421101455150e-04 3.294042943624643227e-01
5.918241438177454907e-04 3.399573282777023642e-01
6.116117373913557359e-04 3.508457267967565740e-01
6.320609275955268004e-04 3.620796864060159548e-01
6.531938348614238542e-04 3.736700662172360854e-01
6.750333192150836329e-04 3.856276660756429164e-01
6.976030050057104547e-04 3.979637786704082747e-01
7.209273064607610694e-04 4.106901056156181395e-01
7.450314540954613768e-04 4.238182360154076900e-01
7.699415220053250396e-04 4.373606718153966733e-01
7.956844560711916160e-04 4.513297007284127194e-01
8.222881031073025473e-04 4.657382664488930457e-01
8.497812409839368810e-04 4.805994466881838290e-01
8.781936097571961097e-04 4.959267895299118156e-01
9.075559438396131216e-04 5.117339228504391713e-01
9.379000052463793693e-04 5.280352216847187252e-01
9.692586179531593148e-04 5.448449735645407577e-01
1.001665703402655023e-03 5.621778097376514127e-01
1.035156317198330069e-03 5.800490659307830921e-01
1.069766687024985286e-03 5.984739066051634193e-01
1.105534251837205851e-03 6.174682638511235222e-01
1.142497702358069404e-03 6.370478188188523072e-01
1.180697022931930960e-03 6.572290409308655379e-01
1.220173534776542454e-03 6.780284371938539723e-01
1.260969940681316284e-03 6.994626658697000732e-01
1.303130371200056587e-03 7.215488669276014511e-01
1.346700432388157767e-03 7.443042291546908551e-01
1.391727255135877424e-03 7.677462410444115815e-01
1.438259546151070007e-03 7.918924470060834109e-01
1.486347640646530459e-03 8.167603260619635819e-01
1.536043556788919398e-03 8.423679251544299307e-01
1.587401051968200579e-03 8.687330944383687692e-01
1.640475680948428249e-03 8.958734227718903043e-01
1.695324855962815390e-03 9.238068787733032527e-01
1.752007908818060174e-03 9.525510159584038572e-01
1.810586155075142928e-03 9.821231468466148362e-01
1.871122960375984270e-03 1.012540953000026223e+00
1.933683808987751848e-03 1.043820804656840240e+00
1.998336374638913938e-03 1.075979347234868655e+00
2.065150593723721201e-03 1.109032537447000921e+00
2.134198740954243185e-03 1.142995510704001294e+00
2.205555507541849362e-03 1.177882803893191443e+00
2.279298081992675151e-03 1.213708362626829684e+00
2.355506233604463730e-03 1.250484117358653835e+00
2.434262398755145627e-03 1.288222190170301040e+00
2.515651770076436904e-03 1.326932300968333811e+00
2.599762388608985089e-03 1.366622981236587986e+00
2.686685239038679764e-03 1.407301261548213445e+00
2.776514348117217236e-03 1.448971555451082471e+00
2.869346886373309435e-03 1.491636967285281168e+00
2.965283273224645581e-03 1.535298103120674718e+00
3.064427285604211931e-03 1.579952246601541432e+00
3.166886170218578649e-03 1.625593948361117924e+00
3.272770759559481216e-03 1.672216076986480449e+00
3.382195591794276077e-03 1.719805553478003013e+00
3.495279034664920681e-03 1.768347766845150382e+00
3.612143413529477973e-03 1.817822008517079757e+00
3.732915143684721951e-03 1.868205812663130239e+00
3.857724867112893516e-03 1.919469260795820142e+00
3.986707593800617976e-03 1.971578843062738562e+00
4.120002847782761740e-03 2.024495763576297236e+00
4.257754818069308354e-03 2.078175025466296511e+00
4.400112514618404608e-03 2.132565937160781022e+00
4.547229929524409554e-03 2.187611374695031419e+00
4.699266203595197679e-03 2.243247125416291787e+00
4.856385798499019031e-03 2.299402775122951326e+00
5.018758674667020935e-03 2.356001528016243185e+00
5.186560475143959549e-03 2.412957351291308505e+00
5.359972715585955248e-03 2.470177487240695413e+00
5.539182980610755057e-03 2.527562357143453120e+00
5.724385126713026593e-03 2.585003883908429501e+00
5.915779491964028892e-03 2.642386023426452457e+00
6.113573112722652143e-03 2.699585914122974106e+00
6.317979947592099882e-03 2.756472372640029089e+00
6.529221108864616957e-03 2.812906260667107805e+00
6.747525101704480652e-03 2.868742332620667579e+00
6.973128071328140755e-03 2.923826421771249517e+00
7.206274058448705437e-03 2.978000440438248742e+00
7.447215263261310406e-03 3.031095865111760101e+00
7.696212318254701257e-03 3.082940967806903743e+00
7.953534570144332738e-03 3.133357688882738579e+00
8.219460371231864307e-03 3.182160625407196353e+00
8.494277380506187053e-03 3.229158894292884607e+00
8.778282874811823774e-03 3.274160433394942338e+00
9.071784070421121463e-03 3.316962745840400739e+00
9.375098455358292851e-03 3.357361591064495165e+00
9.688554132834568261e-03 3.395146677920534373e+00
1.001249017616620725e-02 3.430104400579287560e+00
1.034725699555901803e-02 3.462013742243590375e+00
1.069321671715643858e-02 3.490649895618494813e+00
1.105074357476093505e-02 3.515784120347477781e+00
1.142022431465263173e-02 3.537180679623722401e+00
1.180205861394306721e-02 3.554602685541377038e+00
1.219665951291643881e-02 3.567808173052892773e+00
1.260445386182631328e-02 3.576553239408928331e+00
1.302588278263077520e-02 3.580594743820742831e+00
1.346140214616583890e-02 3.579690523699298854e+00
1.391148306527291781e-02 3.573605792454476848e+00
1.437661240441416924e-02 3.562114151302337550e+00
1.485729330632660182e-02 3.545001645773465437e+00
1.535404573628500365e-02 3.522075941211280536e+00
1.586740704456205894e-02 3.493166880571844324e+00
1.639793254769450481e-02 3.458131624281335359e+00
1.694619612918364313e-02 3.416867327187503633e+00
1.751279086028037155e-02 3.369307836252116939e+00
1.809832964152614798e-02 3.315431988606668323e+00
1.870344586574363213e-02 3.255271890575841542e+00
1.932879410319460894e-02 3.188911333835311446e+00
1.997505080964588620e-02 3.116494026976231790e+00
2.064291505810955316e-02 3.038225666792203405e+00
2.133310929504865505e-02 2.954381451145609461e+00
2.204638012186681956e-02 2.865306511824746494e+00
2.278349910252664909e-02 2.771418606581679711e+00
2.354526359817107548e-02 2.673215121850688547e+00
2.433249762964985810e-02 2.571271334771628059e+00
2.514605276888498206e-02 2.466237160057912270e+00
2.598680906003840441e-02 2.358836843957686558e+00
2.685567597147924673e-02 2.249860532733761964e+00
2.775359337957988490e-02 2.140153396974190159e+00
2.868153258540498754e-02 2.030606433140180744e+00
2.964049736539381419e-02 1.922138423604853097e+00
3.063152505717161092e-02 1.815684993045442841e+00
3.165568768166540647e-02 1.712178231469581480e+00
3.271409310273729054e-02 1.612533690706606126e+00
3.380788622559029871e-02 1.517628713154230979e+00
3.493825023524253087e-02 1.428286556800054896e+00
3.610640787640997940e-02 1.345261884224246529e+00
3.731362277618164441e-02 1.269222835429883123e+00
3.856120081091872487e-02 1.200741822759072042e+00
3.985049151885547425e-02 1.140290171203868441e+00
4.118288955993056055e-02 1.088231537670505844e+00
4.255983622442782027e-02 1.044821719999360132e+00
4.398282099205792772e-02 1.010202024375859153e+00
4.545338314316834522e-02 9.843960302357349645e-01
4.697311342382341770e-02 9.672951689162416766e-01
4.854365576655684383e-02 9.586387133799084692e-01
5.016670906865677154e-02 9.579825049737094034e-01
5.184402902990837420e-02 9.646554819030198624e-01
5.357743005178047802e-02 9.777029741316257683e-01
5.536878720011212396e-02 9.958420432824457436e-01
5.722003823342062395e-02 1.017398946305085206e+00
5.913318569902666078e-02 1.040293595389083947e+00
6.111029909926251474e-02 1.062056477061480431e+00
6.315351713010779189e-02 1.079903273751085413e+00
6.526504999467336310e-02 1.090890090392293343e+00
6.744718179403717817e-02 1.092143751866524237e+00
6.970227299801623477e-02 1.081163702183895126e+00
7.203276299854979858e-02 1.056160718352062045e+00
7.444117274845411802e-02 1.016384324695711605e+00
7.693010748840443946e-02 9.623739667684344523e-01
7.950225956509210379e-02 8.960639821596284582e-01
8.216041134360790865e-02 8.206901642046022793e-01
8.490743821719984319e-02 7.404836791797101414e-01
8.774631171766281157e-02 6.601848392769539275e-01
9.068010272972255870e-02 5.844624487112707323e-01
9.371198481289348681e-02 5.173661415803154640e-01
9.684523763440215649e-02 4.619274997321327070e-01
1.000832505168899600e-01 4.199856336218253383e-01
1.034295261047340625e-01 3.922132161916013771e-01
1.068876841529496080e-01 3.782356071088321947e-01
1.104614654427753945e-01 3.766944683086548284e-01
1.141547358281756464e-01 3.851629576340624972e-01
1.179714904176376727e-01 3.999696326884910613e-01
1.219158578957853512e-01 4.161684637551877342e-01
1.259921049894874856e-01 4.279695118509250218e-01
1.302046410832891354e-01 4.298054299042803894e-01
1.345580229891604751e-01 4.178579995962635740e-01
1.390569598757198100e-01 3.914599532256647918e-01
1.437063183622670492e-01 3.536263232575985738e-01
1.485111277831346888e-01 3.102705097117690047e-01
1.534765856280515817e-01 2.683450578760650518e-01
1.586080631644066208e-01 2.337790018756352450e-01
1.639111112474894438e-01 2.101358025924131012e-01
1.693914663249987407e-01 1.982953872194137546e-01
1.750550566423093313e-01 1.967036170311667054e-01
1.809080086552135869e-01 2.016336261270259278e-01
1.869566536570689830e-01 2.076019768850275449e-01
1.932075346275276828e-01 2.086748567816182898e-01
1.996674133102498971e-01 2.008274255000523090e-01
2.063432775272630582e-01 1.840748822458992406e-01
2.132423487378718452e-01 1.625422634161967361e-01
2.203720898503036263e-01 1.421135258276171598e-01
2.277402132945338109e-01 1.274003051341386361e-01
2.353546893650253491e-01 1.200005786747261882e-01
2.432237548424092122e-01 1.183625826421036420e-01
2.513559219034258718e-01 1.186198542731601718e-01
2.597599873287743666e-01 1.163892312358472680e-01
2.684450420188219666e-01 1.093552768423363269e-01
2.774204808274743361e-01 9.880005943699277093e-02
2.866960127248350254e-01 8.834035945027800263e-02
2.962816712996577673e-01 8.100690639685474703e-02
3.061878256129444420e-01 7.730382435754562520e-02
3.164251914144354805e-01 7.529744234055640861e-02
3.270048427341168962e-01 7.231922346886947295e-02
3.379382238612947953e-01 6.723199086892467369e-02
3.492371617241852855e-01 6.124178772388035041e-02
3.609138786834163448e-01 5.631825492240923742e-02
3.729810057532814693e-01 5.314126445315622144e-02
3.854515962650386651e-01 5.072232578352527110e-02
3.983391399870480631e-01 4.776344483013827968e-02
4.116575777170102257e-01 4.414472349883136887e-02
4.254213163620995108e-01 4.077205149647310928e-02
4.396452445232932327e-01 3.819320289595261320e-02
4.543447486007690661e-01 3.600270243289548783e-02
4.695357294377799362e-01 3.363620821723527915e-02
4.852346195210218704e-01 3.118153507776382991e-02
5.014584007560848322e-01 2.903106314518303505e-02
5.182246228372336949e-01 2.718118937874846111e-02
5.355514222313770833e-01 2.536698780428131572e-02
5.534575417967635413e-01 2.357308401654715016e-02
5.719623510576314906e-01 2.195029778831384185e-02
5.910858671567322808e-01 2.047568615718339813e-02
6.108487765084068544e-01 1.905586058423622622e-02
6.312724571756275216e-01 1.771906191343298326e-02
6.523790019952193653e-01 1.649451407069704723e-02
6.741912424762606104e-01 1.534398116598796775e-02
6.967327734975364839e-01 1.426240837880394900e-02
7.200279788307419881e-01 1.325726099230196617e-02
7.441020575170596008e-01 1.232193206451227471e-02
7.689810511256225389e-01 1.144962353226906988e-02
7.946918719233755368e-01 1.063525973652867246e-02
8.212623319867858873e-01 9.875653503643302272e-03
8.487211732869031078e-01 9.167833684859199098e-03
8.770980987803161932e-01 8.508742130057688272e-03
9.064238045396205701e-01 7.895167052879598080e-03
9.367300129581793700e-01 7.324069226907752028e-03
9.680495070650749767e-01 6.792622055847824525e-03
1.000416165987385808e+00 6.298209259414526244e-03
1.033865001598128330e+00 5.838379802035502560e-03
1.068432196389532240e+00 5.410841802702892438e-03
1.104155142612600837e+00 5.013461594044945485e-03
1.141072482725305592e+00 4.644235836945041079e-03
1.179224151193147607e+00 4.301273178648709963e-03
1.218651417687333982e+00 3.982777094814904904e-03
1.259396931727273516e+00 3.687065036691417920e-03
1.301504768815691548e+00 3.412571364945222573e-03
1.345020478116276896e+00 3.157849177569357554e-03
1.389991131725407447e+00 2.921545844667419560e-03
1.436465375591293947e+00 2.702390685370573489e-03
1.484493482135585296e+00 2.499183535026293975e-03
1.534127404634392455e+00 2.310802365623505685e-03
1.585420833417506836e+00 2.136202650033503393e-03
1.638429253946665609e+00 1.974415988731914682e-03
1.693210006835640158e+00 1.824539641158880133e-03
1.749822349877109051e+00 1.685730436353846586e-03
1.808327522143368116e+00 1.557199728182125705e-03
1.868788810230267217e+00 1.438211993841442739e-03
1.931271616715998229e+00 1.328082079015221193e-03
1.995843530908793184e+00 1.226171920314346941e-03
2.062574401960084458e+00 1.131887514429251408e-03
2.131536414422164238e+00 1.044676052630992688e-03
2.202804166332139602e+00 9.640232254274176682e-04
2.276454749906602792e+00 8.894506677552709625e-04
2.352567834934338631e+00 8.205135654323727264e-04
2.431225754957225149e+00 7.567984027580114447e-04
2.512513596332623944e+00 6.979208839766798183e-04
2.596519290273538783e+00 6.435239681666638217e-04
2.683333707966161441e+00 5.932759850694810507e-04
2.773050758867611432e+00 5.468689523175908297e-04
2.865767492290306695e+00 5.040169716399587382e-04
2.961584202382770314e+00 4.644546441405875440e-04
3.060604536620467719e+00 4.279357201982817642e-04
3.162935607924048931e+00 3.942318159767897582e-04
3.268688110526199786e+00 3.631311609179435108e-04
3.377976439712552459e+00 3.344374397974607480e-04
3.490918815566087297e+00 3.079687114217624188e-04
3.607637410848952619e+00 2.835563986357796801e-04
3.728258483159945236e+00 2.610443388032493883e-04
3.852912511510727001e+00 2.402878957885928510e-04
3.981734337468417539e+00 2.211531096535502118e-04
4.114863311017320058e+00 2.035159525198092353e-04
4.252443441297450555e+00 1.872616399111851656e-04
4.394623552383071896e+00 1.722839641648369084e-04
4.541557444269631816e+00 1.584846730869187705e-04
4.693404059243289517e+00 1.457728909572500204e-04
4.850327653813030437e+00 1.340645686015249499e-04
5.012497976391239618e+00 1.232819907861420279e-04
5.180090450915090017e+00 1.133533249506283734e-04
5.353286366607249214e+00 1.042121930614282920e-04
5.532273074081278885e+00 9.579726709607371069e-05
5.717244188003695271e+00 8.805188978451208978e-05
5.908399796532135539e+00 8.092371977124221221e-05
6.105946677756002750e+00 7.436441317074778611e-05
6.310098523373801171e+00 6.832933563296956679e-05
6.521076169849157722e+00 6.277728260051551091e-05
6.739107837295406966e+00 5.767022222285633597e-05
6.964429376347387013e+00 5.297305985833249950e-05
7.197284523287298619e+00 4.865341868627647508e-05
7.437925163700752407e+00 4.468143400260936478e-05
7.686611604948010879e+00 4.102955954815349461e-05
7.943612857745410594e+00 3.767238745917118691e-05
8.209206927161357470e+00 3.458648522061996049e-05
8.483681113341843272e+00 3.175025123099722737e-05
8.767332322290526392e+00 2.914377501883133676e-05
9.060467387039910392e+00 2.674870743615421811e-05
9.363403399560734641e+00 2.454814067804681046e-05
9.676468053768756405e+00 2.252649807943649443e-05
1.000000000000001243e+01 2.066943172570342321e-05
