2.000000000000000164e-05 9.140914183710556529e+01
2.066869842267550072e-05 9.434861865298888972e+01
2.135975472437544027e-05 9.738258894368702556e+01
2.207391643902171255e-05 1.005141320306449586e+02
2.281195609427394449e-05 1.037463730462019811e+02
2.357467204719313169e-05 1.070825303813791152e+02
2.436288934784564352e-05 1.105259743098975207e+02
2.517746063178175121e-05 1.140801640323970503e+02
2.601926704235410016e-05 1.177486296611322416e+02
2.688921918387384303e-05 1.215350479442279976e+02
2.778825810663545582e-05 1.254431874511843432e+02
2.871735632487579741e-05 1.294770347695632609e+02
2.967751886876853870e-05 1.336405639708485751e+02
3.066978437159193627e-05 1.379379762700610286e+02
3.169522619324599853e-05 1.423735430581421326e+02
3.275495358133433647e-05 1.469517588520623406e+02
3.385011287106671010e-05 1.516771616869047250e+02
3.498188872528021299e-05 1.565544975021585401e+02
3.615150541592045298e-05 1.615886601434940246e+02
3.736022814836899319e-05 1.667846610952649371e+02
3.860936443004954884e-05 1.721477446216631222e+02
3.990026548479344494e-05 1.776832719627247172e+02
4.123432771449419843e-05 1.833967278595646349e+02
4.261299420963254024e-05 1.892939059649916373e+02
4.403775631030562105e-05 1.953806688701016299e+02
4.551015521944909301e-05 2.016630867525478550e+02
4.703178366999723984e-05 2.081475516244913990e+02
4.860428764778435972e-05 2.148404020530424816e+02
5.022936817205134787e-05 2.217484096219425282e+02
5.190878313548323190e-05 2.288785113995201357e+02
5.364434920576834987e-05 2.362378211554803613e+02
5.543794379073590958e-05 2.438336934879993976e+02
5.729150706919781900e-05 2.516737502611231605e+02
5.920704408969155763e-05 2.597657774744561721e+02
6.118662693939432690e-05 2.681178940382649216e+02
6.323239698555469304e-05 2.767384787032479494e+02
6.534656719186627638e-05 2.856361338910598420e+02
6.753142451228926792e-05 2.948197556615055532e+02
6.978933236490913268e-05 3.042985141050798461e+02
7.212273318850868345e-05 3.140818446262004500e+02
7.453415108461877573e-05 3.241795857525105475e+02
7.702619454790587906e-05 3.346017926378426068e+02
7.960155928784993205e-05 3.453588873592579489e+02
8.226303114476471348e-05 3.564615925603646360e+02
8.501348910331518868e-05 3.679210206964210101e+02
8.785590840679157983e-05 3.797486433491844195e+02
9.079336377550881697e-05 3.919561575583080639e+02
9.382903273281309529e-05 4.045557737547986790e+02
9.696619904229312483e-05 4.175601012220542430e+02
1.002082562599141270e-04 4.309821424251157964e+02
1.035587114049174785e-04 4.448351120930888669e+02
1.070211887534562421e-04 4.591329466341491070e+02
1.105994337590709140e-04 4.738898078244208705e+02
1.142973171042456330e-04 4.891204212157539359e+02
1.181188388874281471e-04 5.048400447612175412e+02
1.220681329500424115e-04 5.210640282364780660e+02
1.261494713481742377e-04 5.378088725209152017e+02
1.303672689737678670e-04 5.550909185301679827e+02
1.347260883303314362e-04 5.729274890053158060e+02
1.392306444683180742e-04 5.913361338927677480e+02
1.438858100855209437e-04 6.103352879828210007e+02
1.486966207979997041e-04 6.299436712415043758e+02
1.536682805872396744e-04 6.501806531411187962e+02
1.588061674294368483e-04 6.710663760884651765e+02
1.641158391129971276e-04 6.926214207708192134e+02
1.696030392505434848e-04 7.148669937531615233e+02
1.752737034919339915e-04 7.378253999249934623e+02
1.811339659450114388e-04 7.615187896653750386e+02
1.871901658110307874e-04 7.859708681124159284e+02
1.934488542419408646e-04 8.112053992998767171e+02
1.999168014269393128e-04 8.372476157736999767e+02
2.066010039159656652e-04 8.641224746123838258e+02
2.135086921880547338e-04 8.918567572192821444e+02
2.206473384727377968e-04 9.204774828975814671e+02
2.280246648329511538e-04 9.500125418014049501e+02
2.356486515181963309e-04 9.804909279199985122e+02
2.435275455969876748e-04 1.011942054656361051e+03
2.516698698779247295e-04 1.044396481199460595e+03
2.600844321290405573e-04 1.077886020153067193e+03
2.687803346053976817e-04 1.112442829905488452e+03
2.777669838952388651e-04 1.148100361985854988e+03
2.870541010953427292e-04 1.184892743218264059e+03
2.966517323265922064e-04 1.222855651403358024e+03
3.065702596011295341e-04 1.262025599949114621e+03
3.168204120528543403e-04 1.302439113445666635e+03
3.274132775434116785e-04 1.344135759695926254e+03
3.383603146562264279e-04 1.387154906307233432e+03
3.496733650915567022e-04 1.431536633408296893e+03
3.613646664759745386e-04 1.477323747306854784e+03
3.734468656001317080e-04 1.524558449093741956e+03
3.859330320991275886e-04 1.573285176654542965e+03
3.988366725902805230e-04 1.623549755421727468e+03
4.121717452835938129e-04 1.675398434796414904e+03
4.259526750807212541e-04 1.728879172534444706e+03
4.401943691787655547e-04 1.784041068774705536e+03
4.549122331957894719e-04 1.840934540333610357e+03
4.701221878354804149e-04 1.899611130941986630e+03
4.858406861089974399e-04 1.960124609364868093e+03
5.020847311326308640e-04 2.022528498438337465e+03
5.188718945205230424e-04 2.086878395912315227e+03
5.362203353923492141e-04 2.153231623671662874e+03
5.541488200165187389e-04 2.221646991468810029e+03
5.726767421101455150e-04 2.292183620746371616e+03
5.918241438177454907e-04 2.364902815746390843e+03
6.116117373913557359e-04 2.439867283144871180e+03
6.320609275955268004e-04 2.517140009848787486e+03
6.531938348614238542e-04 2.596787122274080957e+03
6.750333192150836329e-04 2.678874303527486973e+03
6.976030050057104547e-04 2.763469521264603372e+03
7.209273064607610694e-04 2.850642275782246998e+03
7.450314540954613768e-04 2.940461940669969863e+03
7.699415220053250396e-04 3.033001614157321001e+03
7.956844560711916160e-04 3.128332691228370095e+03
8.222881031073025473e-04 3.226529284235146406e+03
8.497812409839368810e-04 3.327667683288714670e+03
8.781936097571961097e-04 3.431822074224325661e+03
9.075559438396131216e-04 3.539070482024818375e+03
9.379000052463793693e-04 3.649490459863308843e+03
9.692586179531593148e-04 3.763160870457013516e+03
1.001665703402655023e-03 3.880160019429155909e+03
1.035156317198330069e-03 4.000569110036003622e+03
1.069766687024985286e-03 4.124468168307058477e+03
1.105534251837205851e-03 4.251936295982128286e+03
1.142497702358069404e-03 4.383055289106643613e+03
1.180697022931930960e-03 4.517906176308980321e+03
1.220173534776542454e-03 4.656568268907646598e+03
1.260969940681316284e-03 4.799122281768845824e+03
1.303130371200056587e-03 4.945647703238659233e+03
1.346700432388157767e-03 5.096222670124728211e+03
1.391727255135877424e-03 5.250927121938840173e+03
1.438259546151070007e-03 5.409833596830136230e+03
1.486347640646530459e-03 5.573019694176552548e+03
1.536043556788919398e-03 5.740559054040913907e+03
1.587401051968200579e-03 5.912522060678840717e+03
1.640475680948428249e-03 6.088979300754278484e+03
1.695324855962815390e-03 6.269994996901285958e+03
1.752007908818060174e-03 6.455633574557735301e+03
1.810586155075142928e-03 6.645957065892373066e+03
1.871122960375984270e-03 6.841020108450117732e+03
1.933683808987751848e-03 7.040878183296840689e+03
1.998336374638913938e-03 7.245577334925905234e+03
2.065150593723721201e-03 7.455163262476738964e+03
2.134198740954243185e-03 7.669677823942693976e+03
2.205555507541849362e-03 7.889152829143673443e+03
2.279298081992675151e-03 8.113617296615941996e+03
2.355506233604463730e-03 8.343094435745457304e+03
2.434262398755145627e-03 8.577600420627362837e+03
2.515651770076436904e-03 8.817145158263052508e+03
2.599762388608985089e-03 9.061731668173901198e+03
2.686685239038679764e-03 9.311355363528988164e+03
2.776514348117217236e-03 9.566001034862527376e+03
2.869346886373309435e-03 9.825648096594853996e+03
2.965283273224645581e-03 1.009026508048835422e+04
3.064427285604211931e-03 1.035981386453499181e+04
3.166886170218578649e-03 1.063423955597141867e+04
3.272770759559481216e-03 1.091348084633313556e+04
3.382195591794276077e-03 1.119746558016955714e+04
3.495279034664920681e-03 1.148610768459165593e+04
3.612143413529477973e-03 1.177930246587453257e+04
3.732915143684721951e-03 1.207693801507451826e+04
3.857724867112893516e-03 1.237888422699037255e+04
3.986707593800617976e-03 1.268499815294166729e+04
4.120002847782761740e-03 1.299510838577912182e+04
4.257754818069308354e-03 1.330904358951488757e+04
4.400112514618404608e-03 1.362660298345551746e+04
4.547229929524409554e-03 1.394756526095387926e+04
4.699266203595197679e-03 1.427169838290231746e+04
4.856385798499019031e-03 1.459873897643285090e+04
5.018758674667020935e-03 1.492841046578717942e+04
5.186560475143959549e-03 1.526041694267743878e+04
5.359972715585955248e-03 1.559442580880716559e+04
5.539182980610755057e-03 1.593009775037819600e+04
5.724385126713026593e-03 1.626705905436139074e+04
5.915779491964028892e-03 1.660491414536179582e+04
6.113573112722652143e-03 1.694323409440997057e+04
6.317979947592099882e-03 1.728157415824962663e+04
6.529221108864616957e-03 1.761945413727100458e+04
6.747525101704480652e-03 1.795635541063277196e+04
6.973128071328140755e-03 1.829175553887438582e+04
7.206274058448705437e-03 1.862507690875279150e+04
7.447215263261310406e-03 1.895572953570792379e+04
7.696212318254701257e-03 1.928308738909956082e+04
7.953534570144332738e-03 1.960649061293872728e+04
8.219460371231864307e-03 1.992524286188678525e+04
8.494277380506187053e-03 2.023862352281588392e+04
8.778282874811823774e-03 2.054586542412196286e+04
9.071784070421121463e-03 2.084618139406513365e+04
9.375098455358292851e-03 2.113873800339887748e+04
9.688554132834568261e-03 2.142268232892402375e+04
1.001249017616620725e-02 2.169711767995953051e+04
1.034725699555901803e-02 2.196112935477158317e+04
1.069321671715643858e-02 2.221374842581112534e+04
1.105074357476093505e-02 2.245399352858236307e+04
1.142022431465263173e-02 2.268084283556387527e+04
1.180205861394306721e-02 2.289325421446018299e+04
1.219665951291643881e-02 2.309017092097653585e+04
1.260445386182631328e-02 2.327050214322417014e+04
1.302588278263077520e-02 2.343314661262134177e+04
1.346140214616583890e-02 2.357698713507975845e+04
1.391148306527291781e-02 2.370090461175926248e+04
1.437661240441416924e-02 2.380378900965453431e+04
1.485729330632660182e-02 2.388452691938546559e+04
1.535404573628500365e-02 2.394202579398286252e+04
1.586740704456205894e-02 2.397522025064480113e+04
1.639793254769450481e-02 2.398309325052375425e+04
1.694619612918364313e-02 2.396467238151292622e+04
1.751279086028037155e-02 2.391904371511242061e+04
1.809832964152614798e-02 2.384538958065388579e+04
1.870344586574363213e-02 2.374297711494375835e+04
1.932879410319460894e-02 2.361121425900709073e+04
1.997505080964588620e-02 2.344960942260652882e+04
2.064291505810955316e-02 2.325785199818958426e+04
2.133310929504865505e-02 2.303580786016758066e+04
2.204638012186681956e-02 2.278353099719166494e+04
2.278349910252664909e-02 2.250129747830467022e+04
2.354526359817107548e-02 2.218963079855163960e+04
2.433249762964985810e-02 2.184930555491654377e+04
2.514605276888498206e-02 2.148137821836190778e+04
2.598680906003840441e-02 2.108719329347914390e+04
2.685567597147924673e-02 2.066839672069984954e+04
2.775359337957988490e-02 2.022693428864780071e+04
2.868153258540498754e-02 1.976508219444388669e+04
2.964049736539381419e-02 1.928539454414815918e+04
3.063152505717161092e-02 1.879072107138394495e+04
3.165568768166540647e-02 1.828416212531145356e+04
3.271409310273729054e-02 1.776906823713848280e+04
3.380788622559029871e-02 1.724896765429980223e+04
3.493825023524253087e-02 1.672752690128077302e+04
3.610640787640997940e-02 1.620849944660344045e+04
3.731362277618164441e-02 1.569564018545194449e+04
3.856120081091872487e-02 1.519263121565857728e+04
3.985049151885547425e-02 1.470299903603686471e+04
4.118288955993056055e-02 1.423003440335441337e+04
4.255983622442782027e-02 1.377667406547118480e+04
4.398282099205792772e-02 1.334541652473756949e+04
4.545338314316834522e-02 1.293822513865192741e+04
4.697311342382341770e-02 1.255642666711650600e+04
4.854365576655684383e-02 1.220061442077554057e+04
5.016670906865677154e-02 1.187056965628301077e+04
5.184402902990837420e-02 1.156518735299803848e+04
5.357743005178047802e-02 1.128241597577953507e+04
5.536878720011212396e-02 1.101922384974107445e+04
5.722003823342062395e-02 1.077162335627058201e+04
5.913318569902666078e-02 1.053472211071781203e+04
6.111029909926251474e-02 1.030286768234844385e+04
6.315351713010779189e-02 1.006983535636413762e+04
6.526504999467336310e-02 9.829176555286940129e+03
6.744718179403717817e-02 9.574584586166394729e+03
6.970227299801623477e-02 9.300419797659285905e+03
7.203276299854979858e-02 9.002260779955682665e+03
7.444117274845411802e-02 8.677440649648962790e+03
7.693010748840443946e-02 8.325565626666591925e+03
7.950225956509210379e-02 7.948862185127039083e+03
8.216041134360790865e-02 7.552280843735151393e+03
8.490743821719984319e-02 7.143324129530943537e+03
8.774631171766281157e-02 6.731548220764530924e+03
9.068010272972255870e-02 6.327747263529914562e+03
9.371198481289348681e-02 5.942935110844686278e+03
9.684523763440215649e-02 5.587203789421001602e+03
1.000832505168899600e-01 5.268634703057578918e+03
1.034295261047340625e-01 4.992351543385886544e+03
1.068876841529496080e-01 4.759814488675407119e+03
1.104614654427753945e-01 4.568428633128224646e+03
1.141547358281756464e-01 4.411491593633660159e+03
1.179714904176376727e-01 4.278607285905264689e+03
1.219158578957853512e-01 4.156668587049884081e+03
1.259921049894874856e-01 4.031543951853905128e+03
1.302046410832891354e-01 3.890408702105629345e+03
1.345580229891604751e-01 3.724384382885293235e+03
1.390569598757198100e-01 3.530816127702990343e+03
1.437063183622670492e-01 3.314347994791551173e+03
1.485111277831346888e-01 3.086181385610727375e+03
1.534765856280515817e-01 2.861465685733026476e+03
1.586080631644066208e-01 2.655510721173382990e+03
1.639111112474894438e-01 2.479927527662631746e+03
1.693914663249987407e-01 2.339772953342024721e+03
1.750550566423093313e-01 2.232299001638427853e+03
1.809080086552135869e-01 2.147553500430728036e+03
1.869566536570689830e-01 2.070936223213136145e+03
1.932075346275276828e-01 1.987578105671251478e+03
1.996674133102498971e-01 1.887558680301859567e+03
2.063432775272630582e-01 1.769852444661995150e+03
2.132423487378718452e-01 1.642669659129086995e+03
2.203720898503036263e-01 1.519490935820327422e+03
2.277402132945338109e-01 1.412679227523066629e+03
2.353546893650253491e-01 1.327931701643690758e+03
2.432237548424092122e-01 1.262091723108285578e+03
2.513559219034258718e-01 1.205151360972808561e+03
2.597599873287743666e-01 1.145735587354652125e+03
2.684450420188219666e-01 1.077565847868253513e+03
2.774204808274743361e-01 1.002877642372096830e+03
2.866960127248350254e-01 9.300445042092496806e+02
2.962816712996577673e-01 8.670668580016944134e+02
3.061878256129444420e-01 8.159511008752475618e+02
3.164251914144354805e-01 7.719992305713545875e+02
3.270048427341168962e-01 7.282221050305813606e+02
3.379382238612947953e-01 6.812676981773622629e+02
3.492371617241852855e-01 6.336460714157794882e+02
3.609138786834163448e-01 5.902599476749588803e+02
3.729810057532814693e-01 5.531414966790759991e+02
3.854515962650386651e-01 5.199170272564579136e+02
3.983391399870480631e-01 4.871098366142900886e+02
4.116575777170102257e-01 4.540827538530234619e+02
4.254213163620995108e-01 4.229528403418294147e+02
4.396452445232932327e-01 3.951898722406536422e+02
4.543447486007690661e-01 3.698218503698556674e+02
4.695357294377799362e-01 3.452925196696286321e+02
4.852346195210218704e-01 3.216450426777313965e+02
5.014584007560848322e-01 2.998153408689720436e+02
5.182246228372336949e-01 2.798079703274465828e+02
5.355514222313770833e-01 2.608939866879856027e+02
5.534575417967635413e-01 2.429314610334988060e+02
5.719623510576314906e-01 2.262495181093775614e+02
5.910858671567322808e-01 2.107666041523196441e+02
6.108487765084068544e-01 1.961914852181238871e+02
6.312724571756275216e-01 1.825368498876546539e+02
6.523790019952193653e-01 1.698420257207445161e+02
6.741912424762606104e-01 1.579725139863122365e+02
6.967327734975364839e-01 1.468726514170118378e+02
7.200279788307419881e-01 1.365243506334664119e+02
7.441020575170596008e-01 1.268763187703741124e+02
7.689810511256225389e-01 1.178786980827452737e+02
7.946918719233755368e-01 1.094876778902213346e+02
8.212623319867858873e-01 1.016657877315659135e+02
8.487211732869031078e-01 9.437782821785287979e+01
8.770980987803161932e-01 8.759020253238915643e+01
9.064238045396205701e-01 8.127074706403328719e+01
9.367300129581793700e-01 7.538911876376322141e+01
9.680495070650749767e-01 6.991661873155618423e+01
1.000416165987385808e+00 6.482599793867198912e+01
1.033865001598128330e+00 6.009170187494474646e+01
1.068432196389532240e+00 5.568994948724517968e+01
1.104155142612600837e+00 5.159876880027157142e+01
1.141072482725305592e+00 4.779754761041303368e+01
1.179224151193147607e+00 4.426681869740317410e+01
1.218651417687333982e+00 4.098808189855976281e+01
1.259396931727273516e+00 3.794400783417753331e+01
1.301504768815691548e+00 3.511846403932288041e+01
1.345020478116276896e+00 3.249652529516406929e+01
1.389991131725407447e+00 3.006423981107151278e+01
1.436465375591293947e+00 2.780850865412288186e+01
1.484493482135585296e+00 2.571697376575105665e+01
1.534127404634392455e+00 2.377808363592194496e+01
1.585420833417506836e+00 2.198108321057291192e+01
1.638429253946665609e+00 2.031599829055507200e+01
1.693210006835640158e+00 1.877353061208701845e+01
1.749822349877109051e+00 1.734499566007912463e+01
1.808327522143368116e+00 1.602227005625234213e+01
1.868788810230267217e+00 1.479777796746607521e+01
1.931271616715998229e+00 1.366446294225961822e+01
1.995843530908793184e+00 1.261575413292121439e+01
2.062574401960084458e+00 1.164553486540730809e+01
2.131536414422164238e+00 1.074811317710489789e+01
2.202804166332139602e+00 9.918194668231754108e+00
2.276454749906602792e+00 9.150855270255286555e+00
2.352567834934338631e+00 8.441516121146882767e+00
2.431225754957225149e+00 7.785919903195994252e+00
2.512513596332623944e+00 7.180110053462402497e+00
2.596519290273538783e+00 6.620410837315152897e+00
2.683333707966161441e+00 6.103408060880613384e+00
2.773050758867611432e+00 5.625931550365386613e+00
2.865767492290306695e+00 5.185038530861842077e+00
2.961584202382770314e+00 4.777997336189656608e+00
3.060604536620467719e+00 4.402273466055604878e+00
3.162935607924048931e+00 4.055516341974565009e+00
3.268688110526199786e+00 3.735546402970767677e+00
3.377976439712552459e+00 3.440343188729906743e+00
3.490918815566087297e+00 3.168034200940613498e+00
3.607637410848952619e+00 2.916884416661794432e+00
3.728258483159945236e+00 2.685286584055271319e+00
3.852912511510727001e+00 2.471752158558512491e+00
3.981734337468417539e+00 2.274902667285124913e+00
4.114863311017320058e+00 2.093461942820090016e+00
4.252443441297450555e+00 1.926248909121713426e+00
4.394623552383071896e+00 1.772170638198304449e+00
4.541557444269631816e+00 1.630216017756379587e+00
4.693404059243289517e+00 1.499449880775131749e+00
4.850327653813030437e+00 1.379007377563209236e+00
5.012497976391239618e+00 1.268088880110784133e+00
5.180090450915090017e+00 1.165955295403483305e+00
5.353286366607249214e+00 1.071923651624119955e+00
5.532273074081278885e+00 9.853629383795422525e-01
5.717244188003695271e+00 9.056902114895003519e-01
5.908399796532135539e+00 8.323669465614651486e-01
6.105946677756002750e+00 7.648957592005802830e-01
6.310098523373801171e+00 7.028174340936955700e-01
6.521076169849157722e+00 6.457080421449222785e-01
6.739107837295406966e+00 5.931762960581237198e-01
6.964429376347387013e+00 5.448611327814327776e-01
7.197284523287298619e+00 5.004294630712389225e-01
7.437925163700752407e+00 4.595740534930488619e-01
7.686611604948010879e+00 4.220115218292765369e-01
7.943612857745410594e+00 3.874804706513891306e-01
8.209206927161357470e+00 3.557398098924031693e-01
8.483681113341843272e+00 3.265672942761235209e-01
8.767332322290526392e+00 2.997581010168662297e-01
9.060467387039910392e+00 2.751234955288506256e-01
9.363403399560734641e+00 2.524895664395626071e-01
9.676468053768756405e+00 2.316960818500549135e-01
1.000000000000001243e+01 2.125954341861329699e-01
