2e-05 -0.00025122245 -1.2362973e-06 -3.1265792e-07 9.5662989e-15
2.0668698e-05 -0.00026829523 -1.3465129e-06 -3.4080942e-07 1.1175362e-14
2.1359755e-05 -0.00028656675 -1.4841807e-06 -3.7602215e-07 1.3096195e-14
2.2073916e-05 -0.0003060944 -1.6414168e-06 -4.1641954e-07 1.5394896e-14
2.2811956e-05 -0.0003269471 -1.8114338e-06 -4.5980181e-07 1.8150974e-14
2.3574672e-05 -0.00034922111 -1.9981752e-06 -5.0699215e-07 2.1466464e-14
2.4362889e-05 -0.00037301702 -2.2056351e-06 -5.5947549e-07 2.5463901e-14
2.5177461e-05 -0.00039843937 -2.4364935e-06 -6.1824491e-07 3.0298248e-14
2.6019267e-05 -0.00042559743 -2.6921477e-06 -6.8360734e-07 3.6158332e-14
2.6889219e-05 -0.00045460785 -2.9739165e-06 -7.5567056e-07 4.3277201e-14
2.7788258e-05 -0.00048559589 -3.2835898e-06 -8.3465523e-07 5.1939303e-14
2.8717356e-05 -0.00051869632 -3.6237255e-06 -9.2106197e-07 6.2510534e-14
2.9677519e-05 -0.00055405388 -3.9976148e-06 -1.0156855e-06 7.5432777e-14
3.0669784e-05 -0.00059182358 -4.4091478e-06 -1.1195451e-06 9.1256179e-14
3.1695226e-05 -0.00063217121 -4.8627132e-06 -1.2338388e-06 1.1066999e-13
3.2754954e-05 -0.00067527394 -5.3631762e-06 -1.359911e-06 1.3453233e-13
3.3850113e-05 -0.00072132084 -5.9157425e-06 -1.4991796e-06 1.6391101e-13
3.4981889e-05 -0.00077051367 -6.5259691e-06 -1.6531198e-06 2.0012478e-13
3.6151505e-05 -0.00082306783 -7.1998469e-06 -1.8232963e-06 2.4482694e-13
3.7360228e-05 -0.00087921323 -7.9437963e-06 -2.0113409e-06 3.0008848e-13
3.8609364e-05 -0.00093919525 -8.7647079e-06 -2.2189619e-06 3.6858942e-13
3.9900265e-05 -0.0010032761 -9.6701327e-06 -2.4480198e-06 4.5280273e-13
4.1234328e-05 -0.0010717357 -1.0668308e-05 -2.700527e-06 5.5302348e-13
4.2612994e-05 -0.0011448733 -1.1768237e-05 -2.9786651e-06 6.7083979e-13
4.4037756e-05 -0.0012230087 -1.2979908e-05 -3.2848799e-06 8.0939972e-13
4.5510155e-05 -0.0013064836 -1.4314354e-05 -3.6218809e-06 9.7227387e-13
4.7031784e-05 -0.0013956634 -1.5783732e-05 -3.9926591e-06 1.1636989e-12
4.8604288e-05 -0.0014909386 -1.7401609e-05 -4.4006006e-06 1.3886501e-12
5.0229368e-05 -0.0015927269 -1.9182976e-05 -4.84946e-06 1.652982e-12
5.1908783e-05 -0.0017014748 -2.1144422e-05 -5.3434084e-06 1.9635763e-12
5.3644349e-05 -0.0018176596 -2.3304419e-05 -5.8871397e-06 2.328538e-12
5.5437944e-05 -0.0019417917 -2.5683332e-05 -6.4858243e-06 2.7573967e-12
5.7291507e-05 -0.0020744169 -2.8303708e-05 -7.1452108e-06 3.2613663e-12
5.9207044e-05 -0.0022161188 -3.119058e-05 -7.8717136e-06 3.8536256e-12
6.1186627e-05 -0.0023675212 -3.4371466e-05 -8.6723577e-06 4.5496804e-12
6.3232397e-05 -0.0025292914 -3.7876841e-05 -9.5549471e-06 5.3677641e-12
6.5346567e-05 -0.0027021426 -4.1740351e-05 -1.0528095e-05 6.3293221e-12
6.7531425e-05 -0.0028868374 -4.5999032e-05 -1.1601254e-05 7.4595653e-12
6.9789332e-05 -0.0030841914 -5.0693844e-05 -1.2784899e-05 8.78814e-12
7.2122733e-05 -0.0032950764 -5.5869799e-05 -1.4090482e-05 1.0349923e-11
7.4534151e-05 -0.0035204247 -6.1576573e-05 -1.5530651e-05 1.21859e-11
7.7026195e-05 -0.0037612332 -6.7868942e-05 -1.7119335e-05 1.4344267e-11
7.9601559e-05 -0.0040185675 -7.4807045e-05 -1.8871755e-05 1.6881698e-11
8.2263031e-05 -0.0042935676 -8.2457387e-05 -2.0804779e-05 1.9864833e-11
8.5013489e-05 -0.004587452 -9.0893006e-05 -2.2936863e-05 2.3372041e-11
8.7855908e-05 -0.0049015239 -0.00010019433 -2.5288303e-05 2.749544e-11
9.0793364e-05 -0.005237177 -0.00011045009 -2.7881512e-05 3.2343357e-11
9.3829033e-05 -0.0055959014 -0.00012175776 -3.0741024e-05 3.8043164e-11
9.6966199e-05 -0.005979291 -0.00013422488 -3.3893943e-05 4.4744622e-11
0.00010020826 -0.0063890504 -0.00014796976 -3.7370044e-05 5.2623786e-11
0.00010355871 -0.0068270026 -0.00016312273 -4.1202123e-05 6.1887704e-11
0.00010702119 -0.0072950975 -0.00017982736 -4.5426313e-05 7.277977e-11
0.00011059943 -0.0077954208 -0.00019824169 -5.0082369e-05 8.5586239e-11
0.00011429732 -0.0083302037 -0.00021853997 -5.5214156e-05 1.0064356e-10
0.00011811884 -0.0089018329 -0.00024091398 -6.0869938e-05 1.1834741e-10
0.00012206813 -0.0095128619 -0.00026557521 -6.710299e-05 1.3916299e-10
0.00012614947 -0.010166022 -0.00029275638 -7.3971917e-05 1.6363725e-10
0.00013036727 -0.010864237 -0.00032271429 -8.1541465e-05 1.9241322e-10
0.00013472609 -0.011610635 -0.00035573168 -8.9882915e-05 2.2624704e-10
0.00013923064 -0.012408561 -0.0003921201 -9.907487e-05 2.6602764e-10
0.00014388581 -0.013261599 -0.00043222316 -0.00010920408 3.128002e-10
0.00014869662 -0.014173581 -0.00047641911 -0.00012036602 3.6779361e-10
0.00015366828 -0.01514861 -0.00052512541 -0.00013266621 4.3245261e-10
0.00015880617 -0.016191078 -0.00057880142 -0.00014622069 5.084759e-10
0.00016411584 -0.017305686 -0.00063795406 -0.00016115769 5.9786059e-10
0.00016960304 -0.018497468 -0.00070314169 -0.00017761836 7.0295467e-10
0.0001752737 -0.019771811 -0.00077497989 -0.00019575848 8.2651868e-10
0.00018113397 -0.021134485 -0.00085414679 -0.00021574961 9.7179812e-10
0.00018719017 -0.022591667 -0.00094138997 -0.00023778092 1.1426087e-09
0.00019344885 -0.024149972 -0.0010375334 -0.00026206101 1.3434362e-09
0.0001999168 -0.025816486 -0.0011434844 -0.00028881945 1.5795545e-09
0.000206601 -0.027598796 -0.001260244 -0.00031830974 1.8571638e-09
0.00021350869 -0.029505027 -0.0013889136 -0.00035081054 2.1835531e-09
0.00022064734 -0.031543887 -0.0015307085 -0.00038662958 2.5672914e-09
0.00022802466 -0.0337247 -0.0016869663 -0.00042610528 3.0184525e-09
0.00023564865 -0.036057457 -0.0018591611 -0.00046961083 3.5488789e-09
0.00024352755 -0.038552861 -0.0020489167 -0.00051755706 4.1724923e-09
0.00025166987 -0.041222383 -0.0022580223 -0.00057039678 4.9056582e-09
0.00026008443 -0.044078312 -0.0024884484 -0.00062862851 5.767615e-09
0.00026878033 -0.047133818 -0.0027423656 -0.00069280136 6.7809772e-09
0.00027776698 -0.050403019 -0.003022164 -0.00076352009 7.9723286e-09
0.0002870541 -0.053901043 -0.003330476 -0.00084145037 9.372917e-09
0.00029665173 -0.057644109 -0.0036702021 -0.00092732604 1.1019473e-08
0.00030657026 -0.061649602 -0.0040445333 -0.001021954 1.295517e-08
0.00031682041 -0.065936164 -0.0044569866 -0.0011262239 1.5230755e-08
0.00032741328 -0.070523779 -0.0049114314 -0.0012411141 1.7905874e-08
0.00033836031 -0.07543388 -0.005412131 -0.0013677032 2.1050631e-08
0.00034967337 -0.080689448 -0.0059637768 -0.0015071773 2.474742e-08
0.00036136467 -0.086315135 -0.006571535 -0.0016608433 2.9093079e-08
0.00037344687 -0.09233738 -0.0072410929 -0.0018301394 3.4201414e-08
0.00038593303 -0.098784548 -0.0079787096 -0.002016649 4.0206171e-08
0.00039883667 -0.10568706 -0.0087912745 -0.0022221146 4.7264527e-08
0.00041217175 -0.11307758 -0.0096863729 -0.0024484553 5.5561186e-08
0.00042595268 -0.12099113 -0.01067235 -0.0026977822 6.5313187e-08
0.00044019437 -0.12946531 -0.01175839 -0.0029724191 7.6775569e-08
0.00045491223 -0.13854048 -0.012954604 -0.0032749246 9.0247994e-08
0.00047012219 -0.14825995 -0.014272111 -0.0036081123 1.0608256e-07
0.00048584069 -0.15867021 -0.01572315 -0.0039750798 1.2469293e-07
0.00050208473 -0.16982121 -0.017321185 -0.0043792348 1.4656511e-07
0.00051887189 -0.18176652 -0.019081025 -0.004824326 1.7227005e-07
0.00053622034 -0.19456374 -0.021018964 -0.0053144779 2.0247845e-07
0.00055414882 -0.20827467 -0.023152919 -0.0058542272 2.3797816e-07
0.00057267674 -0.22296572 -0.025502599 -0.006448563 2.7969459e-07
0.00059182414 -0.23870822 -0.028089677 -0.0071029739 3.2871465e-07
0.00061161174 -0.25557881 -0.030937978 -0.007823492 3.8631486e-07
0.00063206093 -0.27365981 -0.034073702 -0.0086167521 4.5399434e-07
0.00065319383 -0.2930397 -0.037525654 -0.0094900482 5.335135e-07
0.00067503332 -0.31381357 -0.041325491 -0.010451397 6.2693941e-07
0.00069760301 -0.33608357 -0.045508001 -0.011509609 7.3669908e-07
0.00072092731 -0.35995956 -0.050111423 -0.012674368 8.6564189e-07
0.00074503145 -0.38555959 -0.055177764 -0.013956311 1.0171128e-06
0.00076994152 -0.41301058 -0.060753177 -0.015367125 1.1950384e-06
0.00079568446 -0.44244898 -0.066888347 -0.016919646 1.4040271e-06
0.0008222881 -0.47402151 -0.073638941 -0.01862797 1.6494879e-06
0.00084978124 -0.50788595 -0.081066095 -0.020507575 1.9377679e-06
0.00087819361 -0.54421196 -0.089236946 -0.022575461 2.2763151e-06
0.00090755594 -0.58318202 -0.098225147 -0.024850272 2.6738677e-06
0.00093790001 -0.62499234 -0.10811153 -0.027352471 3.140677e-06
0.00096925862 -0.66985403 -0.11898482 -0.030104517 3.6887681e-06
0.0010016657 -0.71799416 -0.13094237 -0.033131048 4.3322445e-06
0.0010351563 -0.76965697 -0.14409091 -0.036459068 5.0876463e-06
0.0010697667 -0.8251052 -0.15854748 -0.040118195 5.9743676e-06
0.0011055343 -0.88462152 -0.1744404 -0.044140888 7.0151468e-06
0.0011424977 -0.94851003 -0.19191033 -0.048562722 8.2366392e-06
0.001180697 -1.0170979 -0.21111146 -0.053422684 9.6700873e-06
0.0012201735 -1.0907369 -0.23221214 -0.058763339 1.1352105e-05
0.0012609699 -1.1698059 -0.25539762 -0.064631505 1.3325592e-05
0.0013031304 -1.2547127 -0.28087088 -0.071078469 1.564081e-05
0.0013467004 -1.3458952 -0.308853 -0.078160071 1.8356629e-05
0.0013917273 -1.4438252 -0.3395866 -0.08593758 2.1541996e-05
0.0014382595 -1.54901 -0.373337 -0.094477955 2.5277641e-05
0.0014863476 -1.6619954 -0.41039426 -0.10385438 2.9658075e-05
0.0015360436 -1.7833686 -0.45107558 -0.11414685 3.479392e-05
0.0015874011 -1.913761 -0.49572763 -0.12544273 4.0814627e-05
0.0016404757 -2.0538519 -0.54472902 -0.13783741 4.7871648e-05
0.0016953249 -2.2043719 -0.59849323 -0.15143496 5.6142139e-05
0.0017520079 -2.3661065 -0.65747176 -0.16634898 6.583327e-05
0.0018105862 -2.5399004 -0.72215712 -0.18270328 7.7187257e-05
0.001871123 -2.7266615 -0.79308648 -0.20063277 9.048721e-05
0.0019336838 -2.927366 -0.87084561 -0.22028446 0.00010606396
0.0019983364 -3.1430627 -0.95607249 -0.24181828 0.00012430401
0.0020651506 -3.3748789 -1.0494626 -0.26540842 0.00014565872
0.0021341987 -3.6240254 -1.1517728 -0.29124414 0.00017065513
0.0022055555 -3.8918026 -1.2638263 -0.31953116 0.00019990837
0.0022792981 -4.1796068 -1.3865187 -0.35049282 0.00023413625
0.0023555062 -4.4889369 -1.5208232 -0.38437153 0.00027417601
0.0024342624 -4.8214018 -1.6677975 -0.4214303 0.000321004
0.0025156518 -5.178727 -1.8285894 -0.46195402 0.00037575828
0.0025997624 -5.5627632 -2.0044442 -0.5062511 0.000439765
0.0026866852 -5.9754944 -2.1967124 -0.55465532 0.00051456886
0.0027765143 -6.4190467 -2.4068572 -0.60752746 0.00060196848
0.0028693469 -6.8956972 -2.6364627 -0.66525709 0.00070405725
0.0029652833 -7.4078842 -2.8872432 -0.72826454 0.00082327068
0.0030644273 -7.9582165 -3.1610515 -0.79700277 0.00096244106
0.0031668862 -8.5494848 -3.4598899 -0.87195957 0.0011248607
0.0032727708 -9.1846721 -3.7859192 -0.95365944 0.0013143548
0.0033821956 -9.8669644 -4.141469 -1.0426655 0.0015353658
0.003495279 -10.599763 -4.5290491 -1.1395818 0.0017930503
0.0036121434 -11.386696 -4.9513604 -1.2450552 0.0020933908
0.0037329151 -12.231646 -5.4113267 -1.3597824 0.0024433246
0.0038577249 -13.138722 -5.9120525 -1.4844985 0.002850892
0.0039867076 -14.112297 -6.4568686 -1.619987 0.0033254061
0.0041200028 -15.157049 -7.0493817 -1.7670909 0.0038776484
0.0042577548 -16.277926 -7.6934254 -1.926699 0.0045200929
0.0044001125 -17.480185 -8.3931023 -2.0997542 0.0052671629
0.0045472299 -18.769396 -9.1527914 -2.2872535 0.0061355248
0.0046992662 -20.151456 -9.9771598 -2.4902483 0.0071444248
0.0048563858 -21.632604 -10.871174 -2.7098445 0.0083160734
0.0050187587 -23.219422 -11.840108 -2.947201 0.0096760837
0.0051865605 -24.918852 -12.889557 -3.2035298 0.011253972
0.0053599727 -26.738205 -14.025443 -3.4800923 0.013083727
0.005539183 -28.685157 -15.254018 -3.7781967 0.015204458
0.0057243851 -30.767765 -16.581876 -4.0991932 0.01766113
0.0059157795 -32.99446 -18.015948 -4.4444686 0.020505402
0.0061135731 -35.374043 -19.563493 -4.8154355 0.023796567
0.0063179799 -37.915674 -21.232096 -5.2135235 0.027602628
0.0065292211 -40.628899 -23.029698 -5.6401782 0.032001501
0.0067475251 -43.523591 -24.964528 -6.0968331 0.037082381
0.0069731281 -46.609934 -27.045086 -6.5848938 0.042947277
0.0072062741 -49.898417 -29.280154 -7.1057268 0.049712732
0.0074472153 -53.399794 -31.678743 -7.6606323 0.05751176
0.0076962123 -57.12502 -34.250038 -8.2508123 0.06649601
0.0079535346 -61.085224 -37.003366 -8.8773452 0.076838186
0.0082194604 -65.291614 -39.94811 -9.5411422 0.088734741
0.0084942774 -69.75542 -43.093645 -10.242909 0.10240888
0.0087782829 -74.487805 -46.449261 -10.983099 0.11811387
0.0090717841 -79.499705 -50.023993 -11.761845 0.13613675
0.0093750985 -84.801768 -53.826573 -12.578914 0.15680236
0.0096885541 -90.404191 -57.865273 -13.433633 0.18047782
0.01001249 -96.316529 -62.147709 -14.324804 0.20757742
0.010347257 -102.54752 -66.680679 -15.250618 0.23856795
0.010693217 -109.10487 -71.469953 -16.208565 0.27397452
0.011050744 -115.99497 -76.519973 -17.195303 0.31438683
0.011420224 -123.22261 -81.833623 -18.206556 0.36046598
0.011802059 -130.79075 -87.411997 -19.236992 0.41295166
0.01219666 -138.70017 -93.254029 -20.28008 0.47266996
0.012604454 -146.94896 -99.356059 -21.327913 0.54054145
0.013025883 -155.53216 -105.71145 -22.371049 0.61758982
0.013461402 -164.44136 -112.31026 -23.398361 0.70495073
0.013911483 -173.66417 -119.13869 -24.396834 0.80388096
0.014376612 -183.18362 -126.17861 -25.35136 0.91576771
0.014857293 -192.97762 -133.40701 -26.244551 1.0421378
0.015354046 -203.01836 -140.79546 -27.056518 1.1846666
0.015867407 -213.27162 -148.30955 -27.76467 1.3451869
0.016397933 -223.69624 -155.90843 -28.343526 1.5256963
0.016946196 -234.24336 -163.54411 -28.764494 1.7283641
0.017512791 -244.85566 -171.16092 -28.995668 1.9555366
0.01809833 -255.46689 -178.69505 -29.001686 2.2097405
0.018703446 -266.00123 -186.07416 -28.7436 2.4936833
0.019328794 -276.37256 -193.21676 -28.178701 2.810251
0.019975051 -286.48434 -200.03233 -27.260547 3.1625025
0.020642915 -296.2292 -206.42106 -25.938931 3.5536584
0.021333109 -305.48887 -212.27397 -24.15995 3.9870855
0.02204638 -314.13429 -217.47325 -21.866152 4.4662748
0.022783499 -322.026 -221.89277 -18.996769 4.9948126
0.023545264 -329.01523 -225.39944 -15.488153 5.5763441
0.024332498 -334.94492 -227.85423 -11.274198 6.2145286
0.025146053 -339.65135 -229.11393 -6.2869408 6.9129858
0.025986809 -342.96687 -229.03385 -0.45741989 7.6752332
0.026855676 -344.72227 -227.4701 6.2835365 8.5046134
0.027753593 -344.75049 -224.28306 14.004235 9.4042132
0.028681533 -342.89128 -219.3416 22.770836 10.376775
0.029640497 -338.99542 -212.52683 32.646201 11.424599
0.030631525 -332.93074 -203.73731 43.688411 12.549445
0.031655688 -324.58793 -192.89393 55.949375 13.75243
0.032714093 -313.8868 -179.94497 69.473452 15.033929
0.033807886 -300.78392 -164.87234 84.295888 16.393482
0.03493825 -285.27802 -147.69546 100.44184 17.829718
0.036106408 -267.41734 -128.47679 117.92518 19.340299
0.037313623 -247.30427 -107.32467 136.748 20.921889
0.038561201 -225.1005 -84.396602 156.90018 22.570166
0.039850492 -201.02744 -59.898004 178.36014 24.279881
0.04118289 -175.36794 -34.082367 201.0954 26.044971
0.042559836 -148.4612 -7.2451718 225.06476 27.858743
0.043982821 -120.69516 20.284051 250.22088 29.714135
0.045453383 -92.494562 48.153219 276.51387 31.604051
0.046973113 -64.301002 76.005694 303.89621 33.521793
0.048543656 -36.547317 103.50251 332.32859 35.461581
0.050166709 -9.6242794 130.35031 361.78671 37.419148
0.051844029 16.162077 156.33619 392.26925 39.39242
0.05357743 40.640585 181.36743 423.80647 41.382242
0.055368787 63.836802 205.51953 456.46968 43.393129
0.057220038 86.033964 229.08145 490.37942 45.433989
0.059133186 107.8437 252.60712 525.71377 47.518758
0.061110299 130.26557 276.95549 562.71313 49.666854
0.063153517 154.73415 303.31866 601.68119 51.903335
0.06526505 183.13715 333.22512 642.97962 54.258642
0.067447182 217.78543 368.50363 687.01363 56.767753
0.069702273 261.32026 411.19785 734.20703 59.468625
0.072032763 316.5436 463.42236 784.96552 62.399774
0.074441173 386.16091 527.1545 839.62822 65.596958
0.076930107 472.4397 603.96725 898.4099 69.088991
0.07950226 576.80994 694.72637 961.3399 72.892902
0.082160411 699.45605 799.29232 1028.2074 77.008835
0.084907438 838.95124 916.2664 1098.5217 81.415303
0.087746312 992.0189 1042.8452 1171.5006 86.065562
0.090680103 1153.4981 1174.8382 1246.0969 90.88597
0.093711985 1316.5554 1306.8754 1321.0659 95.777158
0.096845238 1473.1818 1432.8256 1395.0734 100.61862
0.10008325 1614.9587 1546.4059 1466.8379 105.27698
0.10342953 1734.0297 1641.9264 1535.2871 109.61762
0.10688768 1824.2565 1715.1459 1599.7226 113.51918
0.11046147 1882.4365 1764.1432 1659.9675 116.8894
0.11415474 1909.5052 1790.1444 1716.4878 119.68098
0.11797149 1911.5027 1798.143 1770.4545 121.90506
0.12191586 1899.9788 1797.0811 1823.7118 123.63978
0.1259921 1891.3584 1799.2597 1878.5961 125.03035
0.13020464 1904.8116 1818.6704 1937.5641 126.27737
0.13455802 1958.4751 1868.1801 2002.6351 127.61097
0.13905696 2064.5306 1955.9741 2074.7451 129.25128
0.14370632 2224.4679 2082.2489 2153.2113 131.3605
0.14851113 2426.3211 2237.4353 2235.5424 133.9973
0.15347659 2645.4879 2403.0644 2317.7764 137.08717
0.15860806 2849.5748 2555.505 2395.3338 140.42148
0.16391111 3006.2976 2671.7803 2464.1764 143.69148
0.16939147 3092.4518 2735.9739 2521.9473 146.55394
0.17505506 3101.8088 2744.6689 2568.7938 148.71557
0.18090801 3049.8369 2709.9589 2607.6439 150.01629
0.18695665 2972.8943 2658.452 2643.7291 150.48741
0.19320753 2919.5748 2624.7702 2683.1832 150.35995
0.19966741 2932.842 2638.7615 2730.6874 150.00609
0.20634328 3031.9299 2712.9176 2787.389 149.81776
0.21324235 3197.2248 2832.2216 2849.4941 150.05796
0.22037209 3377.5299 2959.9049 2909.783 150.74753
0.22774021 3510.4879 3052.224 2960.5771 151.64794
0.23535469 3553.2893 3079.9938 2997.5177 152.3614
0.24322375 3505.0873 3043.7957 3021.8115 152.51342
0.25135592 3410.8853 2975.9551 3039.9386 151.93629
0.25975999 3340.4996 2925.265 3060.4778 150.75769
0.26844504 3347.4997 2928.3103 3089.046 149.33119
0.27742048 3431.7858 2984.0021 3124.3418 148.02836
0.28669601 3537.994 3053.3139 3158.8573 147.0112
0.29628167 3593.8287 3086.3763 3184.0885 146.13993
0.30618783 3565.5894 3060.699 3196.994 145.0913
0.31642519 3482.9319 2997.5083 3202.0862 143.60915
0.32700484 3414.7262 2944.3853 3207.7343 141.69755
0.33793822 3408.5679 2933.5634 3218.9133 139.5978
0.34923716 3446.4884 2952.1257 3232.7003 137.5645
0.36091388 3466.3155 2957.3642 3241.6246 135.64396
0.37298101 3428.3463 2922.5297 3241.5973 133.66737
0.3854516 3355.309 2863.5951 3235.8945 131.45735
0.39833914 3301.3153 2817.5104 3230.8697 129.01921
0.41165758 3285.4453 2796.9909 3228.3362 126.50914
0.42542132 3272.9509 2778.2361 3224.0392 124.03583
0.43964524 3227.9062 2736.9928 3214.0621 121.5517
0.45434475 3161.5428 2681.1075 3200.0416 118.9583
0.46953573 3108.2937 2633.9409 3185.9851 116.25582
0.48523462 3071.4105 2597.5972 3172.1316 113.52547
0.5014584 3025.1221 2554.6548 3155.5477 110.80221
0.51822462 2962.4753 2500.5195 3135.6113 108.04899
0.53555142 2902.1889 2447.8741 3114.5593 105.24761
0.55345754 2850.0407 2400.6029 3093.0547 102.43118
0.57196235 2792.8283 2349.8333 3069.6411 99.621558
0.59108587 2728.8071 2294.4376 3044.2141 96.807707
0.61084878 2667.5079 2240.8485 3017.9234 93.989204
0.63127246 2607.4941 2188.1175 2990.6587 91.182639
0.652379 2543.6548 2132.8401 2961.9079 88.39322
0.67419124 2479.6342 2077.484 2932.1519 85.619983
0.69673277 2416.3701 2022.6993 2901.5627 82.869823
0.72002798 2352.3126 1967.467 2870.0276 80.148716
0.74410206 2287.7929 1912.0287 2837.6506 77.458612
0.76898105 2223.2999 1856.7342 2804.552 74.802864
0.79469187 2159.1203 1801.7917 2770.8132 72.185462
0.82126233 2095.2952 1747.2419 2736.4868 69.610092
0.84872117 2031.8693 1693.1275 2701.633 67.079981
0.8770981 1968.906 1639.5034 2666.3149 64.597477
0.9064238 1906.4944 1586.441 2630.5987 62.164655
0.93673001 1844.7158 1534.006 2594.5468 59.783307
0.96804951 1783.6551 1482.2655 2558.2183 57.455022
1.0004162 1723.4246 1431.3035 2521.6703 55.181283
1.033865 1664.1276 1381.1963 2484.9557 52.963462
1.0684322 1605.8425 1332.0018 2448.1236 50.802753
1.1041551 1548.5967 1283.7434 2411.2183 48.700035
1.1410725 1492.4129 1236.4405 2374.284 46.655843
1.1792242 1437.3227 1190.1187 2337.3634 44.670456
1.2186514 1383.3913 1144.8243 2300.4987 42.744034
1.2593969 1330.677 1100.5983 2263.7273 40.876676
1.3015048 1279.222 1057.4697 2227.0836 39.068375
1.3450205 1229.0332 1015.4433 2190.5983 37.318931
1.3899911 1180.1129 974.5204 2154.3019 35.627927
1.4364654 1132.4663 934.7041 2118.2229 33.994778
1.4844935 1086.119 896.01028 2082.3885 32.418816
1.5341274 1041.0917 858.45095 2046.8221 30.899332
1.5854208 997.39601 822.03123 2011.5446 29.435556
1.6384293 955.02347 786.74234 1976.5749 28.026609
1.69321 913.96254 752.57329 1941.9313 26.671501
1.7498223 874.20148 719.51269 1907.6309 25.369146
1.8083275 835.73439 687.55273 1873.6895 24.118405
1.8687888 798.55202 656.68306 1840.1207 22.918105
1.9312716 762.64179 626.89077 1806.9361 21.767041
1.9958435 727.98725 598.16016 1774.1457 20.663973
2.0625744 694.57079 570.47451 1741.7585 19.607633
2.1315364 662.37179 543.81491 1709.782 18.596727
2.2028042 631.3689 518.16184 1678.223 17.629942
2.2764547 601.53791 493.49375 1647.0868 16.705951
2.3525678 572.85506 469.78931 1616.3783 15.823419
2.4312258 545.294 447.02539 1586.1011 14.981008
2.5125136 518.82947 425.17957 1556.2584 14.177382
2.5965193 493.43302 404.22727 1526.8517 13.411211
2.6833337 469.0786 384.14549 1497.8829 12.681176
2.7730508 445.73676 364.90899 1469.352 11.985972
2.8657675 423.38065 346.49428 1441.2594 11.32431
2.9615842 401.9798 328.8755 1413.6036 10.694919
3.0606045 381.50769 312.02944 1386.3841 10.096552
3.1629356 361.93292 295.92977 1359.5982 9.5279825
3.2686881 343.22938 280.55367 1333.2446 8.9880095
3.3779764 325.36514 265.87462 1307.3195 8.4754587
3.4909188 308.31511 251.87068 1281.8212 7.9891827
3.6076374 292.04689 238.5152 1256.7449 7.5280633
3.7282585 276.53695 225.78749 1232.0888 7.0910113
3.8529125 261.7522 213.6607 1207.847 6.6769684
3.9817343 247.67145 202.11591 1184.0175 6.2849067
4.1148633 234.26127 191.12631 1160.5936 5.9138315
4.2524434 221.5033 180.67512 1137.5733 5.5627786
4.3946236 209.36254 170.73476 1114.9488 5.2308172
4.5415574 197.82425 161.29112 1092.7187 4.9170461
4.6934041 186.85107 152.31538 1070.8741 4.6205975
4.8503277 176.43349 143.79719 1049.4147 4.3406326
5.012498 166.53083 135.70586 1028.3294 4.0763468
5.1800905 157.14069 128.03604 1007.6198 3.8269635
5.3532864 148.21589 120.75314 987.27222 3.5917397
5.5322731 139.76424 113.85887 967.2913 3.3699574
5.7172442 131.72771 107.31197 947.65947 3.1609327
5.9083998 124.13042 101.12525 928.38616 2.9640032
6.1059467 116.89552 95.245611 909.44712 2.7785423
6.3100985 110.07413 89.704163 890.8603 2.6039393
6.5210762 103.55425 84.425393 872.58936 2.4396219
6.7391078 97.436932 79.473973 854.66832 2.2850238
6.9644294 91.540796 74.729914 837.0375 2.1396239
7.1972845 86.068647 70.325957 819.76458 2.002886
7.4379252 80.686802 66.044058 802.73953 1.8743332
7.6866116 75.842104 62.179644 786.11115 1.7534232
7.9436129 70.816457 58.266468 769.64223 1.6397079
8.2092069 66.797855 55.092381 753.72786 1.5325263
8.4836811 61.863027 51.410873 737.73278 1.4314158
8.7673323 60.644712 50.288623 723.19764 1.3351272
9.0604674 56.063235 47.130744 707.78429 1.2433974
9.3634034 102.01365 77.427907 709.39258 1.1525216
9.6764681 81.645425 65.848197 689.58218 0.94824642
10 -668.69407 -423.3851 428.15463 0.7348532
