2e-05 -3.4713665e-05 -1.6844569e-07 -4.211328e-08 1.2871529e-15
2.0668698e-05 -3.707269e-05 -1.8345826e-07 -4.5905209e-08 1.5034386e-15
2.1359755e-05 -3.9597369e-05 -2.0221563e-07 -5.0648161e-08 1.7621033e-15
2.2073916e-05 -4.2295615e-05 -2.23641e-07 -5.6089454e-08 2.0709897e-15
2.2811956e-05 -4.517694e-05 -2.4680662e-07 -6.193284e-08 2.4418141e-15
2.3574672e-05 -4.8254647e-05 -2.7225035e-07 -6.8289146e-08 2.8878548e-15
2.4362889e-05 -5.1542637e-05 -3.0051742e-07 -7.5358375e-08 3.42576e-15
2.5177461e-05 -5.5055352e-05 -3.3197364e-07 -8.3274353e-08 4.0761511e-15
2.6019267e-05 -5.8807891e-05 -3.6680909e-07 -9.2078288e-08 4.8647773e-15
2.6889219e-05 -6.2816368e-05 -4.0520258e-07 -1.0178488e-07 5.8216943e-15
2.7788258e-05 -6.7098087e-05 -4.47398e-07 -1.1242372e-07 6.9875188e-15
2.8717356e-05 -7.1671668e-05 -4.9374306e-07 -1.2406231e-07 8.4093953e-15
2.9677519e-05 -7.6557107e-05 -5.4468661e-07 -1.3680762e-07 1.0147545e-14
3.0669784e-05 -8.1775822e-05 -6.0075836e-07 -1.5079695e-07 1.2276431e-14
3.1695226e-05 -8.7350719e-05 -6.625574e-07 -1.6619182e-07 1.4888477e-14
3.2754954e-05 -9.3306273e-05 -7.3074577e-07 -1.8317304e-07 1.809866e-14
3.3850113e-05 -9.9668609e-05 -8.0603414e-07 -2.0193188e-07 2.2051138e-14
3.4981889e-05 -0.0001064656 -8.8917905e-07 -2.2266684e-07 2.6922029e-14
3.6151505e-05 -0.000113727 -9.8099702e-07 -2.455888e-07 3.2936521e-14
3.7360228e-05 -0.00012148458 -1.082363e-06 -2.7091756e-07 4.0370439e-14
3.8609364e-05 -0.00012977223 -1.1942158e-06 -2.9888312e-07 4.9585068e-14
3.9900265e-05 -0.00013862618 -1.317584e-06 -3.2973621e-07 6.0914794e-14
4.1234328e-05 -0.00014808511 -1.4535899e-06 -3.6374782e-07 7.4397298e-14
4.2612994e-05 -0.00015819034 -1.6034593e-06 -4.0121178e-07 9.0247495e-14
4.4037756e-05 -0.00016898605 -1.7685537e-06 -4.4245753e-07 1.0888745e-13
4.5510155e-05 -0.00018051947 -1.9503759e-06 -4.8785012e-07 1.3079783e-13
4.7031784e-05 -0.00019284104 -2.1505821e-06 -5.377924e-07 1.5655021e-13
4.8604288e-05 -0.00020600474 -2.3710208e-06 -5.9274037e-07 1.8681211e-13
5.0229368e-05 -0.00022006825 -2.6137344e-06 -6.5319992e-07 2.2237234e-13
5.1908783e-05 -0.00023509325 -2.8809829e-06 -7.1973279e-07 2.6415567e-13
5.3644349e-05 -0.00025114567 -3.1752835e-06 -7.9297119e-07 3.1325417e-13
5.5437944e-05 -0.00026829604 -3.4994104e-06 -8.7361153e-07 3.7094835e-13
5.7291507e-05 -0.00028661973 -3.8564377e-06 -9.6242848e-07 4.3874701e-13
5.9207044e-05 -0.00030619736 -4.2497748e-06 -1.0602858e-06 5.1842182e-13
6.1186627e-05 -0.00032711511 -4.6831719e-06 -1.1681298e-06 6.1206161e-13
6.3232397e-05 -0.00034946513 -5.160782e-06 -1.2870117e-06 7.2211754e-13
6.5346567e-05 -0.00037334596 -5.6871886e-06 -1.4180914e-06 8.514741e-13
6.7531425e-05 -0.00039886293 -6.2674396e-06 -1.5626428e-06 1.0035249e-12
6.9789332e-05 -0.00042612868 -6.907116e-06 -1.7220762e-06 1.1822583e-12
7.2122733e-05 -0.00045526365 -7.6123498e-06 -1.8979345e-06 1.3923641e-12
7.4534151e-05 -0.0004863966 -8.3899115e-06 -2.0919214e-06 1.6393569e-12
7.7026195e-05 -0.00051966522 -9.2472658e-06 -2.3059134e-06 1.9297201e-12
7.9601559e-05 -0.00055521671 -1.0192607e-05 -2.5419608e-06 2.2710813e-12
8.2263031e-05 -0.0005932085 -1.1234996e-05 -2.8023357e-06 2.6724051e-12
8.5013489e-05 -0.00063380889 -1.2384384e-05 -3.0895235e-06 3.1442291e-12
8.7855908e-05 -0.00067719787 -1.3651731e-05 -3.4062591e-06 3.698952e-12
9.0793364e-05 -0.00072356793 -1.504913e-05 -3.7555616e-06 4.3511477e-12
9.3829033e-05 -0.00077312486 -1.658986e-05 -4.1407355e-06 5.1179493e-12
9.6966199e-05 -0.00082608878 -1.8288573e-05 -4.5654315e-06 6.019505e-12
0.00010020826 -0.00088269511 -2.0161395e-05 -5.0336619e-06 7.079499e-12
0.00010355871 -0.00094319559 -2.2226077e-05 -5.5498428e-06 8.3257929e-12
0.00010702119 -0.0010078595 -2.450219e-05 -6.1188433e-06 9.7911281e-12
0.00011059943 -0.0010769749 -2.701127e-05 -6.7460194e-06 1.1514013e-11
0.00011429732 -0.0011508499 -2.9777051e-05 -7.437278e-06 1.3539719e-11
0.00011811884 -0.001229814 -3.2825669e-05 -8.1991211e-06 1.5921477e-11
0.00012206813 -0.0013142199 -3.6185947e-05 -9.0387277e-06 1.8721873e-11
0.00012614947 -0.0014044448 -3.9889601e-05 -9.9639928e-06 2.2014499e-11
0.00013036727 -0.0015008922 -4.3971609e-05 -1.0983636e-05 2.5885862e-11
0.00013472609 -0.0016039941 -4.8470507e-05 -1.2107261e-05 3.0437699e-11
0.00013923064 -0.0017142126 -5.3428765e-05 -1.3345461e-05 3.5789608e-11
0.00014388581 -0.0018320422 -5.8893186e-05 -1.4709919e-05 4.2082216e-11
0.00014869662 -0.0019580122 -6.4915326e-05 -1.6213498e-05 4.9480852e-11
0.00015366828 -0.002092689 -7.1552062e-05 -1.7870415e-05 5.8179917e-11
0.00015880617 -0.0022366791 -7.8866017e-05 -1.9696306e-05 6.8407951e-11
0.00016411584 -0.0023906314 -8.692628e-05 -2.1708448e-05 8.0433674e-11
0.00016960304 -0.0025552407 -9.5808911e-05 -2.3925854e-05 9.4572998e-11
0.0001752737 -0.002731251 -0.0001055978 -2.6369508e-05 1.1119737e-10
0.00018113397 -0.0029194586 -0.00011638542 -2.906254e-05 1.3074347e-10
0.00018719017 -0.0031207164 -0.00012827362 -3.203043e-05 1.5372473e-10
0.00019344885 -0.0033359375 -0.00014137472 -3.5301289e-05 1.8074474e-10
0.0001999168 -0.0035660997 -0.00015581239 -3.8906051e-05 2.1251316e-10
0.000206601 -0.0038122506 -0.000171723 -4.2878858e-05 2.4986426e-10
0.00021350869 -0.0040755116 -0.00018925675 -4.725728e-05 2.937789e-10
0.00022064734 -0.0043570846 -0.00020857926 -5.2082781e-05 3.4541015e-10
0.00022802466 -0.0046582564 -0.00022987285 -5.7400961e-05 4.0611364e-10
0.00023564865 -0.004980406 -0.00025333848 -6.3262116e-05 4.77483e-10
0.00024352755 -0.0053250106 -0.00027919745 -6.9721609e-05 5.6139171e-10
0.00025166987 -0.005693653 -0.00030769374 -7.6840471e-05 6.6004218e-10
0.00026008443 -0.0060880294 -0.00033909593 -8.4685894e-05 7.7602348e-10
0.00026878033 -0.0065099572 -0.00037369984 -9.3331858e-05 9.1237915e-10
0.00027776698 -0.0069613843 -0.00041183142 -0.0001028599 1.0726869e-09
0.0002870541 -0.0074443983 -0.00045384955 -0.00011335975 1.2611525e-09
0.00029665173 -0.0079612373 -0.00050014954 -0.00012493028 1.4827195e-09
0.00030657026 -0.0085142998 -0.0005511666 -0.00013768029 1.7431989e-09
0.00031682041 -0.009106158 -0.00060738027 -0.00015172973 2.0494214e-09
0.00032741328 -0.009739569 -0.00066931812 -0.00016721048 2.4094155e-09
0.00033836031 -0.01041749 -0.00073756143 -0.00018426791 2.832618e-09
0.00034967337 -0.01114309 -0.00081274993 -0.00020306195 3.3301204e-09
0.00036136467 -0.011919772 -0.00089558822 -0.00022376883 3.9149589e-09
0.00037344687 -0.012751182 -0.00098685171 -0.00024658241 4.6024546e-09
0.00038593303 -0.013641232 -0.001087394 -0.0002717162 5.410614e-09
0.00039883667 -0.01459412 -0.0011981547 -0.00029940517 6.3605987e-09
0.00041217175 -0.015614348 -0.0013201684 -0.00032990809 7.4772775e-09
0.00042595268 -0.016706749 -0.0014545734 -0.00036350968 8.7898746e-09
0.00044019437 -0.017876509 -0.0016026223 -0.00040052331 1.0332732e-08
0.00045491223 -0.019129191 -0.0017656937 -0.00044129388 1.2146203e-08
0.00047012219 -0.02047077 -0.0019453049 -0.00048620103 1.4277702e-08
0.00048584069 -0.021907658 -0.0021431255 -0.00053566254 1.6782942e-08
0.00050208473 -0.023446739 -0.0023609913 -0.00059013783 1.9727378e-08
0.00051887189 -0.025095403 -0.0026009226 -0.00065013253 2.3187911e-08
0.00053622034 -0.026861588 -0.0028651424 -0.00071620305 2.7254881e-08
0.00055414882 -0.028753817 -0.0031560951 -0.0007889613 3.2034417e-08
0.00057267674 -0.030781244 -0.0034764682 -0.00086908004 3.7651181e-08
0.00059182414 -0.032953704 -0.0038292187 -0.00095729963 4.4251602e-08
0.00061161174 -0.035281758 -0.0042175975 -0.0010544339 5.2007662e-08
0.00063206093 -0.037776757 -0.0046451785 -0.0011613778 6.1121344e-08
0.00065319383 -0.040450893 -0.00511589 -0.0012791148 7.182985e-08
0.00067503332 -0.04331727 -0.0056340497 -0.0014087262 8.441172e-08
0.00069760301 -0.046389969 -0.006204404 -0.0015514004 9.919401e-08
0.00072092731 -0.049684126 -0.0068321692 -0.0017084437 1.1656072e-07
0.00074503145 -0.053216008 -0.0075230736 -0.0018812904 1.3696265e-07
0.00076994152 -0.057003101 -0.0082834115 -0.0020715168 1.6092901e-07
0.00079568446 -0.061064205 -0.0091200976 -0.002280854 1.8908098e-07
0.0008222881 -0.065419534 -0.010040724 -0.0025112034 2.2214759e-07
0.00084978124 -0.070090817 -0.011053627 -0.0027646519 2.6098445e-07
0.00087819361 -0.075101425 -0.01216796 -0.0030434912 3.0659554e-07
0.00090755594 -0.080476488 -0.013393768 -0.0033502362 3.6015883e-07
0.00093790001 -0.086243036 -0.014742081 -0.0036876477 4.2305632e-07
0.00096925862 -0.092430131 -0.016224988 -0.0040587521 4.9690914e-07
0.0010016657 -0.099069039 -0.017855764 -0.0044668711 5.8361874e-07
0.0010351563 -0.10619339 -0.019648964 -0.0049156477 6.8541504e-07
0.0010697667 -0.11383936 -0.021620554 -0.0054090762 8.0491285e-07
0.0011055343 -0.12204586 -0.023788026 -0.0059515326 9.4517791e-07
0.0011424977 -0.13085476 -0.026170561 -0.0065478149 1.1098041e-06
0.001180697 -0.14031108 -0.028789186 -0.0072031809 1.3030039e-06
0.0012201735 -0.15046322 -0.031666834 -0.007923365 1.5297139e-06
0.0012609699 -0.16136334 -0.034828783 -0.0087146848 1.7957187e-06
0.0013031304 -0.17306757 -0.03830273 -0.0095840623 2.107795e-06
0.0013467004 -0.18563616 -0.0421188 -0.010539022 2.4738808e-06
0.0013917273 -0.19913402 -0.046310089 -0.01158783 2.9032726e-06
0.0014382595 -0.21363094 -0.050912758 -0.012739514 3.406856e-06
0.0014863476 -0.22920201 -0.055966363 -0.014003942 3.9973748e-06
0.0015360436 -0.24592799 -0.061514157 -0.015391905 4.6897455e-06
0.0015874011 -0.26389575 -0.067603407 -0.016915185 5.5014236e-06
0.0016404757 -0.2831987 -0.074285731 -0.018586644 6.4528317e-06
0.0016953249 -0.3039373 -0.081617489 -0.020420315 7.5678583e-06
0.0017520079 -0.32621956 -0.08966022 -0.022431511 8.87444e-06
0.0018105862 -0.35016162 -0.098481085 -0.024636934 1.0405239e-05
0.001871123 -0.37588831 -0.1081533 -0.027054775 1.2198432e-05
0.0019336838 -0.4035338 -0.1187567 -0.029704849 1.4298633e-05
0.0019983364 -0.43324228 -0.13037831 -0.03260874 1.6757959e-05
0.0020651506 -0.46516867 -0.14311285 -0.035789916 1.9637282e-05
0.0021341987 -0.49947935 -0.1570635 -0.039273903 2.3007669e-05
0.0022055555 -0.53635304 -0.17234246 -0.043088436 2.6952077e-05
0.0022792981 -0.5759816 -0.18907182 -0.047263638 3.15673e-05
0.0023555062 -0.61857099 -0.20738427 -0.051832209 3.6966248e-05
0.0024342624 -0.66434217 -0.22742384 -0.056829582 4.3280582e-05
0.0025156518 -0.71353221 -0.24934702 -0.062294184 5.0663778e-05
0.0025997624 -0.76639527 -0.27332349 -0.068267598 5.9294673e-05
0.0026866852 -0.82320382 -0.29953723 -0.074794818 6.9381581e-05
0.0027765143 -0.88424982 -0.32818767 -0.081924493 8.1167055e-05
0.0028693469 -0.94984598 -0.35949065 -0.08970915 9.4933404e-05
0.0029652833 -1.020327 -0.39367967 -0.098205448 0.00011100907
0.0030644273 -1.096051 -0.4310072 -0.10747446 0.00012977602
0.0031668862 -1.1774011 -0.47174592 -0.11758192 0.00015167824
0.0032727708 -1.2647866 -0.51619017 -0.12859855 0.0001772316
0.0033821956 -1.3586448 -0.56465737 -0.14060028 0.00020703519
0.003495279 -1.4594425 -0.6174893 -0.15366853 0.00024178441
0.0036121434 -1.5676774 -0.67505374 -0.16789047 0.00028228609
0.0037329151 -1.6838818 -0.73774861 -0.18335996 0.00032947577
0.0038577249 -1.8086197 -0.80599685 -0.20017612 0.00038443775
0.0039867076 -1.942491 -0.88025218 -0.21844462 0.00044842801
0.0041200028 -2.0861367 -0.96100529 -0.238279 0.00052290055
0.0042577548 -2.2402356 -1.048778 -0.259799 0.00060953759
0.0044001125 -2.4055082 -1.1441287 -0.28313171 0.00071028426
0.0045472299 -2.5827183 -1.2476536 -0.30841151 0.00082738821
0.0046992662 -2.772674 -1.3599875 -0.33578002 0.000963445
0.0048563858 -2.9762298 -1.4818059 -0.36538613 0.0011214499
0.0050187587 -3.1942878 -1.6138264 -0.39738604 0.0013048572
0.0051865605 -3.4277993 -1.7568101 -0.431943 0.0015176475
0.0053599727 -3.6777648 -1.9115618 -0.46922677 0.0017644045
0.005539183 -3.9452364 -2.0789323 -0.50941365 0.0020504025
0.0057243851 -4.2313165 -2.2598173 -0.55268534 0.0023817057
0.0059157795 -4.5371587 -2.455158 -0.59922829 0.0027652808
0.0061135731 -4.8639686 -2.6659425 -0.64923301 0.0032091241
0.0063179799 -5.2129981 -2.893199 -0.70289141 0.0037224066
0.0065292211 -5.5855535 -3.1380068 -0.76039811 0.0043156363
0.0067475251 -5.982985 -3.4014828 -0.82194584 0.0050008422
0.0069731281 -6.4066839 -3.68478 -0.88772336 0.0057917812
0.0072062741 -6.8580839 -3.9890896 -0.95791424 0.0067041707
0.0074472153 -7.3386532 -4.3156326 -1.0326927 0.0077559493
0.0076962123 -7.8498875 -4.6656533 -1.11222 0.0089675686
0.0079535346 -8.3933053 -5.040415 -1.1966403 0.01036232
0.0082194604 -8.9704346 -5.4411861 -1.2860751 0.011966697
0.0084942774 -9.5828059 -5.8692346 -1.3806182 0.013810802
0.0087782829 -10.23194 -6.3258162 -1.4803296 0.015928791
0.0090717841 -10.919321 -6.8121439 -1.5852238 0.018359375
0.0093750985 -11.646396 -7.3293957 -1.6952681 0.021146363
0.0096885541 -12.41455 -7.8786846 -1.8103697 0.024339266
0.01001249 -13.225075 -8.4610296 -1.9303641 0.027993955
0.010347257 -14.079149 -9.0773345 -2.0550041 0.032173382
0.010693217 -14.977805 -9.7283621 -2.1839474 0.036948365
0.011050744 -15.921896 -10.414697 -2.3167404 0.042398434
0.011420224 -16.912052 -11.1367 -2.4528014 0.048612743
0.011802059 -17.94865 -11.894493 -2.5914074 0.055691053
0.01219666 -19.031762 -12.687898 -2.7316723 0.063744768
0.012604454 -20.161086 -13.516377 -2.8725235 0.072898042
0.013025883 -21.335905 -14.378986 -3.012682 0.083288931
0.013461402 -22.555012 -15.274321 -3.1506385 0.095070592
0.013911483 -23.816662 -16.200463 -3.2846318 0.10841252
0.014376612 -25.118471 -17.154884 -3.4126162 0.1235018
0.014857293 -26.457341 -18.134386 -3.5322353 0.14054433
0.015354046 -27.829394 -19.135042 -3.6407992 0.15976607
0.015867407 -29.229866 -20.152104 -3.7352514 0.18141418
0.016397933 -30.653017 -21.179917 -3.8121406 0.20575807
0.016946196 -32.092052 -22.21187 -3.8675986 0.23309031
0.017512791 -33.539017 -23.2403 -3.8973105 0.26372732
0.01809833 -34.984705 -24.256418 -3.8964912 0.29800984
0.018703446 -36.418594 -25.250274 -3.8598716 0.33630302
0.019328794 -37.828757 -26.210686 -3.7816803 0.37899609
0.019975051 -39.201798 -27.125205 -3.655634 0.42650157
0.020642915 -40.522827 -27.980116 -3.4749416 0.4792538
0.021333109 -41.775458 -28.760465 -3.2323155 0.53770684
0.02204638 -42.941811 -29.450087 -2.9199887 0.6023315
0.022783499 -44.002569 -30.031686 -2.5297466 0.67361142
0.023545264 -44.937125 -30.487007 -2.0529851 0.75203821
0.024332498 -45.723709 -30.796977 -1.4807649 0.83810538
0.025146053 -46.339672 -30.941996 -0.80390648 0.93230111
0.025986809 -46.761765 -30.902209 -0.013083063 1.0350997
0.026855676 -46.966548 -30.657901 0.90105435 1.1469521
0.027753593 -46.930899 -30.189965 1.947732 1.2682745
0.028681533 -46.632609 -29.48044 3.1358914 1.3994367
0.029640497 -46.051022 -28.513063 4.4740225 1.5407489
0.030631525 -45.16776 -27.273891 5.9699846 1.6924486
0.031655688 -43.967711 -25.752137 7.6307812 1.8546864
0.032714093 -42.439754 -23.940728 9.4624034 2.0275127
0.033807886 -40.577793 -21.837136 11.469622 2.2108656
0.03493825 -38.381673 -19.444063 13.655826 2.4045603
0.036106408 -35.858046 -16.77005 16.022886 2.6082813
0.037313623 -33.021017 -13.829876 18.571092 2.8215787
0.038561201 -29.892937 -10.645065 21.299076 3.0438698
0.039850492 -26.504495 -7.2437496 24.203912 3.2744465
0.04118289 -22.894762 -3.6605032 27.281229 3.5124913
0.042559836 -19.110731 0.064262718 30.525452 3.7571016
0.043982821 -15.206105 3.8855467 33.930193 4.0073248
0.045453383 -11.239707 7.7552647 37.488715 4.2622039
0.046973113 -7.2726466 11.624785 41.194618 4.520836
0.048543656 -3.3649086 15.447849 45.042593 4.7824411
0.050166709 0.42931627 19.184441 49.029361 5.0464441
0.051844029 4.0676269 22.805624 53.154763 5.312565
0.05357743 7.5262582 26.298885 57.422891 5.580918
0.055368787 10.808726 29.67476 61.843397 5.8521118
0.057220038 13.9543 32.973022 66.432584 6.1273479
0.059133186 17.047488 36.269452 71.21448 6.4085058
0.061110299 20.226727 39.681661 76.221552 6.6982041
0.063153517 23.690871 43.372869 81.494828 6.9998223
0.06526505 27.701451 47.552111 87.083129 7.3174655
0.067447182 32.578671 52.469396 93.041148 7.6558514
0.069702273 38.688565 58.403997 99.426072 8.0200985
0.072032763 46.419554 65.644819 106.29264 8.4154015
0.074441173 56.146594 74.461749 113.68658 8.8465828
0.076930107 68.184029 85.06929 121.63682 9.3175281
0.07950226 82.730106 97.585093 130.14728 9.8305339
0.082160411 99.81012 111.98903 139.18938 10.38562
0.084907438 119.2261 128.08888 148.69682 10.979888
0.087746312 140.52331 145.50013 158.56395 11.607035
0.090680103 162.98541 163.64857 168.6493 12.257128
0.093711985 185.66421 181.79896 178.78479 12.916767
0.096845238 207.44821 199.11214 188.79031 13.569701
0.10008325 227.16858 214.72825 198.49276 14.197939
0.10342953 243.7352 227.86941 207.74743 14.783331
0.10688768 256.29569 237.95591 216.45998 15.309506
0.11046147 264.40582 244.72628 224.60662 15.764023
0.11415474 268.19489 248.34915 232.25012 16.140503
0.11797149 268.50188 249.50937 239.5486 16.44045
0.12191586 266.92979 249.43119 246.75087 16.674399
0.1259921 265.75958 249.79861 254.17223 16.861935
0.13020464 267.65265 252.52573 262.14407 17.030111
0.13455802 275.12795 259.37253 270.93884 17.209965
0.13905696 289.87722 271.45739 280.68281 17.431181
0.14370632 312.10695 288.80451 291.28368 17.715636
0.14851113 340.15526 310.10197 302.4053 18.071243
0.15347659 370.60495 332.82019 313.51307 18.487952
0.15860806 398.9561 353.72382 323.98905 18.937626
0.16391111 420.72388 369.66838 333.28839 19.378627
0.16939147 432.68467 378.47706 341.09308 19.764667
0.17505506 433.97351 379.68499 347.42301 20.05619
0.18090801 426.7395 374.95028 352.67316 20.231608
0.18695665 416.03459 367.91722 357.54925 20.295144
0.19320753 408.61038 363.32525 362.87864 20.277955
0.19966741 410.43752 365.25929 369.29287 20.230234
0.20634328 424.18844 375.42634 376.94664 20.204835
0.21324235 447.13755 391.76755 385.32821 20.237228
0.22037209 472.16982 409.24714 393.46375 20.330226
0.22774021 490.61896 421.87633 400.31751 20.451657
0.23535469 496.53522 425.66153 405.30158 20.547877
0.24322375 489.80135 420.68559 408.57871 20.568379
0.25135592 476.67238 411.37669 411.02284 20.490546
0.25975999 466.85322 404.41626 413.79113 20.331597
0.26844504 467.79017 404.81184 417.64119 20.139216
0.27742048 479.46908 412.41148 422.39754 19.963512
0.28669601 494.19373 421.86975 427.04765 19.826335
0.29628167 501.91408 426.35857 430.44465 19.708834
0.30618783 497.9452 422.80043 432.17831 19.567413
0.31642519 486.40985 414.10389 432.85713 19.367526
0.32700484 476.88342 406.78534 433.60989 19.109723
0.33793822 475.98336 405.2576 435.10764 18.826543
0.34923716 481.21139 407.75033 436.9563 18.552328
0.36091388 483.92292 408.41461 438.14839 18.293319
0.37298101 478.5976 403.58847 438.13246 18.026751
0.3854516 468.39603 395.46073 437.35034 17.728701
0.39833914 460.84267 389.09186 436.65888 17.399888
0.41165758 458.59009 386.2221 436.3027 17.061372
0.42542132 456.80728 383.59221 435.7082 16.727814
0.43964524 450.49775 377.88067 434.34711 16.392797
0.45434475 441.22416 370.16319 432.4402 16.043045
0.46953573 433.77447 363.63893 430.52792 15.678581
0.48523462 428.60087 358.59589 428.64258 15.310358
0.5014584 422.11983 352.64832 426.38871 14.943092
0.51822462 413.36419 345.16727 423.68239 14.571786
0.53555142 404.93718 337.88984 420.82529 14.193984
0.55345754 397.6427 331.34829 417.90694 13.814151
0.57196235 389.64444 324.32738 414.73097 13.435239
0.59108587 380.70001 316.67299 411.28332 13.055755
0.61084878 372.13441 309.26588 407.71903 12.675644
0.63127246 363.74868 301.97676 404.02338 12.297143
0.652379 354.83143 294.3391 400.12725 11.920955
0.67419124 345.89011 286.69134 396.0956 11.546949
0.69673277 337.05379 279.12173 391.95154 11.176055
0.72002798 328.10839 271.49176 387.68005 10.809077
0.74410206 319.09984 263.8345 383.29513 10.446282
0.76898105 310.09585 256.19774 378.81302 10.088121
0.79469187 301.13615 248.60997 374.24473 9.7351312
0.82126233 292.22653 241.07686 369.59737 9.3878107
0.84872117 283.37323 233.60437 364.8791 9.0465934
0.8770981 274.58512 226.20006 360.09844 8.7117962
0.9064238 265.87461 218.87379 355.26436 8.3836991
0.93673001 257.25302 211.63461 350.38528 8.0625437
0.96804951 248.73214 204.49175 345.46918 7.7485445
1.0004162 240.3276 197.45675 340.5238 7.4419017
1.033865 232.05374 190.54007 335.55626 7.1428001
1.0684322 223.92144 183.74967 330.5732 6.8514008
1.1041551 215.93454 177.08877 325.58061 6.5678223
1.1410725 208.09617 170.56008 320.58445 6.2921369
1.1792242 200.41075 164.16707 315.59051 6.0243822
1.2186514 192.88729 157.91614 310.60447 5.7645797
1.2593969 185.5339 151.81287 305.63137 5.5127429
1.3015048 178.35643 145.86123 300.67586 5.2688706
1.3450205 171.35582 140.06189 295.7421 5.032936
1.3899911 164.53239 134.41502 290.83419 4.8048826
1.4364654 157.88682 128.92103 285.95598 4.5846316
1.4844935 151.42267 123.5821 281.11113 4.372093
1.5341274 145.14283 118.39985 276.3028 4.1671712
1.5854208 139.04889 113.37499 271.53382 3.9697621
1.6384293 133.13965 108.50628 266.80671 3.7797477
1.69321 127.41349 103.79221 262.12394 3.5969941
1.7498223 121.86875 99.231187 257.48781 3.421355
1.8083275 116.50459 94.822117 252.90046 3.2526768
1.8687888 111.3197 90.563554 248.36371 3.0908012
1.9312716 106.3123 86.453704 243.87913 2.9355656
1.9958435 101.4801 82.490399 239.44806 2.7868029
2.0625744 96.820642 78.671326 235.07171 2.6443419
2.1315364 92.331044 74.993876 230.75107 2.5080082
2.2028042 88.008317 71.455342 226.48705 2.3776249
2.2764547 83.84907 68.052742 222.28036 2.2530129
2.3525678 79.849982 64.783125 218.13167 2.1339922
2.4312258 76.007367 61.643296 214.04143 2.0203823
2.5125136 72.317704 58.630157 210.01007 1.9120031
2.5965193 68.777021 55.740314 206.0378 1.8086752
2.6833337 65.381673 52.970585 202.12486 1.7102208
2.7730508 62.12754 50.31748 198.27123 1.6164638
2.8657675 59.010867 47.777746 194.47698 1.5272303
2.9615842 56.027404 45.34782 190.7419 1.442349
3.0606045 53.17346 43.024502 187.0659 1.3616515
3.1629356 50.444661 40.804161 183.44861 1.2849726
3.2686881 47.837356 38.683643 179.88984 1.2121504
3.3779764 45.347086 36.659285 176.38909 1.1430263
3.4909188 42.970338 34.728048 172.9461 1.0774458
3.6076374 40.702598 32.886262 169.56023 1.0152579
3.7282585 38.540594 31.131074 166.23121 0.95631587
3.8529125 36.479721 29.458788 162.95826 0.9004769
3.9817343 34.517014 27.866787 159.74109 0.84760244
4.1148633 32.647795 26.351364 156.57878 0.7975583
4.2524434 30.869488 24.910186 153.47108 0.75021442
4.3946236 29.177218 23.539463 150.41692 0.70544522
4.5415574 27.568942 22.237248 147.41612 0.66312917
4.6934041 26.039469 20.999584 144.46745 0.62314926
4.8503277 24.587462 19.825027 141.57085 0.58539242
5.012498 23.207242 18.709351 138.72485 0.54975014
5.1800905 21.89846 17.651797 135.92964 0.51611765
5.3532864 20.654545 16.647612 133.18339 0.48439474
5.5322731 19.476585 15.697017 130.4867 0.45448458
5.7172442 18.356502 14.794346 127.8372 0.42629493
5.9083998 17.297645 13.941338 125.23616 0.39973648
6.1059467 16.289314 13.130706 122.68031 0.37472472
6.3100985 15.338619 12.366697 120.17205 0.35117729
6.5210762 14.429968 11.638955 117.70649 0.32901701
6.7391078 13.577415 10.956326 115.28821 0.3081675
6.9644294 12.755713 10.30236 112.90917 0.28855849
7.1972845 11.993076 9.6952332 110.57848 0.27011763
7.4379252 11.243078 9.1050763 108.28131 0.25278062
7.6866116 10.567895 8.5723616 106.0377 0.23647434
7.9436129 9.8676101 8.0332239 103.81568 0.22113837
8.2092069 9.3075083 7.5955933 101.66852 0.20668357
8.4836811 8.6199863 7.0887428 99.510568 0.19304754
8.7673323 8.4496288 6.932824 97.549613 0.1800618
9.0604674 7.8114039 6.4985053 95.470343 0.16769086
9.3634034 14.204104 10.647877 95.686967 0.15543504
9.6764681 11.370067 9.0650933 93.015802 0.12788525
10 -93.029396 -57.947308 57.758643 0.099105661
