-29.587259 -30.07065 -11.654218 0.040939968
-0.81039364 -1.9715188 -3.3886437 0.044858252
6.6391833 6.6372699 -0.7719722 0.059568099
2.1891341 2.5292023 -2.6247369 0.075335207
-0.91485916 -0.42934132 -4.3205856 0.092888061
-4.0017781 -3.230246 -5.9211285 0.1159081
-7.4105449 -6.3087699 -7.6401534 0.14512716
-11.159097 -9.6505317 -9.4548391 0.18256441
-15.256586 -13.26535 -11.368364 0.23060501
-19.702257 -17.134381 -13.361754 0.29248776
-24.479962 -21.227116 -15.41103 0.37242025
-29.564941 -25.494364 -17.476749 0.47596631
-34.912811 -29.861749 -19.502593 0.61044837
-40.460755 -34.222993 -21.407583 0.78556237
-46.111984 -38.419235 -23.072202 1.0149862
-51.775408 -42.298797 -24.379769 1.3100231
-57.479867 -45.909777 -25.362699 1.6596502
-63.211287 -49.233458 -26.011652 2.0595646
-68.892318 -52.151785 -26.247072 2.5156129
-74.440989 -54.542636 -25.987845 3.0330833
-79.767006 -56.274043 -25.147666 3.6172225
-84.773048 -57.205544 -23.635703 4.2731306
-89.35642 -57.192854 -21.35937 5.0055472
-93.424435 -56.114118 -18.235842 5.8185902
-96.890984 -53.862423 -14.189659 6.7154578
-99.676552 -50.342274 -9.1518561 7.6981138
-101.71088 -45.472755 -3.0622492 8.7669746
-102.93884 -39.198774 4.1247516 9.920618
-103.36004 -31.556324 12.412827 11.155559
-103.01344 -22.643391 21.775517 12.466167
-101.96747 -12.599008 32.164878 13.844757
-100.32102 -1.6031838 43.511631 15.281796
-98.203481 10.123113 55.725643 16.766369
-95.774503 22.317883 68.697543 18.287074
-93.221305 34.682454 82.30292 19.833317
-90.745756 46.903228 96.413781 21.396832
-88.462047 58.813276 110.96478 22.973485
-86.423731 70.343899 125.93703 24.565421
-84.5377 81.653647 141.41136 26.183429
-82.529818 93.173501 157.58748 27.849055
-79.875494 105.70527 174.82088 29.595909
-75.785148 120.43145 193.62223 31.469608
-69.219967 138.87954 214.63503 33.525603
-58.981667 162.77407 238.56498 35.823949
-43.89589 193.75275 266.05302 38.420399
-23.084906 232.95576 297.49766 41.353915
3.7028328 280.54478 332.85351 44.631771
35.786744 335.27184 371.45725 48.21515
71.371121 394.25066 411.94602 52.009418
107.607 453.09962 452.3354 55.864396
140.96067 506.54526 490.28473 59.588606
167.84666 549.39341 523.50864 62.979364
185.44358 577.75154 550.25678 65.865331
192.58945 590.30937 569.79133 68.153762
190.34341 589.10523 582.55807 69.868674
182.20279 579.67982 590.09205 71.158677
172.03961 567.91341 593.24873 72.268336
162.72671 557.41127 591.23128 73.421628
162.96352 558.53032 589.06503 75.332565
181.86007 580.70134 596.34631 80.8149
