2e-05 -7.5642487e-06 -3.7123967e-08 -9.3885848e-09 2.8645277e-16
2.0668698e-05 -8.0783066e-06 -4.0433544e-08 -1.0233936e-08 3.3465982e-16
2.1359755e-05 -8.6284555e-06 -4.4567497e-08 -1.1291312e-08 3.9218e-16
2.2073916e-05 -9.2164246e-06 -4.9289039e-08 -1.2504387e-08 4.6101331e-16
2.2811956e-05 -9.8442908e-06 -5.4394384e-08 -1.3807085e-08 5.4356674e-16
2.3574672e-05 -1.0514952e-05 -6.0001917e-08 -1.5224137e-08 6.4289391e-16
2.4362889e-05 -1.1231436e-05 -6.623161e-08 -1.6800116e-08 7.6262202e-16
2.5177461e-05 -1.199689e-05 -7.3163936e-08 -1.8564888e-08 9.0731126e-16
2.6019267e-05 -1.2814606e-05 -8.0840837e-08 -2.0527614e-08 1.0828853e-15
2.6889219e-05 -1.3688094e-05 -8.9301892e-08 -2.2691573e-08 1.2959906e-15
2.7788258e-05 -1.4621128e-05 -9.8600928e-08 -2.5063359e-08 1.5554805e-15
2.8717356e-05 -1.5617763e-05 -1.0881468e-07 -2.7658031e-08 1.8719879e-15
2.9677519e-05 -1.6682359e-05 -1.2004202e-07 -3.049943e-08 2.2589793e-15
3.0669784e-05 -1.7819583e-05 -1.323997e-07 -3.3618177e-08 2.7328525e-15
3.1695226e-05 -1.9034426e-05 -1.4601965e-07 -3.7050247e-08 3.3142432e-15
3.2754954e-05 -2.0332222e-05 -1.6104775e-07 -4.0836003e-08 4.0288662e-15
3.3850113e-05 -2.1718664e-05 -1.7764054e-07 -4.5018033e-08 4.908669e-15
3.4981889e-05 -2.3199827e-05 -1.9596473e-07 -4.9640641e-08 5.9930817e-15
3.6151505e-05 -2.4782197e-05 -2.1620031e-07 -5.4750787e-08 7.331798e-15
3.7360228e-05 -2.6472694e-05 -2.3854007e-07 -6.0397517e-08 8.9867233e-15
3.8609364e-05 -2.8278707e-05 -2.6319093e-07 -6.6632093e-08 1.1038092e-14
3.9900265e-05 -3.020813e-05 -2.9037956e-07 -7.3510383e-08 1.3560226e-14
4.1234328e-05 -3.2269395e-05 -3.2035349e-07 -8.1092852e-08 1.6561495e-14
4.2612994e-05 -3.4471508e-05 -3.5338288e-07 -8.9444981e-08 2.0089824e-14
4.4037756e-05 -3.6824097e-05 -3.8976773e-07 -9.8640196e-08 2.4239192e-14
4.5510155e-05 -3.9337454e-05 -4.298395e-07 -1.0875993e-07 2.9116878e-14
4.7031784e-05 -4.2022576e-05 -4.7396307e-07 -1.1989394e-07 3.4849426e-14
4.8604288e-05 -4.4891224e-05 -5.2254597e-07 -1.3214394e-07 4.1586062e-14
5.0229368e-05 -4.7955973e-05 -5.7603836e-07 -1.4562267e-07 4.9502127e-14
5.1908783e-05 -5.1230262e-05 -6.3493826e-07 -1.6045537e-07 5.8803627e-14
5.3644349e-05 -5.4728468e-05 -6.9980049e-07 -1.76783e-07 6.9733225e-14
5.5437944e-05 -5.8465955e-05 -7.7123659e-07 -1.9476085e-07 8.2576475e-14
5.7291507e-05 -6.2459156e-05 -8.4992384e-07 -2.1456156e-07 9.7669129e-14
5.9207044e-05 -6.6725643e-05 -9.3661368e-07 -2.3637772e-07 1.1540568e-13
6.1186627e-05 -7.1284196e-05 -1.0321326e-06 -2.604203e-07 1.3625077e-13
6.3232397e-05 -7.6154904e-05 -1.1373959e-06 -2.8692369e-07 1.6075037e-13
6.5346567e-05 -8.1359242e-05 -1.2534137e-06 -3.1614649e-07 1.8954677e-13
6.7531425e-05 -8.6920169e-05 -1.3812985e-06 -3.4837263e-07 2.2339501e-13
6.9789332e-05 -9.2862241e-05 -1.5222804e-06 -3.8391666e-07 2.6318305e-13
7.2122733e-05 -9.9211705e-05 -1.6777109e-06 -4.2312249e-07 3.0995451e-13
7.4534151e-05 -0.00010599663 -1.8490818e-06 -4.6636991e-07 3.6493799e-13
7.7026195e-05 -0.00011324703 -2.0380383e-06 -5.140773e-07 4.2957651e-13
7.9601559e-05 -0.00012099498 -2.2463866e-06 -5.6670178e-07 5.0556748e-13
8.2263031e-05 -0.00012927482 -2.476124e-06 -6.2474995e-07 5.9490655e-13
8.5013489e-05 -0.00013812321 -2.7294432e-06 -6.8877589e-07 6.9994101e-13
8.7855908e-05 -0.00014757941 -3.0087605e-06 -7.5938939e-07 8.2342923e-13
9.0793364e-05 -0.00015768536 -3.3167408e-06 -8.3726349e-07 9.6861635e-13
9.3829033e-05 -0.00016848593 -3.6563108e-06 -9.231349e-07 1.1393163e-12
9.6966199e-05 -0.00018002911 -4.0307009e-06 -1.0178178e-06 1.3400145e-12
0.00010020826 -0.00019236621 -4.4434639e-06 -1.1222063e-06 1.5759844e-12
0.00010355871 -0.00020555212 -4.8985142e-06 -1.2372855e-06 1.8534271e-12
0.00010702119 -0.00021964555 -5.4001642e-06 -1.3641406e-06 2.179632e-12
0.00011059943 -0.00023470928 -5.9531611e-06 -1.5039658e-06 2.5631723e-12
0.00011429732 -0.00025081048 -6.5627374e-06 -1.6580784e-06 3.0141258e-12
0.00011811884 -0.00026802102 -7.2346532e-06 -1.8279279e-06 3.5443438e-12
0.00012206813 -0.00028641776 -7.9752611e-06 -2.0151147e-06 4.1677582e-12
0.00012614947 -0.00030608295 -8.7915541e-06 -2.2213996e-06 4.9007527e-12
0.00013036727 -0.00032710458 -9.6912422e-06 -2.4487267e-06 5.7625869e-12
0.00013472609 -0.00034957683 -1.0682818e-05 -2.699237e-06 6.7759095e-12
0.00013923064 -0.00037360044 -1.1775643e-05 -2.9752923e-06 7.9673458e-12
0.00014388581 -0.00039928324 -1.2980035e-05 -3.2794976e-06 9.3682043e-12
0.00014869662 -0.00042674065 -1.430736e-05 -3.6147217e-06 1.1015293e-11
0.00015366828 -0.00045609619 -1.5770158e-05 -3.9841345e-06 1.2951891e-11
0.00015880617 -0.00048748205 -1.7382229e-05 -4.3912219e-06 1.5228877e-11
0.00016411584 -0.00052103978 -1.9158801e-05 -4.8398364e-06 1.7906081e-11
0.00016960304 -0.0005569209 -2.1116651e-05 -5.3342186e-06 2.1053836e-11
0.0001752737 -0.00059528761 -2.327427e-05 -5.8790479e-06 2.4754839e-11
0.00018113397 -0.00063631359 -2.5652036e-05 -6.4794798e-06 2.9106316e-11
0.00018719017 -0.00068018482 -2.827241e-05 -7.1411984e-06 3.4222576e-11
0.00019344885 -0.00072710046 -3.1160148e-05 -7.8704706e-06 4.023801e-11
0.0001999168 -0.00077727376 -3.4342509e-05 -8.6741937e-06 4.7310618e-11
0.000206601 -0.00083093318 -3.7849585e-05 -9.5599879e-06 5.5626155e-11
0.00021350869 -0.00088832333 -4.1714477e-05 -1.0536228e-05 6.540301e-11
0.00022064734 -0.0009497063 -4.5973687e-05 -1.1612157e-05 7.6897927e-11
0.00022802466 -0.0010153628 -5.0667425e-05 -1.2797949e-05 9.0412744e-11
0.00023564865 -0.0010855937 -5.5840011e-05 -1.4104823e-05 1.0630231e-10
0.00024352755 -0.0011607211 -6.1540237e-05 -1.5545124e-05 1.2498378e-10
0.00025166987 -0.0012410903 -6.7821882e-05 -1.7132463e-05 1.4694758e-10
0.00026008443 -0.0013270713 -7.474419e-05 -1.8881828e-05 1.7277022e-10
0.00026878033 -0.0014190606 -8.2372391e-05 -2.0809721e-05 2.0312943e-10
0.00027776698 -0.0015174833 -9.0778374e-05 -2.2934331e-05 2.3882192e-10
0.0002870541 -0.0016227946 -0.00010004128 -2.5275672e-05 2.8078424e-10
0.00029665173 -0.001735483 -0.00011024828 -2.7855799e-05 3.3011732e-10
0.00030657026 -0.0018560717 -0.00012149536 -3.0698981e-05 3.8811526e-10
0.00031682041 -0.001985122 -0.0001338883 -3.3831981e-05 4.5629927e-10
0.00032741328 -0.0021232355 -0.00014754348 -3.7284221e-05 5.3645739e-10
0.00033836031 -0.0022710574 -0.00016258908 -4.108813e-05 6.3069136e-10
0.00034967337 -0.0024292797 -0.00017916623 -4.5279395e-05 7.4147153e-10
0.00036136467 -0.0025986445 -0.00019743037 -4.9897332e-05 8.7170143e-10
0.00037344687 -0.0027799478 -0.00021755254 -5.4985196e-05 1.0247937e-09
0.00038593303 -0.0029740435 -0.00023972113 -6.0590647e-05 1.2047592e-09
0.00039883667 -0.0031818476 -0.00026414341 -6.6766108e-05 1.4163118e-09
0.00041217175 -0.0034043433 -0.0002910476 -7.3569317e-05 1.6649913e-09
0.00042595268 -0.0036425852 -0.00032068488 -8.106382e-05 1.9573081e-09
0.00044019437 -0.0038977054 -0.0003533317 -8.9319562e-05 2.3009128e-09
0.00045491223 -0.0041709189 -0.00038929234 -9.8413542e-05 2.704796e-09
0.00047012219 -0.0044635297 -0.00042890159 -0.00010843047 3.1795219e-09
0.00048584069 -0.004776938 -0.00047252779 -0.00011946359 3.7375036e-09
0.00050208473 -0.0051126469 -0.00052057631 -0.00013161548 4.3933264e-09
0.00051887189 -0.0054722705 -0.00057349316 -0.00014499906 5.1641264e-09
0.00053622034 -0.0058575421 -0.00063176876 -0.00015973846 6.0700361e-09
0.00055414882 -0.0062703232 -0.00069594281 -0.00017597034 7.1347071e-09
0.00057267674 -0.0067126131 -0.00076660864 -0.00019384489 8.3859235e-09
0.00059182414 -0.0071865601 -0.00084441914 -0.00021352745 9.8563225e-09
0.00061161174 -0.0076944714 -0.00093009194 -0.00023519972 1.1584239e-08
0.00063206093 -0.0082388262 -0.0010244159 -0.00025906147 1.3614698e-08
0.00065319383 -0.0088222887 -0.0011282585 -0.00028533237 1.600058e-08
0.00067503332 -0.009447722 -0.0012425734 -0.00031425394 1.8803982e-08
0.00069760301 -0.010118203 -0.0013684084 -0.00034609149 2.2097826e-08
0.00072092731 -0.010837038 -0.0015069149 -0.00038113665 2.5967733e-08
0.00074503145 -0.011607783 -0.0016593582 -0.00041970978 3.0514228e-08
0.00076994152 -0.01243426 -0.0018271284 -0.00046216299 3.5855326e-08
0.00079568446 -0.013320577 -0.0020117523 -0.00050888285 4.2129561e-08
0.0008222881 -0.014271153 -0.0022149059 -0.00056029379 4.9499537e-08
0.00084978124 -0.015290738 -0.0024384305 -0.00061686195 5.8156093e-08
0.00087819361 -0.016384441 -0.0026843471 -0.00067909913 6.8323181e-08
0.00090755594 -0.017557756 -0.0029548737 -0.00074756678 8.0263584e-08
0.00093790001 -0.018816593 -0.0032524455 -0.00082288141 9.4285612e-08
0.00096925862 -0.020167305 -0.0035797325 -0.00090571876 1.1075095e-07
0.0010016657 -0.021616732 -0.0039396661 -0.00099682079 1.3008384e-07
0.0010351563 -0.023172226 -0.0043354595 -0.0010970006 1.5278185e-07
0.0010697667 -0.024841699 -0.0047706362 -0.0012071497 1.7942844e-07
0.0011055343 -0.02663366 -0.0052490599 -0.0013282454 2.1070773e-07
0.0011424977 -0.028557267 -0.005774965 -0.0014613588 2.4742174e-07
0.001180697 -0.030622374 -0.0063529955 -0.0016076641 2.9051054e-07
0.0012201735 -0.03283956 -0.0069882102 -0.0017684404 3.4107588e-07
0.0012609699 -0.03522024 -0.0076861924 -0.0019450986 4.0040875e-07
0.0013031304 -0.037776698 -0.008453062 -0.0021391853 4.7002162e-07
0.0013467004 -0.040522115 -0.0092954655 -0.0023523791 5.5168619e-07
0.0013917273 -0.043470694 -0.010220712 -0.0025865257 6.4747739e-07
0.0014382595 -0.046637713 -0.011236787 -0.0028436409 7.598249e-07
0.0014863476 -0.050039605 -0.012352428 -0.0031259287 8.9157318e-07
0.0015360436 -0.053694049 -0.013577184 -0.0034357974 1.0460516e-06
0.0015874011 -0.057620061 -0.014921493 -0.0037758779 1.2271565e-06
0.0016404757 -0.061838094 -0.016396758 -0.0041490427 1.4394463e-06
0.0016953249 -0.066370146 -0.01801543 -0.0045584264 1.6882534e-06
0.0017520079 -0.071239869 -0.019791102 -0.0050074482 1.9798135e-06
0.0018105862 -0.076472699 -0.021738608 -0.0054998377 2.3214175e-06
0.001871123 -0.082095975 -0.023874122 -0.0060396573 2.7215874e-06
0.0019336838 -0.088139085 -0.026215275 -0.0066313315 3.190282e-06
0.0019983364 -0.094633616 -0.028781292 -0.0072796798 3.7391353e-06
0.0020651506 -0.10161351 -0.031593103 -0.0079899438 4.3817356e-06
0.0021341987 -0.10911521 -0.034673489 -0.0087678221 5.1339478e-06
0.0022055555 -0.11717789 -0.03804725 -0.0096195095 6.0142906e-06
0.0022792981 -0.12584358 -0.041741348 -0.010551732 7.0443722e-06
0.0023555062 -0.13515743 -0.045785084 -0.011571788 8.2493987e-06
0.0024342624 -0.14516785 -0.050210298 -0.012687594 9.6587625e-06
0.0025156518 -0.15592682 -0.055051559 -0.01390773 1.1306726e-05
0.0025997624 -0.16749007 -0.060346367 -0.015241485 1.3233213e-05
0.0026866852 -0.17991732 -0.066135384 -0.016698908 1.548473e-05
0.0027765143 -0.19327261 -0.072462662 -0.018290862 1.8115426e-05
0.0028693469 -0.20762448 -0.079375902 -0.020029075 2.1188325e-05
0.0029652833 -0.22304637 -0.086926733 -0.02192621 2.4776753e-05
0.0030644273 -0.23961682 -0.09517094 -0.023995903 2.8965983e-05
0.0031668862 -0.25741987 -0.1041688 -0.026252841 3.3855135e-05
0.0032727708 -0.27654533 -0.11398539 -0.028712816 3.9559379e-05
0.0033821956 -0.29708913 -0.12469085 -0.031392787 4.6212464e-05
0.003495279 -0.31915368 -0.13636074 -0.034310939 5.3969643e-05
0.0036121434 -0.34284824 -0.1490764 -0.037486751 6.3011041e-05
0.0037329151 -0.36828966 -0.1629258 -0.040941189 7.3545526e-05
0.0038577249 -0.39560172 -0.17800249 -0.0446964 8.5815174e-05
0.0039867076 -0.42491612 -0.19440681 -0.048775992 0.00010010039
0.0041200028 -0.45637366 -0.21224727 -0.053205328 0.00011672579
0.0042577548 -0.49012338 -0.23163938 -0.058011184 0.00013606694
0.0044001125 -0.52632349 -0.25270657 -0.063221933 0.00015855812
0.0045472299 -0.56514179 -0.27558079 -0.068867618 0.00018470112
0.0046992662 -0.60675585 -0.30040256 -0.074979894 0.00021507543
0.0048563858 -0.65135341 -0.32732133 -0.081592039 0.0002503498
0.0050187587 -0.69913276 -0.35649601 -0.088738978 0.0002912954
0.0051865605 -0.7503029 -0.38809498 -0.096457176 0.00033880094
0.0053599727 -0.80508394 -0.42229662 -0.10478464 0.00039388981
0.005539183 -0.86370711 -0.45928924 -0.11376077 0.00045773957
0.0057243851 -0.92641484 -0.49927119 -0.12342618 0.00053170411
0.0059157795 -0.99346107 -0.54245125 -0.13382264 0.0006173388
0.0061135731 -1.065111 -0.58904831 -0.14499276 0.00071642897
0.0063179799 -1.14164 -0.63929016 -0.15697946 0.00083102214
0.0065292211 -1.2233359 -0.69341641 -0.16982638 0.00096346436
0.0067475251 -1.310496 -0.75167471 -0.18357666 0.0011164413
0.0069731281 -1.4034266 -0.81432082 -0.19827257 0.0012930243
0.0072062741 -1.5024439 -0.8816195 -0.21395536 0.0014967226
0.0074472153 -1.6078714 -0.95384172 -0.23066407 0.0017315411
0.0076962123 -1.7200391 -1.0312642 -0.24843494 0.0020020461
0.0079535346 -1.8392819 -1.1141676 -0.26730043 0.0023134376
0.0082194604 -1.9659376 -1.2028347 -0.28728798 0.0026716308
0.0084942774 -2.1003443 -1.2975479 -0.3084189 0.0030833462
0.0087782829 -2.242838 -1.3985866 -0.33070682 0.0035562102
0.0090717841 -2.3937477 -1.5062227 -0.35415564 0.0040988651
0.0093750985 -2.5533947 -1.6207198 -0.37875851 0.004721092
0.0096885541 -2.7220856 -1.7423265 -0.4044951 0.005433945
0.01001249 -2.9001083 -1.8712723 -0.43132933 0.0062498982
0.010347257 -3.087726 -2.0077621 -0.45920684 0.0071830067
0.010693217 -3.2851704 -2.151969 -0.48805184 0.0082490817
0.011050744 -3.4926334 -2.3040268 -0.51776379 0.0094658793
0.011420224 -3.7102603 -2.4640229 -0.54821402 0.010853305
0.011802059 -3.9381405 -2.6319903 -0.57924208 0.012433631
0.01219666 -4.1762962 -2.8078965 -0.6106511 0.014231732
0.012604454 -4.4246702 -2.9916309 -0.64220299 0.016275325
0.013025883 -4.6831142 -3.1829948 -0.67361374 0.018595235
0.013461402 -4.9513742 -3.381688 -0.70454809 0.021225655
0.013911483 -5.2290772 -3.5872956 -0.73461422 0.02420443
0.014376612 -5.5157119 -3.7992707 -0.76335717 0.027573326
0.014857293 -5.810613 -4.0169203 -0.79025323 0.031378317
0.015354046 -6.1129446 -4.2393907 -0.81470409 0.035669851
0.015867407 -6.4216761 -4.4656449 -0.83602932 0.04050311
0.016397933 -6.7355659 -4.6944505 -0.85346115 0.045938244
0.016946196 -7.0531444 -4.9243649 -0.86613914 0.052040573
0.017512791 -7.3726874 -5.1537125 -0.8731029 0.058880745
0.01809833 -7.6921968 -5.3805692 -0.87328698 0.066534837
0.018703446 -8.0093887 -5.6027555 -0.86551825 0.075084371
0.019328794 -8.3216758 -5.8178245 -0.8485123 0.084616253
0.019975051 -8.6261478 -6.0230466 -0.82086992 0.095222581
0.020642915 -8.9195725 -6.2154168 -0.78107944 0.10700033
0.021333109 -9.1983874 -6.3916529 -0.72751751 0.12005088
0.02204638 -9.4587043 -6.5482047 -0.65845368 0.13447934
0.022783499 -9.6963305 -6.6812823 -0.57205987 0.1503937
0.023545264 -9.9067818 -6.7868721 -0.46641837 0.16790371
0.024332498 -10.085332 -6.8607911 -0.33953936 0.18711956
0.025146053 -10.227047 -6.8987233 -0.18937557 0.20815024
0.025986809 -10.326879 -6.8963129 -0.013850689 0.23110167
0.026855676 -10.37974 -6.8492327 0.1891169 0.25607449
0.027753593 -10.380593 -6.7532727 0.42158513 0.28316164
0.028681533 -10.324613 -6.6044843 0.68554631 0.3124457
0.029640497 -10.207314 -6.3992951 0.9828916 0.34399594
0.030631525 -10.024707 -6.1346425 1.3153715 0.37786534
0.031655688 -9.7735054 -5.8081469 1.6845487 0.41408754
0.032714093 -9.451294 -5.4182519 2.0917585 0.4526738
0.033807886 -9.0567639 -4.9644116 2.5380624 0.49361031
0.03493825 -8.5898832 -4.4472163 3.0242169 0.5368558
0.036106408 -8.0520957 -3.8685384 3.5506413 0.58233983
0.037313623 -7.446491 -3.2316467 4.1173971 0.62996196
0.038561201 -6.7779267 -2.541273 4.7241821 0.67959207
0.039850492 -6.0530832 -1.8036158 5.3703434 0.7310721
0.04118289 -5.2804739 -1.0263042 6.0549041 0.7842195
0.042559836 -4.4703033 -0.21822729 6.7766248 0.83883277
0.043982821 -3.6342613 0.61068477 7.5340787 0.89469921
0.045453383 -2.7851335 1.4498336 8.3257643 0.9516052
0.046973113 -1.9362139 2.2884829 9.1502512 1.0093491
0.048543656 -1.1005389 3.1164234 10.006355 1.0677568
0.050166709 -0.28987773 3.9248193 10.893343 1.1266998
0.051844029 0.48655162 4.7072572 11.811175 1.1861157
0.05357743 1.2236067 5.4609553 12.760765 1.24603
0.055368787 1.922053 6.1881835 13.744258 1.3065785
0.057220038 2.5904306 6.8976522 14.765287 1.3680296
0.059133186 3.2471203 7.6060102 15.829207 1.4308027
0.061110299 3.9222509 8.3391478 16.943262 1.4954827
0.063153517 4.6590098 9.1329529 18.116596 1.5628239
0.06526505 5.5142319 10.033445 19.360097 1.6337431
0.067447182 6.5575003 11.09569 20.685967 1.7092933
0.069702273 7.8683635 12.381239 22.10697 1.7906176
0.072032763 9.5311523 13.953732 23.635317 1.8788755
0.074441173 11.627353 15.872728 25.281222 1.9751439
0.076930107 14.225231 18.185581 27.051151 2.0802902
0.07950226 17.367859 20.918373 28.94599 2.1948272
0.082160411 21.060777 24.06689 30.959388 2.3187594
0.084907438 25.260998 27.588999 33.076568 2.4514396
0.087746312 29.869919 31.40033 35.273985 2.5914604
0.090680103 34.732099 35.374676 37.520103 2.7366045
0.093711985 39.641812 39.350363 39.777441 2.8838798
0.096845238 44.357899 43.142777 42.005834 3.0296579
0.10008325 48.626826 46.562703 44.166682 3.1699224
0.10342953 52.212102 49.438863 46.227711 3.3006208
0.10688768 54.92885 51.643515 48.167877 3.418098
0.11046147 56.680697 53.118863 49.981873 3.5195766
0.11415474 57.495749 53.901773 51.68371 3.603632
0.11797149 57.555921 54.14263 53.30866 3.6706002
0.12191586 57.208901 54.110634 54.912241 3.7228334
0.1259921 56.94938 54.176263 56.564824 3.7647038
0.13020464 57.35445 54.760719 58.340359 3.8022522
0.13455802 58.970278 56.251472 60.29966 3.8424077
0.13905696 62.163648 58.894984 62.470915 3.8917979
0.14370632 66.97942 62.697163 64.833556 3.9553073
0.14851113 73.057242 67.369845 67.312568 4.0347024
0.15347659 79.656444 72.357007 69.788668 4.1277395
0.15860806 85.801598 76.947064 72.123953 4.2281367
0.16391111 90.52056 80.448144 74.196826 4.3265975
0.16939147 93.114657 82.38101 75.936322 4.4127872
0.17505506 93.396429 82.642839 77.346885 4.4778747
0.18090801 91.831575 81.597738 78.516674 4.5170398
0.18695665 89.514815 80.046851 79.603202 4.5312255
0.19320753 87.909333 79.032674 80.791169 4.5273879
0.19966741 88.308827 79.453965 82.221533 4.5167333
0.20634328 91.292375 81.686814 83.928833 4.5110627
0.21324235 96.269437 85.279081 85.79884 4.518295
0.22037209 101.6985 89.123681 87.614165 4.5390584
0.22774021 105.70195 91.903466 89.143598 4.56617
0.23535469 106.99064 92.739578 90.255885 4.5876524
0.24322375 105.53934 91.649692 90.987387 4.5922299
0.25135592 102.70289 89.60699 91.533192 4.5748524
0.25975999 100.58353 88.080678 92.151627 4.5393645
0.26844504 100.79432 88.172386 93.011826 4.4964123
0.27742048 103.33219 89.849278 94.074597 4.4571835
0.28669601 106.53012 91.936257 95.11387 4.4265564
0.29628167 108.21137 92.931808 95.873598 4.4003222
0.30618783 107.36106 92.158649 96.262185 4.3687476
0.31642519 104.87223 90.255964 96.415512 4.3241198
0.32700484 102.81852 88.656404 96.585574 4.266561
0.33793822 102.63308 88.330547 96.922178 4.2033367
0.34923716 103.77493 88.889496 97.337318 4.1421136
0.36091388 104.37193 89.047227 97.606033 4.0842856
0.37298101 103.22866 87.998343 97.605208 4.02477
0.3854516 101.02945 86.223788 97.433494 3.9582254
0.39833914 99.403713 84.836181 97.282199 3.8848123
0.41165758 98.92583 84.21831 97.205913 3.8092332
0.42542132 98.549648 83.653616 97.076535 3.7347608
0.43964524 97.193315 82.411754 96.776121 3.6599629
0.45434475 95.195101 80.729034 96.353962 3.5818749
0.46953573 93.5918 79.308862 95.930723 3.5005022
0.48523462 92.481179 78.214508 95.513584 3.4182905
0.5014584 91.087431 76.921503 95.014241 3.3362922
0.51822462 89.201152 75.291498 94.413957 3.253392
0.53555142 87.385862 73.706294 93.780071 3.1690415
0.55345754 85.815697 72.282967 93.132565 3.0842378
0.57196235 84.092998 70.754266 92.427577 2.9996393
0.59108587 82.165312 69.086292 91.661965 2.9149133
0.61084878 80.319526 67.472677 90.870341 2.8300471
0.63127246 78.512531 65.884955 90.0494 2.7455405
0.652379 76.59028 64.220515 89.183701 2.6615503
0.67419124 74.662889 62.553915 88.287774 2.5780475
0.69673277 72.757617 60.904084 87.366691 2.4952393
0.72002798 70.828733 59.240962 86.417163 2.4133052
0.74410206 68.886125 57.571768 85.442301 2.3323047
0.76898105 66.944327 55.906906 84.445704 2.2523393
0.79469187 65.011887 54.252588 83.429821 2.1735287
0.82126233 63.090079 52.610064 82.396242 2.0959838
0.84872117 61.180287 50.980653 81.346783 2.0198015
0.8770981 59.28444 49.366011 80.283347 1.9450526
0.9064238 57.405213 47.768289 79.207924 1.8717996
0.93673001 55.545041 46.189455 78.122395 1.8000965
0.96804951 53.706476 44.631527 77.028534 1.729991
1.0004162 51.892907 43.097039 75.928068 1.661528
1.033865 50.107452 41.588292 74.822586 1.5947486
1.0684322 48.352471 40.107032 73.713564 1.5296889
1.1041551 46.628787 38.653958 72.60234 1.4663754
1.1410725 44.937074 37.229654 71.490242 1.4048241
1.1792242 43.278287 35.834885 70.378559 1.3450434
1.2186514 41.654386 34.471051 69.268557 1.2870382
1.2593969 40.067139 33.139391 68.161366 1.2308113
1.3015048 38.517813 31.840776 67.058018 1.1763628
1.3450205 37.006617 30.57535 65.959442 1.1236864
1.3899911 35.533618 29.343153 64.866552 1.0727698
1.4364654 34.098969 28.144274 63.780208 1.0235951
1.4844935 32.703437 26.979192 62.701229 0.97614244
1.5341274 31.347648 25.848267 61.630319 0.93039031
1.5854208 30.031951 24.751653 60.568112 0.88631551
1.6384293 28.756093 23.689089 59.515171 0.84389165
1.69321 27.519733 22.660247 58.47205 0.80308885
1.7498223 26.322523 21.664787 57.439261 0.7638745
1.8083275 25.164276 20.702469 56.417283 0.72621431
1.8687888 24.044709 19.772976 55.406522 0.69007293
1.9312716 22.963435 18.875917 54.407332 0.65541403
1.9958435 21.919967 18.010824 53.420014 0.62220029
2.0625744 20.913779 17.177195 52.444837 0.59039351
2.1315364 19.944256 16.374466 51.482027 0.55995476
2.2028042 19.010752 15.602046 50.531787 0.53084453
2.2764547 18.112534 14.859284 49.594277 0.50302286
2.3525678 17.248888 14.145537 48.669647 0.47644953
2.4312258 16.419017 13.46011 47.758001 0.45108427
2.5125136 15.622163 12.802327 46.859437 0.42688684
2.5965193 14.857469 12.171446 45.974005 0.4038172
2.6833337 14.124149 11.566777 45.101758 0.38183562
2.7730508 13.421318 10.98756 44.242696 0.36090281
2.8657675 12.748168 10.433087 43.396832 0.34097995
2.9615842 12.103781 9.9025787 42.564124 0.3220288
3.0606045 11.487358 9.395338 41.744552 0.30401176
3.1629356 10.897955 8.9105716 40.938037 0.28689193
3.2686881 10.334785 8.4475925 40.144538 0.27063316
3.3779764 9.796888 8.0056022 39.363943 0.25520009
3.4909188 9.2835073 7.5839399 38.596198 0.24055816
3.6076374 8.7936673 7.1818031 37.841162 0.22667371
3.7282585 8.3266594 6.7985686 37.098775 0.21351393
3.8529125 7.8814866 6.4334275 36.368867 0.20104697
3.9817343 7.4575111 6.0858104 35.651374 0.18924188
4.1148633 7.0537263 5.7549102 34.946093 0.17806868
4.2524434 6.669579 5.440221 34.252967 0.16749837
4.3946236 6.3040158 5.1409131 33.571759 0.1575029
4.5415574 5.9565934 4.8565615 32.90243 0.14805515
4.6934041 5.6261887 4.5863003 32.244707 0.13912898
4.8503277 5.3125146 4.3298163 31.598581 0.13069915
5.012498 5.0143445 4.0861853 30.963722 0.12274142
5.1800905 4.7316044 3.8552444 30.340177 0.11523242
5.3532864 4.4628737 3.6359529 29.727536 0.10814975
5.5322731 4.2083901 3.4283632 29.125936 0.10147181
5.7172442 3.9664075 3.2312338 28.534848 0.095177997
5.9083998 3.7376518 3.0449505 27.954556 0.089248383
6.1059467 3.5198077 2.8679136 27.384329 0.083664095
6.3100985 3.3144147 2.7010595 26.824708 0.078406742
6.5210762 3.1180997 2.5421148 26.274601 0.073459094
6.7391078 2.9339057 2.3930263 25.735031 0.068804097
6.9644294 2.7563707 2.250181 25.204202 0.06442606
7.1972845 2.5916017 2.1175759 24.684152 0.060308835
7.4379252 2.4295514 1.988646 24.171567 0.056438063
7.6866116 2.2836755 1.8722872 23.670929 0.052797419
7.9436129 2.1323504 1.75446 23.175092 0.049373406
8.2092069 2.0113495 1.6588878 22.695955 0.046146128
8.4836811 1.862759 1.5480362 22.214387 0.043101653
8.7673323 1.8260819 1.5142501 21.776782 0.040202367
9.0604674 1.6881319 1.4191663 21.312734 0.037440347
9.3634034 3.0718164 2.3314928 21.361251 0.034704027
9.6764681 2.4584826 1.9828034 20.764803 0.028552943
10 -20.136062 -12.749197 12.892678 0.022127261
