-29.30364 -29.941305 -11.669796 0.04098514
-1.0341385 -2.0463327 -3.3936512 0.044906189
6.2651121 6.4914209 -0.77375918 0.059633892
1.8655883 2.4022164 -2.629272 0.075419661
-1.2123622 -0.54601395 -4.3278307 0.092992819
-4.2760863 -3.3394582 -5.9311103 0.11603993
-7.6586323 -6.4100983 -7.6532256 0.14529361
-11.377787 -9.7438745 -9.4713713 0.1827756
-15.442616 -13.350672 -11.38879 0.23087406
-19.852477 -17.211986 -13.386557 0.29283192
-24.591569 -21.297737 -15.44076 0.37286216
-29.635618 -25.559336 -17.512024 0.47653574
-34.94104 -29.92322 -19.544115 0.61118454
-40.446113 -34.284196 -21.456149 0.78651705
-46.055701 -38.484934 -23.128731 1.0162287
-51.680185 -42.375114 -24.44526 1.311639
-57.347595 -46.002144 -25.438027 1.6617188
-63.04382 -49.347284 -26.097613 2.0621652
-68.692609 -52.293401 -26.344459 2.5188359
-74.213125 -54.719272 -26.097423 3.03703
-79.51631 -56.493861 -25.270153 3.6220054
-84.506159 -57.47766 -23.771755 4.2788731
-89.081374 -57.527347 -21.50957 5.0123836
-93.150588 -56.521926 -18.400718 5.8266647
-96.628928 -54.355212 -14.369671 6.7249235
-99.438007 -50.932333 -9.3473855 7.7091308
-101.50854 -46.17287 -3.2735967 8.7797071
-102.78621 -40.022078 3.8973539 9.9352316
-103.27069 -32.515758 12.16917 11.172216
-103.00046 -23.751229 21.515417 12.485026
-102.04299 -13.86657 31.888167 13.865964
-100.4957 -3.0405691 43.218133 15.305487
-98.486029 8.5072737 55.415153 16.792664
-96.171204 20.516642 68.369783 18.316078
-93.735585 32.690712 81.957493 19.86512
-91.377906 44.717761 96.050126 21.43151
-89.210534 56.431446 110.5821 23.011108
-87.286191 67.762688 125.5342 24.606059
-85.512569 78.868859 140.98733 26.227169
-83.618829 90.178188 157.14149 27.896016
-81.087962 102.48642 174.35231 29.646265
-77.142 116.9676 193.1309 31.523614
-70.756509 135.14042 214.12209 33.583606
-60.751187 158.71801 238.03255 35.886405
-45.970033 189.32684 265.50393 38.487858
-25.547758 228.10209 296.93619 41.426997
0.76339551 275.20611 332.28436 44.711109
32.293783 329.40191 370.88487 48.30131
67.276321 387.82553 411.37356 52.102798
102.90815 446.12862 451.764 55.965132
135.71475 499.07915 489.71374 59.696493
162.16458 541.51267 522.93153 63.093825
179.48711 569.56948 549.66665 65.985475
186.54133 581.94742 569.18006 68.278534
184.36702 580.66193 581.91539 69.997058
176.40993 571.21782 589.41174 71.289917
166.47858 559.44978 592.5244 72.402109
157.40577 548.9505 590.46118 73.558085
157.7433 550.02249 588.26625 75.473312
176.44164 572.0662 595.55061 80.96643
