-14.160441 -7.9622395 -1.9775784 0.0056262679
5.8751362 1.2260148 -1.110972 0.0061634329
11.629397 4.2528358 -0.89073253 0.0081863171
9.3346815 3.1758206 -1.182312 0.01035415
7.9932137 2.4834885 -1.4612334 0.01276708
6.7381154 1.8892949 -1.7356948 0.015931919
5.3333669 1.2495692 -2.0291917 0.019949197
3.7711292 0.57633336 -2.3385235 0.025096665
2.046315 -0.12777664 -2.6629158 0.031702389
0.16144056 -0.84875563 -2.9985775 0.040211889
-1.8715137 -1.5680823 -3.3404234 0.051203955
-4.0348292 -2.2594944 -3.680707 0.065443974
-6.2981609 -2.8870864 -4.0085726 0.083939279
-8.6192452 -3.4026877 -4.308804 0.10802376
-10.93335 -3.7383713 -4.5593924 0.139579
-13.182 -3.8320314 -4.7394082 0.18016118
-15.39495 -3.7063429 -4.8560009 0.22825974
-17.571702 -3.3556586 -4.9084954 0.28328722
-19.66695 -2.7335933 -4.8831605 0.34605067
-21.633244 -1.793591 -4.7662371 0.41728059
-23.41845 -0.48669466 -4.5432368 0.4977021
-24.966529 1.237886 -4.1990599 0.58802042
-26.217947 3.4311794 -3.7185137 0.68889145
-27.116674 6.1364445 -3.0883591 0.8008857
-27.609614 9.3910496 -2.2968958 0.9244472
-27.64783 13.227305 -1.3337793 1.05985
-27.188341 17.671464 -0.19040775 1.2071551
-26.196747 22.740499 1.1390242 1.36617
-24.666952 28.422506 2.6527542 1.5364178
-22.615466 34.685714 4.3435291 1.7171258
-20.077739 41.485485 6.2002149 1.9072373
-17.108915 48.765226 8.2078754 2.1054409
-13.783669 56.457493 10.347899 2.3102339
-10.195555 64.485222 12.59831 2.5200462
-6.4553556 72.764123 14.93456 2.7334176
-2.6842942 81.210044 17.331624 2.9492088
1.0433479 89.790228 19.775607 3.166849
4.6882625 98.508059 22.260995 3.3866331
8.2974447 107.44303 24.800001 3.6100473
12.027554 116.76288 27.42598 3.8400613
16.188725 126.75136 30.2 4.0813091
21.256875 137.80614 33.210832 4.3400815
27.868172 150.42209 36.571498 4.6240266
36.76545 165.13647 40.407182 4.9414287
48.684785 182.43127 44.833562 5.2999797
64.182254 202.59665 49.926215 5.7050563
83.418291 225.57449 55.685322 6.1576644
105.95248 250.82459 62.004635 6.6524519
130.61372 277.26463 68.655855 7.1763649
155.52991 303.34001 75.300446 7.7086852
178.35744 327.24667 81.534488 8.222993
196.696 347.27526 86.960447 8.6913184
208.63339 362.22971 91.27671 9.0900135
213.34841 371.8411 94.366632 9.4062732
211.49179 376.98503 96.348131 9.6434017
205.35507 379.66774 97.56628 9.821898
197.43574 381.84121 98.353388 9.97551
189.54328 384.31501 98.747542 10.135211
187.76299 389.30773 99.102405 10.399661
198.39399 397.23109 100.28296 11.156977
