2e-05 -0.00011016729 -4.7986167e-07 -1.0885665e-07 3.3289579e-15
2.0668698e-05 -0.00011765193 -5.2253311e-07 -1.1865816e-07 3.8880822e-15
2.1359755e-05 -0.00012566275 -5.75972e-07 -1.3091804e-07 4.5578321e-15
2.2073916e-05 -0.00013422439 -6.3705115e-07 -1.4498291e-07 5.3558207e-15
2.2811956e-05 -0.00014336667 -7.0306099e-07 -1.6008714e-07 6.3160815e-15
2.3574672e-05 -0.00015313186 -7.7554648e-07 -1.7651726e-07 7.4692441e-15
2.4362889e-05 -0.00016356414 -8.560878e-07 -1.9479003e-07 8.8607234e-15
2.5177461e-05 -0.00017470932 -9.4573802e-07 -2.152518e-07 1.0542651e-14
2.6019267e-05 -0.00018661523 -1.045031e-06 -2.3800863e-07 1.2582407e-14
2.6889219e-05 -0.00019933293 -1.1544626e-06 -2.6309869e-07 1.5058136e-14
2.7788258e-05 -0.00021291723 -1.2747156e-06 -2.9059834e-07 1.8074354e-14
2.8717356e-05 -0.00022742717 -1.4067758e-06 -3.2068243e-07 2.1750637e-14
2.9677519e-05 -0.00024292612 -1.5519209e-06 -3.5362708e-07 2.6248114e-14
3.0669784e-05 -0.000259482 -1.7116648e-06 -3.8978737e-07 3.1753541e-14
3.1695226e-05 -0.00027716744 -1.8877198e-06 -4.2958056e-07 3.8510309e-14
3.2754954e-05 -0.00029606004 -2.0819793e-06 -4.7347462e-07 4.6812545e-14
3.3850113e-05 -0.00031624262 -2.296472e-06 -5.2196319e-07 5.703548e-14
3.4981889e-05 -0.00033780352 -2.5333587e-06 -5.7556006e-07 6.9635525e-14
3.6151505e-05 -0.00036083706 -2.7949666e-06 -6.3480976e-07 8.519167e-14
3.7360228e-05 -0.0003854439 -3.0837869e-06 -7.0028045e-07 1.0441919e-13
3.8609364e-05 -0.00041173144 -3.4024934e-06 -7.7256714e-07 1.2825803e-13
3.9900265e-05 -0.00043981445 -3.7540117e-06 -8.5231762e-07 1.575601e-13
4.1234328e-05 -0.00046981549 -4.1415345e-06 -9.4023221e-07 1.9243441e-13
4.2612994e-05 -0.00050186547 -4.5685488e-06 -1.0370706e-06 2.3343207e-13
4.4037756e-05 -0.00053610431 -5.0389274e-06 -1.1436843e-06 2.8164549e-13
4.5510155e-05 -0.0005726816 -5.5569471e-06 -1.261017e-06 3.3831964e-13
4.7031784e-05 -0.00061175714 -6.1273223e-06 -1.3901099e-06 4.0493042e-13
4.8604288e-05 -0.00065350186 -6.7553126e-06 -1.5321415e-06 4.832056e-13
5.0229368e-05 -0.00069809844 -7.4467375e-06 -1.6884197e-06 5.7518575e-13
5.1908783e-05 -0.00074574217 -8.208032e-06 -1.8603964e-06 6.8326211e-13
5.3644349e-05 -0.00079664191 -9.0463674e-06 -2.0497056e-06 8.1025968e-13
5.5437944e-05 -0.00085102091 -9.9696499e-06 -2.2581479e-06 9.5948908e-13
5.7291507e-05 -0.00090911784 -1.0986637e-05 -2.4877248e-06 1.1348545e-12
5.9207044e-05 -0.00097118796 -1.2107047e-05 -2.74067e-06 1.3409416e-12
6.1186627e-05 -0.0010375041 -1.3341566e-05 -3.0194284e-06 1.5831495e-12
6.3232397e-05 -0.0011083579 -1.4702029e-05 -3.3267178e-06 1.8678161e-12
6.5346567e-05 -0.0011840612 -1.6201505e-05 -3.6655372e-06 2.2024107e-12
6.7531425e-05 -0.0012649476 -1.7854373e-05 -4.0391778e-06 2.5957029e-12
6.9789332e-05 -0.0013513734 -1.9676538e-05 -4.4512853e-06 3.0580077e-12
7.2122733e-05 -0.0014437197 -2.1685476e-05 -4.9058482e-06 3.6014616e-12
7.4534151e-05 -0.0015423939 -2.390048e-05 -5.4072701e-06 4.2403272e-12
7.7026195e-05 -0.0016478317 -2.6342815e-05 -5.9604013e-06 4.9913732e-12
7.9601559e-05 -0.0017604987 -2.9035827e-05 -6.570541e-06 5.8743288e-12
8.2263031e-05 -0.0018808927 -3.200533e-05 -7.243562e-06 6.9123741e-12
8.5013489e-05 -0.0020095462 -3.527967e-05 -7.9858895e-06 8.1327846e-12
8.7855908e-05 -0.0021470282 -3.8890069e-05 -8.8045917e-06 9.567614e-12
9.0793364e-05 -0.0022939473 -4.2870969e-05 -9.7074724e-06 1.1254559e-11
9.3829033e-05 -0.0024509541 -4.7260188e-05 -1.0703072e-05 1.3237935e-11
9.6966199e-05 -0.0026187445 -5.2099459e-05 -1.1800828e-05 1.556986e-11
0.00010020826 -0.0027980623 -5.7434697e-05 -1.3011109e-05 1.8311599e-11
0.00010355871 -0.0029897032 -6.3316476e-05 -1.4345332e-05 2.1535198e-11
0.00010702119 -0.003194518 -6.9800507e-05 -1.5816081e-05 2.5325361e-11
0.00011059943 -0.0034134166 -7.6948116e-05 -1.7437197e-05 2.9781686e-11
0.00011429732 -0.0036473721 -8.4826909e-05 -1.9223952e-05 3.5021265e-11
0.00011811884 -0.0038974254 -9.3511305e-05 -2.1193151e-05 4.118178e-11
0.00012206813 -0.00416469 -0.00010308334 -2.3363341e-05 4.8425108e-11
0.00012614947 -0.0044503566 -0.00011363339 -2.575494e-05 5.6941588e-11
0.00013036727 -0.0047556993 -0.00012526103 -2.8390481e-05 6.6954981e-11
0.00013472609 -0.0050820811 -0.00013807597 -3.129478e-05 7.8728414e-11
0.00013923064 -0.0054309601 -0.00015219915 -3.449522e-05 9.2571222e-11
0.00014388581 -0.0058038967 -0.00016776383 -3.8021991e-05 1.0884714e-10
0.00014869662 -0.0062025601 -0.00018491686 -4.1908352e-05 1.2798377e-10
0.00015366828 -0.0066287371 -0.00020382016 -4.6191037e-05 1.5048392e-10
0.00015880617 -0.0070843391 -0.00022465203 -5.0910456e-05 1.7693868e-10
0.00016411584 -0.0075714125 -0.00024760919 -5.6111267e-05 2.0804307e-10
0.00016960304 -0.0080921469 -0.00027290824 -6.1842607e-05 2.4461417e-10
0.0001752737 -0.0086488866 -0.00030078808 -6.8158719e-05 2.8761267e-10
0.00018113397 -0.0092441404 -0.0003315119 -7.5119362e-05 3.3816799e-10
0.00018719017 -0.0098805943 -0.00036536971 -8.279039e-05 3.9760802e-10
0.00019344885 -0.010561124 -0.00040268129 -9.1244452e-05 4.6749387e-10
0.0001999168 -0.011288808 -0.0004437987 -0.00010056149 5.4966089e-10
0.000206601 -0.012066943 -0.0004891103 -0.00011082976 6.4626681e-10
0.00021350869 -0.012899058 -0.00053904362 -0.00012214634 7.5984834e-10
0.00022064734 -0.013788934 -0.00059407009 -0.00013461838 8.9338764e-10
0.00022802466 -0.014740618 -0.00065470865 -0.00014836369 1.0503906e-09
0.00023564865 -0.015758446 -0.00072153143 -0.00016351229 1.2349787e-09
0.00024352755 -0.01684706 -0.00079516847 -0.00018020725 1.4519972e-09
0.00025166987 -0.018011436 -0.00087631388 -0.00019860624 1.7071417e-09
0.00026008443 -0.0192569 -0.00096573224 -0.00021888289 2.0071079e-09
0.00026878033 -0.020589161 -0.0010642655 -0.00024122839 2.3597667e-09
0.00027776698 -0.022014334 -0.001172841 -0.00026585339 2.7743702e-09
0.0002870541 -0.023538972 -0.0012924802 -0.00029298975 3.2617945e-09
0.00029665173 -0.025170095 -0.0014243082 -0.00032289303 3.8348237e-09
0.00030657026 -0.026915228 -0.001569563 -0.00035584428 4.508485e-09
0.00031682041 -0.028782434 -0.001729609 -0.00039215337 5.3004414e-09
0.00032741328 -0.030780355 -0.0019059471 -0.00043216104 6.2314539e-09
0.00033836031 -0.032918255 -0.0021002311 -0.00047624291 7.3259244e-09
0.00034967337 -0.035206064 -0.0023142808 -0.0005248122 8.6125331e-09
0.00036136467 -0.03765443 -0.0025501003 -0.00057832409 1.0124988e-08
0.00037344687 -0.040274765 -0.0028098952 -0.00063727948 1.1902904e-08
0.00038593303 -0.043079309 -0.003096094 -0.00070223007 1.399284e-08
0.00039883667 -0.046081188 -0.0034113684 -0.00077378272 1.6449511e-08
0.00041217175 -0.049294477 -0.0037586596 -0.00085260575 1.9337215e-08
0.00042595268 -0.052734273 -0.0041412049 -0.0009394347 2.273151e-08
0.00044019437 -0.056416772 -0.0045625674 -0.0010350793 2.6721184e-08
0.00045491223 -0.060359346 -0.0050266659 -0.0011404304 3.1410562e-08
0.00047012219 -0.064580633 -0.0055378131 -0.0012564682 3.6922226e-08
0.00048584069 -0.069100634 -0.006100755 -0.0013842718 4.3400202e-08
0.00050208473 -0.073940808 -0.006720712 -0.0015250281 5.1013699e-08
0.00051887189 -0.079124188 -0.0074034268 -0.0016800434 5.996151e-08
0.00053622034 -0.084675492 -0.0081552153 -0.001850754 7.0477164e-08
0.00055414882 -0.090621254 -0.0089830256 -0.0020387406 8.2834989e-08
0.00057267674 -0.096989958 -0.0098944965 -0.0022457409 9.7357217e-08
0.00059182414 -0.10381218 -0.010898028 -0.0024736665 1.1442233e-07
0.00061161174 -0.11112076 -0.012002858 -0.0027246192 1.3447483e-07
0.00063206093 -0.11895096 -0.013219142 -0.0030009107 1.5803678e-07
0.00065319383 -0.12734062 -0.014558035 -0.0033050798 1.8572121e-07
0.00067503332 -0.13633042 -0.016031809 -0.0036399203 2.1824799e-07
0.00069760301 -0.14596403 -0.017653946 -0.0040085008 2.5646234e-07
0.00072092731 -0.15628837 -0.019439256 -0.0044141937 3.0135661e-07
0.00074503145 -0.16735383 -0.021404011 -0.0048607037 3.5409577e-07
0.00076994152 -0.17921457 -0.023566094 -0.0053521028 4.1604734e-07
0.00079568446 -0.19192874 -0.025945122 -0.0058928582 4.8881644e-07
0.0008222881 -0.20555888 -0.02856267 -0.0064878828 5.7428692e-07
0.00084978124 -0.22017214 -0.031442405 -0.0071425663 6.7466953e-07
0.00087819361 -0.2358407 -0.034610305 -0.0078628255 7.9255838e-07
0.00090755594 -0.25264215 -0.038094888 -0.0086551545 9.3099714e-07
0.00093790001 -0.27065987 -0.041927447 -0.0095266806 1.0935565e-06
0.00096925862 -0.28998347 -0.046142327 -0.010485225 1.2844249e-06
0.0010016657 -0.31070929 -0.050777183 -0.011539365 1.5085149e-06
0.0010351563 -0.33294086 -0.055873309 -0.012698503 1.7715878e-06
0.0010697667 -0.3567895 -0.061475998 -0.013972954 2.0803991e-06
0.0011055343 -0.38237487 -0.067634883 -0.015374021 2.4428692e-06
0.0011424977 -0.40982558 -0.074404354 -0.016914088 2.8682828e-06
0.001180697 -0.43927997 -0.08184406 -0.018606736 3.3675227e-06
0.0012201735 -0.47088651 -0.090019049 -0.020466775 3.9533425e-06
0.0012609699 -0.50480512 -0.099000938 -0.022510506 4.6406861e-06
0.0013031304 -0.54120779 -0.10886823 -0.024755796 5.4470608e-06
0.0013467004 -0.58027903 -0.11970633 -0.027222082 6.3929735e-06
0.0013917273 -0.62221741 -0.13160897 -0.029930686 7.5024409e-06
0.0014382595 -0.66723633 -0.14467861 -0.032904916 8.8035846e-06
0.0014863476 -0.7155652 -0.15902731 -0.036170255 1.0329327e-05
0.0015360436 -0.76745057 -0.17477754 -0.039754541 1.2118201e-05
0.0015874011 -0.82315741 -0.19206306 -0.043688174 1.4215302e-05
0.0016404757 -0.88297049 -0.21103001 -0.048004351 1.6673387e-05
0.0016953249 -0.94719578 -0.23183793 -0.052739298 1.9554169e-05
0.0017520079 -1.016162 -0.25466094 -0.057932531 2.2929814e-05
0.0018105862 -1.0902224 -0.27968895 -0.063627126 2.6884697e-05
0.001871123 -1.1697563 -0.30712903 -0.069870024 3.1517442e-05
0.0019336838 -1.2551711 -0.33720697 -0.076712369 3.6943294e-05
0.0019983364 -1.3469041 -0.37016859 -0.084209805 4.3296888e-05
0.0020651506 -1.445425 -0.40628163 -0.092422882 5.0735464e-05
0.0021341987 -1.5512379 -0.44583749 -0.10141744 5.9442612e-05
0.0022055555 -1.6648834 -0.48915308 -0.11126501 6.963262e-05
0.0022792981 -1.7869419 -0.53657289 -0.12204324 8.1555533e-05
0.0023555062 -1.9180353 -0.58847121 -0.13383643 9.5503017e-05
0.0024342624 -2.0588309 -0.64525451 -0.14673594 0.00011181518
0.0025156518 -2.2100435 -0.70736389 -0.1608408 0.00013088849
0.0025997624 -2.3724391 -0.77527764 -0.1762582 0.0001531849
0.0026866852 -2.5468379 -0.84951401 -0.19310406 0.00017924252
0.0027765143 -2.7341181 -0.93063433 -0.21150367 0.00020968793
0.0028693469 -2.9352195 -1.0192462 -0.23159234 0.00024525037
0.0029652833 -3.1511469 -1.1160067 -0.25351603 0.00028677827
0.0030644273 -3.3829748 -1.2216252 -0.27743192 0.00033525829
0.0031668862 -3.6318507 -1.3368681 -0.30350924 0.00039183732
0.0032727708 -3.8990002 -1.4625617 -0.33192989 0.00045784794
0.0033821956 -4.1857313 -1.5995968 -0.36288924 0.00053483769
0.003495279 -4.4934385 -1.7489323 -0.39659676 0.00062460292
0.0036121434 -4.8236069 -1.9115979 -0.43327633 0.00072922772
0.0037329151 -5.1778239 -2.0887087 -0.47316934 0.00085112878
0.0038577249 -5.5577692 -2.2814482 -0.51653045 0.00099310697
0.0039867076 -5.9652268 -2.4910836 -0.56363073 0.0011584066
0.0041200028 -6.4021016 -2.7189854 -0.61476155 0.0013507837
0.0042577548 -6.8704084 -2.9666104 -0.67023029 0.0015745835
0.0044001125 -7.3722826 -3.2355149 -0.73036261 0.0018348307
0.0045472299 -7.9099846 -3.5273574 -0.79550255 0.0021373311
0.0046992662 -8.4859036 -3.8439032 -0.86601255 0.0024887894
0.0048563858 -9.1025624 -4.1870282 -0.94227359 0.0028969429
0.0050187587 -9.7626204 -4.5587229 -1.0246847 0.0033707143
0.0051865605 -10.468877 -4.9610933 -1.1136625 0.0039203859
0.0053599727 -11.224272 -5.3963647 -1.2096397 0.0045577981
0.005539183 -12.031891 -5.8668836 -1.3130651 0.0052965752
0.0057243851 -12.894963 -6.3751165 -1.4244005 0.0061523815
0.0059157795 -13.816858 -6.9236508 -1.5441191 0.0071432126
0.0061135731 -14.801091 -7.5151928 -1.6727028 0.0082897245
0.0063179799 -15.851303 -8.1525514 -1.8106358 0.0096156064
0.0065292211 -16.971287 -8.8386723 -1.9584086 0.011148002
0.0067475251 -18.16495 -9.57659 -2.1165046 0.012917983
0.0069731281 -19.436304 -10.369423 -2.2853943 0.014961086
0.0072062741 -20.789473 -11.220385 -2.4655335 0.017317909
0.0074472153 -22.22866 -12.13275 -2.6573505 0.020034791
0.0076962123 -23.758132 -13.109838 -2.8612375 0.023164561
0.0079535346 -25.382197 -14.155 -3.0775399 0.026767381
0.0082194604 -27.105168 -15.271575 -3.3065405 0.03091169
0.0084942774 -28.931332 -16.46287 -3.5484468 0.035675242
0.0087782829 -30.864916 -17.732125 -3.8033735 0.041146269
0.0090717841 -32.910001 -19.082426 -4.0713152 0.047424763
0.0093750985 -35.070522 -20.516719 -4.3521363 0.054623888
0.0096885541 -37.350175 -22.037722 -4.6455411 0.062871536
0.01001249 -39.752344 -23.647848 -4.9510427 0.072312027
0.010347257 -42.280007 -25.349128 -5.267932 0.083107977
0.010693217 -44.935654 -27.143134 -5.5952444 0.095442313
0.011050744 -47.721183 -29.030886 -5.9317231 0.10952047
0.011420224 -50.637747 -31.012707 -6.2757674 0.12557274
0.011802059 -53.685666 -33.088162 -6.6254006 0.14385682
0.01219666 -56.864263 -35.255902 -6.9782137 0.16466047
0.012604454 -60.171662 -37.513485 -7.3313041 0.18830441
0.013025883 -63.604635 -39.857239 -7.6812224 0.21514523
0.013461402 -67.158386 -42.28209 -8.0239087 0.24557856
0.013911483 -70.826365 -44.781398 -8.3546323 0.28004223
0.014376612 -74.600001 -47.346731 -8.6679159 0.31901948
0.014857293 -78.468449 -49.967656 -8.9574636 0.3630422
0.015354046 -82.418349 -52.631552 -9.216093 0.41269405
0.015867407 -86.43354 -55.323374 -9.4356598 0.46861346
0.016397933 -90.494731 -58.025397 -9.6069757 0.53149634
0.016946196 -94.579294 -60.71708 -9.7197572 0.60209843
0.017512791 -98.660922 -63.374804 -9.7625477 0.68123709
0.01809833 -102.7093 -65.97163 -9.7226496 0.76979249
0.018703446 -106.68991 -68.477191 -9.5860867 0.86870783
0.019328794 -110.56382 -70.857595 -9.337577 0.97898855
0.019975051 -114.28738 -73.075233 -8.9604893 1.1017002
0.020642915 -117.81224 -75.088856 -8.4368669 1.2379648
0.021333109 -121.08524 -76.853624 -7.7474511 1.3889551
0.02204638 -124.04844 -78.321171 -6.8717207 1.5558874
0.022783499 -126.63932 -79.439924 -5.7879924 1.7400109
0.023545264 -128.79133 -80.155671 -4.4735854 1.9425955
0.024332498 -130.43406 -80.411752 -2.9049202 2.1649159
0.025146053 -131.49427 -80.150106 -1.0578042 2.4082333
0.025986809 -131.89695 -79.312159 1.0923043 2.6737728
0.026855676 -131.56628 -77.83971 3.5700201 2.9626991
0.027753593 -130.42751 -75.676551 6.3996013 3.2760873
0.028681533 -128.40868 -72.769818 9.6045658 3.6148927
0.029640497 -125.44276 -69.071736 13.207228 3.9799169
0.030631525 -121.4703 -64.541648 17.228179 4.3717729
0.031655688 -116.4417 -59.147687 21.685851 4.7908497
0.032714093 -110.3207 -52.869372 26.59591 5.2372777
0.033807886 -103.08682 -45.699189 31.970871 5.7108971
0.03493825 -94.738746 -37.644956 37.819595 6.2112303
0.036106408 -85.296924 -28.731321 44.146989 6.7374624
0.037313623 -74.806151 -19.001279 50.953754 7.2884314
0.038561201 -63.337453 -8.516988 58.236323 7.8626319
0.039850492 -50.988986 2.6402397 65.987014 8.458235
0.04118289 -37.88607 14.370633 74.194385 9.0731289
0.042559836 -24.179489 26.558024 82.843901 9.7049822
0.043982821 -10.04241 39.072905 91.918853 10.351334
0.045453383 4.3360474 51.777987 101.40179 11.009713
0.046973113 18.757992 64.534067 111.276 11.677785
0.048543656 33.029728 77.210125 121.52784 12.353538
0.050166709 46.97592 89.693833 132.14899 13.035484
0.051844029 60.458191 101.90493 143.13924 13.722902
0.05357743 73.398936 113.81192 154.50963 14.416085
0.055368787 85.808031 125.45004 166.28565 15.116606
0.057220038 97.810648 136.93923 178.51015 15.827568
0.059133186 109.67945 148.50434 191.24621 16.553827
0.061110299 121.86153 160.49055 204.57878 17.302147
0.063153517 134.99958 173.37364 218.61494 18.081257
0.06526505 149.94094 187.76112 233.48197 18.901762
0.067447182 167.7238 204.37671 249.32218 19.775846
0.069702273 189.53709 224.02673 266.28422 20.716733
0.072032763 216.64211 247.54097 284.50987 21.737841
0.074441173 250.25789 275.69062 304.1172 22.851625
0.076930107 291.40653 309.08194 325.18026 24.068124
0.07950226 340.73136 348.03578 347.70755 25.39327
0.082160411 398.31133 392.46974 371.62291 26.827114
0.084907438 463.49431 441.79862 396.75167 28.362169
0.087746312 534.78839 494.87881 422.81677 29.982152
0.090680103 609.84356 550.01661 449.44805 31.661409
0.093711985 685.54781 605.05392 476.2061 33.365324
0.096845238 758.25314 657.53788 502.62068 35.051917
0.10008325 824.12048 704.96347 528.24004 36.674719
0.10342953 879.56767 745.07459 552.68681 38.186845
0.10688768 921.79313 776.20267 575.71513 39.546007
0.11046147 949.33308 797.61265 597.26278 40.720071
0.11415474 962.61244 809.82948 617.49305 41.692556
0.11797149 964.38915 814.88086 636.8167 42.467349
0.12191586 959.93992 816.36212 655.87985 43.071664
0.1259921 956.77684 819.19665 675.50066 43.556086
0.13020464 963.67081 828.96197 696.53836 43.990503
0.13455802 988.92638 850.76504 719.69853 44.455083
0.13905696 1038.1232 887.82151 745.30697 45.026507
0.14370632 1111.9417 940.14078 773.12259 45.761284
0.14851113 1204.8923 1003.8293 802.27203 46.679851
0.15347659 1305.6824 1071.4484 831.36762 47.756253
0.15860806 1399.4384 1133.5238 858.80627 48.917807
0.16391111 1471.3297 1180.8785 883.17474 50.056958
0.16939147 1510.6951 1207.1968 903.64839 51.054138
0.17505506 1514.6756 1211.1887 920.27845 51.807172
0.18090801 1490.3878 1197.7727 934.08772 52.260295
0.18695665 1454.5655 1177.6575 946.9035 52.424416
0.19320753 1429.5778 1164.716 960.86737 52.380014
0.19966741 1435.2118 1170.8614 977.61353 52.256744
0.20634328 1480.3256 1201.0149 997.54201 52.191137
0.21324235 1555.8785 1249.0692 1019.3288 52.274812
0.22037209 1638.2678 1300.2309 1040.4545 52.515034
0.22774021 1698.7367 1336.9661 1058.2399 52.828704
0.23535469 1717.5389 1347.6339 1071.164 53.077247
0.24322375 1694.2928 1332.5597 1079.6473 53.130207
0.25135592 1649.7784 1304.781 1085.9491 52.929155
0.25975999 1616.2385 1283.8868 1093.0612 52.518574
0.26844504 1618.42 1284.5098 1102.943 52.021635
0.27742048 1656.2726 1306.1344 1115.1427 51.567774
0.28669601 1704.2081 1333.046 1127.0448 51.213432
0.29628167 1728.8076 1345.2361 1135.6864 50.909913
0.30618783 1714.4936 1333.7368 1140.007 50.544609
0.31642519 1674.9886 1307.1346 1141.5779 50.028284
0.32700484 1642.1587 1284.5557 1143.3157 49.362351
0.33793822 1638.0325 1278.9149 1146.9562 48.630871
0.34923716 1654.29 1284.9779 1151.4838 47.922546
0.36091388 1662.1496 1285.5789 1154.298 47.253498
0.37298101 1643.2299 1270.0033 1153.9742 46.564926
0.3854516 1608.0632 1244.7079 1151.6528 45.795031
0.39833914 1581.7195 1224.5483 1149.5477 44.945671
0.41165758 1573.0395 1214.615 1148.2933 44.071251
0.42542132 1565.9219 1205.3309 1146.4104 43.209636
0.43964524 1543.7178 1186.9603 1142.5356 42.344254
0.45434475 1511.6348 1162.6762 1137.2382 41.440808
0.46953573 1485.6418 1141.8764 1131.9152 40.49936
0.48523462 1467.2485 1125.4017 1126.6524 39.548204
0.5014584 1444.5018 1106.2474 1120.4299 38.599518
0.51822462 1414.1792 1082.5764 1113.0313 37.640397
0.53555142 1384.9659 1059.4949 1105.2362 36.664496
0.55345754 1359.546 1038.5673 1097.2776 35.683351
0.57196235 1331.7915 1016.2263 1088.6495 34.704581
0.59108587 1300.8953 992.02418 1079.3162 33.724337
0.61084878 1271.2817 968.55181 1069.679 32.742472
0.63127246 1242.285 945.43036 1059.7009 31.764766
0.652379 1211.5332 921.29344 1049.2044 30.793032
0.67419124 1180.7184 897.13659 1038.3578 29.826934
0.69673277 1150.2791 873.2256 1027.2221 28.868876
0.72002798 1119.4936 849.15144 1015.7587 27.920941
0.74410206 1088.5164 825.01408 1004.0047 26.983806
0.76898105 1057.5758 800.95732 992.00282 26.058638
0.79469187 1026.8056 777.06717 979.78215 25.146828
0.82126233 996.22473 753.36152 967.36161 24.249662
0.84872117 965.85373 729.85913 954.76276 23.368263
0.8770981 935.72208 706.58345 942.00813 22.503449
0.9064238 905.87146 683.56489 929.12132 21.655941
0.93673001 876.33976 660.83132 916.1246 20.826365
0.96804951 847.1664 638.41097 903.0389 20.015273
1.0004162 818.4034 616.33866 889.88461 19.223184
1.033865 790.09854 594.64585 876.68045 18.450574
1.0684322 762.28793 573.35653 863.4438 17.69786
1.1041551 734.98416 552.48065 850.1904 16.965349
1.1410725 708.19745 532.02657 836.93586 16.253226
1.1792242 681.94231 512.00493 823.69528 15.561588
1.2186514 656.2485 492.43466 810.48349 14.890492
1.2593969 631.14276 473.33235 797.31367 14.239972
1.3015048 606.64417 454.70961 784.19789 13.610025
1.3450205 582.75566 436.56837 771.14695 13.000581
1.3899911 559.47791 418.9091 758.17147 12.411496
1.4364654 536.81291 401.73282 745.2814 11.842565
1.4844935 514.77199 385.04565 732.48622 11.293556
1.5341274 493.36431 368.85202 719.79403 10.764222
1.5854208 472.59474 353.15355 707.2121 10.254295
1.6384293 452.4588 337.9462 694.74689 9.7634688
1.69321 432.95068 323.22503 682.4047 9.2913976
1.7498223 414.06442 308.98488 670.19137 8.8377039
1.8083275 395.79674 295.222 658.11232 8.4019908
1.8687888 378.14282 281.93155 646.17209 7.9838496
1.9312716 361.09625 269.10764 634.37464 7.5828602
1.9958435 344.64892 256.74324 622.72327 7.198591
2.0625744 328.7921 244.83087 611.22096 6.8306
2.1315364 313.51573 233.36215 599.87012 6.4784364
2.2028042 298.80939 222.32847 588.67294 6.141643
2.2764547 284.66135 211.72035 577.63107 5.8197576
2.3525678 271.0601 201.52844 566.74605 5.5123149
2.4312258 257.99289 191.74257 556.01887 5.2188491
2.5125136 245.44747 182.35291 545.45047 4.9388946
2.5965193 233.41011 173.34871 535.04121 4.6719882
2.6833337 221.86829 164.71992 524.7915 4.4176703
2.7730508 210.80791 156.45561 514.70114 4.1754861
2.8657675 200.21608 148.54551 504.77005 3.9449867
2.9615842 190.07821 140.97841 494.99754 3.7257297
3.0606045 180.38151 133.74417 485.38317 3.51728
3.1629356 171.11099 126.83138 475.92583 3.3192107
3.2686881 162.25411 120.23011 466.62484 3.1311035
3.3779764 153.79571 113.92895 457.4787 2.9525491
3.4909188 145.72378 107.91833 448.48658 2.7831479
3.6076374 138.02288 102.18678 439.64665 2.6225105
3.7282585 130.68171 96.725273 430.95801 2.4702573
3.8529125 123.68455 91.522279 422.41852 2.3260197
3.9817343 117.02123 86.569518 414.02725 2.1894396
4.1148633 110.67592 81.855545 405.78168 2.0601703
4.2524434 104.63978 77.372962 397.68094 1.9378761
4.3946236 98.896261 73.110053 389.72214 1.8222327
4.5415574 93.438237 69.06053 381.90467 1.7129261
4.6934041 88.248087 65.212223 374.22518 1.6096539
4.8503277 83.321139 61.56039 366.68343 1.5121242
5.012498 78.638215 58.09214 359.27544 1.4200565
5.1800905 74.197978 54.804784 352.00157 1.3331804
5.3532864 69.978249 51.683903 344.85696 1.2512368
5.5322731 65.982472 48.729701 337.84305 1.1739758
5.7172442 62.183439 45.925108 330.9536 1.1011591
5.9083998 58.592194 43.274854 324.19177 1.0325559
6.1059467 55.172786 40.757142 317.54897 0.96794802
6.3100985 51.948859 38.384126 311.03135 0.90712258
6.5210762 48.868097 36.125039 304.62613 0.8498803
6.7391078 45.977399 34.005604 298.34508 0.79602389
6.9644294 43.192162 31.977219 292.16731 0.74537182
7.1972845 40.606691 30.093128 286.11632 0.69773727
7.4379252 38.065488 28.26536 280.15372 0.65295408
7.6866116 35.776516 26.612873 274.33129 0.61083338
7.9436129 33.405295 24.947973 268.56638 0.57121901
8.2092069 31.504959 23.588389 262.99668 0.53388079
8.4836811 29.179887 22.032818 257.40099 0.49865751
8.7673323 28.587408 21.51825 252.31638 0.46511401
9.0604674 26.430931 20.196844 246.92888 0.43315865
9.3634034 47.807861 32.374264 247.47684 0.40150071
9.6764681 38.320837 27.81072 240.58606 0.33033774
10 -311.07537 -169.07789 149.53216 0.25599819
