2e-05 -9.522003e-06 -4.1386783e-08 -9.3885848e-09 2.8645277e-16
2.0668698e-05 -1.0168918e-05 -4.5067053e-08 -1.0233936e-08 3.3465982e-16
2.1359755e-05 -1.0861309e-05 -4.9676023e-08 -1.1291312e-08 3.9218e-16
2.2073916e-05 -1.1601307e-05 -5.4943952e-08 -1.2504387e-08 4.6101331e-16
2.2811956e-05 -1.2391491e-05 -6.0637147e-08 -1.3807085e-08 5.4356674e-16
2.3574672e-05 -1.3235514e-05 -6.6888809e-08 -1.5224136e-08 6.4289391e-16
2.4362889e-05 -1.4137194e-05 -7.3835285e-08 -1.6800116e-08 7.6262202e-16
2.5177461e-05 -1.5100491e-05 -8.1567401e-08 -1.8564888e-08 9.0731126e-16
2.6019267e-05 -1.6129539e-05 -9.0131161e-08 -2.0527614e-08 1.0828853e-15
2.6889219e-05 -1.722875e-05 -9.9569365e-08 -2.2691572e-08 1.2959906e-15
2.7788258e-05 -1.8402864e-05 -1.0994089e-07 -2.5063358e-08 1.5554805e-15
2.8717356e-05 -1.965698e-05 -1.2133074e-07 -2.765803e-08 1.8719879e-15
2.9677519e-05 -2.0996578e-05 -1.3384916e-07 -3.0499429e-08 2.2589793e-15
3.0669784e-05 -2.2427528e-05 -1.476267e-07 -3.3618175e-08 2.7328525e-15
3.1695226e-05 -2.3956107e-05 -1.6281102e-07 -3.7050245e-08 3.3142432e-15
3.2754954e-05 -2.5589021e-05 -1.7956543e-07 -4.0836001e-08 4.0288662e-15
3.3850113e-05 -2.7333429e-05 -1.9806497e-07 -4.501803e-08 4.908669e-15
3.4981889e-05 -2.9196966e-05 -2.1849586e-07 -4.9640637e-08 5.9930817e-15
3.6151505e-05 -3.1187784e-05 -2.4105893e-07 -5.4750782e-08 7.331798e-15
3.7360228e-05 -3.3314582e-05 -2.6596911e-07 -6.039751e-08 8.9867233e-15
3.8609364e-05 -3.5586646e-05 -2.9345685e-07 -6.6632085e-08 1.1038092e-14
3.9900265e-05 -3.8013891e-05 -3.2377448e-07 -7.3510373e-08 1.3560226e-14
4.1234328e-05 -4.0606912e-05 -3.5719756e-07 -8.1092841e-08 1.6561495e-14
4.2612994e-05 -4.3377023e-05 -3.940267e-07 -8.9444967e-08 2.0089824e-14
4.4037756e-05 -4.6336319e-05 -4.3459587e-07 -9.864018e-08 2.4239192e-14
4.5510155e-05 -4.9497727e-05 -4.7927413e-07 -1.0875991e-07 2.9116878e-14
4.7031784e-05 -5.2875059e-05 -5.2846778e-07 -1.1989392e-07 3.4849426e-14
4.8604288e-05 -5.6483087e-05 -5.8263088e-07 -1.3214391e-07 4.1586062e-14
5.0229368e-05 -6.0337602e-05 -6.4226505e-07 -1.4562264e-07 4.9502127e-14
5.1908783e-05 -6.4455482e-05 -7.0792536e-07 -1.6045533e-07 5.8803627e-14
5.3644349e-05 -6.8854778e-05 -7.8023044e-07 -1.7678295e-07 6.9733225e-14
5.5437944e-05 -7.3554785e-05 -8.5986215e-07 -1.9476079e-07 8.2576475e-14
5.7291507e-05 -7.8576131e-05 -9.4757579e-07 -2.1456149e-07 9.7669129e-14
5.9207044e-05 -8.3940877e-05 -1.0442095e-06 -2.3637764e-07 1.1540568e-13
6.1186627e-05 -8.9672601e-05 -1.1506851e-06 -2.604202e-07 1.3625077e-13
6.3232397e-05 -9.5796514e-05 -1.2680235e-06 -2.8692358e-07 1.6075037e-13
6.5346567e-05 -0.00010233957 -1.3973514e-06 -3.1614635e-07 1.8954677e-13
6.7531425e-05 -0.00010933059 -1.5399095e-06 -3.4837247e-07 2.2339501e-13
6.9789332e-05 -0.00011680037 -1.6970699e-06 -3.8391647e-07 2.6318305e-13
7.2122733e-05 -0.00012478186 -1.8703395e-06 -4.2312227e-07 3.0995451e-13
7.4534151e-05 -0.00013331026 -2.0613822e-06 -4.6636965e-07 3.6493799e-13
7.7026195e-05 -0.00014242322 -2.2720325e-06 -5.1407699e-07 4.2957651e-13
7.9601559e-05 -0.00015216099 -2.504304e-06 -5.6670141e-07 5.0556748e-13
8.2263031e-05 -0.0001625666 -2.7604235e-06 -6.2474952e-07 5.9490655e-13
8.5013489e-05 -0.00017368605 -3.0428356e-06 -6.8877538e-07 6.9994101e-13
8.7855908e-05 -0.00018556853 -3.3542336e-06 -7.5938879e-07 8.2342923e-13
9.0793364e-05 -0.00019826665 -3.6975882e-06 -8.3726278e-07 9.6861635e-13
9.3829033e-05 -0.00021183661 -4.0761613e-06 -9.2313407e-07 1.1393163e-12
9.6966199e-05 -0.00022633857 -4.4935536e-06 -1.0178168e-06 1.3400145e-12
0.00010020826 -0.00024183682 -4.9537245e-06 -1.1222052e-06 1.5759844e-12
0.00010355871 -0.00025840012 -5.4610366e-06 -1.2372841e-06 1.8534271e-12
0.00010702119 -0.00027610199 -6.0202959e-06 -1.364139e-06 2.179632e-12
0.00011059943 -0.00029502108 -6.6367926e-06 -1.5039639e-06 2.5631723e-12
0.00011429732 -0.0003152415 -7.316358e-06 -1.6580762e-06 3.0141258e-12
0.00011811884 -0.00033685319 -8.0654109e-06 -1.8279253e-06 3.5443438e-12
0.00012206813 -0.00035995238 -8.8910308e-06 -2.0151116e-06 4.1677582e-12
0.00012614947 -0.00038464199 -9.8010103e-06 -2.221396e-06 4.9007527e-12
0.00013036727 -0.00041103213 -1.0803941e-05 -2.4487225e-06 5.7625869e-12
0.00013472609 -0.00043924058 -1.1909288e-05 -2.699232e-06 6.7759095e-12
0.00013923064 -0.00046939338 -1.3127483e-05 -2.9752864e-06 7.9673458e-12
0.00014388581 -0.00050162535 -1.4470023e-05 -3.2794907e-06 9.3682043e-12
0.00014869662 -0.00053608078 -1.5949575e-05 -3.6147136e-06 1.1015293e-11
0.00015366828 -0.00057291407 -1.7580113e-05 -3.9841249e-06 1.2951891e-11
0.00015880617 -0.00061229042 -1.9377016e-05 -4.3912107e-06 1.5228877e-11
0.00016411584 -0.00065438667 -2.1357255e-05 -4.8398232e-06 1.7906081e-11
0.00016960304 -0.00069939206 -2.3539521e-05 -5.3342031e-06 2.1053836e-11
0.0001752737 -0.00074750918 -2.5944425e-05 -5.8790297e-06 2.4754839e-11
0.00018113397 -0.00079895485 -2.8594671e-05 -6.4794584e-06 2.9106316e-11
0.00018719017 -0.00085396121 -3.1515291e-05 -7.1411733e-06 3.4222576e-11
0.00019344885 -0.00091277676 -3.4733868e-05 -7.870441e-06 4.023801e-11
0.0001999168 -0.00097566755 -3.8280779e-05 -8.6741589e-06 4.7310618e-11
0.000206601 -0.0010429185 -4.2189553e-05 -9.559947e-06 5.5626155e-11
0.00021350869 -0.0011148346 -4.6497073e-05 -1.053618e-05 6.540301e-11
0.00022064734 -0.0011917425 -5.1244009e-05 -1.1612101e-05 7.6897927e-11
0.00022802466 -0.0012739921 -5.6475163e-05 -1.2797882e-05 9.0412744e-11
0.00023564865 -0.001361958 -6.2239913e-05 -1.4104745e-05 1.0630231e-10
0.00024352755 -0.0014560415 -6.859262e-05 -1.5545033e-05 1.2498378e-10
0.00025166987 -0.0015566724 -7.5593196e-05 -1.7132355e-05 1.4694758e-10
0.00026008443 -0.0016643113 -8.3307641e-05 -1.8881701e-05 1.7277022e-10
0.00026878033 -0.0017794513 -9.1808619e-05 -2.0809572e-05 2.0312943e-10
0.00027776698 -0.001902621 -0.00010117621 -2.2934156e-05 2.3882192e-10
0.0002870541 -0.0020343866 -0.00011149858 -2.5275467e-05 2.8078424e-10
0.00029665173 -0.0021753549 -0.00012287281 -2.7855558e-05 3.3011732e-10
0.00030657026 -0.0023261761 -0.00013540582 -3.0698698e-05 3.8811526e-10
0.00031682041 -0.0024875471 -0.00014921542 -3.3831649e-05 4.5629927e-10
0.00032741328 -0.0026602148 -0.00016443122 -3.728383e-05 5.3645739e-10
0.00033836031 -0.0028449797 -0.00018119598 -4.1087671e-05 6.3069136e-10
0.00034967337 -0.0030427001 -0.00019966687 -4.5278855e-05 7.4147153e-10
0.00036136467 -0.0032542961 -0.00022001697 -4.9896699e-05 8.7170143e-10
0.00037344687 -0.003480754 -0.00024243674 -5.4984453e-05 1.0247937e-09
0.00038593303 -0.0037231318 -0.00026713596 -6.0589774e-05 1.2047592e-09
0.00039883667 -0.0039825637 -0.00029434539 -6.6765082e-05 1.4163118e-09
0.00041217175 -0.0042602662 -0.00032431914 -7.3568113e-05 1.6649913e-09
0.00042595268 -0.0045575442 -0.00035733683 -8.1062405e-05 1.9573081e-09
0.00044019437 -0.0048757972 -0.00039370624 -8.9317901e-05 2.3009128e-09
0.00045491223 -0.0052165269 -0.00043376608 -9.841159e-05 2.704796e-09
0.00047012219 -0.005581344 -0.000477889 -0.00010842818 3.1795219e-09
0.00048584069 -0.0059719772 -0.00052648502 -0.0001194609 3.7375036e-09
0.00050208473 -0.0063902813 -0.00058000529 -0.00013161233 4.3933264e-09
0.00051887189 -0.006838247 -0.0006389462 -0.00014499535 5.1641264e-09
0.00053622034 -0.0073180106 -0.00070385352 -0.00015973411 6.0700361e-09
0.00055414882 -0.0078318658 -0.00077532782 -0.00017596523 7.1347071e-09
0.00057267674 -0.0083822742 -0.00085402931 -0.00019383889 8.3859235e-09
0.00059182414 -0.0089718793 -0.00094068442 -0.00021352041 9.8563225e-09
0.00061161174 -0.0096035189 -0.0010360915 -0.00023519146 1.1584239e-08
0.00063206093 -0.010280241 -0.0011411282 -0.00025905177 1.3614698e-08
0.00065319383 -0.011005317 -0.0012567596 -0.00028532099 1.600058e-08
0.00067503332 -0.011782262 -0.0013840462 -0.00031424059 1.8803982e-08
0.00069760301 -0.012614853 -0.0015241534 -0.00034607582 2.2097826e-08
0.00072092731 -0.013507143 -0.0016783618 -0.00038111827 2.5967733e-08
0.00074503145 -0.014463489 -0.0018480782 -0.00041968822 3.0514228e-08
0.00076994152 -0.015488572 -0.0020348485 -0.00046213769 3.5855326e-08
0.00079568446 -0.016587419 -0.0022403699 -0.00050885317 4.2129561e-08
0.0008222881 -0.017765435 -0.0024665057 -0.00056025898 4.9499537e-08
0.00084978124 -0.019028424 -0.0027153022 -0.00061682113 5.8156093e-08
0.00087819361 -0.020382627 -0.0029890061 -0.00067905126 6.8323181e-08
0.00090755594 -0.021834749 -0.0032900818 -0.00074751064 8.0263584e-08
0.00093790001 -0.023391996 -0.0036212353 -0.00082281559 9.4285612e-08
0.00096925862 -0.025062115 -0.0039854328 -0.0009056416 1.1075095e-07
0.0010016657 -0.026853432 -0.0043859307 -0.00099673034 1.3008384e-07
0.0010351563 -0.028774895 -0.004826298 -0.0010968946 1.5278185e-07
0.0010697667 -0.030836126 -0.0053104476 -0.0012070254 1.7942844e-07
0.0011055343 -0.033047467 -0.0058426695 -0.0013280998 2.1070773e-07
0.0011424977 -0.035420034 -0.006427665 -0.0014611882 2.4742174e-07
0.001180697 -0.037965782 -0.0070705888 -0.0016074642 2.9051054e-07
0.0012201735 -0.040697541 -0.0077770556 -0.0017682063 3.4107588e-07
0.0012609699 -0.043629136 -0.0085532604 -0.0019448244 4.0040875e-07
0.0013031304 -0.046775435 -0.0094059934 -0.0021388641 4.7002162e-07
0.0013467004 -0.050152381 -0.010342627 -0.0023520031 5.5168619e-07
0.0013917273 -0.053777138 -0.011371266 -0.0025860854 6.4747739e-07
0.0014382595 -0.057668152 -0.012500768 -0.0028431255 7.598249e-07
0.0014863476 -0.061845249 -0.013740815 -0.0031253255 8.9157318e-07
0.0015360436 -0.06632974 -0.015101992 -0.0034350915 1.0460516e-06
0.0015874011 -0.071144529 -0.016595865 -0.0037750519 1.2271565e-06
0.0016404757 -0.076314231 -0.018235066 -0.0041480764 1.4394463e-06
0.0016953249 -0.081865291 -0.020033385 -0.0045572961 1.6882534e-06
0.0017520079 -0.087826127 -0.02200587 -0.0050061265 1.9798135e-06
0.0018105862 -0.094227266 -0.024168944 -0.0054982922 2.3214175e-06
0.001871123 -0.1011015 -0.026540503 -0.0060378506 2.7215874e-06
0.0019336838 -0.10848402 -0.029140053 -0.0066292197 3.190282e-06
0.0019983364 -0.11641266 -0.031988853 -0.007277212 3.7391353e-06
0.0020651506 -0.124928 -0.035110042 -0.0079870606 4.3817356e-06
0.0021341987 -0.1340736 -0.038528798 -0.0087644541 5.1339478e-06
0.0022055555 -0.14389621 -0.042272517 -0.0096155762 6.0142906e-06
0.0022792981 -0.15444596 -0.046370976 -0.01054714 7.0443722e-06
0.0023555062 -0.16577663 -0.050856518 -0.011566427 8.2493987e-06
0.0024342624 -0.17794589 -0.055764277 -0.012681337 9.6587625e-06
0.0025156518 -0.19101551 -0.061132379 -0.01390043 1.1306726e-05
0.0025997624 -0.20505172 -0.067002166 -0.015232969 1.3233213e-05
0.0026866852 -0.2201254 -0.073418443 -0.016688977 1.548473e-05
0.0027765143 -0.23631247 -0.080429723 -0.018279282 1.8115426e-05
0.0028693469 -0.25369413 -0.088088513 -0.020015579 2.1188325e-05
0.0029652833 -0.27235727 -0.096451608 -0.021910483 2.4776753e-05
0.0030644273 -0.29239472 -0.10558034 -0.023977582 2.8965983e-05
0.0031668862 -0.3139057 -0.11554094 -0.026231504 3.3855135e-05
0.0032727708 -0.33699614 -0.12640484 -0.028687975 3.9559379e-05
0.0033821956 -0.36177908 -0.13824903 -0.031363875 4.6212464e-05
0.003495279 -0.38837502 -0.15115632 -0.034277299 5.3969643e-05
0.0036121434 -0.41691237 -0.16521583 -0.037447623 6.3011041e-05
0.0037329151 -0.44752832 -0.18052386 -0.040895692 7.3545526e-05
0.0038577249 -0.48036802 -0.19718269 -0.044643518 8.5815174e-05
0.0039867076 -0.51558573 -0.21530193 -0.048714546 0.00010010039
0.0041200028 -0.5533461 -0.23500002 -0.053133958 0.00011672579
0.0042577548 -0.59382324 -0.25640288 -0.057928318 0.00013606694
0.0044001125 -0.63720167 -0.2796449 -0.063125756 0.00015855812
0.0045472299 -0.68367685 -0.30486958 -0.068756036 0.00018470112
0.0046992662 -0.73345531 -0.33222951 -0.074850493 0.00021507543
0.0048563858 -0.78675503 -0.36188677 -0.081442036 0.0002503498
0.0050187587 -0.84380592 -0.39401342 -0.088565166 0.0002912954
0.0051865605 -0.90484983 -0.42879142 -0.096255866 0.00033880094
0.0053599727 -0.97014106 -0.46641325 -0.10455159 0.00039388981
0.005539183 -1.0399462 -0.50708165 -0.11349109 0.00045773957
0.0057243851 -1.1145442 -0.5510097 -0.12311427 0.00053170411
0.0059157795 -1.1942266 -0.5984212 -0.13346207 0.0006173388
0.0061135731 -1.2792972 -0.64955009 -0.14457615 0.00071642897
0.0063179799 -1.3700705 -0.70463913 -0.15649835 0.00083102214
0.0065292211 -1.4668746 -0.76394293 -0.16927107 0.00096346436
0.0067475251 -1.5700468 -0.82772362 -0.18293606 0.0011164413
0.0069731281 -1.6799342 -0.89625081 -0.19753399 0.0012930243
0.0072062741 -1.7968933 -0.96980237 -0.21310431 0.0014967226
0.0074472153 -1.9212872 -1.0486612 -0.22968401 0.0017315411
0.0076962123 -2.0534848 -1.1331144 -0.24730701 0.0020020461
0.0079535346 -2.1938583 -1.2234513 -0.26600311 0.0023134376
0.0082194604 -2.3427807 -1.3199607 -0.2857968 0.0026716308
0.0084942774 -2.5006225 -1.4229286 -0.30670604 0.0030833462
0.0087782829 -2.6677487 -1.5326345 -0.32874064 0.0035562102
0.0090717841 -2.8445126 -1.6493457 -0.35190026 0.0040988651
0.0093750985 -3.0312544 -1.7733171 -0.37617325 0.004721092
0.0096885541 -3.2282931 -1.9047831 -0.40153389 0.005433945
0.01001249 -3.4359209 -2.0439518 -0.42794006 0.0062498982
0.010347257 -3.654396 -2.1909997 -0.45533067 0.0071830067
0.010693217 -3.8839337 -2.3460628 -0.48362236 0.0082490817
0.011050744 -4.124697 -2.5092279 -0.51270619 0.0094658793
0.011420224 -4.3767864 -2.6805242 -0.54244412 0.010853305
0.011802059 -4.6402297 -2.8599141 -0.57266528 0.012433631
0.01219666 -4.9149677 -3.0472801 -0.60316129 0.014231732
0.012604454 -5.2008383 -3.2424113 -0.63368127 0.016275325
0.013025883 -5.4975626 -3.4449905 -0.66392713 0.018595235
0.013461402 -5.8047267 -3.6545797 -0.6935481 0.021225655
0.013911483 -6.1217646 -3.8706051 -0.72213532 0.02420443
0.014376612 -6.4479344 -4.0923369 -0.74921515 0.027573326
0.014857293 -6.7822992 -4.3188738 -0.7742435 0.031378317
0.015354046 -7.1237054 -4.549126 -0.79659985 0.035669851
0.015867407 -7.4707536 -4.7817907 -0.81557966 0.04050311
0.016397933 -7.8217778 -5.0153369 -0.83038907 0.045938244
0.016946196 -8.1748233 -5.2479907 -0.84013952 0.052040573
0.017512791 -8.5276149 -5.4777089 -0.84384044 0.058880745
0.01809833 -8.8775314 -5.702162 -0.84039406 0.066534837
0.018703446 -9.2215909 -5.9187274 -0.82859289 0.075084371
0.019328794 -9.5564287 -6.1244763 -0.8071161 0.084616253
0.019975051 -9.8782725 -6.3161572 -0.77452609 0.095222581
0.020642915 -10.182943 -6.4902059 -0.72927098 0.10700033
0.021333109 -10.465843 -6.6427434 -0.66968552 0.12005088
0.02204638 -10.721963 -6.7695892 -0.59399596 0.13447934
0.022783499 -10.94591 -6.8662935 -0.50032972 0.1503937
0.023545264 -11.131916 -6.9281577 -0.38672382 0.16790371
0.024332498 -11.273909 -6.9502974 -0.2511428 0.18711956
0.025146053 -11.365551 -6.9276854 -0.09149382 0.20815024
0.025986809 -11.400357 -6.8552587 0.094344362 0.23110167
0.026855676 -11.371785 -6.7279982 0.30849706 0.25607449
0.027753593 -11.273359 -6.5410303 0.55306401 0.28316164
0.028681533 -11.098866 -6.2897917 0.83007681 0.3124457
0.029640497 -10.84252 -5.9701608 1.1414626 0.34399594
0.030631525 -10.499167 -5.5786092 1.489004 0.37786534
0.031655688 -10.064537 -5.1123986 1.8742911 0.41408754
0.032714093 -9.5354754 -4.569739 2.2986817 0.4526738
0.033807886 -8.9102309 -3.9499993 2.763254 0.49361031
0.03493825 -8.1886835 -3.2538482 3.2687752 0.5368558
0.036106408 -7.3725985 -2.4834151 3.8156697 0.58233983
0.037313623 -6.4658481 -1.6424163 4.4039981 0.62996196
0.038561201 -5.4745717 -0.73622454 5.0334519 0.67959207
0.039850492 -4.4072508 0.22813382 5.7033675 0.7310721
0.04118289 -3.2747274 1.242027 6.4127544 0.7842195
0.042559836 -2.090027 2.2954203 7.1603574 0.83883277
0.043982821 -0.8681009 3.3771327 7.9447347 0.89469921
0.045453383 0.37466898 4.4752693 8.764372 0.9516052
0.046973113 1.6212184 5.5778303 9.6178321 1.0093491
0.048543656 2.8547818 6.6734721 10.503931 1.0677568
0.050166709 4.0601866 7.7524723 11.421948 1.1266998
0.051844029 5.2255042 8.8079187 12.371868 1.1861157
0.05357743 6.3440144 9.8370783 13.354644 1.24603
0.055368787 7.416571 10.842998 14.372481 1.3065785
0.057220038 8.454019 11.836064 15.429083 1.3680296
0.059133186 9.4798755 12.835672 16.529898 1.4308027
0.061110299 10.532814 13.87168 17.682273 1.4954827
0.063153517 11.668384 14.985213 18.89546 1.5628239
0.06526505 12.95981 16.228768 20.180462 1.6337431
0.067447182 14.496857 17.664919 21.549581 1.7092933
0.069702273 16.382259 19.363342 23.015663 1.7906176
0.072032763 18.72503 21.395751 24.590962 1.8788755
0.074441173 21.63057 23.828831 26.285688 1.9751439
0.076930107 25.187188 26.714957 28.106235 2.0802902
0.07950226 29.450506 30.081874 30.053344 2.1948272
0.082160411 34.427344 33.922456 32.120429 2.3187594
0.084907438 40.06132 38.186113 34.292391 2.4514396
0.087746312 46.223518 42.77402 36.545287 2.5914604
0.090680103 52.710783 47.539764 38.847119 2.7366045
0.093711985 59.254184 52.296844 41.159911 2.8838798
0.096845238 65.538335 56.8332 43.443013 3.0296579
0.10008325 71.231488 60.932366 45.657383 3.1699224
0.10342953 76.024013 64.399331 47.770404 3.3006208
0.10688768 79.673685 67.089826 49.760818 3.418098
0.11046147 82.054083 68.940382 51.623254 3.5195766
0.11415474 83.201869 69.996328 53.371822 3.603632
0.11797149 83.355439 70.432937 55.042026 3.6706002
0.12191586 82.970867 70.560962 56.689712 3.7228334
0.1259921 82.697515 70.805989 58.385604 3.7647038
0.13020464 83.293396 71.650046 60.20396 3.8022522
0.13455802 85.476316 73.534557 62.205768 3.8424077
0.13905696 89.728553 76.737465 64.419189 3.8917979
0.14370632 96.108982 81.259629 66.823393 3.9553073
0.14851113 104.14296 86.764407 69.342876 4.0347024
0.15347659 112.85462 92.608973 71.857714 4.1277395
0.15860806 120.95827 97.974361 74.229334 4.2281367
0.16391111 127.17209 102.0674 76.335588 4.3265975
0.16939147 130.57458 104.34219 78.105196 4.4127872
0.17505506 130.91864 104.68722 79.542588 4.4778747
0.18090801 128.81942 103.52768 80.736172 4.5170398
0.18695665 125.72315 101.78903 81.843874 4.5312255
0.19320753 123.56339 100.67046 83.050816 4.5273879
0.19966741 124.05034 101.20162 84.498239 4.5167333
0.20634328 127.94967 103.80789 86.220726 4.5110627
0.21324235 134.48 107.9614 88.103836 4.518295
0.22037209 141.6012 112.38349 89.92981 4.5390584
0.22774021 146.82773 115.55863 91.467068 4.56617
0.23535469 148.45282 116.48066 92.584136 4.5876524
0.24322375 146.44365 115.17779 93.31738 4.5922299
0.25135592 142.59612 112.77678 93.862068 4.5748524
0.25975999 139.69718 110.97084 94.476787 4.5393645
0.26844504 139.88567 111.02465 95.330903 4.4964123
0.27742048 143.15739 112.89374 96.385361 4.4571835
0.28669601 147.30061 115.21979 97.414109 4.4265564
0.29628167 149.42689 116.27346 98.161039 4.4003222
0.30618783 148.18963 115.2795 98.534473 4.3687476
0.31642519 144.77508 112.98019 98.670257 4.3241198
0.32700484 141.93754 111.02865 98.820467 4.266561
0.33793822 141.58082 110.54105 99.135117 4.2033367
0.34923716 142.98608 111.06514 99.526461 4.1421136
0.36091388 143.66541 111.11708 99.769702 4.0842856
0.37298101 142.03014 109.77084 99.741717 4.02477
0.3854516 138.99051 107.58445 99.541071 3.9582254
0.39833914 136.71355 105.84199 99.35912 3.8848123
0.41165758 135.96331 104.98343 99.250697 3.8092332
0.42542132 135.34817 104.181 99.08796 3.7347608
0.43964524 133.4289 102.59311 98.753038 3.6599629
0.45434475 130.65588 100.49417 98.295172 3.5818749
0.46953573 128.40928 98.696412 97.835093 3.5005022
0.48523462 126.81938 97.272384 97.380208 3.4182905
0.5014584 124.85336 95.61684 96.842382 3.3362922
0.51822462 122.23251 93.570895 96.2029 3.253392
0.53555142 119.70747 91.575863 95.529142 3.1690415
0.55345754 117.51033 89.767014 94.841251 3.0842378
0.57196235 115.11142 87.836005 94.095498 2.9996393
0.59108587 112.44094 85.744126 93.288788 2.9149133
0.61084878 109.88128 83.715292 92.455807 2.8300471
0.63127246 107.37506 81.716866 91.593373 2.7455405
0.652379 104.71704 79.630608 90.686123 2.6615503
0.67419124 102.05405 77.542902 89.748649 2.5780475
0.69673277 99.422509 75.475859 88.786113 2.4952393
0.72002798 96.761477 73.394972 87.795299 2.4133052
0.74410206 94.084184 71.308799 86.77938 2.3323047
0.76898105 91.410049 69.229587 85.742029 2.2523393
0.79469187 88.750494 67.16469 84.685755 2.1735287
0.82126233 86.107232 65.1157 83.612202 2.0959838
0.84872117 83.482123 63.084285 82.523239 2.0198015
0.8770981 80.877747 61.072491 81.420815 1.9450526
0.9064238 78.297678 59.082931 80.306967 1.8717996
0.93673001 75.745163 57.117996 79.183618 1.8000965
0.96804951 73.223598 55.180121 78.052579 1.729991
1.0004162 70.737496 53.272325 76.915611 1.661528
1.033865 68.291001 51.397335 75.774333 1.5947486
1.0684322 65.887238 49.557228 74.630248 1.5296889
1.1041551 63.527287 47.752857 73.484716 1.4663754
1.1410725 61.212017 45.984939 72.339085 1.4048241
1.1792242 58.942678 44.25439 71.194662 1.3450434
1.2186514 56.721855 42.562853 70.052727 1.2870382
1.2593969 54.551872 40.911771 68.914421 1.2308113
1.3015048 52.434385 39.30215 67.780784 1.1763628
1.3450205 50.369636 37.73415 66.652751 1.1236864
1.3899911 48.357673 36.207806 65.531239 1.0727698
1.4364654 46.398662 34.723203 64.41711 1.0235951
1.4844935 44.493587 33.280871 63.311182 0.97614244
1.5341274 42.64324 31.881196 62.214158 0.93039031
1.5854208 40.848044 30.524316 61.126665 0.88631551
1.6384293 39.107617 29.209887 60.049261 0.84389165
1.69321 37.42146 27.937484 58.982489 0.80308885
1.7498223 35.789063 26.706664 57.926856 0.7638745
1.8083275 34.210134 25.517096 56.882828 0.72621431
1.8687888 32.684249 24.368359 55.8508 0.69007293
1.9312716 31.210849 23.25994 54.831113 0.65541403
1.9958435 29.789238 22.191236 53.824055 0.62220029
2.0625744 28.418672 21.161604 52.829879 0.59039351
2.1315364 27.098284 20.170326 51.848796 0.55995476
2.2028042 25.827171 19.21665 50.880993 0.53084453
2.2764547 24.604312 18.299757 49.926615 0.50302286
2.3525678 23.42871 17.418835 48.985793 0.47644953
2.4312258 22.299264 16.573008 48.058614 0.45108427
2.5125136 21.214918 15.761426 47.145159 0.42688684
2.5965193 20.17449 14.983163 46.24546 0.4038172
2.6833337 19.176893 14.237349 45.359552 0.38183562
2.7730508 18.220908 13.523036 44.487417 0.36090281
2.8657675 17.305418 12.839338 43.629049 0.34097995
2.9615842 16.429162 12.185285 42.784389 0.3220288
3.0606045 15.59104 11.560003 41.953399 0.30401176
3.1629356 14.789757 10.962507 41.13598 0.28689193
3.2686881 14.02423 10.391939 40.332076 0.27063316
3.3779764 13.293144 9.8473085 39.541556 0.25520009
3.4909188 12.595459 9.3277896 38.764348 0.24055816
3.6076374 11.929842 8.8323921 38.000297 0.22667371
3.7282585 11.295319 8.3603342 37.249323 0.21351393
3.8529125 10.69053 7.9106213 36.511241 0.20104697
3.9817343 10.114597 7.4825375 35.78597 0.18924188
4.1148633 9.5661498 7.0750928 35.073293 0.17806868
4.2524434 9.0444253 6.6876477 34.373135 0.16749837
4.3946236 8.5479924 6.3191894 33.685247 0.1575029
4.5415574 8.0762364 5.9691751 33.009573 0.14805515
4.6934041 7.6276351 5.6365534 32.345827 0.13912898
4.8503277 7.2017844 5.3209144 31.693986 0.13069915
5.012498 6.7970249 5.0211425 31.053707 0.12274142
5.1800905 6.4132395 4.7370048 30.425022 0.11523242
5.3532864 6.048511 4.4672546 29.807512 0.10814975
5.5322731 5.7031401 4.2119119 29.2013 0.10147181
5.7172442 5.3747765 3.9695011 28.605845 0.095177997
5.9083998 5.0643746 3.7404316 28.021421 0.089248383
6.1059467 4.7688249 3.522818 27.447286 0.083664095
6.3100985 4.4901705 3.3177108 26.883971 0.078406742
6.5210762 4.2238896 3.1224498 26.330374 0.073459094
6.7391078 3.9740365 2.9392599 25.78751 0.068804097
6.9644294 3.733298 2.7639392 25.253576 0.06442606
7.1972845 3.5098259 2.6010903 24.730601 0.060308835
7.4379252 3.2901796 2.4431093 24.215267 0.056438063
7.6866116 3.0923355 2.3002793 23.71205 0.052797419
7.9436129 2.8873817 2.1563761 23.213805 0.049373406
8.2092069 2.7231297 2.0388635 22.732434 0.046146128
8.4836811 2.5221641 1.9044097 22.248818 0.043101653
8.7673323 2.4709602 1.8599383 21.809378 0.040202367
9.0604674 2.2845677 1.7457252 21.343758 0.037440347
9.3634034 4.1323516 2.7983214 21.391188 0.034704027
9.6764681 3.3123148 2.403861 20.795631 0.028552943
10 -26.888785 -14.614789 12.925186 0.022127261
