2e-05 -6.3682219e-05 -2.2435273e-07 -4.2113279e-08 1.2871529e-15
2.0668698e-05 -6.8006719e-05 -2.4422677e-07 -4.5905208e-08 1.5034386e-15
2.1359755e-05 -7.2635787e-05 -2.6921378e-07 -5.0648159e-08 1.7621033e-15
2.2073916e-05 -7.7583208e-05 -2.9780484e-07 -5.6089452e-08 2.0709897e-15
2.2811956e-05 -8.2865859e-05 -3.2867988e-07 -6.1932837e-08 2.4418141e-15
2.3574672e-05 -8.8508253e-05 -3.625711e-07 -6.8289143e-08 2.8878548e-15
2.4362889e-05 -9.453596e-05 -4.0023841e-07 -7.535837e-08 3.42576e-15
2.5177461e-05 -0.00010097544 -4.421834e-07 -8.3274347e-08 4.0761511e-15
2.6019267e-05 -0.00010785426 -4.886495e-07 -9.207828e-08 4.8647773e-15
2.6889219e-05 -0.00011520184 -5.3985768e-07 -1.0178487e-07 5.8216943e-15
2.7788258e-05 -0.00012304976 -5.9611807e-07 -1.1242371e-07 6.9875188e-15
2.8717356e-05 -0.00013143208 -6.5788673e-07 -1.240623e-07 8.4093953e-15
2.9677519e-05 -0.00014038537 -7.2576179e-07 -1.368076e-07 1.0147545e-14
3.0669784e-05 -0.0001499488 -8.0045373e-07 -1.5079693e-07 1.2276431e-14
3.1695226e-05 -0.00016016429 -8.8276806e-07 -1.6619179e-07 1.4888477e-14
3.2754954e-05 -0.00017107662 -9.7359511e-07 -1.8317301e-07 1.809866e-14
3.3850113e-05 -0.00018273355 -1.0738885e-06 -2.0193183e-07 2.2051138e-14
3.4981889e-05 -0.00019518604 -1.1846602e-06 -2.2266679e-07 2.6922029e-14
3.6151505e-05 -0.00020848848 -1.3070004e-06 -2.4558873e-07 3.2936521e-14
3.7360228e-05 -0.00022269888 -1.4420741e-06 -2.7091748e-07 4.0370439e-14
3.8609364e-05 -0.00023787916 -1.5911286e-06 -2.9888302e-07 4.9585068e-14
3.9900265e-05 -0.00025409546 -1.7555292e-06 -3.2973609e-07 6.0914794e-14
4.1234328e-05 -0.00027141838 -1.9367653e-06 -3.6374767e-07 7.4397298e-14
4.2612994e-05 -0.00028992335 -2.1364623e-06 -4.012116e-07 9.0247495e-14
4.4037756e-05 -0.00030969098 -2.3564269e-06 -4.4245731e-07 1.0888745e-13
4.5510155e-05 -0.00033080742 -2.5986548e-06 -4.8784986e-07 1.3079783e-13
4.7031784e-05 -0.00035336471 -2.8653455e-06 -5.3779208e-07 1.5655021e-13
4.8604288e-05 -0.00037746127 -3.1589571e-06 -5.9273999e-07 1.8681211e-13
5.0229368e-05 -0.00040320231 -3.482207e-06 -6.5319947e-07 2.2237234e-13
5.1908783e-05 -0.00043070026 -3.8381032e-06 -7.1973225e-07 2.6415567e-13
5.3644349e-05 -0.00046007536 -4.2299993e-06 -7.9297055e-07 3.1325417e-13
5.5437944e-05 -0.0004914561 -4.6615911e-06 -8.7361077e-07 3.7094835e-13
5.7291507e-05 -0.00052497987 -5.1369759e-06 -9.6242757e-07 4.3874701e-13
5.9207044e-05 -0.00056079355 -5.6607e-06 -1.0602847e-06 5.1842182e-13
6.1186627e-05 -0.00059905411 -6.2377625e-06 -1.1681285e-06 6.1206161e-13
6.3232397e-05 -0.00063992937 -6.8737011e-06 -1.2870102e-06 7.2211754e-13
6.5346567e-05 -0.00068359872 -7.5746277e-06 -1.4180896e-06 8.514741e-13
6.7531425e-05 -0.0007302539 -8.3472712e-06 -1.5626407e-06 1.0035249e-12
6.9789332e-05 -0.0007800999 -9.1990724e-06 -1.7220737e-06 1.1822583e-12
7.2122733e-05 -0.00083335578 -1.0138203e-05 -1.8979316e-06 1.3923641e-12
7.4534151e-05 -0.00089025572 -1.1173687e-05 -2.0919179e-06 1.6393569e-12
7.7026195e-05 -0.00095105007 -1.2315469e-05 -2.3059093e-06 1.9297201e-12
7.9601559e-05 -0.0010160063 -1.3574464e-05 -2.541956e-06 2.2710813e-12
8.2263031e-05 -0.0010854106 -1.4962742e-05 -2.80233e-06 2.6724051e-12
8.5013489e-05 -0.0011595685 -1.6493553e-05 -3.0895168e-06 3.1442291e-12
8.7855908e-05 -0.0012388068 -1.8181489e-05 -3.4062511e-06 3.698952e-12
9.0793364e-05 -0.0013234749 -2.0042651e-05 -3.7555523e-06 4.3511477e-12
9.3829033e-05 -0.0014139461 -2.209471e-05 -4.1407245e-06 5.1179493e-12
9.6966199e-05 -0.0015106197 -2.4357169e-05 -4.5654186e-06 6.019505e-12
0.00010020826 -0.0016139224 -2.6851485e-05 -5.0336467e-06 7.079499e-12
0.00010355871 -0.0017243104 -2.9601281e-05 -5.5498249e-06 8.3257929e-12
0.00010702119 -0.0018422715 -3.2632595e-05 -6.1188223e-06 9.7911281e-12
0.00011059943 -0.0019683271 -3.597408e-05 -6.7459946e-06 1.1514013e-11
0.00011429732 -0.0021030349 -3.9657312e-05 -7.4372488e-06 1.3539719e-11
0.00011811884 -0.002246991 -4.3717061e-05 -8.1990868e-06 1.5921477e-11
0.00012206813 -0.002400833 -4.8191673e-05 -9.0386874e-06 1.8721873e-11
0.00012614947 -0.0025652427 -5.3123335e-05 -9.9639454e-06 2.2014499e-11
0.00013036727 -0.002740949 -5.8558583e-05 -1.098358e-05 2.5885862e-11
0.00013472609 -0.0029287317 -6.4548678e-05 -1.2107195e-05 3.0437699e-11
0.00013923064 -0.0031294247 -7.1150117e-05 -1.3345384e-05 3.5789608e-11
0.00014388581 -0.00334392 -7.8425161e-05 -1.4709828e-05 4.2082216e-11
0.00014869662 -0.0035731715 -8.6442389e-05 -1.6213392e-05 4.9480852e-11
0.00015366828 -0.0038182001 -9.5277464e-05 -1.7870289e-05 5.8179917e-11
0.00015880617 -0.0040800973 -0.00010501368 -1.9696158e-05 6.8407951e-11
0.00016411584 -0.0043600313 -0.00011574295 -2.1708275e-05 8.0433674e-11
0.00016960304 -0.0046592515 -0.00012756643 -2.3925651e-05 9.4572998e-11
0.0001752737 -0.004979095 -0.00014059572 -2.6369269e-05 1.1119737e-10
0.00018113397 -0.0053209925 -0.00015495379 -2.9062258e-05 1.3074347e-10
0.00018719017 -0.0056864746 -0.00017077612 -3.2030099e-05 1.5372473e-10
0.00019344885 -0.0060771798 -0.00018821208 -3.53009e-05 1.8074474e-10
0.0001999168 -0.0064948607 -0.00020742611 -3.8905594e-05 2.1251316e-10
0.000206601 -0.0069413938 -0.00022859957 -4.2878322e-05 2.4986426e-10
0.00021350869 -0.007418787 -0.00025193216 -4.725665e-05 2.937789e-10
0.00022064734 -0.0079291898 -0.0002776441 -5.208204e-05 3.4541015e-10
0.00022802466 -0.0084749024 -0.00030597775 -5.740009e-05 4.0611364e-10
0.00023564865 -0.0090583877 -0.00033720025 -6.3261093e-05 4.77483e-10
0.00024352755 -0.0096822818 -0.00037160577 -6.9720407e-05 5.6139171e-10
0.00025166987 -0.010349407 -0.00040951854 -7.6839058e-05 6.6004218e-10
0.00026008443 -0.011062785 -0.00045129551 -8.4684234e-05 7.7602348e-10
0.00026878033 -0.011825652 -0.00049732974 -9.3329907e-05 9.1237915e-10
0.00027776698 -0.01264147 -0.00054805433 -0.00010285761 1.0726869e-09
0.0002870541 -0.01351395 -0.00060394599 -0.00011335705 1.2611525e-09
0.00029665173 -0.014447064 -0.00066552989 -0.00012492711 1.4827195e-09
0.00030657026 -0.015445066 -0.000733384 -0.00013767658 1.7431989e-09
0.00031682041 -0.016512512 -0.00080814518 -0.00015172537 2.0494214e-09
0.00032741328 -0.017654283 -0.00089051397 -0.00016720535 2.4094155e-09
0.00033836031 -0.018875605 -0.00098126208 -0.00018426188 2.832618e-09
0.00034967337 -0.020182079 -0.0010812388 -0.00020305487 3.3301204e-09
0.00036136467 -0.021579704 -0.0011913793 -0.00022376052 3.9149589e-09
0.00037344687 -0.023074906 -0.0013127128 -0.00024657265 4.6024546e-09
0.00038593303 -0.024674573 -0.0014463718 -0.00027170474 5.410614e-09
0.00039883667 -0.026386082 -0.0015936031 -0.0002993917 6.3605987e-09
0.00041217175 -0.028217344 -0.0017557791 -0.00032989228 7.4772775e-09
0.00042595268 -0.030176831 -0.0019344095 -0.00036349111 8.7898746e-09
0.00044019437 -0.032273628 -0.0021311556 -0.0004005015 1.0332732e-08
0.00045491223 -0.034517471 -0.0023478454 -0.00044126827 1.2146203e-08
0.00047012219 -0.036918796 -0.0025864903 -0.00048617096 1.4277702e-08
0.00048584069 -0.039488792 -0.0028493034 -0.00053562723 1.6782942e-08
0.00050208473 -0.042239454 -0.0031387178 -0.00059009638 1.9727378e-08
0.00051887189 -0.045183645 -0.0034574101 -0.00065008387 2.3187911e-08
0.00053622034 -0.048335157 -0.0038083256 -0.00071614593 2.7254881e-08
0.00055414882 -0.05170878 -0.0041947016 -0.00078889424 3.2034417e-08
0.00057267674 -0.055320375 -0.0046200974 -0.00086900133 3.7651181e-08
0.00059182414 -0.059186956 -0.0050884277 -0.00095720724 4.4251602e-08
0.00061161174 -0.06332677 -0.0056039955 -0.0010543255 5.2007662e-08
0.00063206093 -0.067759394 -0.0061715305 -0.0011612505 6.1121344e-08
0.00065319383 -0.072505825 -0.0067962298 -0.0012789654 7.182985e-08
0.00067503332 -0.077588592 -0.0074838048 -0.001408551 8.441172e-08
0.00069760301 -0.083031869 -0.0082405316 -0.0015511948 9.919401e-08
0.00072092731 -0.088861592 -0.0090733061 -0.0017082025 1.1656072e-07
0.00074503145 -0.095105592 -0.0099896993 -0.0018810075 1.3696265e-07
0.00076994152 -0.10179373 -0.010998028 -0.0020711849 1.6092901e-07
0.00079568446 -0.10895807 -0.012107424 -0.0022804647 1.8908098e-07
0.0008222881 -0.11663301 -0.013327913 -0.0025107468 2.2214759e-07
0.00084978124 -0.12485545 -0.0146705 -0.0027641164 2.6098445e-07
0.00087819361 -0.13366504 -0.016147261 -0.0030428632 3.0659554e-07
0.00090755594 -0.1431043 -0.017771449 -0.0033494999 3.6015883e-07
0.00093790001 -0.15321891 -0.019557604 -0.0036867844 4.2305632e-07
0.00096925862 -0.16405786 -0.021521666 -0.0040577401 4.9690914e-07
0.0010016657 -0.17567377 -0.023681121 -0.0044656849 5.8361874e-07
0.0010351563 -0.18812312 -0.026055142 -0.0049142574 6.8541504e-07
0.0010697667 -0.20146656 -0.028664745 -0.0054074469 8.0491285e-07
0.0011055343 -0.21576918 -0.031532949 -0.0059496234 9.4517791e-07
0.0011424977 -0.23110084 -0.034684982 -0.006545578 1.1098041e-06
0.001180697 -0.2475366 -0.038148486 -0.0072005603 1.3030039e-06
0.0012201735 -0.26515689 -0.041953595 -0.0079202953 1.5297139e-06
0.0012609699 -0.28404824 -0.046133506 -0.0087110896 1.7957187e-06
0.0013031304 -0.30430354 -0.050724577 -0.0095798521 2.107795e-06
0.0013467004 -0.32602231 -0.055766323 -0.010534093 2.4738808e-06
0.0013917273 -0.34931154 -0.061302137 -0.011582059 2.9032726e-06
0.0014382595 -0.37428597 -0.0673794 -0.012732758 3.406856e-06
0.0014863476 -0.40106879 -0.074049906 -0.013996035 3.9973748e-06
0.0015360436 -0.4297922 -0.081370255 -0.015382652 4.6897455e-06
0.0015874011 -0.46059807 -0.089402253 -0.016904359 5.5014236e-06
0.0016404757 -0.49363859 -0.098213351 -0.018573979 6.4528317e-06
0.0016953249 -0.52907704 -0.10787714 -0.020405502 7.5678583e-06
0.0017520079 -0.56708857 -0.11847389 -0.022414189 8.87444e-06
0.0018105862 -0.60786105 -0.13009117 -0.02461668 1.0405239e-05
0.001871123 -0.65159592 -0.14282434 -0.027031097 1.2198432e-05
0.0019336838 -0.69850916 -0.15677726 -0.029677175 1.4298633e-05
0.0019983364 -0.7488323 -0.17206308 -0.032576401 1.6757959e-05
0.0020651506 -0.80281346 -0.18880483 -0.035752134 1.9637282e-05
0.0021341987 -0.86071847 -0.20713633 -0.039229771 2.3007669e-05
0.0022055555 -0.92283209 -0.22720302 -0.043036896 2.6952077e-05
0.0022792981 -0.98945928 -0.24916291 -0.047203462 3.15673e-05
0.0023555062 -1.0609265 -0.27318755 -0.051761965 3.6966248e-05
0.0024342624 -1.1375831 -0.29946293 -0.056747603 4.3280582e-05
0.0025156518 -1.2198028 -0.32819083 -0.062198534 5.0663778e-05
0.0025997624 -1.3079852 -0.35958974 -0.068156024 5.9294673e-05
0.0026866852 -1.4025576 -0.39389623 -0.074664702 6.9381581e-05
0.0027765143 -1.5039765 -0.43136629 -0.081772793 8.1167055e-05
0.0028693469 -1.6127294 -0.47227657 -0.089532334 9.4933404e-05
0.0029652833 -1.7293365 -0.5169258 -0.097999412 0.00011100907
0.0030644273 -1.854353 -0.56563639 -0.10723444 0.00012977602
0.0031668862 -1.9883707 -0.6187559 -0.11730241 0.00015167824
0.0032727708 -2.1320202 -0.67665872 -0.12827313 0.0001772316
0.0033821956 -2.285973 -0.73974771 -0.14022154 0.00020703519
0.003495279 -2.4509435 -0.80845564 -0.15322786 0.00024178441
0.0036121434 -2.6276911 -0.88324705 -0.16737791 0.00028228609
0.0037329151 -2.817025 -0.96462343 -0.18276399 0.00032947577
0.0038577249 -3.0197995 -1.053116 -0.1994834 0.00038443775
0.0039867076 -3.2369208 -1.1492929 -0.21763974 0.00044842801
0.0041200028 -3.4693527 -1.253767 -0.23734412 0.00052290055
0.0042577548 -3.7181122 -1.3671876 -0.25871355 0.00060953759
0.0044001125 -3.9842746 -1.490247 -0.28187192 0.00071028426
0.0045472299 -4.268975 -1.6236816 -0.30694995 0.00082738821
0.0046992662 -4.5734092 -1.768272 -0.33408506 0.000963445
0.0048563858 -4.8988358 -1.9248452 -0.36342132 0.0011214499
0.0050187587 -5.2465776 -2.0942754 -0.3951094 0.0013048572
0.0051865605 -5.6180219 -2.2774849 -0.42930621 0.0015176475
0.0053599727 -6.0146204 -2.4754432 -0.46617423 0.0017644045
0.005539183 -6.437891 -2.6891689 -0.50588145 0.0020504025
0.0057243851 -6.8894146 -2.9197269 -0.54860007 0.0023817057
0.0059157795 -7.3708346 -3.1682276 -0.59450566 0.0027652808
0.0061135731 -7.8838563 -3.435827 -0.64377634 0.0032091241
0.0063179799 -8.4302374 -3.7237164 -0.6965899 0.0037224066
0.0065292211 -9.0117964 -4.0331341 -0.7531248 0.0043156363
0.0067475251 -9.6303955 -4.3653463 -0.81355547 0.0050008422
0.0069731281 -10.287934 -4.721642 -0.87804979 0.0057917812
0.0072062741 -10.986346 -5.1033336 -0.94676768 0.0067041707
0.0074472153 -11.727588 -5.5117429 -1.0198565 0.0077559493
0.0076962123 -12.513622 -5.9481891 -1.097447 0.0089675686
0.0079535346 -13.346405 -6.4139803 -1.1796489 0.01036232
0.0082194604 -14.227868 -6.9103911 -1.2665448 0.011966697
0.0084942774 -15.159896 -7.4386517 -1.3581844 0.013810802
0.0087782829 -16.144309 -7.9999279 -1.4545781 0.015928791
0.0090717841 -17.182811 -8.5952763 -1.5556847 0.018359375
0.0093750985 -18.276991 -9.2256502 -1.6614085 0.021146363
0.0096885541 -19.428268 -9.8918542 -1.7715863 0.024339266
0.01001249 -20.637845 -10.594502 -1.8859747 0.027993955
0.010347257 -21.906667 -11.33398 -2.0042378 0.032173382
0.010693217 -23.235364 -12.11041 -2.1259344 0.036948365
0.011050744 -24.624191 -12.923594 -2.2505011 0.042398434
0.011420224 -26.072948 -13.772946 -2.3772333 0.048612743
0.011802059 -27.580927 -14.657466 -2.5052716 0.055691053
0.01219666 -29.146819 -15.575653 -2.6335789 0.063744768
0.012604454 -30.768596 -16.525419 -2.7609155 0.072898042
0.013025883 -32.443427 -17.504027 -2.8858178 0.083288931
0.013461402 -34.167564 -18.508001 -3.0065733 0.095070592
0.013911483 -35.936233 -19.533058 -3.1211977 0.10841252
0.014376612 -37.74347 -20.57398 -3.2274008 0.1235018
0.014857293 -39.581987 -21.624518 -3.3225591 0.14054433
0.015354046 -41.443046 -22.67732 -3.4036919 0.15976607
0.015867407 -43.316275 -23.723798 -3.4674269 0.18141418
0.016397933 -45.189505 -24.754025 -3.5099711 0.20575807
0.016946196 -47.04863 -25.756659 -3.5270883 0.23309031
0.017512791 -48.877414 -26.718819 -3.5140678 0.26372732
0.01809833 -50.657324 -27.626001 -3.4657018 0.29800984
0.018703446 -52.367415 -28.462028 -3.3762709 0.33630302
0.019328794 -53.984163 -29.208973 -3.2395266 0.37899609
0.019975051 -55.481348 -29.847119 -3.0486832 0.42650157
0.020642915 -56.83 -30.354986 -2.7964227 0.4792538
0.021333109 -57.998389 -30.709377 -2.4749089 0.53770684
0.02204638 -58.952028 -30.88545 -2.0758074 0.6023315
0.022783499 -59.653763 -30.856845 -1.5903212 0.67361142
0.023545264 -60.064038 -30.595953 -1.0092533 0.75203821
0.024332498 -60.141119 -30.07413 -0.32306661 0.83810538
0.025146053 -59.841608 -29.262136 0.47801536 0.93230111
0.025986809 -59.120953 -28.130538 1.4039077 1.0350997
0.026855676 -57.934199 -26.650277 2.4645316 1.1469521
0.027753593 -56.236922 -24.793347 3.6696611 1.2682745
0.028681533 -53.986337 -22.533553 5.0287517 1.3994367
0.029640497 -51.1425 -19.847301 6.5507652 1.5407489
0.030631525 -47.669672 -16.714454 8.2439808 1.6924486
0.031655688 -43.538168 -13.1195 10.115762 1.8546864
0.032714093 -38.725757 -9.0523083 12.172393 2.0275127
0.033807886 -33.219628 -4.5092526 14.418864 2.2108656
0.03493825 -27.01816 0.50587955 16.858706 2.4045603
0.036106408 -20.132598 5.9810969 19.493853 2.6082813
0.037313623 -12.588352 11.895736 22.324584 2.8215787
0.038561201 -4.4265464 18.219843 25.349452 3.0438698
0.039850492 4.2957102 24.914479 28.565388 3.2744465
0.04118289 13.50517 31.932085 31.967842 3.5124913
0.042559836 23.113223 39.217445 35.551033 3.7571016
0.043982821 33.018124 46.70957 39.308376 4.0073248
0.045453383 43.107943 54.343925 43.23297 4.2622039
0.046973113 53.265891 62.056071 47.31832 4.520836
0.048543656 63.376806 69.785819 51.559128 4.7824411
0.050166709 73.336051 77.482646 55.952267 5.0464441
0.051844029 83.061024 85.112405 60.497905 5.312565
0.05357743 92.504372 92.664649 65.200665 5.580918
0.055368787 101.67074 100.16163 70.070947 5.8521118
0.057220038 110.63331 107.6666 75.126029 6.1273479
0.059133186 119.55244 115.29274 80.39112 6.4085058
0.061110299 128.6928 123.21064 85.900038 6.6982041
0.063153517 138.43649 131.65285 91.695265 6.9998223
0.06526505 149.28797 140.91324 97.827081 7.3174655
0.067447182 161.86679 151.3393 104.35151 7.6558514
0.069702273 176.88305 163.31476 111.3268 8.0200985
0.072032763 195.09192 177.2313 118.80828 8.4154015
0.074441173 217.22351 193.44774 126.84161 8.8465828
0.076930107 243.89004 212.23881 135.45479 9.3175281
0.07950226 275.47596 233.73729 144.64979 9.8305339
0.082160411 312.02481 257.87751 154.39499 10.38562
0.084907438 353.13834 284.34888 164.6199 10.979888
0.087746312 397.90842 312.57016 175.2136 11.607035
0.090680103 444.90582 341.69625 186.02861 12.257128
0.093711985 492.23772 370.66227 196.89037 12.916767
0.096845238 537.68303 398.26767 207.61238 13.569701
0.10008325 578.90328 423.29658 218.01578 14.197939
0.10342953 613.71442 444.66456 227.95137 14.783331
0.10688768 640.40588 461.58255 237.32198 15.309506
0.11046147 658.08363 473.72423 246.10303 15.764023
0.11415474 667.0045 481.37941 254.35854 16.140503
0.11797149 668.85303 485.56864 262.24969 16.44045
0.12191586 666.85492 488.06734 270.02957 16.674399
0.1259921 665.60766 491.28356 278.01813 16.861935
0.13020464 670.48353 497.92423 286.55077 17.030111
0.13455802 686.57417 510.44558 295.90224 17.209965
0.13905696 717.30275 530.36208 306.19844 17.431181
0.14370632 763.0853 557.61223 317.34365 17.715636
0.14851113 820.5455 590.23045 328.9953 18.071243
0.15347659 882.73589 624.53622 340.6104 18.487952
0.15860806 940.49966 655.88275 351.56225 18.937626
0.16391111 984.70288 679.80463 361.29875 19.378627
0.16939147 1008.7761 693.26757 369.49781 19.764667
0.17505506 1010.9588 695.71492 376.17909 20.05619
0.18090801 995.64609 689.6263 381.74087 20.231608
0.18695665 973.17234 680.28868 386.89427 20.295144
0.19320753 957.35844 674.49488 392.47218 20.277955
0.19966741 960.43607 678.0307 399.10982 20.230234
0.20634328 987.88312 693.22499 406.96248 20.204835
0.21324235 1034.1037 717.00242 415.51566 20.237228
0.22037209 1084.483 742.06413 423.79066 20.330226
0.22774021 1121.2099 759.82473 430.7469 20.451657
0.23535469 1132.0525 764.64083 435.79359 20.547877
0.24322375 1116.7794 756.75844 439.09352 20.568379
0.25135592 1088.2856 742.63754 441.52302 20.490546
0.25975999 1066.583 731.89757 444.24265 20.331597
0.26844504 1067.0332 731.66798 448.01305 20.139216
0.27742048 1089.6046 741.62303 452.66053 19.963512
0.28669601 1118.3984 754.0029 457.17279 19.826335
0.29628167 1132.646 758.99754 460.40218 19.708834
0.30618783 1122.6668 752.26316 461.93738 19.567413
0.31642519 1097.0015 738.07627 462.38646 19.367526
0.32700484 1075.4813 725.84712 462.87921 19.109723
0.33793822 1071.8157 721.88666 464.08944 18.826543
0.34923716 1080.826 723.58218 465.62647 18.552328
0.36091388 1084.5875 722.49064 466.48495 18.293319
0.37298101 1071.6526 713.3781 466.1133 18.026751
0.3854516 1048.5885 699.45388 464.95227 17.728701
0.39833914 1031.0246 688.02711 463.85934 17.399888
0.41165758 1024.4735 681.58183 463.08228 17.061372
0.42542132 1018.8956 675.39864 462.05088 16.727814
0.43964524 1003.9049 664.70157 460.23784 16.392797
0.45434475 982.75594 651.07123 457.86331 16.043045
0.46953573 965.41509 639.1338 455.46856 15.678581
0.48523462 952.82577 629.29769 453.08887 15.310358
0.5014584 937.52742 618.11891 450.33101 14.943092
0.51822462 917.50755 604.70196 447.11132 14.571786
0.53555142 898.19315 591.56559 443.73205 14.193984
0.55345754 881.26199 579.48065 440.28479 13.814151
0.57196235 862.88671 566.69431 436.57494 13.435239
0.59108587 842.56311 552.99065 432.58904 13.055755
0.61084878 823.05719 539.64827 428.48313 12.675644
0.63127246 803.95518 526.48395 424.24406 12.297143
0.652379 783.77311 512.82726 419.80376 11.920955
0.67419124 763.57155 499.1721 415.22799 11.546949
0.69673277 743.62108 485.65016 410.54103 11.176055
0.72002798 723.47524 472.06443 405.72884 10.809077
0.74410206 703.23068 458.46632 400.80623 10.446282
0.76898105 683.02951 444.9287 395.79038 10.088121
0.79469187 662.95518 431.49566 390.69309 9.7351312
0.82126233 643.01998 418.17777 385.52221 9.3878107
0.84872117 623.23721 404.98599 380.28657 9.0465934
0.8770981 603.62554 391.93341 374.99532 8.7117962
0.9064238 584.21101 379.03638 369.658 8.3836991
0.93673001 565.01727 366.30989 364.28361 8.0625437
0.96804951 546.06892 353.76899 358.8806 7.7485445
1.0004162 527.39843 341.43183 353.45717 7.4419017
1.033865 509.03558 329.31472 348.02083 7.1428001
1.0684322 491.0028 317.43011 342.57857 6.8514008
1.1041551 473.30774 305.78343 337.13667 6.5678223
1.1410725 455.95654 294.37926 331.70135 6.2921369
1.1792242 438.95802 283.22321 326.27863 6.0243822
1.2186514 422.33053 272.32491 320.87436 5.7645797
1.2593969 406.09053 261.69268 315.49377 5.5127429
1.3015048 390.24962 251.33226 310.14158 5.2688706
1.3450205 374.80921 241.24452 304.82204 5.032936
1.3899911 359.76932 231.42953 299.53928 4.8048826
1.4364654 345.13074 221.88763 294.29718 4.5846316
1.4844935 330.90024 212.62161 289.0994 4.372093
1.5341274 317.08318 203.63335 283.94906 4.1671712
1.5854208 303.68222 194.92325 278.84892 3.9697621
1.6384293 290.69409 186.48884 273.80141 3.7797477
1.69321 278.11468 178.32718 268.80892 3.5969941
1.7498223 265.93982 170.43519 263.87361 3.421355
1.8083275 254.16701 162.81044 258.99749 3.2526768
1.8687888 242.79278 155.44995 254.18221 3.0908012
1.9312716 231.81269 148.35017 249.42919 2.9355656
1.9958435 221.22122 141.50698 244.73959 2.7868029
2.0625744 211.01249 134.916 240.11441 2.6443419
2.1315364 201.17978 128.57239 235.55446 2.5080082
2.2028042 191.71612 122.47118 231.06044 2.3776249
2.2764547 182.6137 116.60693 226.63283 2.2530129
2.3525678 173.8649 110.97428 222.27208 2.1339922
2.4312258 165.46133 105.56748 217.97842 2.0203823
2.5125136 157.39494 100.38091 213.75203 1.9120031
2.5965193 149.65679 95.408561 209.59292 1.8086752
2.6833337 142.2386 90.644683 205.50106 1.7102208
2.7730508 135.13112 86.083112 201.47622 1.6164638
2.8657675 128.3259 81.718027 197.51821 1.5272303
2.9615842 121.81343 77.543166 193.6266 1.442349
3.0606045 115.58543 73.552807 189.80105 1.3616515
3.1629356 109.63216 69.740617 186.04097 1.2849726
3.2686881 103.94546 66.100969 182.34593 1.2121504
3.3779764 98.515436 62.627515 178.71519 1.1430263
3.4909188 93.334242 59.314833 175.14828 1.0774458
3.6076374 88.391925 56.156607 171.64434 1.0152579
3.7282585 83.681158 53.147726 168.20286 0.95631587
3.8529125 79.191831 50.281882 164.82286 0.9004769
3.9817343 74.917298 47.55435 161.50382 0.84760244
4.1148633 70.847323 44.958854 158.24465 0.7975583
4.2524434 66.976104 42.491135 155.04486 0.75021442
4.3946236 63.293028 40.144843 151.90321 0.70544522
4.5415574 59.793439 37.916329 148.81932 0.66312917
4.6934041 56.466084 35.799059 145.79176 0.62314926
4.8503277 53.307823 33.790163 142.82032 0.58539242
5.012498 50.306403 31.882771 139.90333 0.54975014
5.1800905 47.460789 30.075064 137.04081 0.51611765
5.3532864 44.756879 28.359461 134.23079 0.48439474
5.5322731 42.19668 26.735625 131.47369 0.45448458
5.7172442 39.762951 25.194708 128.76701 0.42629493
5.9083998 37.462471 23.73864 126.11186 0.39973648
6.1059467 35.272515 22.356287 123.50482 0.37472472
6.3100985 33.207787 21.053284 120.94818 0.35117729
6.5210762 31.235309 19.814134 118.43692 0.32901701
6.7391078 29.384393 18.651224 115.97551 0.3081675
6.9644294 27.601795 17.540331 113.55579 0.28855849
7.1972845 25.946609 16.507508 111.1868 0.27011763
7.4379252 24.321118 15.509254 108.85361 0.25278062
7.6866116 22.855802 14.604203 106.57624 0.23647434
7.9436129 21.340596 13.699933 104.32268 0.22113837
8.2092069 20.122678 12.953489 102.14627 0.20668357
8.4836811 18.639739 12.118464 99.961481 0.19304754
8.7673323 18.246189 11.806495 97.976495 0.1800618
9.0604674 16.872561 11.109396 95.876643 0.16769086
9.3634034 30.275624 17.090717 96.07903 0.15543504
9.6764681 24.317749 14.939549 93.419533 0.12788525
10 -195.02803 -81.970263 58.184369 0.099105661
