-37.132122 -37.499192 -12.199222 0.056320634
17.422365 3.7531414 5.2441873 0.061718047
33.016631 16.807045 11.705326 0.081947715
26.785651 11.727738 9.500642 0.1036339
23.165787 8.4164815 7.7313664 0.1277787
19.764913 5.3690115 6.2913342 0.15944221
15.953932 1.9821019 4.7654943 0.19963165
11.710869 -1.7294563 3.2052064 0.25112364
7.0249598 -5.7806978 1.6084848 0.31719827
1.9047175 -10.150333 0.014938137 0.40230944
-3.6147704 -14.801306 -1.5289112 0.51224314
-9.4830838 -19.673129 -2.9497931 0.65465029
-15.615168 -24.671904 -4.1462108 0.83959993
-21.893526 -29.662004 -4.9749498 1.0804247
-28.139684 -34.436912 -5.2267837 1.3959332
-34.19039 -38.799211 -4.6984904 1.8016631
-40.114867 -42.821674 -3.4479289 2.2824309
-45.901292 -46.489934 -1.4615582 2.8323001
-51.418689 -49.656199 1.3954699 3.4592987
-56.529851 -52.167454 5.2594085 4.1706846
-61.084471 -53.857683 10.273574 4.9736567
-64.921362 -54.549544 16.586965 5.8752099
-67.870418 -54.059638 24.350838 6.8818414
-69.775671 -52.23039 33.706945 7.9991926
-70.491577 -48.9215 44.788162 9.2316402
-69.884823 -44.006643 57.717076 10.581864
-67.839155 -37.377893 72.601971 12.050416
-64.264115 -28.959567 89.530766 13.635323
-59.157021 -18.789355 108.54496 15.331775
-52.581849 -6.9842148 129.65064 17.132022
-44.65574 6.283733 152.82643 19.025484
-35.551096 20.786173 178.02485 20.99905
-25.49568 36.237795 205.17552 23.037714
-14.771819 52.295607 234.19179 25.125804
-3.7122507 68.563705 264.98031 27.248761
7.3200706 84.619793 297.45693 29.395228
18.101434 100.21978 331.61371 31.559525
28.506394 115.23931 367.50887 33.744601
38.65437 129.84106 405.3207 35.965276
48.972575 144.53825 445.36528 38.251145
60.319279 160.32807 488.12346 40.648367
74.014228 178.7121 534.2252 43.219592
91.81742 201.65943 584.40349 46.040966
115.7777 231.42296 639.39271 49.194956
147.91494 270.17642 699.76605 52.758108
189.73721 319.47706 765.72352 56.783911
241.64997 379.62722 836.8687 61.282336
302.40167 449.09284 912.03866 66.200067
368.73261 524.16618 989.25732 71.40715
435.47517 599.12822 1065.8929 76.697378
496.19743 667.00635 1139.0142 81.807851
544.32642 720.82232 1205.8979 86.4603
574.65207 755.23569 1264.528 90.419524
584.93127 768.22781 1314.0173 93.558245
576.93715 762.18231 1354.4524 95.909493
556.87942 744.16516 1386.4639 97.677338
531.56377 721.75958 1408.0878 99.197521
505.93087 699.74457 1414.3844 100.77718
496.20797 692.99499 1414.8616 103.39591
519.51217 717.16356 1431.7089 110.91748
