-106.70719 -92.87722 -42.848401 0.083803994
-107.67348 -93.461374 -43.785572 0.091101547
-111.25913 -96.677871 -45.473824 0.099145928
-115.98835 -101.12358 -47.530446 0.10801968
-120.57543 -105.42186 -49.584533 0.11781433
-125.35312 -109.91834 -51.731354 0.12863144
-130.3005 -114.59391 -53.967377 0.14058377
-135.43943 -119.47198 -56.300613 0.15379656
-140.7721 -124.55676 -58.733931 0.16840903
-146.30861 -129.86023 -61.272328 0.184576
-152.05497 -135.39065 -63.919837 0.20246975
-158.01973 -141.15881 -66.681201 0.22228212
-164.2102 -147.17456 -69.560935 0.24422683
-170.63481 -153.44896 -72.563894 0.26854215
-177.30164 -159.99293 -75.694903 0.2954939
-184.21936 -166.81817 -78.95899 0.32537896
-191.39659 -173.93649 -82.361204 0.35852909
-198.84235 -181.36032 -85.90672 0.39531426
-206.56573 -189.10234 -89.600735 0.4361454
-214.5761 -197.1757 -93.448511 0.48147704
-222.8829 -205.59384 -97.455297 0.53181222
-231.4958 -214.37061 -101.62634 0.58771138
-240.42453 -223.52012 -105.96679 0.64980526
-249.67898 -233.05678 -110.48171 0.71880895
-259.26907 -242.99524 -115.17593 0.79553475
-269.20486 -253.35039 -120.05408 0.88090316
-279.49628 -264.13725 -125.12045 0.97595384
-290.15039 -275.36732 -130.37789 1.0818582
-301.00882 -286.75256 -135.69717 1.1999345
-310.77157 -295.98054 -140.06515 1.3316647
-320.77981 -305.42586 -144.51236 1.4787137
-331.01757 -315.06904 -149.0274 1.6429518
-341.47722 -324.89686 -153.59915 1.826479
-352.15383 -334.89789 -158.21564 2.0316543
-363.03939 -345.05643 -162.86214 2.26113
-374.12365 -355.35262 -167.52065 2.517968
-385.39362 -365.76172 -172.16947 2.8056727
-396.87146 -376.32085 -176.82781 3.1215424
-408.60304 -387.10918 -181.54376 3.458762
-420.59526 -398.13748 -186.32009 3.81764
-432.84867 -409.40542 -191.15185 4.1996752
-445.3649 -420.9148 -196.03524 4.6062005
-458.1456 -432.66763 -200.9663 5.0385839
-471.19248 -444.66622 -205.94095 5.4982328
-484.50736 -456.91331 -210.95506 5.986595
-498.09176 -469.41168 -216.00433 6.5051526
-511.94921 -482.16589 -221.0848 7.0554072
-525.09786 -493.45275 -225.44541 7.6388598
-537.27866 -502.82113 -228.88606 8.2569864
-549.52321 -512.08308 -232.18464 8.911209
-561.81539 -521.21541 -235.32601 9.6028605
-574.14298 -530.19875 -238.29623 10.333142
-586.49481 -539.01545 -241.08236 11.103055
-598.8591 -547.6473 -243.67139 11.91352
-611.22027 -556.06989 -246.04631 12.765936
-623.55947 -564.2533 -248.18661 13.662103
-635.85681 -572.16617 -250.07086 14.603842
-648.09158 -579.77594 -251.67689 15.592973
-660.2423 -587.04889 -252.98187 16.631286
-672.28664 -593.95012 -253.96237 17.720483
-684.2025 -600.44441 -254.59472 18.862118
-695.24862 -605.25133 -254.32215 20.057549
-705.69531 -608.84596 -253.34096 21.307897
-715.82617 -611.72617 -251.85727 22.613994
-725.60711 -613.8389 -249.84177 23.976309
-735.00396 -615.13071 -247.26568 25.39493
-743.97862 -615.54175 -244.09719 26.86998
-752.48671 -615.00168 -240.29885 28.402015
-760.48016 -613.43396 -235.83017 29.991753
-767.90898 -610.75846 -230.64939 31.639835
-774.72085 -606.89101 -224.71337 33.346673
-780.85951 -601.74161 -217.97729 35.112279
-787.35592 -597.0849 -211.18915 36.936205
-794.06985 -592.68168 -204.24057 38.817546
-800.13764 -587.05413 -196.49887 40.754949
-805.50592 -580.11573 -187.92393 42.746619
-810.11501 -571.77022 -178.47226 44.790556
-813.89832 -561.90982 -168.09554 46.884868
-816.78418 -550.41757 -156.74194 49.027769
-818.69616 -537.16802 -144.35682 51.217396
-819.5486 -522.02262 -130.88138 53.451575
-824.2519 -513.33531 -119.83932 55.727705
-828.95825 -504.55113 -108.46051 58.042889
-832.94401 -494.43863 -96.22503 60.394185
-836.13586 -482.87597 -83.082029 62.778746
-838.45389 -469.73113 -68.977926 65.193618
-839.81447 -454.86536 -53.858095 67.635734
-840.12578 -438.12665 -37.663382 70.102186
-841.09705 -422.40628 -21.611445 72.590262
-847.03907 -414.97142 -8.7488465 75.097511
-852.41643 -406.4652 4.8500071 77.622201
-857.14453 -396.74386 19.245595 80.163598
-861.13315 -385.65749 34.498339 82.720945
-864.29284 -373.05853 50.663886 85.293007
-866.52387 -358.78418 67.803538 87.879039
-871.77828 -349.46944 83.1455 90.479385
-879.92702 -344.88499 96.790199 93.095886
-887.58903 -339.35792 111.10826 95.732382
-894.66495 -332.72776 126.17025 98.39387
-901.06043 -324.84598 142.03742 101.08499
-906.67724 -315.56097 158.77079 103.81064
-913.41992 -308.06484 175.04704 106.57738
-921.12785 -302.09871 190.98323 109.39427
-928.07958 -294.80848 207.77602 112.2728
-934.16029 -286.02621 225.50587 115.22528
-939.26266 -275.60125 244.24285 118.2636
-942.95713 -262.85262 264.27706 121.40011
-944.147 -245.99942 286.35589 124.64878
-943.82558 -226.73447 309.79474 128.02515
-941.85233 -204.87068 334.68705 131.54515
-938.0932 -180.23569 361.11863 135.22379
-930.11819 -148.86662 390.73511 139.07502
-916.79015 -108.95327 424.29157 143.11182
-900.69364 -64.83493 460.01255 147.34569
-881.65279 -16.286356 498.00219 151.7862
-859.49234 36.916893 538.36273 156.44036
-830.12464 101.4371 583.83172 161.31106
-796.85179 171.76395 632.14516 166.3957
-759.47171 248.16491 683.40901 171.68713
-717.74726 330.97078 737.75283 177.17447
-674.56878 415.38998 793.20515 182.84094
-627.57943 505.2522 851.31414 188.66154
-575.85614 602.03486 912.65845 194.60478
-519.7705 705.10361 976.94998 200.6348
-472.82009 792.38303 1035.1573 206.7103
-421.63001 885.77282 1096.1846 212.78413
-365.8296 985.89076 1160.2416 218.80526
-318.06547 1072.1393 1218.9033 224.72072
-277.89442 1145.3293 1272.476 230.47705
-234.25592 1223.5665 1328.2911 236.0213
-193.37944 1296.7795 1382.2123 241.30201
-171.87944 1338.0535 1423.2879 246.27273
-148.3747 1382.2853 1465.6604 250.89425
-125.28518 1425.6276 1507.7346 255.13473
-122.85743 1435.3239 1536.2235 258.97406
-119.42773 1446.6417 1565.4084 262.40729
-116.99097 1456.4087 1593.9883 265.44231
-126.04525 1447.6782 1615.1054 268.10221
-134.11387 1440.6924 1636.9489 270.4283
-141.22423 1435.3973 1659.4921 272.47567
-147.3944 1431.7243 1682.7037 274.31275
-151.42025 1431.5482 1707.343 276.02094
-145.21154 1447.8172 1738.6201 277.68848
-131.97309 1475.2087 1774.3755 279.40682
-111.68475 1513.5894 1814.5398 281.26639
-73.666697 1579.975 1865.9267 283.34919
-29.38972 1655.6937 1920.9877 285.72286
29.025132 1753.2439 1984.6986 288.43458
97.005818 1865.1027 2053.9766 291.50428
170.31581 1984.3358 2125.9771 294.92162
248.65905 2110.3916 2200.4193 298.64459
329.07016 2238.486 2275.3304 302.60037
400.66655 2351.2066 2343.6941 306.68902
473.92634 2465.4603 2412.253 310.78905
523.88541 2541.4074 2465.053 314.7658
575.06346 2618.5347 2517.9009 318.4816
595.59906 2646.0782 2550.5277 321.80737
615.21305 2671.8445 2582.0839 324.63458
609.03671 2656.2949 2596.8303 326.88628
600.42665 2636.956 2609.8102 328.52668
579.6663 2598.4299 2614.932 329.56664
560.63646 2562.9283 2621.0972 330.06543
543.79147 2531.1331 2628.5937 330.12635
538.95534 2518.5834 2643.6024 329.88703
543.3751 2520.6895 2664.2552 329.50608
570.41768 2558.4964 2698.8543 329.1451
609.55006 2614.9611 2740.5157 328.94753
665.71152 2697.703 2792.1482 329.01819
730.17926 2792.6567 2848.037 329.40898
801.30467 2897.1018 2906.9948 330.11025
865.95732 2990.1715 2960.6655 331.05017
921.08725 3067.1324 3007.1545 332.10749
967.37271 3129.2611 3046.9881 333.12889
989.95138 3153.234 3070.9591 333.94447
992.45024 3145.0982 3081.5577 334.39469
983.16487 3118.2598 3084.2378 334.36804
964.93706 3077.3937 3080.9834 333.8224
944.09448 3032.5953 3075.8719 332.78571
930.89015 3000.0573 3075.3447 331.35039
929.34299 2985.9914 3081.8402 329.65793
943.22636 2996.1531 3097.5605 327.87092
973.65544 3032.0728 3122.9943 326.14008
1014.2992 3083.5444 3153.9698 324.57155
1059.3629 3141.3007 3186.7026 323.20385
1100.8907 3192.7702 3216.1557 322.00279
1132.0373 3227.2483 3238.0954 320.87346
1149.5964 3239.8615 3250.6422 319.68448
1151.7896 3228.0253 3252.8533 318.29858
1139.5883 3193.472 3245.5222 316.60834
1124.207 3154.011 3235.7991 314.57096
1111.204 3118.4139 3227.2301 312.22154
1107.8127 3097.9927 3224.2886 309.65731
1116.7932 3096.9457 3228.5746 307.00395
1135.2916 3110.6246 3238.1582 304.37474
1158.9456 3132.0616 3250.1895 301.83541
1180.101 3149.1956 3259.8436 299.38639
1192.7517 3152.6509 3263.4126 296.96846
1195.1328 3139.7811 3259.9044 294.49136
1188.9061 3113.3331 3250.4871 291.87172
1178.2404 3079.951 3237.8614 289.06422
1169.123 3049.0665 3225.7957 286.07665
1165.5559 3026.9234 3216.7604 282.96329
1168.3736 3014.7544 3211.2122 279.79921
1176.1845 3010.3068 3208.2105 276.64636
1182.3082 3003.0668 3203.5776 273.52799
1185.9739 2991.8575 3196.8362 270.42471
1182.2463 2968.9989 3184.9905 267.29002
1174.6857 2940.1493 3170.3089 264.07753
1165.0557 2908.1163 3153.948 260.76719
1157.8853 2880.0038 3138.7307 257.37416
1153.2752 2855.9392 3124.715 253.93775
1152.8561 2838.4478 3112.8683 250.49705
1149.0619 2815.6585 3098.5143 247.0691
1146.8894 2795.4228 3084.7264 243.64528
1137.0448 2763.2104 3065.8292 240.20242
1130.125 2735.6577 3048.3718 236.72135
1118.5473 2700.9014 3027.7382 233.19987
1111.8984 2673.9562 3009.8289 229.65261
1103.4927 2644.3444 2990.545 226.09988
1096.7486 2617.4179 2971.9732 222.55301
1087.525 2586.7036 2951.5805 219.01031
1077.8944 2555.4606 2930.6522 215.46398
1067.1134 2522.5377 2908.7539 211.90972
1056.875 2490.5888 2886.9397 208.35153
1046.5479 2458.6253 2864.8364 204.79938
1037.4383 2428.6879 2843.2466 201.26189
1026.1333 2395.442 2820.0893 197.74113
1016.611 2365.1146 2797.8074 194.23426
1003.2486 2328.9252 2772.9891 190.73883
993.91955 2299.1864 2750.4656 187.25668
980.07141 2262.5394 2725.0282 183.79076
969.85887 2231.7323 2701.6693 180.34274
956.22455 2195.7456 2676.0915 176.91335
944.37556 2162.7186 2651.4831 173.50321
931.62419 2128.456 2626.2154 170.11522
918.99333 2094.5581 2600.9155 166.7522
906.21919 2060.6152 2575.4321 163.41612
893.60418 2027.0991 2549.9578 160.10957
880.90493 1993.6296 2524.3499 156.83469
868.23712 1960.3898 2498.6861 153.59207
854.66038 1925.9147 2472.4101 150.38222
842.82639 1894.3423 2447.1459 147.20682
828.54455 1859.1361 2420.352 144.06651
816.84258 1828.1411 2395.1016 140.96194
802.58077 1793.3427 2368.2794 137.89359
790.24923 1761.7475 2342.628 134.86123
776.33949 1727.8879 2316.0227 131.86465
763.04979 1695.1941 2289.8084 128.90429
750.21086 1663.4011 2263.886 125.98235
736.61572 1630.6265 2237.5224 123.10018
723.93139 1599.4681 2211.7374 120.25854
710.76913 1567.7606 2185.6914 117.45828
697.70767 1536.405 2159.7432 114.69984
685.35134 1506.3418 2134.2661 111.98391
671.82687 1474.6519 2108.1308 109.31055
660.02437 1445.838 2083.0995 106.67966
646.2883 1414.206 2056.9603 104.09077
634.51102 1385.8181 2032.0835 101.54433
621.72934 1356.0566 2006.6765 99.041314
609.28296 1327.0091 1981.5597 96.580876
597.07161 1298.5213 1956.6792 94.161807
584.07261 1269.0013 1931.4174 91.783922
572.85623 1242.4475 1907.3313 89.448689
560.10509 1213.691 1882.4102 87.157147
549.07421 1187.7975 1858.634 84.909203
536.8192 1160.1831 1834.2257 82.703945
525.19993 1133.7437 1810.319 80.540266
513.96129 1108.0808 1786.7608 78.418297
502.01888 1081.5058 1762.8931 76.337695
491.29851 1057.0133 1739.8816 74.298558
479.92381 1031.6799 1716.5868 72.301263
469.10719 1007.3882 1693.7462 70.346201
459.06122 984.46469 1671.495 68.433805
447.50928 959.36764 1648.4673 66.562249
438.00204 937.62315 1626.8187 64.729564
426.227 912.52101 1603.9379 62.935521
417.68243 892.60992 1583.1494 61.18116
406.22279 868.32782 1560.7396 59.466152
397.41848 848.33915 1540.0866 57.789205
386.85074 825.77091 1518.5196 56.149482
377.36076 805.04229 1497.7535 54.545876
367.91183 784.53785 1477.1526 52.978807
358.50076 764.24881 1456.7074 51.448531
349.46263 744.69262 1436.6179 49.954942
340.75433 725.7987 1416.8562 48.497766
331.43074 706.09368 1396.854 47.076759
324.16457 689.72898 1378.2355 45.691946
313.99525 668.99235 1358.0173 44.34147
307.50182 654.11267 1340.182 43.02391
297.22917 633.4993 1320.2255 41.738605
291.12168 619.50044 1302.9492 40.485305
281.43333 600.07467 1283.6764 39.263113
274.6194 585.25719 1266.3018 38.070699
266.27146 568.19282 1248.1504 36.908424
259.03443 552.98995 1230.8111 35.776103
251.54335 537.52402 1213.4534 34.673618
244.48683 522.86223 1196.4891 33.600698
237.16446 507.91337 1179.4938 32.556889
230.89342 494.72169 1163.2616 31.541704
223.09848 479.28233 1146.2391 30.554738
218.30279 468.6205 1131.1674 29.59591
209.55395 451.93286 1113.8661 28.663678
205.71425 442.98989 1099.6979 27.757306
196.86549 426.38251 1082.6882 26.875243
192.4728 416.82029 1068.5414 26.015963
184.91658 402.46244 1052.6405 25.179872
179.79031 391.9981 1038.3484 24.366692
173.43872 379.74544 1023.4476 23.576597
168.02336 369.06033 1009.2385 22.809367
162.21769 357.88011 994.91767 22.064581
157.05526 347.80876 981.10746 21.341796
151.19177 336.75641 966.99528 20.64052
146.84644 328.16899 953.91995 19.960275
140.3404 316.32984 939.6616 19.300703
137.47087 310.2412 927.73622 18.66193
129.98942 297.09291 913.19537 18.042224
127.58142 291.93136 901.88768 17.440587
120.40069 279.46521 887.87866 16.856098
117.10432 273.14389 876.36566 16.287656
111.40743 263.20311 863.53071 15.736137
107.42797 256.03727 851.85245 15.201498
102.56734 247.60977 839.75979 14.683444
98.379872 240.33428 828.18862 14.181641
93.795325 232.5486 816.49163 13.695679
89.899112 225.93854 805.32298 13.225165
85.046167 217.94956 793.68915 12.769694
81.960086 212.81153 783.23581 12.328953
76.341714 203.8486 771.37358 11.902523
74.470745 200.8124 761.91423 11.490496
68.030801 190.79394 749.87895 11.091168
65.969205 187.69287 740.64204 10.703475
60.321078 179.14269 729.38708 10.32762
57.358533 174.88644 719.87715 9.9631281
52.755881 168.20884 709.48917 9.6102138
49.142861 163.19638 699.80465 9.2686565
45.000481 157.49473 689.90768 8.9380656
41.140064 152.36893 680.28134 8.6180582
36.909358 146.81295 670.53466 8.3081207
33.172533 142.17686 661.17783 8.0077607
28.269275 135.89334 651.21551 7.7163081
24.988106 132.30514 642.32092 7.4332619
18.859142 124.49331 631.83555 7.1567754
15.238903 120.80168 622.92156 6.8853092
8.0899038 111.89594 611.98631 6.6159677
2.5785373 105.8541 601.96161 6.3452739
-5.8990304 95.627106 590.29122 6.0641912
-15.855816 83.679632 577.31902 5.7623446
-16.588691 87.111899 573.06055 5.3788839
-96.332405 -28.991019 503.41696 4.3770577
-563.87445 -745.93876 104.53053 3.2466464
