-12.011036 -6.1243432 -1.906028 0.0032648371
-11.914762 -6.0969655 -1.956637 0.003549136
-12.261023 -6.2849578 -2.0337352 0.00386253
-12.794414 -6.5712284 -2.1242423 0.0042082347
-13.291434 -6.8409759 -2.2154821 0.0045898162
-13.80925 -7.1227434 -2.3107463 0.005011231
-14.343744 -7.4146995 -2.4099424 0.005476872
-14.898176 -7.7185349 -2.5133736 0.0059916185
-15.472384 -8.034331 -2.6211664 0.0065608941
-16.067548 -8.3627969 -2.7335207 0.0071907303
-16.68412 -8.7043161 -2.8506022 0.0078878389
-17.322961 -9.0594638 -2.9726008 0.0086596938
-17.984697 -9.4287177 -3.0996972 0.0095146215
-18.670119 -9.8126359 -3.2320828 0.010461904
-19.379924 -10.211742 -3.3699462 0.011511897
-20.114887 -10.626601 -3.5134812 0.012676167
-20.875741 -11.057765 -3.6628795 0.013967639
-21.663255 -11.505807 -3.8183343 0.015400727
-22.478175 -11.971295 -3.9800366 0.016991438
-23.32126 -12.454808 -4.148176 0.018757482
-24.193246 -12.956919 -4.3229383 0.020718455
-25.094866 -13.478202 -4.5045045 0.022896192
-26.026825 -14.019219 -4.6930467 0.025315265
-26.989813 -14.580525 -4.8887258 0.028003533
-27.984478 -15.162649 -5.0916867 0.030992642
-29.01145 -15.766105 -5.3020556 0.034318453
-30.071286 -16.39137 -5.5199352 0.038021469
-31.163993 -17.038582 -5.7453656 0.042147329
-32.274555 -17.686601 -5.9725083 0.046747386
-33.28098 -18.170267 -6.156311 0.051879374
-34.307735 -18.657376 -6.3423086 0.057608163
-35.351393 -19.145468 -6.5298821 0.064006608
-36.409935 -19.632544 -6.7183918 0.071156529
-37.481793 -20.116706 -6.9071305 0.079149824
-38.564853 -20.595641 -7.0952567 0.088089824
-39.656586 -21.066615 -7.2817618 0.098095814
-40.753969 -21.526418 -7.4654492 0.10930432
-41.860535 -21.978349 -7.6473108 0.1216101
-42.984184 -22.43005 -7.8298696 0.13474764
-44.125517 -22.881876 -8.0132086 0.14872897
-45.283944 -23.333004 -8.1969994 0.16361247
-46.459077 -23.782824 -8.3809748 0.17945008
-47.650525 -24.23074 -8.5648611 0.1962951
-48.857909 -24.676179 -8.748379 0.21420234
-50.080867 -25.11861 -8.9312455 0.23322823
-51.318993 -25.557503 -9.1131728 0.25343049
-52.572222 -25.99249 -9.2938854 0.27486764
-53.740306 -26.297759 -9.4399919 0.29759815
-54.794921 -26.439356 -9.5425231 0.32167951
-55.839744 -26.54797 -9.6358702 0.34716714
-56.872166 -26.621195 -9.71929 0.37411296
-57.890311 -26.656992 -9.7920938 0.40256376
-58.892551 -26.653533 -9.853649 0.43255855
-59.877205 -26.608985 -9.9033271 0.46413322
-60.841961 -26.520914 -9.9402988 0.49734227
-61.783963 -26.386378 -9.9635588 0.53225579
-62.700247 -26.202349 -9.9720614 0.56894477
-63.587785 -25.965742 -9.9647287 0.60748008
-64.44349 -25.673423 -9.9404537 0.64793146
-65.264218 -25.322214 -9.8981087 0.69036523
-66.046949 -24.908975 -9.8365633 0.73484193
-66.709583 -24.338229 -9.7310742 0.78141449
-67.280208 -23.644455 -9.5902914 0.83012653
-67.789126 -22.864158 -9.4233228 0.88101049
-68.231989 -21.993132 -9.2288653 0.93408469
-68.604575 -21.027248 -9.0056626 0.98935249
-68.902074 -19.961854 -8.7523315 1.0468187
-69.118668 -18.791359 -8.46722 1.106505
-69.248029 -17.509665 -8.1485275 1.1684393
-69.283641 -16.11043 -7.7943859 1.2326467
-69.218743 -14.587024 -7.4028674 1.2991432
-69.046045 -12.932401 -6.9719896 1.3679292
-68.885696 -11.280561 -6.5349367 1.4389873
-68.722656 -9.6139652 -6.0869707 1.5122822
-68.455882 -7.8210212 -5.600147 1.5877612
-68.07875 -5.8951941 -5.0728127 1.6653545
-67.583664 -3.8291493 -4.5031892 1.744984
-66.961956 -1.6145396 -3.8892808 1.8265761
-66.204224 0.75779671 -3.2289091 1.9100611
-65.300404 3.2977717 -2.5197451 1.9953666
-64.238993 6.0164388 -1.7592812 2.0824078
-63.62496 8.2721562 -1.1037994 2.1710834
-62.989675 10.566856 -0.43069306 2.2612804
-62.243798 12.995538 0.28290961 2.3528844
-61.377321 15.568268 1.0390733 2.4457844
-60.379229 18.295989 1.8399779 2.5398652
-59.238019 21.190239 2.6878724 2.6350075
-57.940891 24.263824 3.5852476 2.7310979
-56.705557 27.292927 4.4780303 2.8280307
-56.089679 29.711032 5.2310959 2.9257105
-55.385832 32.246932 6.0183003 3.0240698
-54.581413 34.91375 6.8422288 3.12308
-53.663019 37.725046 7.7054593 3.2227116
-52.617592 40.694033 8.6103578 3.3229165
-51.430386 43.83533 9.5595725 3.4236657
-50.6251 46.627932 10.430238 3.5249725
-50.189907 49.089651 11.226805 3.6269088
-49.675025 51.669527 12.054373 3.729624
-49.064919 54.382672 12.916149 3.8333129
-48.345227 57.24273 13.814914 3.9381564
-47.501104 60.263346 14.753426 4.0443449
-46.791663 63.191805 15.673111 4.1521344
-46.196258 66.0492 16.579286 4.2618774
-45.47773 69.064183 17.525184 4.3740221
-44.618482 72.251063 18.514595 4.4890478
-43.602632 75.621847 19.550807 4.6074175
-42.369197 79.230579 20.646811 4.7296129
-40.762178 83.219757 21.835879 4.8561776
-38.919121 87.452028 23.087869 4.9877176
-36.819659 91.940057 24.407145 5.1248534
-34.44503 96.694242 25.797675 5.2681693
-31.447494 102.03128 27.332476 5.4182093
-27.66033 108.0942 29.045048 5.5754792
-23.453535 114.52587 30.856717 5.7404264
-18.803116 121.33781 32.772066 5.9134239
-13.685596 128.54078 34.795577 6.0947454
-7.5046553 136.67095 37.048426 6.2845026
-0.74227688 145.27082 39.429941 6.4825951
6.6290885 154.35349 41.944338 6.6887436
14.642363 163.93756 44.596932 6.9025247
22.864778 173.62071 47.299917 7.1232842
31.641333 183.7086 50.121164 7.3500485
41.108004 194.3157 53.085347 7.5815913
51.2085 205.38425 56.17878 7.8165145
59.901913 215.08386 59.00026 8.0532094
69.196895 225.21901 61.943076 8.2898394
79.152513 235.84088 65.015167 8.5244164
87.839948 245.24027 67.841999 8.7548763
95.313618 253.48287 70.435828 8.9791371
103.26578 262.07871 73.120037 9.1951353
110.74225 270.19647 75.710053 9.4008662
115.16838 275.59509 77.719391 9.5945204
119.84623 281.19643 79.773475 9.7745702
124.40943 286.69216 81.800443 9.9397751
125.69761 289.34723 83.210536 10.089351
127.09222 292.12845 84.635756 10.223107
128.29066 294.78243 86.017821 10.341348
127.64229 295.89211 87.05243 10.444975
127.1172 297.16821 88.102309 10.535598
126.71922 298.61163 89.166435 10.615361
126.45123 300.21773 90.243849 10.686932
126.5091 302.14191 91.368891 10.753482
128.19145 305.47365 92.773437 10.818448
130.99196 309.75191 94.363005 10.885393
134.91519 314.94995 96.13599 10.95784
141.68572 322.49604 98.396071 11.038984
149.45281 330.78277 100.81058 11.13146
159.48915 340.85248 103.60192 11.237106
171.05059 352.04388 106.63528 11.356698
183.44062 363.74605 109.78607 11.489834
196.6031 375.89644 113.04282 11.634877
210.04629 388.0764 116.31852 11.78899
221.97475 398.79057 119.30195 11.94828
234.10531 409.49141 122.29092 12.108013
242.31468 416.76994 124.57671 12.262943
250.64986 424.03368 126.85744 12.407706
253.83196 426.93931 128.23196 12.537275
256.79301 429.62441 129.54564 12.64742
255.40069 428.70821 130.09751 12.735144
253.55257 427.4483 130.55093 12.799053
249.63472 424.53412 130.63315 12.839569
245.97923 421.89499 130.73669 12.859002
242.67228 419.59223 130.87359 12.861375
241.37461 418.96366 131.31825 12.852052
241.62826 419.59519 131.98979 12.837211
245.69439 423.28869 133.25953 12.823147
251.7926 428.53799 134.82696 12.81545
260.75565 435.97651 136.82611 12.818203
271.09664 444.3573 139.00887 12.833428
282.52754 453.42704 141.32695 12.860748
292.80228 461.3617 143.41259 12.897367
301.39187 467.75289 145.18236 12.938559
308.40974 472.72862 146.65884 12.978352
311.30659 474.27664 147.4316 13.010126
310.70353 472.95273 147.60609 13.027666
308.0341 469.95794 147.41745 13.026628
303.79781 465.72447 146.94788 13.00537
299.09406 461.14804 146.37433 12.964982
295.70221 457.64763 145.98051 12.909064
294.32415 455.75668 145.87529 12.843127
295.61625 455.95966 146.15973 12.773507
299.77148 458.36651 146.86114 12.706075
305.68539 462.05768 147.80145 12.644967
312.34311 466.2027 148.81918 12.591683
318.35233 469.69116 149.69515 12.544891
322.51448 471.58815 150.24291 12.500894
324.26799 471.48171 150.37775 12.454572
323.30314 469.16674 150.05431 12.400579
319.7941 464.81803 149.30218 12.33473
315.71576 460.02332 148.43213 12.255356
312.0523 455.56254 147.59743 12.163825
310.08086 452.42894 146.99614 12.063925
310.28909 450.97933 146.70245 11.960553
312.17191 450.78587 146.63655 11.858122
314.95544 451.21945 146.67831 11.759192
317.28298 451.20816 146.6186 11.663781
318.08949 449.92724 146.29471 11.569582
317.06301 447.15523 145.66082 11.473076
314.50139 443.15067 144.76467 11.371018
311.14878 438.51433 143.72172 11.261641
308.07323 434.08793 142.69629 11.145248
305.98916 430.42305 141.7978 11.023955
305.04546 427.62162 141.0491 10.900686
304.9929 425.47595 140.41268 10.777854
304.6379 423.04766 139.7071 10.656366
303.84176 420.23448 138.91281 10.535465
301.72301 416.35967 137.89643 10.413341
298.92029 411.9353 136.75618 10.288185
295.75208 407.21722 135.54089 10.159218
293.0319 402.83993 134.37469 10.027029
290.77865 398.81247 133.26114 9.8931508
289.28491 395.35708 132.24565 9.7591047
287.19049 391.4129 131.12326 9.6255552
285.39385 387.68293 130.031 9.4921667
282.22322 382.87315 128.71681 9.3580365
279.58817 378.47425 127.46965 9.2224177
276.12341 373.42831 126.08421 9.0852248
273.55872 369.07874 124.82218 8.9470271
270.68811 364.48819 123.50317 8.8086167
268.12839 360.13534 122.22094 8.6704342
265.13124 355.44195 120.86377 8.5324144
262.07192 350.70178 119.48846 8.3942532
258.81667 345.81367 118.07547 8.2557829
255.67242 341.01644 116.67151 8.1171598
252.52519 336.22195 115.26044 7.9787713
249.61219 331.61341 113.87845 7.8409547
246.31386 326.71267 112.43366 7.7037893
243.35298 322.07967 111.03435 7.5671652
239.70894 316.92825 109.52914 7.4309875
236.81286 312.36453 108.13198 7.2953275
233.10848 307.18937 106.61226 7.1602994
230.08112 302.54972 105.19153 7.0259674
226.4464 297.45689 103.67967 6.8923608
223.15262 292.64295 102.21799 6.7595039
219.71019 287.73154 100.73448 6.6275107
216.30543 282.86699 99.257326 6.4964905
212.8903 278.01303 97.779936 6.3665208
209.52003 273.21236 96.310904 6.2377019
206.15 268.43091 94.844034 6.1101166
202.8016 263.68591 93.38296 5.9837879
199.30301 258.84611 91.902877 5.8587359
196.13935 254.28453 90.475778 5.7350256
192.54376 249.4129 88.989085 5.6126828
189.43671 244.93844 87.578877 5.491732
185.87696 240.13961 86.107105 5.3721927
182.68713 235.64848 84.695286 5.2540551
179.22432 230.97301 83.249373 5.1373115
175.89145 226.42291 81.828992 5.0219793
172.65738 221.97438 80.429867 4.9081435
169.3004 217.4577 79.019715 4.7958574
166.12647 213.1074 77.64368 4.68515
162.88061 208.7283 76.264626 4.5760546
159.66894 204.40182 74.898367 4.4685886
156.60243 200.21288 73.561385 4.3627789
153.33658 195.89812 72.203541 4.2586274
150.40277 191.86427 70.902821 4.1561308
147.12855 187.59749 69.561183 4.0552704
144.22994 183.64527 68.283488 3.9560636
141.16138 179.59045 66.990241 3.8585488
138.16956 175.62197 65.717723 3.7626926
135.23583 171.72623 64.463466 3.6684482
132.17158 167.7595 63.200148 3.5758083
129.45031 164.08288 61.996826 3.4848299
126.46029 160.22889 60.764394 3.3955538
123.80158 156.65535 59.590367 3.3079762
120.93092 152.94786 58.395815 3.2220617
118.19135 149.36855 57.23085 3.137767
115.53567 145.88135 56.088684 3.0550974
112.76346 142.3334 54.940222 2.9740394
110.23 138.99539 53.8371 2.8945969
107.58864 135.60256 52.728885 2.8167844
105.06305 132.32481 51.64803 2.7406173
102.69244 129.19136 50.600231 2.6661123
100.05588 125.88176 49.52457 2.5931985
97.80959 122.89647 48.51642 2.521799
95.156224 119.6281 47.460134 2.451905
93.112003 116.84987 46.502967 2.3835569
90.540319 113.69596 45.480157 2.3167419
88.471463 110.95092 44.541105 2.2514098
86.087697 107.99236 43.567392 2.1875279
83.914542 105.22045 42.635111 2.1250532
81.7599 102.48855 41.716285 2.0640019
79.62298 99.795415 40.8106 2.004384
77.565543 97.187462 39.926834 1.9461954
75.579412 94.65788 39.063649 1.8894254
73.489303 92.072733 38.195581 1.8340645
71.790204 89.807721 37.394141 1.7801136
69.563004 87.164102 36.526602 1.7275004
68.02664 85.068807 35.769187 1.6761697
65.799332 82.47134 34.922243 1.6260955
64.353386 80.490546 34.198383 1.5772681
62.252852 78.035061 33.390239 1.5296528
60.694271 76.014429 32.670513 1.4831975
58.860015 73.806861 31.920944 1.4379165
57.240379 71.78441 31.212067 1.3938025
55.581972 69.754009 30.507101 1.3508508
54.012379 67.812019 29.824249 1.3090511
52.401389 65.859042 29.144563 1.2683855
50.993347 64.080136 28.503108 1.228835
49.310136 62.111678 27.830807 1.1903838
48.191195 60.590362 27.248585 1.1530289
46.345787 58.536236 26.570537 1.1167101
45.419283 57.198341 26.03382 1.0813989
43.569947 55.178971 25.373261 1.0470347
42.555299 53.812712 24.841976 1.013558
40.960218 52.025093 24.235877 0.98098482
39.823296 50.604019 23.704259 0.94930419
38.465412 49.033528 23.149056 0.91852294
37.287928 47.617674 22.627832 0.8886325
36.044338 46.169009 22.104929 0.85961639
34.926528 44.83272 21.607799 0.83145746
33.684526 43.41881 21.100324 0.80413647
32.730723 42.239731 20.641687 0.77763481
31.381171 40.776236 20.133346 0.75193855
30.713428 39.844963 19.730285 0.72705261
29.194165 38.283336 19.212274 0.70290952
28.623865 37.457127 18.838283 0.67947038
27.172013 35.978506 18.345204 0.65669931
26.447987 35.06832 17.96418 0.63455347
25.283072 33.839725 17.526771 0.61306687
24.4429 32.872793 17.142801 0.59223788
23.444166 31.800807 16.74264 0.57205506
22.575796 30.842564 16.367667 0.55250536
21.638708 29.846957 15.98915 0.5335728
20.834739 28.966812 15.635976 0.51524207
19.857795 27.96996 15.264059 0.49749743
19.214496 27.240217 14.946094 0.48032662
18.104999 26.171243 14.567143 0.46371336
17.697606 25.648186 14.295115 0.44766122
16.445055 24.499261 13.908287 0.43210384
16.012212 23.98696 13.645615 0.41699969
14.916865 22.988127 13.29412 0.4023568
14.326206 22.387594 13.021181 0.38815657
13.435161 21.575332 12.711013 0.37440741
12.733114 20.922397 12.433792 0.36110071
11.937407 20.215095 12.148968 0.34822125
11.199019 19.568448 11.87821 0.33575411
10.396639 18.891445 11.604246 0.32367928
9.6911583 18.307135 11.350235 0.31197757
8.7735794 17.583017 11.072169 0.30062288
8.1632244 17.114525 10.844867 0.28959569
7.0280854 16.274948 10.550039 0.27882406
6.3657925 15.824628 10.331149 0.26824799
5.0527445 14.919445 10.029021 0.25775469
4.0514101 14.298639 9.7822767 0.2472087
2.5061742 13.332349 9.4745998 0.23625795
0.69548231 12.260736 9.1476927 0.22449823
0.62338861 12.69371 9.1467013 0.20955879
-14.115445 2.6053854 6.9936637 0.17052772
-101.13004 -62.001598 -6.4268016 0.12648692
