-19.761781 -15.306569 -6.486601 0.01219916
-19.869493 -15.371411 -6.6385173 0.013261449
-20.514078 -15.890978 -6.8965527 0.014432453
-21.390956 -16.62182 -7.2071207 0.015724186
-22.23444 -17.32514 -7.5182891 0.017149973
-23.113062 -18.060768 -7.8434456 0.018724598
-24.022334 -18.825284 -8.1821349 0.020464474
-24.966589 -19.622629 -8.5355208 0.022387833
-25.946096 -20.453417 -8.9040473 0.024514941
-26.962746 -21.319595 -9.2884579 0.026868334
-28.01758 -22.222461 -9.6893617 0.029473092
-29.11215 -23.16374 -10.107468 0.032357139
-30.247751 -24.14499 -10.543456 0.035551588
-31.425895 -25.167965 -10.998052 0.039091122
-32.648009 -26.234388 -11.471979 0.043014435
-33.91564 -27.346102 -11.965989 0.047364747
-35.230307 -28.504966 -12.480837 0.052190347
-36.593607 -29.712928 -13.017294 0.057545094
-38.007131 -30.971967 -13.576137 0.063488805
-39.472523 -32.284132 -14.158149 0.070087646
-40.991428 -33.65151 -14.764113 0.077414842
-42.565523 -35.076239 -15.39481 0.085551979
-44.196485 -36.560491 -16.051006 0.094590868
-45.886009 -38.106475 -16.733451 0.10463561
-47.635782 -39.716417 -17.442864 0.11580444
-49.447505 -41.392574 -18.179925 0.12823136
-51.322832 -43.137196 -18.945265 0.14206771
-53.262811 -44.951908 -19.739307 0.15748402
-55.23895 -46.788332 -20.542481 0.17467217
-57.017778 -48.260024 -21.201501 0.19384788
-58.83969 -49.762982 -21.872195 0.21525354
-60.701168 -51.293456 -22.552849 0.23916138
-62.600398 -52.848756 -23.241771 0.26587711
-64.536124 -54.426481 -23.937122 0.2957441
-66.506447 -56.023457 -24.636654 0.32914847
-68.508999 -57.635763 -25.337627 0.36653591
-70.540834 -59.258599 -26.03674 0.40841658
-72.606428 -60.898506 -26.736945 0.45439717
-74.715235 -62.569704 -27.4456 0.50348563
-76.868481 -64.273827 -28.163127 0.5557269
-79.066048 -66.010469 -28.888777 0.61133911
-81.308047 -67.779611 -29.621975 0.67051632
-83.594593 -69.581267 -30.362128 0.73345768
-85.925812 -71.415503 -31.108622 0.80036804
-88.301851 -73.282464 -31.860839 0.87145816
-90.7228 -75.182299 -32.618143 0.94694379
-93.189164 -77.115469 -33.379941 1.0270435
-95.521867 -78.792429 -34.032649 1.1119758
-97.67303 -80.136848 -34.546011 1.2019556
-99.830248 -81.452477 -35.037698 1.2971899
-101.99026 -82.735096 -35.505453 1.3978726
-104.15062 -83.981168 -35.947191 1.5041786
-106.30913 -85.187485 -36.360983 1.6162538
-108.46348 -86.350763 -36.74489 1.7342321
-110.6106 -87.466599 -37.096371 1.8583172
-112.74673 -88.529617 -37.412354 1.988771
-114.86793 -89.534199 -37.689627 2.1258587
-116.97012 -90.474544 -37.924871 2.2698453
-119.04908 -91.344671 -38.114663 2.4209912
-121.10045 -92.13842 -38.255497 2.5795442
-123.11994 -92.849601 -38.343827 2.7457305
-124.97019 -93.261871 -38.295489 2.919748
-126.70067 -93.45501 -38.14022 3.1017596
-128.36357 -93.512832 -37.909253 3.2918865
-129.95237 -93.426239 -37.598219 3.4901971
-131.46059 -93.186118 -37.20283 3.6967041
-132.88099 -92.782244 -36.718356 3.9114254
-134.20503 -92.202541 -36.139213 4.1344418
-135.42348 -91.433859 -35.459352 4.3658581
-136.52674 -90.462461 -34.672517 4.6057676
-137.50478 -89.273922 -33.772242 4.85423
-138.34684 -87.852845 -32.75181 5.1112473
-139.24598 -86.500137 -31.724423 5.376754
-140.17639 -85.175534 -30.673778 5.6506187
-140.97619 -83.628436 -29.504286 5.9326443
-141.63528 -81.844141 -28.209986 6.2225694
-142.14224 -79.806261 -26.784424 6.5201031
-142.48433 -77.496381 -25.22042 6.8249698
-142.64775 -74.894471 -23.510239 7.1369095
-142.61782 -71.979018 -21.645698 7.4556511
-142.37798 -68.72621 -19.617985 7.7808781
-142.85886 -66.558937 -17.960115 8.1122119
-143.33306 -64.361697 -16.253258 8.4492307
-143.66339 -61.924561 -14.418915 8.7915063
-143.83561 -59.226433 -12.449554 9.1386243
-143.83421 -56.244438 -10.337224 9.4901546
-143.64292 -52.95452 -8.0737872 9.8456509
-143.24386 -49.33025 -5.6503892 10.20469
-142.96337 -45.865261 -3.2512773 10.566876
-143.62743 -43.802406 -1.3373171 10.931854
-144.17837 -41.542291 0.68504265 11.299371
-144.59942 -39.059471 2.8247811 11.669319
-144.87273 -36.327463 5.0908833 12.04159
-144.98065 -33.320259 7.4916529 12.416002
-144.90346 -30.00914 10.036265 12.792448
-145.40261 -27.531163 12.30542 13.170978
-146.45502 -25.847469 14.314176 13.55186
-147.40869 -23.984364 16.4209 13.935652
-148.24368 -21.913203 18.636126 14.323082
-148.94119 -19.607629 20.969025 14.714827
-149.48169 -17.040847 23.428746 15.111597
-150.2344 -14.761165 25.815041 15.514349
-151.16861 -12.723961 28.145488 15.9244
-151.94959 -10.437715 30.600951 16.343425
-152.55441 -7.8730371 33.193529 16.773215
-152.96184 -5.0039144 35.933793 17.215499
-153.08775 -1.7131192 38.865571 17.672079
-152.71721 2.306354 42.10185 18.144984
-152.04363 6.7622608 45.539057 18.636478
-151.03933 11.686011 49.191361 19.148882
-149.67816 17.106013 53.071806 19.684377
-147.48323 23.705341 57.429339 20.244997
-144.23003 31.795695 62.378248 20.832631
-140.42582 40.625196 67.650153 21.448951
-136.03648 50.230118 73.260979 22.095351
-131.02815 60.646312 79.226431 22.772853
-124.59478 73.024415 85.960813 23.481875
-117.38761 86.407427 93.121975 24.222041
-109.36745 100.83822 100.72616 24.992309
-100.48809 116.37078 108.79326 25.791095
-91.323236 132.17043 117.02553 26.615956
-81.407749 148.89775 125.65739 27.463255
-70.559164 166.80637 134.7765 28.328407
-58.851458 185.78408 144.33946 29.206191
-48.970518 201.99266 152.98053 30.090595
-38.259505 219.2346 162.0462 30.974756
-26.643645 237.61762 171.56796 31.851246
-16.645116 253.55866 180.27148 32.712353
-8.1799917 267.19729 188.20264 33.550296
0.95939654 281.6865 196.46946 34.357368
9.5292981 295.27576 204.44574 35.126075
14.202459 303.27715 210.47443 35.849658
19.256931 311.77426 216.69329 36.522408
24.211004 320.10224 222.85993 37.139691
25.002348 322.55104 226.96373 37.698578
25.977614 325.27681 231.16314 38.19835
26.739513 327.73149 235.2602 38.640156
25.177628 326.95923 238.21665 39.027356
23.80298 326.49803 241.26987 39.365962
22.612809 326.34099 244.4151 39.663996
21.605415 326.47682 247.64723 39.931418
21.025116 327.23237 251.08098 40.180078
22.507282 330.87044 255.50472 40.422821
25.406846 336.45625 260.59274 40.672957
29.728354 343.96057 266.33593 40.943653
37.634185 356.35668 273.76682 41.246844
46.802348 370.36662 281.74623 41.592377
58.828146 388.17163 291.02951 41.98712
72.783949 408.44552 301.15358 42.433973
87.807821 429.9648 311.69128 42.931431
103.83701 452.62639 322.60288 43.473381
120.26676 475.5871 333.59218 44.049219
134.88085 495.78887 343.59945 44.6444
149.80908 516.20065 353.64485 45.241237
159.96587 529.82958 361.31488 45.82013
170.34529 543.61773 368.99845 46.361034
174.45121 548.65363 373.62745 46.845164
178.34596 553.34843 378.09457 47.256717
176.95509 550.76102 380.0153 47.584494
175.05014 547.49914 381.66036 47.823286
170.64873 540.8619 382.10444 47.974672
166.5918 534.76168 382.6904 48.04728
162.97569 529.31987 383.4598 48.056149
161.81465 527.26981 385.34698 48.02131
162.54678 527.79716 388.0707 47.965856
167.91312 534.60009 392.88985 47.913309
175.75421 544.66546 398.76827 47.884548
187.08198 559.32478 406.15194 47.894833
200.10391 576.08917 414.18298 47.95172
214.47883 594.47219 422.6876 48.053804
227.50577 610.79076 430.40598 48.190627
238.55477 624.21099 437.05317 48.344539
247.76448 634.96449 442.70857 48.493225
252.07523 638.94405 445.97764 48.611948
252.23345 637.22783 447.23196 48.677486
249.95045 632.19439 447.28901 48.673608
245.81534 624.67882 446.44185 48.59418
241.13551 616.46929 445.30225 48.44327
238.02878 610.42718 444.84168 48.234333
237.32672 607.64608 445.42898 47.987962
239.80921 609.13531 447.40033 47.727829
245.70646 615.15594 450.8354 47.475872
253.70878 623.89407 455.11051 47.247545
262.61622 633.70435 459.66026 47.048451
270.78154 642.36104 463.72756 46.873614
276.78733 647.973 466.67378 46.709219
279.96965 649.68458 468.21344 46.53614
279.96074 647.04724 468.20031 46.334397
276.96306 640.37629 466.74845 46.088351
273.30276 632.83162 464.93245 45.791771
270.13442 625.96886 463.2839 45.449769
268.95956 621.7894 462.47843 45.076496
270.35124 621.03139 462.76089 44.690248
273.71659 622.86449 463.84492 44.307517
278.14895 626.049 465.30581 43.937869
282.05767 628.44543 466.4187 43.581368
284.19458 628.39416 466.62466 43.229394
284.19326 625.43129 465.77185 42.868805
282.40016 620.04983 464.03273 42.487467
279.68328 613.43255 461.81117 42.078783
277.28911 607.25421 459.67399 41.643885
276.05098 602.6213 457.99424 41.190677
276.14252 599.7493 456.84309 40.730085
277.27388 598.23571 456.0822 40.271127
278.05367 596.21345 455.08336 39.817189
278.32089 593.47429 453.77585 39.365448
277.04771 588.65774 451.70603 38.909134
274.97659 582.77171 449.21458 38.441494
272.47607 576.3171 446.47384 37.959612
270.4908 570.55581 443.9093 37.465693
269.04209 565.50954 441.53026 36.96546
268.4699 561.62547 439.48516 36.464601
267.19563 556.79436 437.06888 35.965597
266.26199 552.4119 434.74698 35.467195
263.7294 545.89788 431.6605 34.966021
261.81046 540.21016 428.79852 34.459285
258.92231 533.24151 425.46191 33.946668
257.06741 527.66086 422.54285 33.430295
254.84937 521.60576 419.42231 32.913129
252.9823 516.02748 416.41699 32.396813
250.60078 509.77562 413.14417 31.881106
248.13816 503.4304 409.79799 31.364871
245.43929 496.78792 406.31232 30.84748
242.8582 490.32046 402.8463 30.32952
240.26306 483.85241 399.34364 29.812436
237.92728 477.74696 395.92615 29.297488
235.13667 471.05516 392.27928 28.784974
232.72383 464.8853 388.77241 28.274482
229.51234 457.67611 384.88925 27.765657
227.1502 451.6185 381.35995 27.258765
223.84651 444.33521 377.39676 26.754236
221.30947 438.0961 373.7549 26.25231
218.0612 430.94041 369.7846 25.753096
215.19231 424.31707 365.96789 25.256683
212.13982 417.47959 362.05847 24.763497
209.11792 410.71293 358.15141 24.273945
206.07145 403.94443 354.22382 23.788316
203.06375 397.25813 350.30476 23.306987
200.04373 390.58639 346.37267 22.830267
197.03578 383.96213 342.4394 22.358243
193.84264 377.12463 338.42048 21.89099
191.02058 370.81115 334.56148 21.42875
187.6905 363.85747 330.47789 20.971619
184.90725 357.66138 326.63436 20.519689
181.59237 350.79519 322.55951 20.073033
178.68817 344.50757 318.66809 19.631615
175.45833 337.82462 314.6387 19.195405
172.36424 331.35774 310.6747 18.764469
169.37029 325.05967 306.76112 18.339125
166.22295 318.5949 302.78721 17.919571
163.27223 312.42649 298.90708 17.505916
160.22664 306.16874 294.99384 17.098285
157.2076 299.98222 291.10155 16.696742
154.34188 294.03442 287.28653 16.301387
151.23608 287.80521 283.37784 15.912227
148.49727 282.09728 279.64184 15.529252
145.35758 275.89585 275.74396 15.15239
142.63454 270.28136 272.04237 14.781707
139.70554 264.43063 268.26588 14.417346
136.85211 258.71603 264.53843 14.059182
134.05319 253.11023 260.85178 13.707041
131.09369 247.32931 257.11249 13.360895
128.5138 242.08614 253.5561 13.020957
125.61617 236.459 249.87851 12.68738
123.08495 231.35101 246.37891 12.36015
120.30113 225.9449 242.78831 12.039133
117.65562 220.75703 239.27801 11.724168
115.09482 215.71644 235.82485 11.415276
112.39064 210.52196 232.32939 11.112405
109.94791 205.70749 228.96789 10.81557
107.37201 200.75159 225.56814 10.524826
104.9178 195.98979 222.24139 10.240229
102.62994 191.48017 219.00783 9.9618437
100.02954 186.59114 215.66045 9.6894031
97.863512 182.3085 212.52509 9.4226207
95.224581 177.43532 209.20691 9.1614637
93.269306 173.49614 206.20861 8.9060833
90.704606 168.78516 202.96837 8.6564314
88.702661 164.84822 199.99681 8.4123199
86.33358 160.45918 196.88994 8.1736272
84.19503 156.40621 193.90717 7.9401923
82.068818 152.40103 190.95264 7.7120757
79.954268 148.44201 188.0251 7.489315
77.921812 144.62127 185.15476 7.2718948
75.962234 140.92595 182.33731 7.0597754
73.876554 137.09305 179.48657 6.8529209
72.227352 133.86313 176.84772 6.6513352
69.970357 129.86014 173.96899 6.4547479
68.490459 126.90915 171.45242 6.2629522
66.218166 122.94201 168.61678 6.0758514
64.826012 120.16204 166.18811 5.8934095
62.683078 116.42053 163.45898 5.7154962
61.148475 113.50818 161.01857 5.5419176
59.293811 110.20144 158.46264 5.3727265
57.676028 107.23341 156.03171 5.2078957
56.007593 104.22473 153.60024 5.047408
54.433506 101.36574 151.23056 4.8912243
52.806137 98.461466 148.85836 4.739278
51.402878 95.876642 146.60367 4.5914988
49.681275 92.896327 144.23134 4.4478271
48.593981 90.774195 142.1554 4.3082516
46.676549 87.58202 139.74293 4.1725477
45.795743 85.77761 137.80445 4.0406082
43.862276 82.610666 135.43594 3.9122074
42.86997 80.706753 133.50046 3.787123
41.213686 77.952319 131.30039 3.6654143
40.071599 75.898038 129.34463 3.5470407
38.673681 73.529656 127.29814 3.4320274
37.475218 71.44596 125.35755 3.3203426
36.196724 69.278679 123.40138 3.2119247
35.055925 67.314003 121.52365 3.1067096
33.769489 65.178691 119.6014 3.0046254
32.805065 63.487857 117.83703 2.9056028
31.387347 61.220736 115.89465 2.8095895
30.737904 59.98424 114.30516 2.716604
29.118649 57.491609 112.31917 2.626394
28.570511 56.428939 110.82097 2.5388143
27.018593 54.066412 108.91291 2.4537308
26.287169 52.80506 107.38194 2.3709834
25.051751 50.901526 105.65155 2.2906991
24.180179 49.497297 104.09664 2.2128722
23.12475 47.871566 102.47965 2.1374597
22.21296 46.455066 100.94205 2.0644129
21.219256 44.950985 99.385933 1.993672
20.372409 43.660242 97.910183 1.9251799
19.325686 42.126681 96.364526 1.8588776
18.653045 41.1053 94.997602 1.7947195
17.448377 39.404183 93.417649 1.7326445
17.035326 38.764333 92.200092 1.6726662
15.660943 36.881019 90.590709 1.6145365
15.211182 36.23606 89.403146 1.5581003
14.00717 34.621446 87.909534 1.5033875
13.370982 33.776754 86.67967 1.4503287
12.390786 32.502909 85.317388 1.3989554
11.620881 31.529481 84.061979 1.3492353
10.741123 30.43619 82.774984 1.3011116
9.922506 29.448912 81.529734 1.2545285
9.0275802 28.388163 80.267138 1.2094113
8.238512 27.495126 79.064911 1.1656882
7.205342 26.311656 77.772561 1.1232617
6.5160431 25.61361 76.643788 1.082059
5.2282308 24.166017 75.27574 1.0418111
4.4714291 23.459844 74.150092 1.002294
2.9728591 21.829579 72.723019 0.96308627
1.8219491 20.719704 71.44684 0.92368158
0.048661919 18.875464 69.930294 0.88276452
-2.0329826 16.742928 68.252443 0.83882483
-2.162685 17.397192 67.811862 0.78300445
-18.934631 -3.165414 58.271489 0.6371678
-117.48769 -131.00176 2.6052195 0.47261279
