-38.296476 -28.506235 -10.904241 0.023710518
-38.251734 -28.532985 -11.08801 0.025775202
-39.441149 -29.475172 -11.502601 0.028051186
-41.15801 -30.840112 -12.027625 0.030561821
-42.785142 -32.144464 -12.546384 0.033333005
-44.481118 -33.509061 -13.088524 0.036393473
-46.235056 -34.926761 -13.652657 0.039775126
-48.056521 -36.405304 -14.241006 0.0435134
-49.945632 -37.945686 -14.854162 0.047647683
-51.90625 -39.551595 -15.49337 0.052221778
-53.940252 -41.22539 -16.159556 0.057284428
-56.050675 -42.970288 -16.853849 0.06288991
-58.239939 -44.789149 -17.577289 0.069098695
-60.510954 -46.685226 -18.331003 0.07597819
-62.866408 -48.66169 -19.116088 0.083603606
-65.30924 -50.721946 -19.933682 0.092058942
-67.842311 -52.869415 -20.784907 0.10143806
-70.468629 -55.107686 -21.6709 0.11184563
-73.191175 -57.440395 -22.592778 0.12339792
-76.013019 -59.871308 -23.551653 0.13622353
-78.937211 -62.404245 -24.548603 0.15046479
-81.966848 -65.043124 -25.584674 0.16628026
-85.104998 -67.791903 -26.660855 0.18384838
-88.354745 -70.654606 -27.778062 0.20337149
-91.719121 -73.63527 -28.937117 0.22507941
-95.201164 -76.737973 -30.138726 0.24923257
-98.803771 -79.966766 -31.383456 0.27612512
-102.5284 -83.324409 -32.671382 0.30608849
-106.31754 -86.719936 -33.968901 0.33949564
-109.70183 -89.427916 -35.017141 0.37676586
-113.1632 -92.19108 -36.078031 0.41837023
-116.69292 -95.001677 -37.147514 0.46483786
-120.2862 -97.854097 -38.221618 0.51676296
-123.93952 -100.74332 -39.296072 0.57481291
-127.64788 -103.66278 -40.365724 0.63973814
-131.40518 -106.60439 -41.424381 0.71240494
-135.20398 -109.55828 -42.464657 0.79380484
-139.05438 -112.53734 -43.492082 0.88317341
-142.9782 -115.56983 -44.521278 0.97858247
-146.97781 -118.6588 -45.552508 1.0801193
-151.05236 -121.80322 -46.583584 1.188208
-155.20159 -125.00282 -47.612651 1.3032257
-159.42523 -128.25738 -48.637786 1.4255594
-163.72303 -131.5668 -49.656998 1.5556072
-168.09483 -134.93113 -50.668256 1.693779
-172.54032 -138.3504 -51.669454 1.8404938
-177.06016 -141.8253 -52.65856 1.9961767
-181.28787 -144.80938 -53.443097 2.1612522
-185.12395 -147.15792 -53.971056 2.3361381
-188.95098 -149.44347 -54.439709 2.5212365
-192.76152 -151.65774 -54.844141 2.7169247
-196.55008 -153.79381 -55.179836 2.9235423
-200.31179 -155.84543 -55.442617 3.1413729
-204.04157 -157.80624 -55.628307 3.3706769
-207.73254 -159.66766 -55.731505 3.6118501
-211.37634 -161.41917 -55.74573 3.8654016
-214.9642 -163.0498 -55.664248 4.131847
-218.48708 -164.54823 -55.480136 4.4117008
-221.9357 -165.90282 -55.186308 4.7054696
-225.30052 -167.10157 -54.775542 5.013635
-228.57221 -168.13248 -54.240594 5.3366366
-231.46466 -168.58496 -53.438353 5.6748588
-234.07957 -168.60968 -52.417778 6.0286184
-236.52489 -168.36527 -51.230409 6.3981511
-238.78671 -167.83423 -49.867891 6.7835897
-240.85128 -166.99909 -48.322144 7.1849588
-242.70313 -165.84021 -46.58427 7.6022933
-244.32389 -164.33431 -44.643709 8.0357504
-245.69361 -162.45601 -42.489089 8.4855334
-246.79167 -160.17883 -40.10879 8.9518238
-247.59655 -157.475 -37.490933 9.4347378
-248.08508 -154.31485 -34.623288 9.9342792
-248.66433 -151.27155 -31.695869 10.450321
-249.28104 -148.26882 -28.680454 10.982607
-249.59385 -144.82915 -25.41528 11.530754
-249.58123 -140.92437 -21.889784 12.094256
-249.21883 -136.52304 -18.092556 12.672545
-248.47916 -131.58977 -14.010897 13.265087
-247.33252 -126.08603 -9.6312342 13.871375
-245.74719 -119.97043 -4.9393806 14.490885
-243.68726 -113.19712 0.079872869 15.122999
-243.13981 -108.4885 4.528273 15.766982
-242.55615 -103.7124 9.1123248 16.422015
-241.64342 -98.467222 13.964875 17.087265
-240.37071 -92.712366 19.099305 17.761926
-238.70418 -86.403795 24.529599 18.445164
-236.60846 -79.495236 30.269797 19.13611
-234.04447 -71.9358 36.335058 19.833941
-231.71469 -64.672783 42.415148 20.53789
-231.40323 -60.094053 47.733768 21.247264
-230.83282 -55.130562 53.292779 21.961572
-229.96636 -49.733117 59.108994 22.680607
-228.76438 -43.850545 65.198972 23.404155
-227.18812 -37.432735 71.57751 24.131867
-225.19408 -30.42427 78.260906 24.863531
-224.43664 -25.014515 84.543525 25.599244
-224.87025 -21.131041 90.452702 26.339529
-225.07804 -16.899164 96.595374 27.085471
-225.01562 -12.263257 102.9921 27.838484
-224.64148 -7.1723015 109.6603 28.599881
-223.91259 -1.5744671 116.61708 29.371047
-223.63681 3.4718797 123.5271 30.153839
-223.74876 8.0521169 130.42302 30.950818
-223.51552 13.115597 137.61334 31.765239
-222.88645 18.719671 145.12146 32.600582
-221.81518 24.914975 152.96726 33.46021
-220.11691 31.928699 161.2265 34.347621
-217.31783 40.355929 170.09183 35.266763
-213.84345 49.632257 179.39076 36.222037
-209.63338 59.819278 189.14864 37.217949
-204.63101 70.972655 199.38793 38.258742
-197.78214 84.417559 210.52804 39.348368
-188.58794 100.76081 222.76065 40.490498
-178.17172 118.54588 235.63133 41.688383
-166.45959 137.84401 249.16401 42.944732
-153.3785 158.72553 263.38115 44.261531
-137.13707 183.42691 278.97573 45.639592
-119.18367 210.0908 295.36411 47.078186
-99.432872 238.80127 312.56616 48.575286
-77.783369 269.66405 330.60705 50.127814
-55.518771 301.05517 348.97485 51.731022
-31.604069 334.25918 368.05402 53.377839
-5.632457 369.77002 387.98159 55.059357
22.230399 407.36951 408.67358 56.765425
45.961251 439.57612 427.81677 58.48436
71.509082 473.79646 447.672 60.202823
99.044304 510.24084 468.2837 61.906377
122.89881 541.91748 487.49506 63.580031
143.25214 569.09195 505.37874 65.208665
165.07032 597.9154 523.80102 66.777294
185.55542 624.96834 541.70401 68.27136
197.20009 641.08657 556.29501 69.677721
209.64908 658.15084 571.18381 70.985284
221.82153 674.86153 585.96797 72.18504
224.53431 680.04791 597.2666 73.271297
227.61219 685.74604 608.73199 74.242658
230.16268 690.88437 620.04283 75.101355
227.40564 689.67526 629.46183 75.853919
225.03229 689.0448 639.0904 76.512037
223.04099 688.98191 648.93251 77.091299
221.43071 689.46712 658.98928 77.611062
220.75814 691.14428 669.462 78.094358
224.74468 698.45496 681.6823 78.566156
231.9267 709.57276 695.09858 79.052322
242.31456 724.44589 709.68772 79.578449
260.83714 748.91619 727.1758 80.167734
282.20208 776.55671 745.62154 80.839316
310.04678 811.65544 766.27239 81.60654
342.25281 851.61272 788.31655 82.475048
376.84719 894.02703 811.00108 83.441912
413.6821 938.69612 834.22695 84.49525
451.37102 983.96132 857.46581 85.614454
484.83582 1023.8051 878.908 86.771254
518.95121 1064.0615 900.2579 87.931273
542.05908 1090.9653 917.44037 89.056413
565.6083 1118.1687 934.48735 90.10772
574.6946 1128.1222 946.24104 91.048679
583.23371 1137.3767 957.6026 91.848578
579.57385 1132.2562 964.58371 92.485649
574.68256 1125.771 971.0489 92.949766
564.00763 1112.598 975.47467 93.244001
554.08957 1100.4483 980.15747 93.385123
545.15607 1089.5659 985.19063 93.402359
541.85111 1085.3472 992.161 93.334647
542.88331 1086.1955 1000.5916 93.226867
554.57466 1099.4167 1012.5857 93.124737
571.94521 1119.076 1026.3623 93.068838
597.32752 1147.8092 1042.6279 93.088828
626.58009 1180.709 1059.8858 93.199394
658.91102 1216.8169 1077.7949 93.397805
688.07465 1248.8579 1094.1949 93.663735
712.61038 1275.1786 1108.5859 93.96288
732.83853 1296.2291 1121.0975 94.251866
741.67817 1303.8829 1129.3888 94.482618
740.85688 1300.2594 1134.1184 94.609997
734.34353 1290.0536 1136.717 94.602459
723.50997 1274.9131 1137.7322 94.448082
711.39151 1258.3737 1138.2358 94.154772
702.90422 1246.0994 1139.8912 93.748679
699.98138 1240.2618 1143.3266 93.26983
704.43449 1242.8675 1149.0921 92.764232
716.79761 1254.4424 1157.286 92.274528
734.02689 1271.4032 1166.8077 91.830748
753.33115 1290.496 1176.6553 91.443787
770.87966 1307.3131 1185.5175 91.103973
783.37568 1318.1049 1192.3034 90.784454
789.27516 1321.1692 1196.5377 90.448056
787.72438 1315.6094 1197.9967 90.055946
779.1976 1302.0433 1196.9121 89.57773
769.11473 1286.7293 1195.1433 89.001298
760.17006 1272.7528 1193.6234 88.33658
755.86464 1264.0863 1193.5036 87.611083
757.53513 1262.2006 1195.1833 86.86037
763.79856 1265.4557 1198.1468 86.116489
772.53861 1271.3964 1201.6387 85.398038
780.04386 1275.7802 1204.4048 84.705141
783.40151 1275.3118 1205.4897 84.02104
781.7576 1269.0661 1204.6485 83.320193
775.9235 1258.0167 1202.1992 82.57902
767.92906 1244.5082 1198.8533 81.784698
760.6885 1231.8649 1195.59 80.939425
756.15035 1222.2857 1193.0461 80.058565
754.72107 1216.2029 1191.3325 79.163353
755.72248 1212.8203 1190.1948 78.271318
755.90068 1208.4315 1188.5532 77.389041
754.87954 1202.6226 1186.2795 76.511031
750.25608 1192.6896 1182.6122 75.624134
743.76827 1180.6311 1178.1409 74.715226
736.28044 1167.441 1173.1743 73.778636
730.00553 1155.6276 1168.4416 72.81865
724.99431 1145.2361 1163.9597 71.846392
722.04322 1137.1574 1159.9688 70.872918
717.45431 1127.2 1155.2693 69.90305
713.67056 1118.1374 1150.6423 68.934351
706.14851 1104.8401 1144.644 67.960264
700.07441 1093.187 1138.9515 66.975367
691.7392 1078.9885 1132.3947 65.979039
685.83818 1067.5517 1126.4823 64.975413
679.09799 1055.1749 1120.1692 63.970244
673.19259 1043.7492 1113.9842 62.966731
666.09248 1030.9868 1107.2807 61.964399
658.81499 1018.0414 1100.3883 60.961039
650.99689 1004.5076 1093.1997 59.955435
643.46964 991.32488 1085.9867 58.948722
635.92399 978.14426 1078.6563 57.943714
629.00186 965.68843 1071.4131 56.942858
621.02673 952.06965 1063.7267 55.946732
613.95425 939.49308 1056.2214 54.954535
605.02101 924.8509 1048.0307 53.965575
598.09976 912.50446 1040.3901 52.980373
588.98438 897.72375 1031.9731 51.999762
581.68755 885.02507 1024.0546 51.024216
572.73564 870.50463 1015.5395 50.053944
564.69264 857.0472 1007.2426 49.089116
556.23538 843.16675 998.74991 48.130556
547.86782 829.43103 990.22158 47.179058
539.46046 815.69553 981.62037 46.235184
531.1622 802.12753 972.99661 45.299667
522.85303 788.59243 964.31452 44.373108
514.59025 775.15569 955.59482 43.455676
505.91014 761.29826 946.69822 42.547517
498.12135 748.48835 938.04034 41.649102
489.15548 734.40725 928.97422 40.760619
481.49484 721.839 920.28592 39.882245
472.60142 707.93983 911.18245 39.014122
464.69292 695.19674 902.36496 38.156179
456.03645 681.66988 893.2927 37.308358
447.71802 668.57709 884.30984 36.470787
439.65365 655.82418 875.39161 35.644084
431.2465 642.74293 866.35087 34.828635
423.3205 630.25577 857.44873 34.024651
415.1891 617.59418 848.4718 33.232375
407.13837 605.07835 839.51275 32.451932
399.46655 593.04169 830.66768 31.683517
391.2471 580.44798 821.65001 30.927144
383.90982 568.89654 812.91029 30.18279
375.6454 556.36485 803.8855 29.450318
368.3803 545.00653 795.18159 28.729855
360.64737 533.18106 786.34231 28.021679
353.10982 521.6304 777.57811 27.325549
345.71771 510.29974 768.87618 26.641125
337.96387 498.62301 760.0792 25.968353
331.12165 488.02153 751.58416 25.307648
323.54681 476.65779 742.87846 24.659304
316.85217 466.3323 734.46839 24.023295
309.57793 455.41535 725.90187 23.399363
302.64603 444.93679 717.4693 22.787195
295.92962 434.75476 709.13174 22.186827
288.89079 424.2689 700.72119 21.598163
282.48396 414.54364 692.53471 21.021231
275.77801 404.53906 684.2813 20.456138
269.37413 394.92456 676.14984 19.902994
263.37742 385.81591 668.1764 19.361922
256.65786 375.95324 660.01471 18.832404
250.97752 367.30258 652.2156 18.313884
244.19559 357.47665 644.11283 17.806297
239.04076 349.51627 636.55391 17.309938
232.46171 340.01909 628.59283 16.824712
227.22406 332.06813 621.09267 16.350255
221.13352 323.21788 613.37272 15.88633
215.60018 315.04022 605.8693 15.432623
210.10896 306.9602 598.41892 14.989254
204.65789 298.97445 591.01789 14.556294
199.41294 291.26667 583.71698 14.133715
194.35225 283.81132 576.50894 13.721437
189.00596 276.0838 569.24979 13.319393
184.70176 269.56134 562.35563 12.92759
178.97443 261.49877 555.06858 12.545501
175.09324 255.53702 548.40539 12.172725
169.35277 247.55009 541.21772 11.809074
165.70128 241.93341 534.73029 11.454479
160.28825 234.40028 527.7512 11.108685
156.32236 228.52317 521.27249 10.771315
151.61132 221.86086 514.60982 10.442474
147.47009 215.87614 508.167 10.122107
143.21946 209.81201 501.73123 9.8101817
139.20144 204.04804 495.40702 9.5066218
135.06736 198.19531 489.08607 9.2112976
131.47226 192.98175 482.97098 8.9240724
127.1348 186.98064 476.66611 8.6448311
124.30464 182.69353 470.87282 8.373551
119.52299 176.2727 464.52847 8.1097955
117.19889 172.62271 459.0031 7.8533563
112.39747 166.25518 452.77555 7.6037949
109.82811 162.40947 447.29834 7.3606791
105.69902 156.86764 441.39086 7.1241248
102.79314 152.72429 435.9081 6.8940526
99.291224 147.95522 430.28274 6.6705117
96.268774 143.75556 424.84574 6.4534403
93.065308 139.39021 419.39198 6.2427185
90.195107 135.43034 414.08005 6.0382217
86.988669 131.13102 408.7026 5.8398102
84.550697 127.71984 403.60125 5.6473489
81.049358 123.15955 398.21001 5.4607365
79.370943 120.65759 393.42959 5.2800088
75.408649 115.64956 388.00345 5.104676
73.984578 113.49645 383.42401 4.9344555
70.196328 108.74994 378.17884 4.7690866
68.354075 106.20193 373.58804 4.6082581
65.328299 102.37308 368.67301 4.4522172
63.169285 99.541449 364.06501 4.3009522
60.582859 96.268415 359.36283 4.1543799
58.342938 93.413807 354.80493 4.0124054
55.916419 90.385097 350.22599 3.8749126
53.843854 87.78288 345.79283 3.7417906
51.305783 84.69658 341.25189 3.6129248
49.658583 82.633239 337.02352 3.4882261
46.761046 79.213834 332.44815 3.3675766
45.741065 77.913358 328.50301 3.2510021
42.45607 74.131259 323.9252 3.1380208
41.363195 72.821428 320.0807 3.028331
38.494619 69.576295 315.73841 2.9219907
36.974885 67.868203 311.85409 2.8188653
34.64902 65.303661 307.75585 2.7190156
32.826974 63.338824 303.84609 2.6223791
30.752144 61.134674 299.89107 2.5288454
28.828759 59.142049 296.0125 2.4383059
26.731962 57.002491 292.11078 2.3506156
24.892319 55.197226 288.31331 2.265635
22.482771 52.811514 284.36673 2.1831746
20.893046 51.393793 280.69534 2.1030926
17.895915 48.478375 276.62673 2.0248665
16.161191 47.040918 272.95184 1.9480608
12.680745 43.755824 268.76059 1.8718563
10.029814 41.50538 264.75907 1.795269
5.9161198 37.782454 260.33078 1.7157424
1.0826023 33.47415 255.4374 1.630341
0.87829627 34.709357 253.30535 1.5218484
-38.633898 -6.4902493 230.59858 1.2384008
-271.50235 -261.89718 104.52775 0.91857237
