-89.61937 -85.809193 -42.84046 0.083803994
-90.749835 -86.531763 -43.77833 0.091101547
-93.842699 -89.55849 -45.467457 0.099145928
-97.801586 -93.667011 -47.525162 0.10801968
-101.67265 -97.657824 -49.580568 0.11781433
-105.70373 -101.83273 -51.728982 0.12863144
-109.87999 -106.17563 -53.96691 0.14058377
-114.21842 -110.7075 -56.30241 0.15379656
-118.72143 -115.43264 -58.7384 0.16840903
-123.39733 -120.36212 -61.279934 0.184576
-128.25143 -125.50385 -63.93111 0.20246975
-133.29095 -130.86795 -66.696741 0.22228212
-138.52224 -136.46377 -69.581423 0.24422683
-143.9525 -142.30176 -72.590102 0.26854215
-149.58872 -148.39228 -75.727703 0.2954939
-155.43836 -154.74643 -78.999367 0.32537896
-161.5089 -161.37548 -82.410271 0.35852909
-167.80814 -168.29125 -85.965731 0.39531426
-174.34398 -175.50587 -89.671101 0.4361454
-181.12459 -183.03191 -93.531817 0.48147704
-188.15823 -190.8823 -97.553323 0.53181222
-195.45338 -199.07035 -101.74107 0.58771138
-203.01862 -207.60967 -106.10047 0.64980526
-210.86271 -216.51426 -110.63681 0.71880895
-218.99448 -225.79833 -115.35526 0.79553475
-227.42294 -235.47647 -120.26076 0.88090316
-236.15703 -245.56339 -125.35797 0.97595384
-245.20366 -256.07087 -130.65018 1.0818582
-254.42883 -266.73658 -136.0086 1.1999345
-262.73052 -275.44664 -140.42063 1.3316647
-271.24756 -284.37526 -144.91739 1.4787137
-279.96902 -293.50695 -149.4881 1.6429518
-288.89017 -302.83176 -154.1224 1.826479
-298.00833 -312.3414 -158.80911 2.0316543
-307.31856 -322.02394 -163.53439 2.26113
-316.81426 -331.86393 -168.28129 2.517968
-326.48681 -341.84182 -173.02925 2.8056727
-336.3531 -351.98975 -177.79697 3.1215424
-346.44728 -362.37526 -182.63087 3.458762
-356.7753 -373.00871 -187.53394 3.81764
-367.33847 -383.89128 -192.50181 4.1996752
-378.13892 -395.02588 -197.53121 4.6062005
-389.17877 -406.41566 -202.61872 5.0385839
-400.4602 -418.06402 -207.7608 5.4982328
-411.98545 -429.97474 -212.95387 5.986595
-423.75655 -442.1516 -218.19423 6.5051526
-435.77701 -454.59998 -223.47848 7.0554072
-447.2252 -465.75317 -228.05613 7.6388598
-457.8868 -475.2035 -231.72766 8.2569864
-468.62727 -484.60162 -235.27153 8.911209
-479.43434 -493.92788 -238.67311 9.6028605
-490.29861 -503.16583 -241.91897 10.333142
-501.21136 -512.30043 -244.99661 11.103055
-512.16332 -521.31606 -247.89342 11.91352
-523.14241 -530.19179 -250.59297 12.765936
-534.13402 -538.90201 -253.07538 13.662103
-545.12272 -547.4197 -255.31988 14.603842
-556.09235 -555.71675 -257.30496 15.592973
-567.02605 -563.76394 -259.00844 16.631286
-577.90626 -571.53087 -260.40755 17.720483
-588.71543 -578.98675 -261.47921 18.862118
-598.84171 -584.97402 -261.66722 20.057549
-608.51057 -589.92459 -261.16836 21.307897
-617.95752 -594.29005 -260.18919 22.613994
-627.1551 -598.02311 -258.70073 23.976309
-636.07563 -601.07592 -256.67439 25.39493
-644.68837 -603.39502 -254.07864 26.86998
-652.95783 -604.91782 -250.87636 28.402015
-660.8456 -605.57628 -247.02744 29.991753
-668.31163 -605.29908 -242.49052 31.639835
-675.31394 -604.01119 -237.22282 33.346673
-681.80743 -601.63236 -231.17978 35.112279
-688.63504 -599.76092 -225.10959 36.936205
-695.6803 -598.17993 -218.90394 38.817546
-702.23742 -595.55864 -211.93014 40.754949
-708.26323 -591.81939 -204.14791 42.746619
-713.70966 -586.87599 -195.51356 44.790556
-718.52338 -580.63219 -185.97862 46.884868
-722.64709 -572.98372 -175.49113 49.027769
-726.01971 -563.8189 -163.99635 51.217396
-728.57312 -553.01458 -151.43534 53.451575
-734.2792 -548.05967 -141.33164 55.727705
-740.0182 -543.0723 -130.91485 58.042889
-745.20486 -536.94918 -119.66479 60.394185
-749.78107 -529.58255 -107.53037 62.778746
-753.68358 -520.85575 -94.45773 65.193618
-756.84619 -510.64622 -80.391913 67.635734
-759.19644 -498.81995 -65.273522 70.102186
-762.1073 -487.96174 -50.320068 72.590262
-769.03045 -484.55801 -38.578052 75.097511
-775.5218 -480.2502 -26.12199 77.622201
-781.51555 -474.91339 -12.891705 80.163598
-786.94154 -468.41713 1.1730174 82.720945
-791.72985 -460.63264 16.127816 85.293007
-795.80282 -451.41807 32.033899 87.879039
-802.30825 -446.68236 46.119144 90.479385
-811.13608 -446.21729 58.483356 93.095886
-819.595 -444.97599 71.49617 95.732382
-827.60866 -442.82011 85.227073 98.39387
-835.104 -439.62094 99.736522 101.08499
-842.00481 -435.2467 115.08489 103.81064
-849.81889 -432.53304 129.94795 106.57738
-858.41705 -431.24981 144.44149 109.39427
-866.43954 -428.86684 159.76055 112.2728
-873.79761 -425.23753 175.98407 115.22528
-880.40751 -420.2291 193.18105 118.2636
-885.93198 -413.23858 211.64065 121.40011
-889.51108 -402.69053 232.10924 124.64878
-891.92778 -390.08326 253.90105 128.02515
-893.07199 -375.24903 277.10854 131.54515
-892.83785 -358.03142 301.81697 135.22379
-889.32329 -334.9258 329.67185 139.07502
-881.64333 -304.33242 361.42852 143.11182
-871.82003 -270.07732 395.31214 147.34569
-859.71393 -231.95324 431.42786 151.7862
-845.18548 -189.75259 469.87936 156.44036
-825.05063 -137.59587 513.4063 161.31106
-801.88087 -80.330326 559.74768 166.3957
-775.51615 -17.709161 609.01306 171.68713
-745.76948 50.569629 661.3357 177.17447
-714.87748 120.3041 714.7484 182.84094
-681.00599 194.87597 770.80455 188.66154
-643.43792 275.59301 830.08859 194.60478
-602.46008 361.90438 892.31813 200.6348
-568.49082 434.44105 948.46755 206.7103
-531.18874 512.44064 1007.447 212.78413
-490.27199 596.44309 1069.4725 218.80526
-455.4802 668.39004 1126.1243 224.72072
-426.45485 729.00414 1177.7135 230.47705
-394.68521 794.14715 1231.5759 236.0213
-364.96348 854.98764 1283.5788 241.30201
-350.03108 887.96791 1322.7729 246.27273
-333.47625 923.62373 1363.3023 250.89425
-317.16614 958.56865 1403.5725 255.13473
-316.5971 964.15733 1430.296 258.97406
-315.18756 971.20823 1457.7521 262.40729
-314.47575 976.92838 1484.6373 265.44231
-322.48069 966.50982 1504.0905 268.10221
-329.68218 957.61575 1524.2967 270.4283
-336.11139 950.18764 1545.2249 272.47567
-341.78919 944.16073 1566.8399 274.31275
-345.80399 941.17043 1589.8968 276.02094
-342.01051 952.50444 1619.6026 277.68848
-332.85327 973.53148 1653.7957 279.40682
-318.31838 1004.1512 1692.4055 281.26639
-290.3075 1059.1927 1742.2466 283.34919
-257.52059 1122.4258 1795.7725 285.72286
-213.98404 1204.7491 1857.9626 288.43458
-163.15711 1299.6431 1925.7398 291.50428
-108.23616 1401.1048 1996.2662 294.92162
-49.435141 1508.6767 2069.2688 298.64459
11.013864 1618.2172 2142.7831 302.60037
64.908787 1714.6169 2209.8006 306.68902
120.16127 1812.5537 2277.0713 310.78905
157.96304 1877.4487 2328.6469 314.7658
196.7903 1943.5454 2380.3385 318.4816
212.66044 1966.796 2411.8794 321.80737
227.93394 1988.6261 2442.4205 324.63458
223.90784 1974.7358 2456.2207 326.88628
218.12608 1957.6163 2468.3197 328.52668
203.28054 1923.9037 2472.6215 329.56664
189.77701 1892.8168 2478.0218 330.06543
177.94343 1864.9372 2484.8031 330.12635
175.13098 1853.7148 2499.1415 329.88703
179.27017 1855.1927 2519.1654 329.50608
200.3609 1887.5951 2553.175 329.1451
230.52151 1936.2128 2594.2861 328.94753
273.45056 2007.6657 2645.4095 329.01819
322.63708 2089.8279 2700.8339 329.40898
376.85926 2180.3716 2759.3766 330.11025
426.32648 2261.2856 2812.6869 331.05017
468.77354 2328.4835 2858.875 332.10749
504.70896 2383.0512 2898.4698 333.12889
523.06013 2404.8349 2922.2669 333.94447
526.5304 2399.0252 2932.758 334.39469
521.28546 2377.151 2935.3963 334.36804
509.42635 2343.2127 2932.1626 333.8224
495.64855 2305.8974 2927.1307 332.78571
487.5632 2279.1585 2926.7383 331.35039
488.14789 2268.3573 2933.42 329.65793
500.2016 2278.4733 2949.3749 327.87092
524.55267 2310.8512 2975.0894 326.14008
556.50879 2356.7276 3006.3907 324.57155
591.78043 2408.1439 3039.4949 323.20385
624.47656 2454.2857 3069.3659 322.00279
649.52952 2485.9339 3091.7716 320.87346
664.56564 2498.8769 3104.8338 319.68448
668.26578 2490.8663 3107.6112 318.29858
661.34361 2463.3663 3100.8983 316.60834
652.08571 2431.6715 3091.8447 314.57096
644.59203 2403.3131 3083.9947 312.22154
644.20335 2388.0195 3081.8183 309.65731
652.95692 2389.4135 3086.9119 307.00395
668.74705 2403.5192 3097.3421 304.37474
688.3576 2424.3657 3110.2565 301.83541
706.14383 2441.5983 3120.8289 299.38639
717.67713 2447.1594 3125.3513 296.96846
721.65464 2438.7622 3122.8328 294.49136
719.29726 2418.7472 3114.4425 291.87172
713.67192 2392.8033 3102.8816 289.06422
709.18478 2369.0188 3091.9177 286.07665
708.78019 2352.7536 3084.0188 282.96329
713.0719 2345.0729 3079.6385 279.79921
721.0371 2344.0528 3077.8322 276.64636
727.76202 2340.6793 3074.4199 273.52799
732.6806 2333.9408 3068.9234 270.42471
732.16242 2317.2436 3058.3472 267.29002
728.82247 2295.4296 3044.9604 264.07753
723.95359 2270.8977 3029.9197 260.76719
720.88094 2249.7346 3016.0467 257.37416
719.67728 2232.0511 3003.3966 253.93775
721.54031 2220.0146 2992.9338 250.49705
720.91604 2203.4556 2979.9799 247.0691
721.47202 2189.0985 2967.6074 243.64528
716.38723 2164.4919 2950.1408 240.20242
713.4342 2143.8796 2934.1293 236.72135
707.04945 2117.098 2914.9561 233.19987
704.26188 2097.0031 2898.5195 229.65261
700.16933 2074.6235 2880.7182 226.09988
697.27786 2054.5415 2863.6373 222.55301
692.55244 2031.2144 2844.743 219.01031
687.51099 2007.4295 2825.3199 215.46398
681.60805 1982.1989 2804.9334 211.90972
676.08258 1957.7922 2784.6363 208.35153
670.47191 1933.3627 2764.0539 204.79938
665.73194 1910.6558 2743.9874 201.26189
659.36478 1885.1075 2722.355 197.74113
654.28073 1862.0427 2701.5992 194.23426
646.36575 1833.9493 2678.3074 190.73883
641.37799 1811.3556 2657.3094 187.25668
633.06279 1782.8366 2633.3956 183.79076
627.38221 1759.2913 2611.5571 180.34274
619.1768 1731.2968 2587.4958 176.91335
612.25233 1705.8106 2564.3992 173.50321
604.64431 1679.2453 2540.6375 170.11522
597.10021 1652.9682 2516.8373 166.7522
589.42715 1626.6283 2492.8464 163.41612
581.84595 1600.6285 2468.8567 160.10957
574.17884 1574.6435 2444.725 156.83469
566.5102 1548.8288 2420.5284 153.59207
558.15341 1521.9322 2395.7101 150.38222
551.04388 1497.4883 2371.8933 147.20682
542.1232 1469.9124 2346.536 144.06651
535.06013 1445.9054 2322.7109 140.96194
526.10452 1418.6206 2297.3021 137.89359
518.53204 1394.0417 2273.0517 134.86123
509.78344 1367.4981 2247.8342 131.86465
501.46212 1341.9189 2222.9942 128.90429
493.44469 1317.0775 2198.432 125.98235
484.85139 1291.3666 2173.4143 123.10018
476.89767 1267.004 2148.9605 120.25854
468.57131 1242.1409 2124.2306 117.45828
460.29434 1217.5466 2099.5833 114.69984
452.50728 1194.0237 2075.3916 111.98391
443.84524 1169.0801 2050.526 109.31055
436.41414 1146.5593 2026.7482 106.67966
427.5509 1121.6006 2001.8462 104.09077
420.0912 1099.3783 1978.1902 101.54433
411.8768 1075.9512 1953.9871 99.041314
403.88367 1053.1009 1930.0574 96.580876
396.03887 1030.6952 1906.3468 94.161807
387.59801 1007.3755 1882.2376 91.783922
380.43282 986.55418 1859.2866 89.448689
372.12846 963.8213 1835.4832 87.157147
365.05471 943.49905 1812.8072 84.909203
357.06849 921.67647 1789.4815 82.703945
349.52375 900.82411 1766.6399 80.540266
342.23504 880.60208 1744.1289 78.418297
334.41356 859.56999 1721.2907 76.337695
327.46097 840.28283 1699.2909 74.298558
320.01231 820.24735 1676.9903 72.301263
312.95007 801.06987 1655.1262 70.346201
306.42906 783.02925 1633.8343 68.433805
298.7934 763.10474 1611.7485 66.562249
292.62593 746.00904 1591.0244 64.729564
284.79035 726.01972 1569.0506 62.935521
279.28581 710.42782 1549.1519 61.18116
271.64335 691.07936 1527.6147 59.466152
265.91389 675.363 1507.8172 57.789205
258.88458 657.41801 1487.0887 56.149482
252.62159 641.01279 1467.1439 54.545876
246.37149 624.77042 1447.3476 52.978807
240.13237 608.68411 1427.6902 51.448531
234.14814 593.19563 1408.3722 49.954942
228.38777 578.24535 1389.3659 48.497766
222.16458 562.57773 1370.1032 47.076759
217.42138 549.73255 1352.2087 45.691946
210.55306 533.13499 1332.6988 44.34147
206.34109 521.50514 1315.5566 43.02391
199.368 504.96251 1296.2776 41.738605
195.40703 494.03372 1279.6639 40.485305
188.82983 478.45447 1261.0384 39.263113
184.32708 466.77897 1244.2962 38.070699
178.69607 453.16451 1226.7624 36.908424
173.85876 441.11358 1210.0263 35.776103
168.82379 428.81587 1193.2574 34.673618
164.09168 417.18158 1176.8681 33.600698
159.1539 405.28119 1160.434 32.556889
154.96745 394.8575 1144.7498 31.541704
149.66204 382.49785 1128.2622 30.554738
146.52321 374.19007 1113.7127 29.59591
140.50139 360.7272 1096.921 28.663678
138.03334 353.84499 1083.2498 27.757306
131.91587 340.41149 1066.7248 26.875243
129.02312 332.96209 1053.0501 26.015963
123.82187 321.40681 1037.6092 25.179872
120.37432 313.15076 1023.7651 24.366692
116.0264 303.35279 1009.3006 23.576597
112.3479 294.87313 995.51633 22.809367
108.37579 285.9546 981.60933 22.064581
104.86068 277.96443 968.20209 21.341796
100.8267 269.12229 954.4823 20.64052
97.885237 262.36482 941.78908 19.960275
93.36553 252.82152 927.90281 19.300703
91.476481 248.16339 916.33979 18.66193
86.229835 237.47541 902.15165 18.042224
84.656903 233.57764 891.18705 17.440587
79.609912 223.4414 877.51151 16.856098
77.373422 218.52585 866.32246 16.287656
73.385401 210.51249 853.80218 15.736137
70.635191 204.84985 842.42964 15.201498
67.236637 198.09923 830.63397 14.683444
64.318057 192.31737 819.35131 14.181641
61.102713 186.0885 807.93458 13.695679
58.378481 180.84917 797.03812 13.225165
54.951442 174.42337 785.66863 12.769694
52.798392 170.415 775.47198 12.328953
48.799167 163.13703 763.85898 11.902523
47.511328 160.89741 754.64162 11.490496
42.899148 152.69844 742.84099 11.091168
41.455989 150.38101 733.83128 10.703475
37.401617 143.41044 722.79619 10.32762
35.287778 140.08677 713.49885 9.9631281
31.975379 134.68971 703.31631 9.6102138
29.372778 130.70058 693.8302 9.2686565
26.377639 126.11378 684.12458 8.9380656
23.578658 122.00689 674.68254 8.6180582
20.502443 117.52268 665.11295 8.3081207
17.775965 113.8108 655.9258 8.0077607
14.194315 108.68368 646.12538 7.7163081
11.780699 105.83975 637.38434 7.4332619
7.2913771 99.38336 627.04319 7.1567754
4.6126791 96.419565 618.26261 6.8853092
-0.63679284 88.993295 607.44771 6.6159677
-4.7090982 83.97981 597.52684 6.3452739
-10.946622 75.363287 585.93744 6.0641912
-18.272429 65.225948 573.01287 5.7623446
-18.934947 68.068161 568.73444 5.3788839
-76.985547 -31.282164 498.90169 4.3770577
-416.32152 -642.42711 99.805357 3.2466464
