-19.715127 -15.289774 -6.4865808 0.01219916
-19.823592 -15.354994 -6.6384989 0.013261449
-20.466921 -15.874136 -6.8965365 0.014432453
-21.3417 -16.604194 -7.2071072 0.015724186
-22.183265 -17.306805 -7.518279 0.017149973
-23.059885 -18.041693 -7.8434395 0.018724598
-23.967092 -18.805445 -8.1821337 0.020464474
-24.909205 -19.601996 -8.5355254 0.022387833
-25.886495 -20.431961 -8.9040587 0.024514941
-26.900846 -21.297286 -9.2884773 0.026868334
-27.9533 -22.199265 -9.6893905 0.029473092
-29.045403 -23.139626 -10.107508 0.032357139
-30.178449 -24.119923 -10.543509 0.035551588
-31.353948 -25.14191 -10.998119 0.039091122
-32.573323 -26.207308 -11.472063 0.043014435
-33.838119 -27.31796 -11.966092 0.047364747
-35.149851 -28.475724 -12.480962 0.052190347
-36.510113 -29.682546 -13.017445 0.057545094
-37.920495 -30.940404 -13.576317 0.063488805
-39.382638 -32.251349 -14.158362 0.070087646
-40.898183 -33.617463 -14.764363 0.077414842
-42.468805 -35.040886 -15.395102 0.085551979
-44.096179 -36.523788 -16.051347 0.094590868
-45.781997 -38.068379 -16.733847 0.10463561
-47.527944 -39.676883 -17.443322 0.11580444
-49.335719 -41.351557 -18.180452 0.12823136
-51.206974 -43.094653 -18.945871 0.14206771
-53.142759 -44.907794 -19.740002 0.15748402
-55.114642 -46.742669 -20.543275 0.17467217
-56.889646 -48.213321 -21.202407 0.19384788
-58.707663 -49.715257 -21.873229 0.21525354
-60.565194 -51.244738 -22.554024 0.23916138
-62.460432 -52.799082 -23.243105 0.26587711
-64.392129 -54.375898 -23.938636 0.2957441
-66.358399 -55.972023 -24.638369 0.32914847
-68.356881 -57.583546 -25.339568 0.36653591
-70.384649 -59.205682 -26.038934 0.40841658
-72.44616 -60.84496 -26.739418 0.45439717
-74.550831 -62.515571 -27.448373 0.50348563
-76.699888 -64.219146 -28.166223 0.5557269
-78.893216 -65.955285 -28.892221 0.61133911
-81.130928 -67.723972 -29.625792 0.67051632
-83.413139 -69.525226 -30.366343 0.73345768
-85.73998 -71.359116 -31.113264 0.80036804
-88.111599 -73.22579 -31.865938 0.87145816
-90.528089 -75.125399 -32.623729 0.94694379
-92.989955 -77.05841 -33.386048 1.0270435
-95.318536 -78.73566 -34.039309 1.1119758
-97.466072 -80.080929 -34.55326 1.2019556
-99.61973 -81.397568 -35.045573 1.2971899
-101.77626 -82.68137 -35.513991 1.3978726
-103.93323 -83.928803 -35.956432 1.5041786
-106.08844 -85.136669 -36.370968 1.6162538
-108.23961 -86.301689 -36.755661 1.7342321
-110.38364 -87.419469 -37.10797 1.8583172
-112.51682 -88.484645 -37.424825 1.988771
-114.6352 -89.491611 -37.703017 2.1258587
-116.73473 -90.434576 -37.939228 2.2698453
-118.81119 -91.307573 -38.130037 2.4209912
-120.86024 -92.10445 -38.271938 2.5795442
-122.8776 -92.819032 -38.361389 2.7457305
-124.72627 -93.235275 -38.314226 2.919748
-126.45558 -93.432857 -38.160188 3.1017596
-128.11761 -93.495475 -37.930508 3.2918865
-129.70585 -93.414048 -37.620818 3.4901971
-131.21385 -93.179474 -37.226831 3.6967041
-132.63438 -92.781546 -36.743818 3.9114254
-133.95893 -92.208207 -36.166196 4.1344418
-135.17829 -91.446327 -35.487916 4.3658581
-136.28289 -90.48219 -34.702724 4.6057676
-137.26275 -89.301396 -33.804154 4.85423
-138.10712 -87.888571 -32.785489 5.1112473
-139.00854 -86.544187 -31.759934 5.376754
-139.94128 -85.228037 -30.711184 5.6506187
-140.7439 -83.689881 -29.543651 5.9326443
-141.40629 -81.91504 -28.251373 6.2225694
-141.91711 -79.887148 -26.827896 6.5201031
-142.26362 -77.58782 -25.26604 6.8249698
-142.43208 -74.997056 -23.558068 7.1369095
-142.40785 -72.093377 -21.695798 7.4556511
-142.17442 -68.853011 -19.670418 7.7808781
-142.65981 -66.696721 -18.014941 8.1122119
-143.13864 -64.510661 -16.310539 8.4492307
-143.47409 -62.085216 -14.47871 8.7915063
-143.65199 -59.399325 -12.511921 9.1386243
-143.65685 -56.43015 -10.402223 9.4901546
-143.47247 -53.153678 -8.1414746 9.8456509
-143.08102 -49.543525 -5.7208223 10.20469
-142.80789 -46.092571 -3.3245127 10.566876
-143.47664 -44.041753 -1.413411 10.931854
-144.03267 -41.794133 0.60603349 11.299371
-144.45926 -39.324313 2.7427993 11.669319
-144.73861 -36.605858 5.0058708 12.04159
-144.85316 -33.61281 7.4035519 12.416002
-144.78323 -30.316503 9.9450175 12.792448
-145.28798 -27.852213 12.210966 13.170978
-146.34439 -26.181136 14.216456 13.55186
-147.30241 -24.331117 16.31985 13.935652
-148.14218 -22.273569 18.53168 14.323082
-148.84497 -19.982185 20.861116 14.714827
-149.39129 -17.43022 23.317304 15.111597
-150.14925 -15.165109 25.699994 15.514349
-151.08821 -13.142303 28.02676 15.9244
-151.87449 -10.871075 30.478464 16.343425
-152.48524 -8.3220918 33.067199 16.773215
-152.8993 -5.4693816 35.803535 17.215499
-153.03279 -2.1959072 38.731296 17.672079
-152.67151 1.8048348 41.963467 18.144984
-152.00822 6.2410806 45.396473 18.636478
-151.01536 11.144197 49.044479 19.148882
-149.66685 16.542558 52.920528 19.684377
-147.48733 23.11812 57.273568 20.244997
-144.25305 31.182075 62.217885 20.832631
-140.46962 39.983812 67.485103 21.448951
-136.10302 49.559572 73.091149 22.095351
-131.11951 59.945175 79.05173 22.772853
-124.71568 72.289348 85.781158 23.481875
-117.54062 85.636732 92.937289 24.222041
-109.55526 100.03016 100.53637 24.992309
-100.71355 115.52356 108.59832 25.791095
-91.587249 131.28373 116.82539 26.615956
-81.71276 147.97013 125.45201 27.463255
-70.908222 165.83601 134.56586 28.328407
-59.247362 184.76937 144.12356 29.206191
-49.406928 200.93863 152.75939 30.090595
-38.739066 218.13976 161.81983 30.974756
-27.169269 236.48028 171.3364 31.851246
-17.21107 252.38338 180.0348 32.712353
-8.7807754 265.98839 187.9609 33.550296
0.32169116 280.4428 196.22274 34.357368
8.8568596 293.99909 204.19412 35.126075
13.509047 301.9776 210.21802 35.849658
18.541472 310.45118 216.43218 36.522408
23.474066 318.7561 222.59421 37.139691
24.258719 321.19239 226.69351 37.698578
25.226867 323.90525 230.88851 38.19835
25.982579 326.34753 234.98125 38.640156
24.422873 325.56864 237.93345 39.027356
23.049892 325.10021 240.98249 39.365962
21.860855 324.93535 244.1236 39.663996
20.854046 325.06277 247.35166 39.931418
20.272899 325.80874 250.78137 40.180078
21.746916 329.43198 255.2011 40.422821
24.633315 334.99946 260.28514 40.672957
28.93662 342.48202 266.02436 40.943653
36.811411 354.84763 273.45131 41.246844
45.944068 368.82434 281.42681 41.592377
57.924137 386.58951 290.70621 41.98712
71.827357 406.81942 300.82645 42.433973
86.794948 428.29292 311.36039 42.931431
102.76441 450.90717 322.26832 43.473381
119.13323 473.82057 333.25405 44.049219
133.69333 493.98072 343.25789 44.6444
148.56672 514.3511 353.3 45.241237
158.68652 527.95172 360.96691 45.82013
169.02845 541.71178 368.64753 46.361034
173.12033 546.73625 373.27376 46.845164
177.00212 551.42058 377.73829 47.256717
175.61811 548.83647 379.6566 47.584494
173.72214 545.57928 381.29941 47.823286
169.33916 538.95307 381.74141 47.974672
165.29951 532.86288 382.32542 48.04728
161.69912 527.42985 383.09299 48.056149
160.54469 525.38218 384.97846 48.02131
161.27639 525.90715 387.70057 47.965856
166.62499 532.69601 392.51822 47.913309
174.43912 542.74142 398.39524 47.884548
185.72691 557.37246 405.77761 47.894833
198.70264 574.10507 413.80747 47.95172
213.02643 592.45376 422.31103 48.053804
226.00756 608.7425 430.02849 48.190627
237.01849 622.13898 436.67491 48.344539
246.19734 632.8743 442.3297 48.493225
250.49607 636.84899 445.59832 48.611948
250.65828 635.13908 446.85237 48.677486
248.38875 630.11846 446.90932 48.673608
244.27426 622.62054 446.06221 48.59418
239.61723 614.43003 444.92281 48.44327
236.52732 608.40279 444.46259 48.234333
235.8329 605.63036 445.05036 47.987962
238.31085 607.12017 447.02231 47.727829
244.19049 613.13289 450.4581 47.475872
252.1672 621.8582 454.73404 47.247545
261.04565 631.65397 459.28473 47.048451
269.18498 640.29878 463.3531 46.873614
275.17324 645.90515 466.30051 46.709219
278.34908 647.61898 467.84149 46.53614
278.34614 644.99256 467.8298 46.334397
275.36609 638.34049 466.37952 46.088351
271.72604 630.81646 464.56523 45.791771
268.57605 623.97306 462.9185 45.449769
267.41182 619.80781 462.11498 45.076496
268.80414 619.05745 462.39951 44.690248
272.16248 620.89333 463.4857 44.307517
276.58371 624.07821 464.94884 43.937869
280.48341 626.4768 466.06407 43.581368
282.61827 626.4327 466.27247 43.229394
282.62331 623.48287 465.42218 42.868805
280.84361 618.11931 463.68568 42.487467
278.14375 611.52242 461.46684 42.078783
275.76533 605.36366 459.33247 41.643885
274.53841 600.74736 457.65562 41.190677
274.63593 597.88859 456.50744 40.730085
275.76918 596.38568 455.74961 40.271127
276.55225 594.37523 454.75388 39.817189
276.82477 591.6494 453.44955 39.365448
275.56296 586.85038 451.38296 38.909134
273.50634 580.98405 448.89482 38.441494
271.02198 574.55031 446.15745 37.959612
269.05082 568.80853 443.59633 37.465693
267.61406 563.78041 441.22078 36.96546
267.05034 559.91224 439.17921 36.464601
265.78728 555.09896 436.7665 35.965597
264.86348 550.73349 434.44821 35.467195
262.34703 544.24071 431.36538 34.966021
260.44175 538.57262 428.50708 34.459285
257.57107 531.62614 425.1742 33.946668
255.72948 526.06491 422.2589 33.430295
253.52616 520.03017 419.14215 32.913129
251.67236 514.47132 416.14062 32.396813
249.30611 508.24021 412.87163 31.881106
246.85903 501.91592 409.52928 31.364871
244.17658 495.29496 406.04747 30.84748
241.6114 488.84864 402.58533 30.32952
239.03216 482.4017 399.08655 29.812436
236.71119 476.31662 395.67294 29.297488
233.93715 469.64633 392.02996 28.784974
231.53931 463.49691 388.52699 28.274482
228.34594 456.3102 384.64771 27.765657
225.99846 450.27273 381.12231 27.258765
222.71314 443.01198 377.16301 26.754236
220.19134 436.79327 373.52503 26.25231
216.96107 429.65975 369.55859 25.753096
214.10861 423.05747 365.74574 25.256683
211.07321 416.24142 361.84016 24.763497
208.06822 409.49597 357.93692 24.273945
205.03868 402.74863 354.01315 23.788316
202.04768 396.08326 350.09788 23.306987
199.04435 389.43234 346.16955 22.830267
196.05297 382.82875 342.24002 22.358243
192.87707 376.01226 338.22482 21.89099
190.0707 369.71868 334.36951 21.42875
186.75827 362.7861 330.28959 20.971619
183.99041 356.60951 326.44969 20.519689
180.69298 349.76409 322.37845 20.073033
177.80451 343.49599 318.4906 19.631615
174.59164 336.83327 314.46475 19.195405
171.5139 330.3861 310.50426 18.764469
168.53582 324.10731 306.59415 18.339125
165.40491 317.66208 302.62367 17.919571
162.46975 311.5125 298.74694 17.505916
159.44005 305.2737 294.83705 17.098285
156.4367 299.10588 290.94808 16.696742
153.58601 293.17621 287.13634 16.301387
150.49612 286.96561 283.23089 15.912227
147.77169 281.27515 279.49809 15.529252
144.64792 275.09209 275.60336 15.15239
141.93905 269.4947 271.90489 14.781707
139.02499 263.66146 268.13147 14.417346
136.18613 257.96397 264.40705 14.059182
133.40149 252.37497 260.72339 13.707041
130.45686 246.61111 256.98703 13.360895
127.89024 241.38382 253.43354 13.020957
125.00711 235.77325 249.7588 12.68738
122.48884 230.6807 246.262 12.36015
119.71894 225.29052 242.67417 12.039133
117.08672 220.11805 239.16659 11.724168
114.53881 215.09248 235.71609 11.415276
111.84804 209.91323 232.22326 11.112405
109.41761 205.11314 228.86434 10.81557
106.85449 200.17182 225.46713 10.524826
104.41251 195.42412 222.14287 10.240229
102.13615 190.928 218.91176 9.9618437
99.548464 186.05315 215.56678 9.6894031
97.393341 181.78337 212.43378 9.4226207
94.767172 176.92416 209.11791 9.1614637
92.821841 172.99698 206.12188 8.9060833
90.2695 168.29948 202.88387 8.6564314
88.277585 164.37437 199.91449 8.4123199
85.919971 159.99799 196.80976 8.1736272
83.791904 155.95691 193.82909 7.9401923
81.676077 151.96345 190.87661 7.7120757
79.571818 148.01597 187.95108 7.489315
77.549275 144.20642 185.08271 7.2718948
75.599269 140.52195 182.26718 7.0597754
73.523629 136.70012 179.41833 6.8529209
71.882653 133.47996 176.78132 6.6513352
69.636305 129.48823 173.9044 6.4547479
68.16386 126.54629 171.3896 6.2629522
65.902193 122.5902 168.55569 6.0758514
64.517052 119.81879 166.12871 5.8934095
62.384138 116.08771 163.40123 5.7154962
60.857046 113.18406 160.96244 5.5419176
59.011153 109.88674 158.40808 5.3727265
57.401141 106.92738 155.97869 5.2078957
55.740647 103.92738 153.54872 5.047408
54.17408 101.0767 151.18051 4.8912243
52.554413 98.180774 148.80974 4.739278
51.157911 95.603586 146.55645 4.5914988
49.444323 92.631651 144.18548 4.4478271
48.362436 90.516098 142.11087 4.3082516
46.453748 87.33262 139.69971 4.1725477
45.577443 85.534031 137.76249 4.0406082
43.65272 82.37562 135.39521 3.9122074
42.665303 80.477614 133.46094 3.787123
41.016573 77.730762 131.26205 3.6654143
39.87992 75.682584 129.30743 3.5470407
38.488448 73.320892 127.26205 3.4320274
37.295589 71.243256 125.32254 3.3203426
36.022997 69.082156 123.36743 3.2119247
34.88751 67.123199 121.49073 3.1067096
33.606953 64.993908 119.56948 3.0046254
32.64707 63.308145 117.80608 2.9056028
31.235709 61.047224 115.86465 2.8095895
30.589474 59.814788 114.27609 2.716604
28.977343 57.328731 112.29099 2.626394
28.431948 56.269681 110.79367 2.5388143
26.886828 53.913378 108.88646 2.4537308
26.15884 52.655963 107.35632 2.3709834
24.928882 50.757634 105.62673 2.2906991
24.061266 49.357554 104.0726 2.2128722
23.010516 47.736384 102.45637 2.1374597
22.102797 46.323982 100.9195 2.0644129
21.113474 44.824141 99.364104 1.993672
20.270387 43.537169 97.889048 1.9251799
19.228214 42.007838 96.344066 1.8588776
18.558576 40.989612 94.977796 1.7947195
17.359055 39.293 93.398479 1.7326445
16.947907 38.655464 92.18154 1.6726662
15.579314 36.776962 90.572755 1.6145365
15.131558 36.13426 89.385772 1.5581003
13.932597 34.523845 87.892721 1.5033875
13.299126 33.681751 86.663399 1.4503287
12.323024 32.411345 85.301641 1.3989554
11.556335 31.440713 84.046738 1.3492353
10.680217 30.35043 82.760231 1.3011116
9.8649681 29.365912 81.515451 1.2545285
8.9736977 28.30804 80.253307 1.2094113
8.1878305 27.417502 79.051513 1.1656882
7.1588315 26.237087 77.759576 1.1232617
6.4722793 25.541065 76.631195 1.082059
5.1896249 24.096978 75.263514 1.0418111
4.435793 23.392746 74.138207 1.002294
2.9431847 21.766237 72.711441 0.96308627
1.7967908 20.658971 71.435527 0.92368158
0.030518212 18.818712 69.919187 0.88276452
-2.0428975 16.690563 68.241458 0.83882483
-2.1724006 17.343148 67.800826 0.78300445
-18.876559 -3.1790952 58.25997 0.6371678
-117.0286 -130.75657 2.5931655 0.47261279
