-22.450244 -16.246189 -6.4877431 0.01219916
-22.509602 -16.289213 -6.639559 0.013261449
-23.225177 -16.832219 -6.8974684 0.014432453
-24.223014 -17.606718 -7.2078808 0.015724186
-25.176669 -18.349375 -7.5188594 0.017149973
-26.170169 -19.126077 -7.8437868 0.018724598
-27.197873 -19.932971 -8.182202 0.020464474
-28.264965 -20.77432 -8.5352624 0.022387833
-29.371632 -21.650709 -8.9034045 0.024514941
-30.520048 -22.564192 -9.2873638 0.026868334
-31.711338 -23.516099 -9.6877403 0.029473092
-32.947247 -24.508228 -10.105233 0.032357139
-34.229197 -25.542183 -10.540509 0.035551588
-35.558873 -26.619783 -10.994283 0.039091122
-36.937846 -27.742801 -11.467261 0.043014435
-38.367826 -28.913137 -11.960181 0.047364747
-39.850483 -30.132702 -12.473779 0.052190347
-41.387574 -31.403496 -13.008806 0.057545094
-42.980841 -32.727545 -13.566016 0.063488805
-44.632081 -34.106945 -14.146167 0.070087646
-46.343083 -35.543819 -14.750014 0.077414842
-48.115667 -37.040345 -15.378307 0.085551979
-49.951642 -38.59872 -16.031779 0.094590868
-51.852829 -40.221176 -16.711142 0.10463561
-53.821029 -41.909952 -17.41707 0.11580444
-55.858049 -43.667303 -18.150198 0.12823136
-57.965626 -45.49547 -18.911101 0.14206771
-60.144742 -47.395988 -19.700143 0.15748402
-62.363441 -49.316865 -20.497686 0.17467217
-64.360311 -50.84411 -21.15037 0.19384788
-66.40411 -52.401398 -21.813939 0.21525354
-68.490351 -53.984367 -22.486584 0.23916138
-70.616628 -55.589798 -23.166509 0.26587711
-72.781219 -57.214783 -23.851761 0.2957441
-74.981608 -58.855549 -24.539961 0.32914847
-77.214694 -60.507473 -25.228221 0.36653591
-79.476671 -62.164951 -25.913074 0.40841658
-81.772952 -63.835228 -26.597546 0.45439717
-84.115132 -65.53423 -27.289236 0.50348563
-86.504563 -67.263598 -27.988533 0.5557269
-88.94093 -69.022662 -28.694605 0.61133911
-91.424201 -70.811183 -29.406802 0.67051632
-93.954345 -72.628962 -30.124452 0.73345768
-96.531349 -74.475854 -30.846865 0.80036804
-99.155227 -76.351801 -31.57334 0.87145816
-101.82592 -78.256748 -32.303159 0.94694379
-104.54388 -80.190993 -33.035648 1.0270435
-107.10633 -81.843266 -33.657137 1.1119758
-109.45851 -83.131163 -34.13729 1.2019556
-111.81241 -84.380727 -34.593697 1.2971899
-114.16407 -85.587204 -35.024023 1.3978726
-116.51055 -86.746599 -35.426115 1.5041786
-118.84922 -87.855306 -35.797978 1.6162538
-121.17735 -88.909643 -36.137613 1.7342321
-123.49124 -89.904677 -36.442402 1.8583172
-125.7864 -90.834391 -36.709177 1.988771
-128.05809 -91.692512 -36.934634 2.1258587
-130.30146 -92.47258 -37.115357 2.2698453
-132.51149 -93.16795 -37.24783 2.4209912
-134.68299 -93.771797 -37.328453 2.5795442
-136.81091 -94.277284 -37.353595 2.7457305
-138.73793 -94.451026 -37.239011 2.919748
-140.52021 -94.378758 -37.014365 3.1017596
-142.21722 -94.150682 -36.710831 3.2918865
-143.82137 -93.756894 -36.32399 3.4901971
-145.32511 -93.187503 -35.849525 3.6967041
-146.71999 -92.431403 -35.282672 3.9114254
-147.996 -91.475434 -34.617795 4.1344418
-149.14229 -90.305261 -33.84879 4.3658581
-150.14761 -88.90592 -32.969345 4.6057676
-151.00024 -87.261716 -31.972944 4.85423
-151.68755 -85.355901 -30.852828 5.1112473
-152.43232 -83.513788 -29.722174 5.376754
-153.20511 -81.692041 -28.564668 5.6506187
-153.81908 -79.619712 -27.284726 5.9326443
-154.26244 -77.280884 -25.876407 6.2225694
-154.52189 -74.657794 -24.333284 6.5201031
-154.58246 -71.730438 -22.648203 6.8249698
-154.42799 -68.47703 -20.813445 7.1369095
-154.04122 -64.874147 -18.820842 7.4556511
-153.40266 -60.895831 -16.661599 7.7808781
-153.5949 -58.084711 -14.868761 8.1122119
-153.77323 -55.232076 -13.023532 8.4492307
-153.77802 -52.110222 -11.047451 8.7915063
-153.59247 -48.696064 -8.9330189 9.1386243
-153.19824 -44.964555 -6.6723286 9.4901546
-152.57611 -40.88935 -4.257287 9.8456509
-151.70489 -36.441458 -1.6790756 10.20469
-150.96613 -32.156855 0.87803707 10.566876
-151.32781 -29.386381 2.9531768 10.931854
-151.55277 -26.392306 5.1399106 11.299371
-151.62096 -23.146433 7.4472611 11.669319
-151.51104 -19.619454 9.8842429 12.04159
-151.20196 -15.782628 12.459161 12.416002
-150.67018 -11.604202 15.181205 12.792448
-150.81132 -8.3215906 17.63112 13.170978
-151.59967 -5.8928446 19.824055 13.55186
-152.26794 -3.2574056 22.11852 13.935652
-152.79212 -0.38338851 24.525204 14.323082
-153.14966 2.7584485 27.053391 14.714827
-153.31716 6.1977592 29.712326 15.111597
-153.73072 9.3369932 32.301887 15.514349
-154.35445 12.22485 34.839838 15.9244
-154.79235 15.397781 37.507277 16.343425
-155.01688 18.888159 40.316517 16.773215
-155.00271 22.72442 43.278289 17.215499
-154.6499 27.034484 46.436551 17.672079
-153.70292 32.153645 49.904439 18.144984
-152.39089 37.762511 53.578549 18.636478
-150.68086 43.894884 57.473191 19.148882
-148.54188 50.580996 61.601486 19.684377
-145.40636 58.566888 66.2124 20.244997
-141.00608 68.192841 71.420183 20.832631
-135.94497 78.635285 76.956365 21.448951
-130.18275 89.932281 82.836727 22.095351
-123.67959 102.12125 89.076766 22.772853
-115.47311 116.46037 96.090485 23.481875
-106.34099 131.89996 103.5353 24.222041
-96.236922 148.48486 111.42693 24.992309
-85.106199 166.27214 119.78475 25.791095
-73.636662 184.34467 128.31039 26.615956
-61.27263 203.42422 137.23753 27.463255
-47.795895 223.78716 146.65297 28.328407
-33.295295 245.3091 156.51252 29.206191
-20.996096 263.77668 165.4496 30.090595
-7.7113364 283.36064 174.80981 30.974756
6.6495819 304.17931 184.62378 31.851246
19.053775 322.29819 193.6164 32.712353
29.59886 337.86936 201.83284 33.550296
40.940939 354.35702 210.38053 34.357368
51.583392 369.83963 218.63274 35.126075
57.514895 379.16544 224.93205 35.849658
63.890225 389.02282 231.41602 36.522408
70.130793 398.68429 237.84214 37.139691
71.333257 401.8718 242.19985 37.698578
72.744044 405.35868 246.64794 38.19835
73.885782 408.54541 250.98877 38.640156
72.208088 408.18095 254.18453 39.027356
70.747407 408.16105 257.47326 39.365962
69.502356 408.47977 260.85077 39.663996
68.472224 409.12524 264.31255 39.931418
67.953824 410.45702 267.97391 40.180078
69.930015 414.96687 272.62366 40.422821
73.620588 421.62298 277.9364 40.672957
79.031316 430.38978 283.90317 40.943653
88.786693 444.54128 291.5564 41.246844
100.06884 460.45919 299.75662 41.592377
114.81415 480.54394 309.25864 41.98712
131.89531 503.32825 319.59859 42.433973
150.2631 527.45775 330.34832 42.931431
169.83938 552.81489 341.46697 43.473381
189.88701 578.46661 352.65719 44.049219
207.70671 601.03589 362.85809 44.6444
225.88978 623.80074 373.08878 45.241237
238.24085 639.04131 380.93492 45.82013
250.84327 654.42746 388.78481 46.361034
255.77914 660.12032 393.56999 46.845164
260.43964 665.41709 398.18313 47.256717
258.63669 662.65405 400.23996 47.584494
256.19306 659.13839 402.01171 47.823286
250.69141 651.88937 402.57376 47.974672
245.60243 645.23466 403.26973 48.04728
241.04616 639.30954 404.14201 48.056149
239.48587 637.13548 406.12559 48.02131
240.23613 637.8086 408.93975 47.965856
246.64946 645.41491 413.8437 47.913309
256.085 656.61516 419.80127 47.884548
269.77976 672.8762 427.25818 47.894833
285.53864 691.43822 435.35602 47.95172
302.94218 711.75878 443.92033 48.053804
318.68086 729.75897 451.69055 48.190627
331.98112 744.51602 458.38104 48.344539
343.0123 756.28985 464.07077 48.493225
348.02363 760.53709 467.36486 48.611948
347.92989 758.45761 468.63464 48.677486
344.83167 752.69278 468.69771 48.673608
339.4541 744.17331 467.84758 48.59418
333.40338 734.88341 466.69652 48.44327
329.28077 727.99425 466.21657 48.234333
328.10876 724.71573 466.77708 47.987962
330.84564 726.16227 468.7147 47.727829
337.77407 732.61803 472.10938 47.475872
347.284 742.06698 476.33762 47.247545
357.89931 752.68112 480.83396 47.048451
367.59395 761.99117 484.84115 46.873614
374.62436 767.90128 487.72034 46.709219
378.17384 769.4661 489.18587 46.53614
377.79047 766.19304 489.09129 46.334397
373.7243 758.43677 487.55052 46.088351
368.83962 749.70688 485.63821 45.791771
364.55938 741.73103 483.88624 45.449769
362.73325 736.72905 482.97072 45.076496
364.06722 735.51716 483.13702 44.690248
367.83071 737.17016 484.09928 44.307517
372.90599 740.30916 485.43315 43.937869
377.33238 742.55814 486.41396 43.581368
379.57122 742.07573 486.48278 43.229394
379.17111 738.34969 485.48762 42.868805
376.55992 731.93083 483.60078 42.487467
372.80894 724.1352 481.22607 42.078783
369.4563 716.82392 478.93041 41.643885
367.5305 711.22542 477.08719 41.190677
367.24582 707.57752 475.76807 40.730085
368.24438 705.43151 474.83524 40.271127
368.80875 702.7124 473.66082 39.817189
368.74004 699.18937 472.17425 39.365448
366.76965 693.35229 469.92183 38.909134
363.81466 686.32295 467.24415 38.441494
360.33079 678.65932 464.31352 37.959612
357.48517 671.76423 461.55562 37.465693
355.30432 665.66138 458.98016 36.96546
354.2082 660.8472 456.736 36.464601
352.24624 654.97678 454.11834 35.965597
350.70691 649.60208 451.59286 35.467195
347.19341 641.85547 448.3006 34.966021
344.44081 635.02647 445.23064 34.459285
340.49281 626.77276 441.68399 33.946668
337.82522 620.06221 438.55311 33.430295
334.71161 612.8238 435.21931 32.913129
332.03496 606.11539 431.99954 32.396813
328.72504 598.65787 428.51121 31.881106
325.31796 591.09699 424.94851 31.364871
321.62195 583.20643 421.24539 30.84748
318.07517 575.51177 417.56116 30.32952
314.51457 567.81781 413.83975 29.812436
311.27855 560.52863 410.20314 29.297488
307.48325 552.58866 406.33694 28.784974
304.15929 545.23121 402.61057 28.274482
299.85057 536.71955 398.50785 27.765657
296.59735 529.49173 394.75911 27.258765
292.18246 520.90284 390.57679 26.754236
288.72099 513.4789 386.71624 26.25231
284.38296 505.03825 382.52781 25.753096
280.51902 497.19353 378.49366 25.256683
276.43196 489.11415 374.3676 24.763497
272.38708 481.11738 370.24484 24.273945
268.31607 473.12251 366.10259 23.788316
264.29741 465.22315 361.96999 23.306987
260.26783 457.34406 357.82556 22.830267
256.25754 449.52205 353.68126 22.358243
252.02216 441.46703 349.45268 21.89099
248.25105 433.99986 345.38549 21.42875
243.85471 425.82453 341.09526 20.971619
240.14056 418.49735 337.04671 20.519689
235.77188 410.42895 332.76857 20.073033
231.91671 403.00973 328.67564 19.631615
227.66231 395.15548 324.44663 19.195405
223.58064 387.5471 320.28496 18.764469
219.62754 380.132 316.17573 18.339125
215.48861 372.53657 312.00823 17.919571
211.59784 365.27651 307.93664 17.505916
207.59374 357.92234 303.83408 17.098285
203.62685 350.65289 299.75468 16.696742
199.85439 343.65471 295.75477 16.301387
195.78838 336.34856 291.66347 15.912227
192.1818 329.62849 287.74717 15.529252
188.08213 322.36432 283.67133 15.15239
184.50348 315.75944 279.79416 14.781707
180.67344 308.89699 275.84448 14.417346
176.94124 302.19175 271.9463 14.059182
173.28073 295.6134 268.09137 13.707041
169.42499 288.84567 264.1863 13.360895
166.04426 282.68261 260.46664 13.020957
162.27313 276.09737 256.62829 12.68738
158.96056 270.09601 252.97043 12.36015
155.33833 263.76806 249.22412 12.039133
151.89152 257.68884 245.56063 11.724168
148.55359 251.77926 241.95684 11.415276
145.04139 245.70377 238.3133 11.112405
141.85732 240.05715 234.80628 10.81557
138.51151 234.25837 231.26353 10.524826
135.32024 228.68114 227.79632 10.240229
132.33894 223.3901 224.42478 9.9618437
128.97306 217.68157 220.94192 9.6894031
126.14984 212.65398 217.67359 9.4226207
122.74283 206.97366 214.22495 9.1614637
120.18789 202.3392 211.09867 8.9060833
116.87951 196.84983 207.73292 8.6564314
114.27304 192.22804 204.6383 8.4123199
111.21385 187.10756 201.41084 8.1736272
108.44399 182.36662 198.30992 7.9401923
105.69247 177.68391 195.23968 7.7120757
102.95838 173.05749 192.19881 7.489315
100.32913 168.58992 189.2175 7.2718948
97.793204 164.26675 186.2914 7.0597754
95.10345 159.7948 183.33429 6.8529209
92.958506 155.99925 180.59131 6.6513352
90.061405 151.3466 177.61069 6.4547479
88.132139 147.87078 174.99444 6.2629522
85.221319 143.2669 172.06133 6.0758514
83.406273 139.99043 169.53738 5.8934095
80.66123 135.64663 166.71513 5.7154962
78.67431 132.23125 164.18376 5.5419176
76.292263 128.38052 161.539 5.3727265
74.206846 124.91138 159.02132 5.2078957
72.060836 121.40093 156.50515 5.047408
70.034304 118.0612 154.05277 4.8912243
67.94381 114.67479 151.59983 4.739278
66.133912 111.64813 149.26633 4.5914988
63.930668 108.18425 146.81706 4.4478271
62.517565 105.6804 144.66601 4.3082516
60.075204 101.98732 142.18025 4.1725477
58.922807 99.844527 140.17027 4.0406082
56.464613 96.18647 137.73205 3.9122074
55.177774 93.939749 135.72865 3.787123
53.067935 90.748395 133.46243 3.6654143
51.598897 88.340801 131.44223 3.5470407
49.813863 85.586291 129.33299 3.4320274
48.278488 83.152222 127.33128 3.3203426
46.645473 80.628001 125.31559 3.2119247
45.185317 78.332561 123.37991 3.1067096
43.545932 75.849769 121.40122 3.0046254
42.308387 73.865226 119.58188 2.9056028
40.509244 71.240966 117.58599 2.8095895
39.666446 69.768163 115.94437 2.716604
37.62016 66.897698 113.90765 2.626394
36.906569 65.623908 112.3601 2.5388143
34.947227 62.903725 110.40408 2.4537308
34.009132 61.413744 108.82652 2.3709834
32.446282 59.210393 107.05086 2.2906991
31.337137 57.566074 105.45198 2.2128722
30.001023 55.677175 103.79227 2.1374597
28.84492 54.023803 102.21317 2.0644129
27.588499 52.275014 100.61675 1.993672
26.516062 50.766215 99.101845 1.9251799
25.196672 48.988824 97.518167 1.8588776
24.343645 47.784469 96.114322 1.7947195
22.830831 45.824319 94.498519 1.7326445
22.303304 45.049227 93.246157 1.6726662
20.582432 42.889885 91.603024 1.6145365
20.012198 42.11318 90.382781 1.5581003
18.505963 40.257485 88.857544 1.5033875
17.706908 39.262164 87.597102 1.4503287
16.48171 37.790372 86.205269 1.3989554
15.519309 36.65546 84.921324 1.3492353
14.421797 35.388883 83.606803 1.3011116
13.401714 34.242494 82.335045 1.2545285
12.288229 33.016254 81.046977 1.2094113
11.307782 31.97914 79.820345 1.1656882
10.025409 30.62052 78.50471 1.1232617
9.1719717 29.80558 77.353848 1.082059
7.5761717 28.157863 75.965057 1.0418111
6.6420445 27.340144 74.82022 1.002294
4.7876564 25.496379 73.375838 0.96308627
3.3672816 24.238208 72.084724 0.92368158
1.1755122 22.169013 70.556528 0.88276452
-1.3969735 19.789691 68.871827 0.83882483
-1.5380309 20.541461 68.434118 0.78300445
-22.354739 -2.2870722 58.920953 0.6371678
-144.84218 -144.70726 3.2848758 0.47261279
