-29.708038 -18.543722 -6.4906128 0.01219916
-29.594831 -18.527562 -6.6421764 0.013261449
-30.490302 -19.12481 -6.8997693 0.014432453
-31.814902 -20.004039 -7.2097908 0.015724186
-33.062019 -20.840237 -7.5202925 0.017149973
-34.36155 -21.714481 -7.8446442 0.018724598
-35.704384 -22.621813 -8.1823707 0.020464474
-37.098159 -23.567273 -8.5346129 0.022387833
-38.542766 -24.551352 -8.9017893 0.024514941
-40.041146 -25.576338 -9.2846147 0.026868334
-41.594606 -26.643616 -9.683666 0.029473092
-43.205391 -27.755129 -10.099617 0.032357139
-44.875229 -28.912567 -10.533104 0.035551588
-46.606235 -30.117867 -10.98481 0.039091122
-48.400326 -31.372894 -11.455407 0.043014435
-50.259615 -32.679649 -11.945588 0.047364747
-52.186131 -34.040124 -12.456045 0.052190347
-54.18201 -35.456404 -12.987478 0.057545094
-56.249347 -36.930581 -13.540584 0.063488805
-58.390291 -38.46481 -14.116057 0.070087646
-60.606958 -40.061258 -14.714584 0.077414842
-62.90148 -41.722129 -15.336837 0.085551979
-65.275944 -43.44963 -15.983465 0.094590868
-67.732428 -45.245976 -16.655081 0.10463561
-70.272945 -47.113362 -17.352255 0.11580444
-72.899488 -49.053971 -18.075499 0.12823136
-75.613908 -51.069934 -18.825254 0.14206771
-78.416846 -53.162467 -19.601732 0.15748402
-81.267479 -55.270414 -20.385127 0.17467217
-83.833184 -56.910457 -21.021889 0.19384788
-86.454652 -58.575722 -21.667552 0.21525354
-89.12444 -60.260184 -22.320072 0.23916138
-91.838312 -61.95919 -22.977392 0.26587711
-94.593072 -63.668431 -23.637266 0.2957441
-97.384295 -65.382488 -24.296989 0.32914847
-100.20663 -67.09484 -24.953304 0.36653591
-103.05361 -68.797703 -25.602323 0.40841658
-105.93341 -70.500126 -26.247262 0.45439717
-108.86394 -72.222471 -26.896324 0.50348563
-111.84688 -73.966331 -27.549811 0.5557269
-114.88124 -75.730263 -28.206687 0.61133911
-117.96647 -77.51338 -28.866112 0.67051632
-121.10205 -79.314843 -29.527219 0.73345768
-124.28747 -81.133877 -30.189119 0.80036804
-127.52226 -82.969815 -30.850909 0.87145816
-130.80585 -84.821998 -31.511665 0.94694379
-134.13845 -86.690203 -32.170503 1.0270435
-137.25487 -88.208484 -32.713546 1.1119758
-140.08187 -89.279078 -33.11025 1.2019556
-142.89527 -90.283961 -33.478004 1.2971899
-145.68904 -91.216943 -33.814281 1.3978726
-148.4588 -92.072812 -34.116748 1.5041786
-151.2007 -92.846883 -34.383252 1.6162538
-153.91075 -93.534415 -34.611641 1.7342321
-156.58349 -94.129065 -34.799101 1.8583172
-159.21225 -94.623119 -34.942228 1.988771
-161.79006 -95.008578 -35.037479 2.1258587
-164.30976 -95.277247 -35.081202 2.2698453
-166.76403 -95.420741 -35.069641 2.4209912
-169.14537 -95.430497 -34.998967 2.5795442
-171.44652 -95.29799 -34.86533 2.7457305
-173.4562 -94.746968 -34.58428 2.919748
-175.24829 -93.87808 -34.185304 3.1017596
-176.90177 -92.797553 -33.699421 3.2918865
-178.40595 -91.493441 -33.122095 3.4901971
-179.75038 -89.953896 -32.448927 3.6967041
-180.9232 -88.165593 -31.675068 3.9114254
-181.91026 -86.112635 -30.794758 4.1344418
-182.69614 -83.777693 -29.801751 4.3658581
-183.26495 -81.142713 -28.689596 4.6057676
-183.60015 -78.188785 -27.451646 4.85423
-183.68391 -74.895768 -26.081044 5.1112473
-183.82046 -71.650306 -24.6909 5.376754
-183.97073 -68.401354 -23.264873 5.6506187
-183.87926 -64.826848 -21.70739 5.9326443
-183.52966 -60.907849 -20.012561 6.2225694
-182.90325 -56.62316 -18.174032 6.5201031
-181.97887 -51.948804 -16.184706 6.8249698
-180.73361 -46.858585 -14.03691 7.1369095
-179.14299 -41.324271 -11.72251 7.4556511
-177.17916 -35.314493 -9.2327596 7.7808781
-176.34749 -30.672736 -7.1007711 8.1122119
-175.47784 -25.956027 -4.9078404 8.4492307
-174.34813 -20.891954 -2.5755962 8.7915063
-172.93428 -15.45237 -0.096629127 9.1386243
-171.20983 -9.6067042 2.5368634 9.4901546
-169.14717 -3.3227766 5.3328587 9.8456509
-166.71566 3.4349482 8.300087 10.20469
-164.4517 10.024232 11.254226 10.566876
-163.72276 14.823053 13.734379 10.931854
-162.7881 19.916953 16.334154 11.299371
-161.61813 25.341266 19.062682 11.669319
-160.18139 31.132627 21.929052 12.04159
-158.44708 37.32684 24.941573 12.416002
-156.38056 43.96351 28.109467 12.792448
-155.25706 49.55329 31.0136 13.170978
-155.04425 54.14618 33.669343 13.55186
-154.64847 59.021312 36.435565 13.935652
-154.03376 64.219009 39.323347 14.323082
-153.16673 69.775984 42.342256 14.714827
-152.01276 75.729265 45.501776 15.111597
-151.19823 81.357736 48.602109 15.514349
-150.6727 86.72051 51.66148 15.9244
-149.86542 92.467078 54.861572 16.343425
-148.73552 98.637358 58.215245 16.773215
-147.24581 105.2658 61.733621 17.215499
-145.251 112.50702 65.460996 17.672079
-142.37912 120.76713 69.510877 18.144984
-138.96119 129.65818 73.780277 18.636478
-134.94917 139.21953 78.283867 19.148882
-130.29838 149.48537 83.034966 19.684377
-124.18067 161.3592 88.282575 20.244997
-116.20173 175.25223 94.140861 20.832631
-107.24318 190.15969 100.34112 21.448951
-97.247337 206.12302 106.89878 22.095351
-86.1574 223.18233 113.8288 22.772853
-72.5603 242.8647 121.54444 23.481875
-57.598269 263.88612 129.70202 24.222041
-41.204868 286.29485 138.31597 24.992309
-23.30105 310.15436 147.4043 25.791095
-4.9053015 334.33887 156.66713 26.615956
14.799262 359.72259 166.33622 27.463255
36.134099 386.63779 176.49631 28.328407
58.967239 414.92849 187.10113 29.206191
78.508205 439.43791 196.78202 30.090595
99.480511 465.26151 206.88236 30.974756
122.02108 492.54409 217.43061 31.851246
141.61283 516.4681 227.14965 32.712353
158.39146 537.2176 236.08297 33.550296
176.31701 559.03953 245.33645 34.357368
193.15744 579.58376 254.28201 35.126075
202.90806 592.53443 261.26132 35.849658
213.27697 606.10134 268.41146 36.522408
223.40437 619.40137 275.48959 37.139691
225.93328 624.73113 280.48537 37.698578
228.73516 630.4168 285.55832 38.19835
231.10011 635.73123 290.51167 38.640156
229.1926 636.68314 294.30881 39.027356
227.58483 638.06836 298.18932 39.365962
226.28043 639.8839 302.15052 39.663996
225.28224 642.11637 306.18936 39.931418
225.0412 645.20683 310.42266 40.180078
228.55851 652.22096 315.64034 40.422821
234.65884 661.88092 321.51776 40.672957
243.35172 674.1325 328.04632 40.943653
258.61714 693.00203 336.25827 41.246844
276.18282 714.0125 345.01335 41.592377
298.98571 740.11136 355.06502 41.98712
325.31202 769.47324 365.94742 42.433973
353.56174 800.41184 377.22993 42.931431
383.61053 832.77074 388.86888 43.473381
414.33143 865.38975 400.56395 44.049219
441.60348 894.08987 411.25139 44.6444
469.37486 922.92668 421.94771 45.241237
488.18353 942.35551 430.2364 45.82013
507.31886 961.87805 438.50421 46.361034
514.67601 969.32892 443.68184 46.845164
521.5604 976.236 448.66189 47.256717
518.50297 973.12405 451.06072 47.584494
514.42552 969.06159 453.15082 47.823286
505.62935 960.36753 454.00928 47.974672
497.44343 952.4146 454.98172 48.04728
490.05888 945.37293 456.11249 48.056149
487.26508 942.98643 458.33831 48.02131
488.01267 944.12302 461.37976 47.965856
497.46033 953.83907 466.49677 47.913309
511.54538 967.97098 472.65325 47.884548
532.16939 988.32096 480.29418 47.894833
555.9467 1011.4443 488.55986 47.95172
582.22569 1036.6555 497.27419 48.053804
605.89634 1058.8799 505.17466 48.190627
625.75943 1076.9726 511.97394 48.344539
642.0749 1091.2677 517.74994 48.493225
649.04646 1096.1302 521.1069 48.611948
648.08708 1093.0706 522.41554 48.677486
642.45067 1085.3955 522.49374 48.673608
633.26644 1074.2795 521.63613 48.59418
623.02646 1062.2011 520.45629 48.44327
615.76526 1053.1096 519.92763 48.234333
613.07178 1048.5048 520.42084 47.987962
616.4334 1049.7616 522.27367 47.727829
626.28824 1057.218 525.56689 47.475872
640.13512 1068.3463 529.67735 47.247545
655.67817 1080.8571 534.03948 47.048451
669.76702 1091.6686 537.89563 46.873614
679.69006 1098.1723 540.6064 46.709219
684.17718 1099.2003 541.88562 46.53614
682.52679 1094.1535 541.58637 46.334397
675.13067 1083.4889 539.82219 46.088351
666.45172 1071.5973 537.66786 45.791771
658.71076 1060.6394 535.65604 45.449769
654.79191 1053.3822 534.46398 45.076496
655.79635 1050.8359 534.33839 44.690248
660.58408 1051.834 534.99465 44.307517
667.40976 1054.6461 536.00935 43.937869
673.21254 1056.3012 536.65829 43.581368
675.59005 1054.5026 536.3825 43.229394
673.83826 1048.6188 535.02963 42.868805
668.62759 1039.3482 532.7716 42.487467
661.63426 1028.3437 530.01203 42.078783
655.26433 1017.935 527.31815 41.643885
651.12706 1009.6565 525.06416 41.190677
649.55778 1003.8007 523.32299 40.730085
649.99605 999.80175 521.95808 40.271127
649.754 995.06172 520.34247 39.817189
648.51985 989.29359 518.40596 39.365448
644.30843 980.61241 515.69473 38.909134
638.55685 970.42742 512.54906 38.441494
631.98069 959.44089 509.14125 37.959612
626.40973 949.40987 505.89749 37.465693
621.88615 940.36273 502.82845 36.96546
619.06809 932.9191 500.08411 36.464601
614.89698 924.14178 496.96041 35.965597
611.39342 915.97575 493.92338 35.467195
604.79847 904.83184 490.11403 34.966021
599.40407 894.83356 486.52146 34.459285
592.1413 883.04829 482.44702 33.946668
586.89671 873.19523 478.78386 33.430295
580.96022 862.67914 474.91418 32.913129
575.71816 852.82585 471.15554 32.396813
569.48981 842.03302 467.12569 31.881106
563.1176 831.11139 463.01892 31.364871
556.30076 819.77854 458.76939 30.84748
549.72826 808.69427 454.53684 30.32952
543.14407 797.61418 450.26572 29.812436
537.08037 787.04515 446.07855 29.297488
530.14734 775.66378 441.66117 28.784974
523.96622 765.01772 437.38324 28.274482
516.24671 752.92959 432.72884 27.765657
510.1993 742.45867 428.4287 27.258765
502.3351 730.28767 423.69572 26.754236
495.98326 719.58658 419.28563 26.25231
488.26323 707.61873 414.5491 25.753096
481.30156 696.40834 409.96856 25.256683
474.00059 684.91363 405.29814 24.763497
466.77808 673.53319 400.63336 24.273945
459.52654 662.16612 395.9517 23.788316
452.36963 650.93016 391.28251 23.306987
445.2077 639.7311 386.60453 22.830267
438.0884 628.61555 381.92992 22.358243
430.62661 617.21975 377.17451 21.89099
423.90908 606.57465 372.58418 21.42875
416.21816 595.05326 367.7747 20.971619
409.61539 584.61024 363.211 20.519689
401.99285 573.2501 358.422 20.073033
395.19276 562.71945 353.82274 19.631615
387.77541 551.65711 349.09211 19.195405
380.64302 540.91861 344.43373 18.764469
373.72592 530.43803 339.83286 18.339125
366.52786 519.74611 335.17893 17.919571
359.73365 509.49079 330.62621 17.505916
352.77273 499.13261 326.04794 17.098285
345.88259 488.89633 321.49835 16.696742
339.3114 479.01641 317.03387 16.301387
332.28865 468.76514 312.4837 15.912227
326.00321 459.2661 308.11433 15.529252
318.95087 449.09925 303.59131 15.15239
312.73308 439.77694 299.27294 14.781707
306.12979 430.14686 294.88809 14.417346
299.69256 420.73048 290.56086 14.059182
293.38004 411.48996 286.2831 13.707041
286.77035 402.02788 281.96145 13.360895
280.92233 393.34214 277.83152 13.020957
274.46836 384.14174 273.5892 12.68738
268.74991 375.69128 269.5337 12.36015
262.55281 366.8463 265.39608 12.039133
256.64362 358.33015 261.34768 11.724168
250.91705 350.04341 257.36537 11.415276
244.92532 341.5641 253.34975 11.112405
239.46254 333.63993 249.47705 10.81557
233.75404 325.5401 245.575 10.524826
228.29973 317.73423 241.75479 10.240229
223.18714 310.30334 238.03655 9.9618437
217.47601 302.36262 234.21327 9.6894031
212.63262 295.29362 230.61081 9.4226207
206.87532 287.419 226.83433 9.1614637
202.47489 280.87466 223.38647 8.9060833
196.89174 273.26985 219.70532 8.6564314
192.42787 266.77099 216.3015 8.4123199
187.25663 259.65963 212.771 8.1736272
182.55181 253.04041 209.3732 7.9401923
177.88449 246.5089 206.01217 7.7120757
173.25302 240.06232 202.68654 7.489315
168.79554 233.82935 199.42638 7.2718948
164.49371 227.79157 196.22727 7.0597754
159.95624 221.5798 193.00287 6.8529209
156.28864 216.23183 189.99825 6.6513352
151.43826 209.81848 186.76159 6.4547479
148.1272 204.89858 183.89487 6.2629522
143.26993 198.57229 180.71685 6.0758514
140.15438 193.92866 177.95346 5.8934095
135.57386 187.95475 174.89723 5.7154962
132.20046 183.16151 172.13729 5.5419176
128.20841 177.83277 169.2693 5.3727265
124.69264 172.99613 166.53364 5.2078957
121.08747 168.11916 163.80463 5.047408
117.67785 163.46837 161.14445 4.8912243
114.17321 158.7699 158.48863 4.739278
111.119 154.53491 155.95708 4.5914988
107.44794 149.76023 153.31448 4.4478271
105.03398 146.20377 150.97471 4.3082516
100.99599 141.16093 148.30478 4.1725477
99.006573 138.07903 146.11513 4.0406082
94.954962 133.10039 143.50175 3.9122074
92.764099 129.9081 141.32768 3.787123
89.275312 125.53698 138.89522 3.6654143
86.806809 122.16195 136.71311 3.5470407
83.84306 118.35971 134.44619 3.4320274
81.279879 114.96986 132.29091 3.3203426
78.567072 111.47538 130.12566 3.2119247
76.133017 108.27744 128.04433 3.1067096
73.419902 104.85207 125.92381 3.0046254
71.348114 102.06193 123.96638 2.9056028
68.391357 98.474488 121.836 2.8095895
66.95423 96.343858 120.06342 2.716604
63.615153 92.461684 117.89921 2.626394
62.391984 90.596869 116.22766 2.5388143
59.199761 86.919229 114.1511 2.4537308
57.630015 84.797824 112.45646 2.3709834
55.074806 81.785884 110.56707 2.2906991
53.242729 79.484721 108.8577 2.2128722
51.055266 76.882589 107.09064 2.1374597
49.157193 74.583621 105.40726 2.0644129
47.10429 72.171067 103.70955 1.993672
45.346995 70.066961 102.09627 1.9251799
43.202425 67.630941 100.41705 1.8588776
41.800852 65.922279 98.920428 1.7947195
39.357744 63.268079 97.214542 1.7326445
38.47992 62.111321 95.874721 1.6726662
35.715061 59.217936 94.146781 1.6145365
34.777633 58.071188 92.844418 1.5581003
32.360891 55.572152 91.239714 1.5033875
31.068813 54.162217 89.902437 1.4503287
29.105329 52.158334 88.436348 1.3989554
27.562244 50.584368 87.080695 1.3492353
25.808964 48.850525 85.697008 1.3011116
24.182341 47.27396 84.358641 1.2545285
22.411664 45.603049 83.006566 1.2094113
20.855849 44.176708 81.718608 1.1656882
18.825587 42.352546 80.34446 1.1232617
17.479305 41.220394 79.138095 1.082059
14.96075 39.048608 77.697182 1.0418111
13.495405 37.932138 76.504124 1.002294
10.576283 35.53687 75.016248 0.96308627
8.3502181 33.895517 73.687605 0.92368158
4.9076308 31.256891 72.130136 0.88276452
0.86873449 28.26272 70.428223 0.83882483
0.69810966 29.284255 69.997729 0.78300445
-32.213211 0.84751718 60.552933 0.6371678
-226.3198 -178.11618 4.992724 0.47261279
