2.000000000000000164e-05 8.785772967469226424e-01
2.066869842267550072e-05 8.785771646192730433e-01
2.135975472437544027e-05 8.785807941327631321e-01
2.207391643902171255e-05 8.785770622575113098e-01
2.281195609427394449e-05 8.785738098434427990e-01
2.357467204719313169e-05 8.785773124648331711e-01
2.436288934784564352e-05 8.785751452792043281e-01
2.517746063178175121e-05 8.785770684176497092e-01
2.601926704235410016e-05 8.785723531415746690e-01
2.688921918387384303e-05 8.785767946494434932e-01
2.778825810663545582e-05 8.785853047770711965e-01
2.871735632487579741e-05 8.785749694651725505e-01
2.967751886876853870e-05 8.785826004828602986e-01
3.066978437159193627e-05 8.785733647348713538e-01
3.169522619324599853e-05 8.785767942336015768e-01
3.275495358133433647e-05 8.785740683421762176e-01
3.385011287106671010e-05 8.785766591112837975e-01
3.498188872528021299e-05 8.785768195304336503e-01
3.615150541592045298e-05 8.785767003799652697e-01
3.736022814836899319e-05 8.785757045002285937e-01
3.860936443004954884e-05 8.785745209598501138e-01
3.990026548479344494e-05 8.785767953376871775e-01
4.123432771449419843e-05 8.785788468323110223e-01
4.261299420963254024e-05 8.785732878637344534e-01
4.403775631030562105e-05 8.785743199323892139e-01
4.551015521944909301e-05 8.785763571798259619e-01
4.703178366999723984e-05 8.785722325416829293e-01
4.860428764778435972e-05 8.785751895381986865e-01
5.022936817205134787e-05 8.785736932326309034e-01
5.190878313548323190e-05 8.785772330832674060e-01
5.364434920576834987e-05 8.785720753761173674e-01
5.543794379073590958e-05 8.785813624609938310e-01
5.729150706919781900e-05 8.785714660894496930e-01
5.920704408969155763e-05 8.785708609955189541e-01
6.118662693939432690e-05 8.785709808914379249e-01
6.323239698555469304e-05 8.785707032005890538e-01
6.534656719186627638e-05 8.785734227110736372e-01
6.753142451228926792e-05 8.785731762350794671e-01
6.978933236490913268e-05 8.785728493706689290e-01
7.212273318850868345e-05 8.785703859161624329e-01
7.453415108461877573e-05 8.785717772875442089e-01
7.702619454790587906e-05 8.785729393521207742e-01
7.960155928784993205e-05 8.785694841981748215e-01
8.226303114476471348e-05 8.785677011674746240e-01
8.501348910331518868e-05 8.785677605568595894e-01
8.785590840679157983e-05 8.785677287826313409e-01
9.079336377550881697e-05 8.785672002884961085e-01
9.382903273281309529e-05 8.785669371712286901e-01
9.696619904229312483e-05 8.785637862454018787e-01
1.002082562599141270e-04 8.785642047625300544e-01
1.035587114049174785e-04 8.785631862467703224e-01
1.070211887534562421e-04 8.785608323849570800e-01
1.105994337590709140e-04 8.785631808299489975e-01
1.142973171042456330e-04 8.785587908445062766e-01
1.181188388874281471e-04 8.785632007136859878e-01
1.220681329500424115e-04 8.785616422732017705e-01
1.261494713481742377e-04 8.785554522125582633e-01
1.303672689737678670e-04 8.785528015682304570e-01
1.347260883303314362e-04 8.785582123242499097e-01
1.392306444683180742e-04 8.785531769354353315e-01
1.438858100855209437e-04 8.785460986197264344e-01
1.486966207979997041e-04 8.785513862519208628e-01
1.536682805872396744e-04 8.785477994519141909e-01
1.588061674294368483e-04 8.785432293198160991e-01
1.641158391129971276e-04 8.785439130363645877e-01
1.696030392505434848e-04 8.785422410328569409e-01
1.752737034919339915e-04 8.785382936874679416e-01
1.811339659450114388e-04 8.785351623273272015e-01
1.871901658110307874e-04 8.785374244362210705e-01
1.934488542419408646e-04 8.785276137110102912e-01
1.999168014269393128e-04 8.785274197760978288e-01
2.066010039159656652e-04 8.785253269790574970e-01
2.135086921880547338e-04 8.785224079854696555e-01
2.206473384727377968e-04 8.785125754420681776e-01
2.280246648329511538e-04 8.785100569419970196e-01
2.356486515181963309e-04 8.785069810375746302e-01
2.435275455969876748e-04 8.785031053955471014e-01
2.516698698779247295e-04 8.784967304588713333e-01
2.600844321290405573e-04 8.784881177735528457e-01
2.687803346053976817e-04 8.784896321579144240e-01
2.777669838952388651e-04 8.784810169918157996e-01
2.870541010953427292e-04 8.784762325911232850e-01
2.966517323265922064e-04 8.784694930689365133e-01
3.065702596011295341e-04 8.784612579834309987e-01
3.168204120528543403e-04 8.784598136588593897e-01
3.274132775434116785e-04 8.784441252471297812e-01
3.383603146562264279e-04 8.784379299772382410e-01
3.496733650915567022e-04 8.784300001839729921e-01
3.613646664759745386e-04 8.784269849335208935e-01
3.734468656001317080e-04 8.784116387156245542e-01
3.859330320991275886e-04 8.784066476240866006e-01
3.988366725902805230e-04 8.783961568258099595e-01
4.121717452835938129e-04 8.783827554725411879e-01
4.259526750807212541e-04 8.783734579063572356e-01
4.401943691787655547e-04 8.783541995384738232e-01
4.549122331957894719e-04 8.783488612776230164e-01
4.701221878354804149e-04 8.783331527117959059e-01
4.858406861089974399e-04 8.783221032185636323e-01
5.020847311326308640e-04 8.783095771583713240e-01
5.188718945205230424e-04 8.782906897766711296e-01
5.362203353923492141e-04 8.782775635308054385e-01
5.541488200165187389e-04 8.782624807710581738e-01
5.726767421101455150e-04 8.782499580773247549e-01
5.918241438177454907e-04 8.782322480439733736e-01
6.116117373913557359e-04 8.782146256393712491e-01
6.320609275955268004e-04 8.781967585652438180e-01
6.531938348614238542e-04 8.781754978212272800e-01
6.750333192150836329e-04 8.781607837272014105e-01
6.976030050057104547e-04 8.781464455426944982e-01
7.209273064607610694e-04 8.781246827751014727e-01
7.450314540954613768e-04 8.781064756417006345e-01
7.699415220053250396e-04 8.780931065476067499e-01
7.956844560711916160e-04 8.780690764230497658e-01
8.222881031073025473e-04 8.780536387355650785e-01
8.497812409839368810e-04 8.780298658465733874e-01
8.781936097571961097e-04 8.780193252972539053e-01
9.075559438396131216e-04 8.780006464855099058e-01
9.379000052463793693e-04 8.779888372474771163e-01
9.692586179531593148e-04 8.779670519393435457e-01
1.001665703402655023e-03 8.779520814358378056e-01
1.035156317198330069e-03 8.779341894472384444e-01
1.069766687024985286e-03 8.779207948702338893e-01
1.105534251837205851e-03 8.779111513631779884e-01
1.142497702358069404e-03 8.778929226138189046e-01
1.180697022931930960e-03 8.778804741115056043e-01
1.220173534776542454e-03 8.778692199733505452e-01
1.260969940681316284e-03 8.778604527539488611e-01
1.303130371200056587e-03 8.778493312780344393e-01
1.346700432388157767e-03 8.778401088159524246e-01
1.391727255135877424e-03 8.778292655830636226e-01
1.438259546151070007e-03 8.778194505319797392e-01
1.486347640646530459e-03 8.778062307230843908e-01
1.536043556788919398e-03 8.777974754388570000e-01
1.587401051968200579e-03 8.777976097049642323e-01
1.640475680948428249e-03 8.777860004345313660e-01
1.695324855962815390e-03 8.777731117474349976e-01
1.752007908818060174e-03 8.777665073799854056e-01
1.810586155075142928e-03 8.777610723801574366e-01
1.871122960375984270e-03 8.777517614260132994e-01
1.933683808987751848e-03 8.777401305492198436e-01
1.998336374638913938e-03 8.777360830213111198e-01
2.065150593723721201e-03 8.777181717032767061e-01
2.134198740954243185e-03 8.777146884899155177e-01
2.205555507541849362e-03 8.777071807409181359e-01
2.279298081992675151e-03 8.776977044780290838e-01
2.355506233604463730e-03 8.776887029005897567e-01
2.434262398755145627e-03 8.776826242654014454e-01
2.515651770076436904e-03 8.776722901800760868e-01
2.599762388608985089e-03 8.776623063673638647e-01
2.686685239038679764e-03 8.776511395652205616e-01
2.776514348117217236e-03 8.776414235239105022e-01
2.869346886373309435e-03 8.776328483356184984e-01
2.965283273224645581e-03 8.776224387325745058e-01
3.064427285604211931e-03 8.776074191827949456e-01
3.166886170218578649e-03 8.775994882726417812e-01
3.272770759559481216e-03 8.775835408492546064e-01
3.382195591794276077e-03 8.775772011047958676e-01
3.495279034664920681e-03 8.775630502239710751e-01
3.612143413529477973e-03 8.775496015656051307e-01
3.732915143684721951e-03 8.775391291219002410e-01
3.857724867112893516e-03 8.775198183760013482e-01
3.986707593800617976e-03 8.775011552328861875e-01
4.120002847782761740e-03 8.774855957087257519e-01
4.257754818069308354e-03 8.774707555510871115e-01
4.400112514618404608e-03 8.774524005119996861e-01
4.547229929524409554e-03 8.774315012946275472e-01
4.699266203595197679e-03 8.774156101376119343e-01
4.856385798499019031e-03 8.773951537814471680e-01
5.018758674667020935e-03 8.773746981160219782e-01
5.186560475143959549e-03 8.773491331483640465e-01
5.359972715585955248e-03 8.773323065359067696e-01
5.539182980610755057e-03 8.773018517545417838e-01
5.724385126713026593e-03 8.772736879119958919e-01
5.915779491964028892e-03 8.772488809231768769e-01
6.113573112722652143e-03 8.772184560569067369e-01
6.317979947592099882e-03 8.771913762680910720e-01
6.529221108864616957e-03 8.771546057272637809e-01
6.747525101704480652e-03 8.771216266660908367e-01
6.973128071328140755e-03 8.770901597538088845e-01
7.206274058448705437e-03 8.770520619962385300e-01
7.447215263261310406e-03 8.770138598944009489e-01
7.696212318254701257e-03 8.769766960544010947e-01
7.953534570144332738e-03 8.769364868275166813e-01
8.219460371231864307e-03 8.768896007615557542e-01
8.494277380506187053e-03 8.768422698085318601e-01
8.778282874811823774e-03 8.767976310043208432e-01
9.071784070421121463e-03 8.767502728801483958e-01
9.375098455358292851e-03 8.766894120210348973e-01
9.688554132834568261e-03 8.766344168956926586e-01
1.001249017616620725e-02 8.765817538789053565e-01
1.034725699555901803e-02 8.765259037208940063e-01
1.069321671715643858e-02 8.764599925720885087e-01
1.105074357476093505e-02 8.763975189963520984e-01
1.142022431465263173e-02 8.763270406179290983e-01
1.180205861394306721e-02 8.762576195027645953e-01
1.219665951291643881e-02 8.761801137467274403e-01
1.260445386182631328e-02 8.761074983090598733e-01
1.302588278263077520e-02 8.760349858628800890e-01
1.346140214616583890e-02 8.759510750027602599e-01
1.391148306527291781e-02 8.758676353957132177e-01
1.437661240441416924e-02 8.757772476159559893e-01
1.485729330632660182e-02 8.756897600684423466e-01
1.535404573628500365e-02 8.755904148993725045e-01
1.586740704456205894e-02 8.755008274879255703e-01
1.639793254769450481e-02 8.753977017801384264e-01
1.694619612918364313e-02 8.752987818432688139e-01
1.751279086028037155e-02 8.751921455339755074e-01
1.809832964152614798e-02 8.750783189292107300e-01
1.870344586574363213e-02 8.749662616466462595e-01
1.932879410319460894e-02 8.748453956022732569e-01
1.997505080964588620e-02 8.747276717672358703e-01
2.064291505810955316e-02 8.746066356415820309e-01
2.133310929504865505e-02 8.744769473544506955e-01
2.204638012186681956e-02 8.743409052549137028e-01
2.278349910252664909e-02 8.742129259300837063e-01
2.354526359817107548e-02 8.740731161154237094e-01
2.433249762964985810e-02 8.739294798428622890e-01
2.514605276888498206e-02 8.737901191921095823e-01
2.598680906003840441e-02 8.736377398429723273e-01
2.685567597147924673e-02 8.734829731285953525e-01
2.775359337957988490e-02 8.733336737429427954e-01
2.868153258540498754e-02 8.731755804462606463e-01
2.964049736539381419e-02 8.730172511477906072e-01
3.063152505717161092e-02 8.728510077645529330e-01
3.165568768166540647e-02 8.726897549857735026e-01
3.271409310273729054e-02 8.725171395506743366e-01
3.380788622559029871e-02 8.723432374919679599e-01
3.493825023524253087e-02 8.721678150891399861e-01
3.610640787640997940e-02 8.719856247302562036e-01
3.731362277618164441e-02 8.718101684149989206e-01
3.856120081091872487e-02 8.716315450269179754e-01
3.985049151885547425e-02 8.714352908973466150e-01
4.118288955993056055e-02 8.712561421585707233e-01
4.255983622442782027e-02 8.710630562345156314e-01
4.398282099205792772e-02 8.708734223260301555e-01
4.545338314316834522e-02 8.706810222187234549e-01
4.697311342382341770e-02 8.704875640211754417e-01
4.854365576655684383e-02 8.702903165418413023e-01
5.016670906865677154e-02 8.700902439732857152e-01
5.184402902990837420e-02 8.698979157289326025e-01
5.357743005178047802e-02 8.696956815655623174e-01
5.536878720011212396e-02 8.694949535052535206e-01
5.722003823342062395e-02 8.692922186328095879e-01
5.913318569902666078e-02 8.690943596501010671e-01
6.111029909926251474e-02 8.688925451140855349e-01
6.315351713010779189e-02 8.686949127716869778e-01
6.526504999467336310e-02 8.684884366802608779e-01
6.744718179403717817e-02 8.682900806571870467e-01
6.970227299801623477e-02 8.680888335653906829e-01
7.203276299854979858e-02 8.678916069493808338e-01
7.444117274845411802e-02 8.676891705380140873e-01
7.693010748840443946e-02 8.674910735657603844e-01
7.950225956509210379e-02 8.672933093364089130e-01
8.216041134360790865e-02 8.670925435546346094e-01
8.490743821719984319e-02 8.668987280018725095e-01
8.774631171766281157e-02 8.667125329638170061e-01
9.068010272972255870e-02 8.665227260201474602e-01
9.371198481289348681e-02 8.663332487781619795e-01
9.684523763440215649e-02 8.661411479188586560e-01
1.000832505168899600e-01 8.659559432585334227e-01
1.034295261047340625e-01 8.657742001655138742e-01
1.068876841529496080e-01 8.655927723906673421e-01
1.104614654427753945e-01 8.654154818923859294e-01
1.141547358281756464e-01 8.652407373288560910e-01
1.179714904176376727e-01 8.650630182029460657e-01
1.219158578957853512e-01 8.648925844927863871e-01
1.259921049894874856e-01 8.647229476738794718e-01
1.302046410832891354e-01 8.645652889020697396e-01
1.345580229891604751e-01 8.644025511291206776e-01
1.390569598757198100e-01 8.642452912500413476e-01
1.437063183622670492e-01 8.640851049672265694e-01
1.485111277831346888e-01 8.639345233084398945e-01
1.534765856280515817e-01 8.637902418321659059e-01
1.586080631644066208e-01 8.636402220210113168e-01
1.639111112474894438e-01 8.635057034080526606e-01
1.693914663249987407e-01 8.633622142418141410e-01
1.750550566423093313e-01 8.632236140683471337e-01
1.809080086552135869e-01 8.630925268098752490e-01
1.869566536570689830e-01 8.629632390907665540e-01
1.932075346275276828e-01 8.628380569317273263e-01
1.996674133102498971e-01 8.627141361274444087e-01
2.063432775272630582e-01 8.625944215301829532e-01
2.132423487378718452e-01 8.624849434179183705e-01
2.203720898503036263e-01 8.623691920200293737e-01
2.277402132945338109e-01 8.622602032472694855e-01
2.353546893650253491e-01 8.621556161376284777e-01
2.432237548424092122e-01 8.620507201302823885e-01
2.513559219034258718e-01 8.619547918558019273e-01
2.597599873287743666e-01 8.618556373743755383e-01
2.684450420188219666e-01 8.617656348796771670e-01
2.774204808274743361e-01 8.616762335490654179e-01
2.866960127248350254e-01 8.615917849437130238e-01
2.962816712996577673e-01 8.615081371908112073e-01
3.061878256129444420e-01 8.614308541821112941e-01
3.164251914144354805e-01 8.613512911214380452e-01
3.270048427341168962e-01 8.612758058621483581e-01
3.379382238612947953e-01 8.612062648076362903e-01
3.492371617241852855e-01 8.611329934245416373e-01
3.609138786834163448e-01 8.610652787124793983e-01
3.729810057532814693e-01 8.610056752560876214e-01
3.854515962650386651e-01 8.609429614167178890e-01
3.983391399870480631e-01 8.608804581532669697e-01
4.116575777170102257e-01 8.608208534801566891e-01
4.254213163620995108e-01 8.607691058094776304e-01
4.396452445232932327e-01 8.607184704932685504e-01
4.543447486007690661e-01 8.606670519990983204e-01
4.695357294377799362e-01 8.606204794475064146e-01
4.852346195210218704e-01 8.605713431444802497e-01
5.014584007560848322e-01 8.605239642338191608e-01
5.182246228372336949e-01 8.604916949394716408e-01
5.355514222313770833e-01 8.604455555576414616e-01
5.534575417967635413e-01 8.604123528096278006e-01
5.719623510576314906e-01 8.603735256048822277e-01
5.910858671567322808e-01 8.603413018069483442e-01
6.108487765084068544e-01 8.603017138286256360e-01
6.312724571756275216e-01 8.602757264976717000e-01
6.523790019952193653e-01 8.602414809443447163e-01
6.741912424762606104e-01 8.602249604122037541e-01
6.967327734975364839e-01 8.601836873356001334e-01
7.200279788307419881e-01 8.601516544786177443e-01
7.441020575170596008e-01 8.601276465623391987e-01
7.689810511256225389e-01 8.601064528358268735e-01
7.946918719233755368e-01 8.600849250156790138e-01
8.212623319867858873e-01 8.600633985731886977e-01
8.487211732869031078e-01 8.600425437856900057e-01
8.770980987803161932e-01 8.600229095385739653e-01
9.064238045396205701e-01 8.600048157589419429e-01
9.367300129581793700e-01 8.599885537875285868e-01
9.680495070650749767e-01 8.599738815855857421e-01
1.000416165987385808e+00 8.599594319723458113e-01
1.033865001598128330e+00 8.599436989456399338e-01
1.068432196389532240e+00 8.599262520063736259e-01
1.104155142612600837e+00 8.599092030700621336e-01
1.141072482725305592e+00 8.598950290668472274e-01
1.179224151193147607e+00 8.598849623361104477e-01
1.218651417687333982e+00 8.598769317584863403e-01
1.259396931727273516e+00 8.598683249767080650e-01
1.301504768815691548e+00 8.598575211383482353e-01
1.345020478116276896e+00 8.598458606380526836e-01
1.389991131725407447e+00 8.598352341872250726e-01
1.436465375591293947e+00 8.598269050367841615e-01
1.484493482135585296e+00 8.598200238036921572e-01
1.534127404634392455e+00 8.598132969471110609e-01
1.585420833417506836e+00 8.598058074588800226e-01
1.638429253946665609e+00 8.597980694418968506e-01
1.693210006835640158e+00 8.597909369488131448e-01
1.749822349877109051e+00 8.597850101419453051e-01
1.808327522143368116e+00 8.597797991413363983e-01
1.868788810230267217e+00 8.597745215881894554e-01
1.931271616715998229e+00 8.597686121014207483e-01
1.995843530908793184e+00 8.597625579887392400e-01
2.062574401960084458e+00 8.597571653511172363e-01
2.131536414422164238e+00 8.597530744454566776e-01
2.202804166332139602e+00 8.597500148733928649e-01
2.276454749906602792e+00 8.597474054248257502e-01
2.352567834934338631e+00 8.597447607962219740e-01
2.431225754957225149e+00 8.597421939537472912e-01
2.512513596332623944e+00 8.597400475492730232e-01
2.596519290273538783e+00 8.597385328019226947e-01
2.683333707966161441e+00 8.597369286674991784e-01
2.773050758867611432e+00 8.597341123676827124e-01
2.865767492290306695e+00 8.597291919167943108e-01
2.961584202382770314e+00 8.597231475613735796e-01
3.060604536620467719e+00 8.597178633769056999e-01
3.162935607924048931e+00 8.597150114957741174e-01
3.268688110526199786e+00 8.597142554071627307e-01
3.377976439712552459e+00 8.597141744006745467e-01
3.490918815566087297e+00 8.597134206925539646e-01
3.607637410848952619e+00 8.597115325327956414e-01
3.728258483159945236e+00 8.597085820674961187e-01
3.852912511510727001e+00 8.597047030026050418e-01
3.981734337468417539e+00 8.597006952122381307e-01
4.114863311017320058e+00 8.596978060601184746e-01
4.252443441297450555e+00 8.596971785474183392e-01
4.394623552383071896e+00 8.596983408211600342e-01
4.541557444269631816e+00 8.596996131807970176e-01
4.693404059243289517e+00 8.596993658100510194e-01
4.850327653813030437e+00 8.596973017760425329e-01
5.012497976391239618e+00 8.596942333940479353e-01
5.180090450915090017e+00 8.596909936484203874e-01
5.353286366607249214e+00 8.596881521333104015e-01
5.532273074081278885e+00 8.596860347016571646e-01
5.717244188003695271e+00 8.596849355102527124e-01
5.908399796532135539e+00 8.596846032939559068e-01
6.105946677756002750e+00 8.596842256167752661e-01
6.310098523373801171e+00 8.596829856127657932e-01
6.521076169849157722e+00 8.596806969952021094e-01
6.739107837295406966e+00 8.596778948656482733e-01
6.964429376347387013e+00 8.596751517121257180e-01
7.197284523287298619e+00 8.596729614937191899e-01
7.437925163700752407e+00 8.596717182482992436e-01
7.686611604948010879e+00 8.596717908990750834e-01
7.943612857745410594e+00 8.596726609324515378e-01
8.209206927161357470e+00 8.596725529486978212e-01
8.483681113341843272e+00 8.596696234294917138e-01
8.767332322290526392e+00 8.596637442281896968e-01
9.060467387039910392e+00 8.596574939001095927e-01
9.363403399560734641e+00 8.596536698052865688e-01
9.676468053768756405e+00 8.596533562291043262e-01
1.000000000000001243e+01 8.596546219324673332e-01
