2.000000000000000164e-05 3.413553460377202953e+01
2.066869842267550072e-05 3.523323696763550572e+01
2.135975472437544027e-05 3.636623892340247011e+01
2.207391643902171255e-05 3.753567835704464528e+01
2.281195609427394449e-05 3.874271163774983506e+01
2.357467204719313169e-05 3.998856515713346482e+01
2.436288934784564352e-05 4.127448499373493718e+01
2.517746063178175121e-05 4.260175039316320778e+01
2.601926704235410016e-05 4.397169055891757949e+01
2.688921918387384303e-05 4.538568782757823072e+01
2.778825810663545582e-05 4.684514914302742739e+01
2.871735632487579741e-05 4.835153638796203523e+01
2.967751886876853870e-05 4.990636361782699026e+01
3.066978437159193627e-05 5.151117558210673053e+01
3.169522619324599853e-05 5.316760915839937951e+01
3.275495358133433647e-05 5.487729553570808605e+01
3.385011287106671010e-05 5.664194519419076812e+01
3.498188872528021299e-05 5.846334854590833174e+01
3.615150541592045298e-05 6.034330433444152675e+01
3.736022814836899319e-05 6.228371028762273198e+01
3.860936443004954884e-05 6.428650122961433055e+01
3.990026548479344494e-05 6.635370272959542604e+01
4.123432771449419843e-05 6.848734550334556559e+01
4.261299420963254024e-05 7.068960906761431318e+01
4.403775631030562105e-05 7.296265474482645175e+01
4.551015521944909301e-05 7.530880348993292728e+01
4.703178366999723984e-05 7.773036663523295431e+01
4.860428764778435972e-05 8.022978884019347845e+01
5.022936817205134787e-05 8.280955005142359937e+01
5.190878313548323190e-05 8.547226353883634431e+01
5.364434920576834987e-05 8.822055740637144083e+01
5.543794379073590958e-05 9.105723237573950257e+01
5.729150706919781900e-05 9.398507478625437273e+01
5.920704408969155763e-05 9.700702453140496573e+01
6.118662693939432690e-05 1.001261179803371988e+02
6.323239698555469304e-05 1.033454648039212032e+02
6.534656719186627638e-05 1.066683160256462486e+02
6.753142451228926792e-05 1.100979591527627406e+02
6.978933236490913268e-05 1.136378342392128928e+02
7.212273318850868345e-05 1.172914565425526376e+02
7.453415108461877573e-05 1.210624995278778755e+02
7.702619454790587906e-05 1.249547629405057450e+02
7.960155928784993205e-05 1.289720876763070407e+02
8.226303114476471348e-05 1.331185057449596911e+02
8.501348910331518868e-05 1.373981514067722003e+02
8.785590840679157983e-05 1.418153345647704384e+02
9.079336377550881697e-05 1.463744121017868451e+02
9.382903273281309529e-05 1.510799693771427883e+02
9.696619904229312483e-05 1.559366612163865398e+02
1.002082562599141270e-04 1.609493971246770627e+02
1.035587114049174785e-04 1.661231263149451820e+02
1.070211887534562421e-04 1.714630171551844455e+02
1.105994337590709140e-04 1.769743911791143773e+02
1.142973171042456330e-04 1.826627765886176462e+02
1.181188388874281471e-04 1.885337541993708896e+02
1.220681329500424115e-04 1.945932809033757565e+02
1.261494713481742377e-04 2.008472770675752770e+02
1.303672689737678670e-04 2.073020646583298117e+02
1.347260883303314362e-04 2.139640005875959616e+02
1.392306444683180742e-04 2.208397298491412926e+02
1.438858100855209437e-04 2.279360311207593952e+02
1.486966207979997041e-04 2.352599872790732149e+02
1.536682805872396744e-04 2.428189103008265590e+02
1.588061674294368483e-04 2.506201266760827764e+02
1.641158391129971276e-04 2.586716120644105104e+02
1.696030392505434848e-04 2.669811238173003289e+02
1.752737034919339915e-04 2.755569752607705141e+02
1.811339659450114388e-04 2.844076809544826574e+02
1.871901658110307874e-04 2.935418435236938421e+02
1.934488542419408646e-04 3.029686149591856292e+02
1.999168014269393128e-04 3.126972122754579004e+02
2.066010039159656652e-04 3.227371493929529720e+02
2.135086921880547338e-04 3.330984252198387026e+02
2.206473384727377968e-04 3.437911437453097392e+02
2.280246648329511538e-04 3.548258271887854107e+02
2.356486515181963309e-04 3.662131772359250590e+02
2.435275455969876748e-04 3.779644601465834626e+02
2.516698698779247295e-04 3.900910730278849883e+02
2.600844321290405573e-04 4.026047869928135583e+02
2.687803346053976817e-04 4.155178635698879930e+02
2.777669838952388651e-04 4.288427304342955608e+02
2.870541010953427292e-04 4.425924018457695297e+02
2.966517323265922064e-04 4.567801210348608834e+02
3.065702596011295341e-04 4.714195129429459143e+02
3.168204120528543403e-04 4.865248113450841174e+02
3.274132775434116785e-04 5.021102831576113772e+02
3.383603146562264279e-04 5.181910697535917052e+02
3.496733650915567022e-04 5.347822755432895292e+02
3.613646664759745386e-04 5.518998540408418876e+02
3.734468656001317080e-04 5.695599740721708031e+02
3.859330320991275886e-04 5.877792853011287662e+02
3.988366725902805230e-04 6.065749003170855076e+02
4.121717452835938129e-04 6.259646011280110542e+02
4.259526750807212541e-04 6.459661089119462076e+02
4.401943691787655547e-04 6.665984289285137265e+02
4.549122331957894719e-04 6.878803784329190876e+02
4.701221878354804149e-04 7.098316655312208923e+02
4.858406861089974399e-04 7.324721684454924571e+02
5.020847311326308640e-04 7.558226645291769046e+02
5.188718945205230424e-04 7.799042472147677927e+02
5.362203353923492141e-04 8.047387129804776578e+02
5.541488200165187389e-04 8.303478547090744541e+02
5.726767421101455150e-04 8.567548310708889403e+02
5.918241438177454907e-04 8.839826741307267639e+02
6.116117373913557359e-04 9.120551387675544674e+02
6.320609275955268004e-04 9.409968212356059212e+02
6.531938348614238542e-04 9.708325714430421840e+02
6.750333192150836329e-04 1.001587511056511175e+03
6.976030050057104547e-04 1.033287918897487771e+03
7.209273064607610694e-04 1.065960184714464049e+03
7.450314540954613768e-04 1.099631542023457087e+03
7.699415220053250396e-04 1.134329189620304760e+03
7.956844560711916160e-04 1.170082112860384314e+03
8.222881031073025473e-04 1.206917661743011195e+03
8.497812409839368810e-04 1.244865673811569877e+03
8.781936097571961097e-04 1.283955592852490554e+03
9.075559438396131216e-04 1.324217300918233150e+03
9.379000052463793693e-04 1.365681814646463636e+03
9.692586179531593148e-04 1.408378930433787218e+03
1.001665703402655023e-03 1.452340710101609147e+03
1.035156317198330069e-03 1.497598660250806915e+03
1.069766687024985286e-03 1.544184349172100610e+03
1.105534251837205851e-03 1.592129851677123725e+03
1.142497702358069404e-03 1.641468032555513673e+03
1.180697022931930960e-03 1.692230645845171466e+03
1.220173534776542454e-03 1.744450042528451831e+03
1.260969940681316284e-03 1.798159224523787088e+03
1.303130371200056587e-03 1.853389895627259875e+03
1.346700432388157767e-03 1.910174565407816090e+03
1.391727255135877424e-03 1.968545080777972544e+03
1.438259546151070007e-03 2.028531974197916725e+03
1.486347640646530459e-03 2.090166263162218456e+03
1.536043556788919398e-03 2.153478440389970274e+03
1.587401051968200579e-03 2.218497112570991703e+03
1.640475680948428249e-03 2.285250657925891119e+03
1.695324855962815390e-03 2.353765749337850139e+03
1.752007908818060174e-03 2.424068573778862174e+03
1.810586155075142928e-03 2.496182455654908154e+03
1.871122960375984270e-03 2.570130549413135668e+03
1.933683808987751848e-03 2.645933587588694991e+03
1.998336374638913938e-03 2.723609181243091825e+03
2.065150593723721201e-03 2.803174062802567732e+03
2.134198740954243185e-03 2.884641572661920236e+03
2.205555507541849362e-03 2.968023090499178579e+03
2.279298081992675151e-03 3.053325704273242536e+03
2.355506233604463730e-03 3.140555072855691378e+03
2.434262398755145627e-03 3.229711546748703313e+03
2.515651770076436904e-03 3.320792855683148900e+03
2.599762388608985089e-03 3.413794359861145040e+03
2.686685239038679764e-03 3.508703189002709223e+03
2.776514348117217236e-03 3.605505747786426582e+03
2.869346886373309435e-03 3.704182965701212197e+03
2.965283273224645581e-03 3.804711302053060535e+03
3.064427285604211931e-03 3.907060393569931875e+03
3.166886170218578649e-03 4.011197467320196210e+03
3.272770759559481216e-03 4.117081304493435709e+03
3.382195591794276077e-03 4.224666469225286164e+03
3.495279034664920681e-03 4.333900922509629709e+03
3.612143413529477973e-03 4.444726634981136158e+03
3.732915143684721951e-03 4.557076989026872070e+03
3.857724867112893516e-03 4.670881324817117275e+03
3.986707593800617976e-03 4.786059931870329820e+03
4.120002847782761740e-03 4.902525118425579421e+03
4.257754818069308354e-03 5.020185513032529343e+03
4.400112514618404608e-03 5.138937252503703348e+03
4.547229929524409554e-03 5.258676146594060810e+03
4.699266203595197679e-03 5.379284423504931510e+03
4.856385798499019031e-03 5.500642460367600506e+03
5.018758674667020935e-03 5.622621443881946107e+03
5.186560475143959549e-03 5.745089476942452166e+03
5.359972715585955248e-03 5.867901877916580816e+03
5.539182980610755057e-03 5.990911822961552389e+03
5.724385126713026593e-03 6.113959788605116046e+03
5.915779491964028892e-03 6.236878913200323950e+03
6.113573112722652143e-03 6.359496843004333641e+03
6.317979947592099882e-03 6.481627225278017249e+03
6.529221108864616957e-03 6.603071797143430558e+03
6.747525101704480652e-03 6.723629684242389885e+03
6.973128071328140755e-03 6.843086711633159211e+03
7.206274058448705437e-03 6.961223441251358963e+03
7.447215263261310406e-03 7.077808882393968815e+03
7.696212318254701257e-03 7.192601228369459932e+03
7.953534570144332738e-03 7.305353074861782261e+03
8.219460371231864307e-03 7.415798867821572458e+03
8.494277380506187053e-03 7.523661764286688594e+03
8.778282874811823774e-03 7.628655503909740219e+03
9.071784070421121463e-03 7.730479970062126995e+03
9.375098455358292851e-03 7.828829746960005650e+03
9.688554132834568261e-03 7.923388724176290452e+03
1.001249017616620725e-02 8.013833869734826294e+03
1.034725699555901803e-02 8.099831042050775068e+03
1.069321671715643858e-02 8.181030402515636524e+03
1.105074357476093505e-02 8.257077419289147656e+03
1.142022431465263173e-02 8.327606551325483451e+03
1.180205861394306721e-02 8.392254589544760165e+03
1.219665951291643881e-02 8.450652049192132836e+03
1.260445386182631328e-02 8.502423041358142655e+03
1.302588278263077520e-02 8.547184914898447460e+03
1.346140214616583890e-02 8.584558016563198180e+03
1.391148306527291781e-02 8.614164126220237449e+03
1.437661240441416924e-02 8.635633393285072088e+03
1.485729330632660182e-02 8.648603402334150815e+03
1.535404573628500365e-02 8.652715244576987971e+03
1.586740704456205894e-02 8.647628565873965272e+03
1.639793254769450481e-02 8.633023121352360249e+03
1.694619612918364313e-02 8.608605232033967695e+03
1.751279086028037155e-02 8.574106008799055417e+03
1.809832964152614798e-02 8.529282465775129822e+03
1.870344586574363213e-02 8.473950754927460366e+03
1.932879410319460894e-02 8.407962549211939404e+03
1.997505080964588620e-02 8.331223176464691278e+03
2.064291505810955316e-02 8.243700718440490164e+03
2.133310929504865505e-02 8.145437716449678192e+03
2.204638012186681956e-02 8.036540442220692967e+03
2.278349910252664909e-02 7.917209032381287216e+03
2.354526359817107548e-02 7.787729681963834992e+03
2.433249762964985810e-02 7.648480386278199148e+03
2.514605276888498206e-02 7.499946320087266940e+03
2.598680906003840441e-02 7.342712851788229273e+03
2.685567597147924673e-02 7.177476803858352469e+03
2.775359337957988490e-02 7.005038686715538461e+03
2.868153258540498754e-02 6.826311739890524223e+03
2.964049736539381419e-02 6.642302939391177460e+03
3.063152505717161092e-02 6.454120423445694541e+03
3.165568768166540647e-02 6.262952710321027553e+03
3.271409310273729054e-02 6.070059830440063706e+03
3.380788622559029871e-02 5.876758968028986601e+03
3.493825023524253087e-02 5.684399544480397708e+03
3.610640787640997940e-02 5.494339260085110254e+03
3.731362277618164441e-02 5.307922588734831152e+03
3.856120081091872487e-02 5.126448358319935323e+03
3.985049151885547425e-02 4.951137571669389217e+03
4.118288955993056055e-02 4.783107396810326463e+03
4.255983622442782027e-02 4.623328721881776801e+03
4.398282099205792772e-02 4.472597441486686876e+03
4.545338314316834522e-02 4.331500572317882870e+03
4.697311342382341770e-02 4.200380087761543109e+03
4.854365576655684383e-02 4.079304828325883136e+03
5.016670906865677154e-02 3.968038815956822418e+03
5.184402902990837420e-02 3.866018558470973403e+03
5.357743005178047802e-02 3.772337058679639085e+03
5.536878720011212396e-02 3.685728768379049143e+03
5.722003823342062395e-02 3.604589499097603039e+03
5.913318569902666078e-02 3.526992639814038284e+03
6.111029909926251474e-02 3.450749607433253459e+03
6.315351713010779189e-02 3.373491906035148077e+03
6.526504999467336310e-02 3.292799748660414480e+03
6.744718179403717817e-02 3.206354179147920604e+03
6.970227299801623477e-02 3.112136037319016395e+03
7.203276299854979858e-02 3.008626034013897424e+03
7.444117274845411802e-02 2.895015029030093956e+03
7.693010748840443946e-02 2.771379458117971353e+03
7.950225956509210379e-02 2.638790142672008187e+03
8.216041134360790865e-02 2.499327973666689104e+03
8.490743821719984319e-02 2.355986797020307677e+03
8.774631171766281157e-02 2.212448078160852674e+03
9.068010272972255870e-02 2.072756890430493513e+03
9.371198481289348681e-02 1.940928653262818898e+03
9.684523763440215649e-02 1.820523764318573740e+03
1.000832505168899600e-01 1.714267165986626196e+03
1.034295261047340625e-01 1.623730322957205544e+03
1.068876841529496080e-01 1.549111683466104978e+03
1.104614654427753945e-01 1.489123355572036417e+03
1.141547358281756464e-01 1.441007513044806728e+03
1.179714904176376727e-01 1.400713876466087868e+03
1.219158578957853512e-01 1.363291696878045968e+03
1.259921049894874856e-01 1.323548975896502498e+03
1.302046410832891354e-01 1.276940378218011119e+03
1.345580229891604751e-01 1.220550209116759561e+03
1.390569598757198100e-01 1.153880476167573079e+03
1.437063183622670492e-01 1.079147664759572081e+03
1.485111277831346888e-01 1.000858412851722846e+03
1.534765856280515817e-01 9.247259697645897631e+02
1.586080631644066208e-01 8.562240056040851641e+02
1.639111112474894438e-01 7.992192627636704856e+02
1.693914663249987407e-01 7.550476620749307131e+02
1.750550566423093313e-01 7.221991151975915955e+02
1.809080086552135869e-01 6.966596796720856446e+02
1.869566536570689830e-01 6.729502894972539480e+02
1.932075346275276828e-01 6.457995516503509634e+02
1.996674133102498971e-01 6.120449098759048638e+02
2.063432775272630582e-01 5.719236931549536394e+02
2.132423487378718452e-01 5.289244771443732134e+02
2.203720898503036263e-01 4.880927772543419678e+02
2.277402132945338109e-01 4.536510380190304659e+02
2.353546893650253491e-01 4.271449792504206471e+02
2.432237548424092122e-01 4.069193127136961721e+02
2.513559219034258718e-01 3.890887987239167387e+02
2.597599873287743666e-01 3.696631996019884809e+02
2.684450420188219666e-01 3.468279754599362263e+02
2.774204808274743361e-01 3.218883242190320289e+02
2.866960127248350254e-01 2.980605117082587299e+02
2.962816712996577673e-01 2.780080134796669995e+02
3.061878256129444420e-01 2.620268636797545696e+02
3.164251914144354805e-01 2.481322186154768019e+02
3.270048427341168962e-01 2.338671719894424825e+02
3.379382238612947953e-01 2.183621926500800043e+02
3.492371617241852855e-01 2.028042620653379231e+02
3.609138786834163448e-01 1.889256720601777886e+02
3.729810057532814693e-01 1.771956038646180787e+02
3.854515962650386651e-01 1.665792680808863508e+02
3.983391399870480631e-01 1.559100467809610109e+02
4.116575777170102257e-01 1.451692222083900958e+02
4.254213163620995108e-01 1.351821649087449657e+02
4.396452445232932327e-01 1.263509152739012791e+02
4.543447486007690661e-01 1.182228082659642041e+02
4.695357294377799362e-01 1.102961787674187235e+02
4.852346195210218704e-01 1.026854782260266035e+02
5.014584007560848322e-01 9.571383230244437357e+01
5.182246228372336949e-01 8.931568413796475170e+01
5.355514222313770833e-01 8.323685157029815684e+01
5.534575417967635413e-01 7.747507026332368696e+01
5.719623510576314906e-01 7.214470154850835115e+01
5.910858671567322808e-01 6.719052679311855059e+01
6.108487765084068544e-01 6.252059525651655747e+01
6.312724571756275216e-01 5.815485669229544641e+01
6.523790019952193653e-01 5.409846337945871397e+01
6.741912424762606104e-01 5.030321580704158890e+01
6.967327734975364839e-01 4.675567072069941332e+01
7.200279788307419881e-01 4.345047151734097213e+01
7.441020575170596008e-01 4.037039228749448938e+01
7.689810511256225389e-01 3.749880034735751622e+01
7.946918719233755368e-01 3.482136494743961919e+01
8.212623319867858873e-01 3.232614510628204840e+01
8.487211732869031078e-01 3.000192611867811010e+01
8.770980987803161932e-01 2.783794365033345386e+01
9.064238045396205701e-01 2.582382071589488604e+01
9.367300129581793700e-01 2.394977062566253423e+01
9.680495070650749767e-01 2.220655039317663793e+01
1.000416165987385808e+00 2.058540282898869833e+01
1.033865001598128330e+00 1.907812120900416275e+01
1.068432196389532240e+00 1.767707334978550193e+01
1.104155142612600837e+00 1.637521018140127538e+01
1.141072482725305592e+00 1.516592054883580865e+01
1.179224151193147607e+00 1.404296054658545145e+01
1.218651417687333982e+00 1.300039653063148215e+01
1.259396931727273516e+00 1.203267362228875115e+01
1.301504768815691548e+00 1.113462500848909187e+01
1.345020478116276896e+00 1.030147515686916826e+01
1.389991131725407447e+00 9.528761377757843931e+00
1.436465375591293947e+00 8.812294141390363933e+00
1.484493482135585296e+00 8.148120962431503855e+00
1.534127404634392455e+00 7.532548894516655658e+00
1.585420833417506836e+00 6.962141298822643876e+00
1.638429253946665609e+00 6.433712561631349303e+00
1.693210006835640158e+00 5.944293851121064343e+00
1.749822349877109051e+00 5.491113168817870260e+00
1.808327522143368116e+00 5.071578555630543050e+00
1.868788810230267217e+00 4.683273616804932260e+00
1.931271616715998229e+00 4.323948301959253726e+00
1.995843530908793184e+00 3.991508042301403769e+00
2.062574401960084458e+00 3.684003610120676786e+00
2.131536414422164238e+00 3.399621634261042580e+00
2.202804166332139602e+00 3.136675867552508823e+00
2.276454749906602792e+00 2.893598431083074463e+00
2.352567834934338631e+00 2.668931739414985849e+00
2.431225754957225149e+00 2.461320869784212384e+00
2.512513596332623944e+00 2.269506939352423203e+00
2.596519290273538783e+00 2.092320722335413663e+00
2.683333707966161441e+00 1.928676442353096876e+00
2.773050758867611432e+00 1.777566179307768390e+00
2.865767492290306695e+00 1.638054566447263882e+00
2.961584202382770314e+00 1.509273671836611985e+00
3.060604536620467719e+00 1.390418431266724042e+00
3.162935607924048931e+00 1.280742323768458757e+00
3.268688110526199786e+00 1.179553142781627484e+00
3.377976439712552459e+00 1.086209298085936359e+00
3.490918815566087297e+00 1.000116343311387546e+00
3.607637410848952619e+00 9.207236821905748769e-01
3.728258483159945236e+00 8.475214096168078859e-01
3.852912511510727001e+00 7.800373652856246176e-01
3.981734337468417539e+00 7.178343799811529591e-01
4.114863311017320058e+00 6.605078015305139161e-01
4.252443441297450555e+00 6.076831915072766765e-01
4.394623552383071896e+00 5.590140831836170054e-01
4.541557444269631816e+00 5.141799863661284942e-01
4.693404059243289517e+00 4.728845462074590111e-01
4.850327653813030437e+00 4.348537716248057072e-01
5.012497976391239618e+00 3.998343978291103440e-01
5.180090450915090017e+00 3.675923676098636905e-01
5.353286366607249214e+00 3.379114094490531239e-01
5.532273074081278885e+00 3.105917234871362065e-01
5.717244188003695271e+00 2.854487638912375225e-01
5.908399796532135539e+00 2.623120914275824389e-01
6.105946677756002750e+00 2.410243254710416894e-01
6.310098523373801171e+00 2.214401817071915413e-01
6.521076169849157722e+00 2.034255427918361392e-01
6.739107837295406966e+00 1.868566231523172139e-01
6.964429376347387013e+00 1.716192193094216445e-01
7.197284523287298619e+00 1.576080026628213504e-01
7.437925163700752407e+00 1.447258443449176424e-01
7.686611604948010879e+00 1.328831671197502340e-01
7.943612857745410594e+00 1.219973503757591088e-01
8.209206927161357470e+00 1.119921991797805244e-01
8.483681113341843272e+00 1.027974835072951315e-01
8.767332322290526392e+00 9.434848163539349963e-02
9.060467387039910392e+00 8.658555604954989993e-02
9.363403399560734641e+00 7.945376268448521573e-02
9.676468053768756405e+00 7.290249494960047982e-02
1.000000000000001243e+01 6.688515042928470933e-02
