2.000000000000000164e-05 5.311332440530120635e+01
2.066869842267550072e-05 5.482129996770359526e+01
2.135975472437544027e-05 5.658419976619760661e+01
2.207391643902171255e-05 5.840379100585446537e+01
2.281195609427394449e-05 6.028188932702970249e+01
2.357467204719313169e-05 6.222037933378066299e+01
2.436288934784564352e-05 6.422120027907803319e+01
2.517746063178175121e-05 6.628635543349808756e+01
2.601926704235410016e-05 6.841793372966519371e+01
2.688921918387384303e-05 7.061803041093813249e+01
2.778825810663545582e-05 7.288888858340237675e+01
2.871735632487579741e-05 7.523276202392203516e+01
2.967751886876853870e-05 7.765199844678889463e+01
3.066978437159193627e-05 8.014901108083822123e+01
3.169522619324599853e-05 8.272632910046604593e+01
3.275495358133433647e-05 8.538652202037640393e+01
3.385011287106671010e-05 8.813224378522217251e+01
3.498188872528021299e-05 9.096624605959490850e+01
3.615150541592045298e-05 9.389136235013396004e+01
3.736022814836899319e-05 9.691054052822052256e+01
3.860936443004954884e-05 1.000267924613721533e+02
3.990026548479344494e-05 1.032432324196571614e+02
4.123432771449419843e-05 1.065630852317455037e+02
4.261299420963254024e-05 1.099896786838203155e+02
4.403775631030562105e-05 1.135264355810639643e+02
4.551015521944909301e-05 1.171769198962685010e+02
4.703178366999723984e-05 1.209447477243755884e+02
4.860428764778435972e-05 1.248337042601713023e+02
5.022936817205134787e-05 1.288476728366589441e+02
5.190878313548323190e-05 1.329907369474303493e+02
5.364434920576834987e-05 1.372669150860742207e+02
5.543794379073590958e-05 1.416806170290096247e+02
5.729150706919781900e-05 1.462361531737281837e+02
5.920704408969155763e-05 1.509381611370455971e+02
6.118662693939432690e-05 1.557912968699726832e+02
6.323239698555469304e-05 1.608004336487369983e+02
6.534656719186627638e-05 1.659705612295187507e+02
6.753142451228926792e-05 1.713068949977798923e+02
6.978933236490913268e-05 1.768147036693056577e+02
7.212273318850868345e-05 1.824995291836607123e+02
7.453415108461877573e-05 1.883670490383271385e+02
7.702619454790587906e-05 1.944231571911941217e+02
7.960155928784993205e-05 2.006738577318126602e+02
8.226303114476471348e-05 2.071254120495533186e+02
8.501348910331518868e-05 2.137842494740727375e+02
8.785590840679157983e-05 2.206570595159827519e+02
9.079336377550881697e-05 2.277506659105960694e+02
9.382903273281309529e-05 2.350721544396846525e+02
9.696619904229312483e-05 2.426288416724786714e+02
1.002082562599141270e-04 2.504282108395761952e+02
1.035587114049174785e-04 2.584781271124079467e+02
1.070211887534562421e-04 2.667865904472346870e+02
1.105994337590709140e-04 2.753618496643703111e+02
1.142973171042456330e-04 2.842124540589477419e+02
1.181188388874281471e-04 2.933472227212237726e+02
1.220681329500424115e-04 3.027752611580134499e+02
1.261494713481742377e-04 3.125059160016331248e+02
1.303672689737678670e-04 3.225489353327785693e+02
1.347260883303314362e-04 3.329141915870496291e+02
1.392306444683180742e-04 3.436120127123523957e+02
1.438858100855209437e-04 3.546531355432457531e+02
1.486966207979997041e-04 3.660484542121408253e+02
1.536682805872396744e-04 3.778091419252175456e+02
1.588061674294368483e-04 3.899470075735956129e+02
1.641158391129971276e-04 4.024739765727401277e+02
1.696030392505434848e-04 4.154025175801052683e+02
1.752737034919339915e-04 4.287453436370316240e+02
1.811339659450114388e-04 4.425156911743260935e+02
1.871901658110307874e-04 4.567271354472804887e+02
1.934488542419408646e-04 4.713936716949297647e+02
1.999168014269393128e-04 4.865297401756349132e+02
2.066010039159656652e-04 5.021502639110030941e+02
2.135086921880547338e-04 5.182704135503894349e+02
2.206473384727377968e-04 5.349062975481281228e+02
2.280246648329511538e-04 5.520740700279819748e+02
2.356486515181963309e-04 5.697904374699924119e+02
2.435275455969876748e-04 5.880727329136290109e+02
2.516698698779247295e-04 6.069390008898794804e+02
2.600844321290405573e-04 6.264073077786287058e+02
2.687803346053976817e-04 6.464968122988319692e+02
2.777669838952388651e-04 6.672268195363686800e+02
2.870541010953427292e-04 6.886174599380112795e+02
2.966517323265922064e-04 7.106894433535479720e+02
3.065702596011295341e-04 7.334639371262971963e+02
3.168204120528543403e-04 7.569628019099909579e+02
3.274132775434116785e-04 7.812087225870718612e+02
3.383603146562264279e-04 8.062245488288759816e+02
3.496733650915567022e-04 8.320346079858430812e+02
3.613646664759745386e-04 8.586628418084706027e+02
3.734468656001317080e-04 8.861348342222004248e+02
3.859330320991275886e-04 9.144762720146115953e+02
3.988366725902805230e-04 9.437140073320838383e+02
4.121717452835938129e-04 9.738751058839397956e+02
4.259526750807212541e-04 1.004988071374171227e+03
4.401943691787655547e-04 1.037081255732597128e+03
4.549122331957894719e-04 1.070184756659998357e+03
4.701221878354804149e-04 1.104328781031290418e+03
4.858406861089974399e-04 1.139544404469724896e+03
5.020847311326308640e-04 1.175864078315477173e+03
5.188718945205230424e-04 1.213320041227200818e+03
5.362203353923492141e-04 1.251946486684060119e+03
5.541488200165187389e-04 1.291777446366505046e+03
5.726767421101455150e-04 1.332848462841351193e+03
5.918241438177454907e-04 1.375195703069996171e+03
6.116117373913557359e-04 1.418856156466180892e+03
6.320609275955268004e-04 1.463867392539487355e+03
6.531938348614238542e-04 1.510268545073476844e+03
6.750333192150836329e-04 1.558099004225986846e+03
6.976030050057104547e-04 1.607399086635540698e+03
7.209273064607610694e-04 1.658210143376665201e+03
7.450314540954613768e-04 1.710573993023804633e+03
7.699415220053250396e-04 1.764534025133119940e+03
7.956844560711916160e-04 1.820134021152737660e+03
8.222881031073025473e-04 1.877417400452745596e+03
8.497812409839368810e-04 1.936430812925403643e+03
8.781936097571961097e-04 1.997218882445846020e+03
9.075559438396131216e-04 2.059829550141663276e+03
9.379000052463793693e-04 2.124309357035770972e+03
9.692586179531593148e-04 2.190706431264195089e+03
1.001665703402655023e-03 2.259069569313496231e+03
1.035156317198330069e-03 2.329447997579006824e+03
1.069766687024985286e-03 2.401890776773927882e+03
1.105534251837205851e-03 2.476448367073885947e+03
1.142497702358069404e-03 2.553169492464878203e+03
1.180697022931930960e-03 2.632105626595460308e+03
1.220173534776542454e-03 2.713307091486864920e+03
1.260969940681316284e-03 2.796823653921723690e+03
1.303130371200056587e-03 2.882705061549128459e+03
1.346700432388157767e-03 2.971001353833950816e+03
1.391727255135877424e-03 3.061761115483774120e+03
1.438259546151070007e-03 3.155033447975191393e+03
1.486347640646530459e-03 3.250865278769037104e+03
1.536043556788919398e-03 3.349302884066186380e+03
1.587401051968200579e-03 3.450391027360883527e+03
1.640475680948428249e-03 3.554174564638433367e+03
1.695324855962815390e-03 3.660693196114708826e+03
1.752007908818060174e-03 3.769988625833939295e+03
1.810586155075142928e-03 3.882096002271797715e+03
1.871122960375984270e-03 3.997051469307565640e+03
1.933683808987751848e-03 4.114886794709986134e+03
1.998336374638913938e-03 4.235629354444552519e+03
2.065150593723721201e-03 4.359303882363617049e+03
2.134198740954243185e-03 4.485932145176321683e+03
2.205555507541849362e-03 4.615530676801286972e+03
2.279298081992675151e-03 4.748110409082377373e+03
2.355506233604463730e-03 4.883677564537561011e+03
2.434262398755145627e-03 5.022236131253891472e+03
2.515651770076436904e-03 5.163779189865102126e+03
2.599762388608985089e-03 5.308298383351392658e+03
2.686685239038679764e-03 5.455775779551674532e+03
2.776514348117217236e-03 5.606189676242646783e+03
2.869346886373309435e-03 5.759507310079516174e+03
2.965283273224645581e-03 5.915692505888207961e+03
3.064427285604211931e-03 6.074699551048946887e+03
3.166886170218578649e-03 6.236472580155494143e+03
3.272770759559481216e-03 6.400950538856174717e+03
3.382195591794276077e-03 6.568060612997462158e+03
3.495279034664920681e-03 6.737721077159481865e+03
3.612143413529477973e-03 6.909840761694786124e+03
3.732915143684721951e-03 7.084317664634477296e+03
3.857724867112893516e-03 7.261038502975756273e+03
3.986707593800617976e-03 7.439879031133789795e+03
4.120002847782761740e-03 7.620707639455712524e+03
4.257754818069308354e-03 7.803374738315181276e+03
4.400112514618404608e-03 7.987724258842613381e+03
4.547229929524409554e-03 8.173590959897516768e+03
4.699266203595197679e-03 8.360794282435563218e+03
4.856385798499019031e-03 8.549146775690682261e+03
5.018758674667020935e-03 8.738447941795277075e+03
5.186560475143959549e-03 8.928490978311700019e+03
5.359972715585955248e-03 9.119053521927589827e+03
5.539182980610755057e-03 9.309904214120406323e+03
5.724385126713026593e-03 9.500795313157263081e+03
5.915779491964028892e-03 9.691473128785584777e+03
6.113573112722652143e-03 9.881660430467827609e+03
6.317979947592099882e-03 1.007106839280937129e+04
6.529221108864616957e-03 1.025939677149280033e+04
6.747525101704480652e-03 1.044632912812839641e+04
6.973128071328140755e-03 1.063153410577497016e+04
7.206274058448705437e-03 1.081466799407819417e+04
7.447215263261310406e-03 1.099537329511094867e+04
7.696212318254701257e-03 1.117327521962599167e+04
7.953534570144332738e-03 1.134799125250003635e+04
8.219460371231864307e-03 1.151910501594098787e+04
8.494277380506187053e-03 1.168619408427503913e+04
8.778282874811823774e-03 1.184880554496465447e+04
9.071784070421121463e-03 1.200648395325903948e+04
9.375098455358292851e-03 1.215875040908284973e+04
9.688554132834568261e-03 1.230512198848657135e+04
1.001249017616620725e-02 1.244509588599056224e+04
1.034725699555901803e-02 1.257814891821881974e+04
1.069321671715643858e-02 1.270374803974713541e+04
1.105074357476093505e-02 1.282134171585085096e+04
1.142022431465263173e-02 1.293036940452979070e+04
1.180205861394306721e-02 1.303026869736605840e+04
1.219665951291643881e-02 1.312046584695548336e+04
1.260445386182631328e-02 1.320038149627594430e+04
1.302588278263077520e-02 1.326942723344778642e+04
1.346140214616583890e-02 1.332701592211245043e+04
1.391148306527291781e-02 1.337256352481335489e+04
1.437661240441416924e-02 1.340550500086231659e+04
1.485729330632660182e-02 1.342527331143070660e+04
1.535404573628500365e-02 1.343132394942185783e+04
1.586740704456205894e-02 1.342312731668812557e+04
1.639793254769450481e-02 1.340018936324663628e+04
1.694619612918364313e-02 1.336206438854052794e+04
1.751279086028037155e-02 1.330832550553666806e+04
1.809832964152614798e-02 1.323861544150902409e+04
1.870344586574363213e-02 1.315263687028372078e+04
1.932879410319460894e-02 1.305016929737759710e+04
1.997505080964588620e-02 1.293106675210349385e+04
2.064291505810955316e-02 1.279527728767014924e+04
2.133310929504865505e-02 1.264286949363480198e+04
2.204638012186681956e-02 1.247400844969416175e+04
2.278349910252664909e-02 1.228899888819671105e+04
2.354526359817107548e-02 1.208828065026595868e+04
2.433249762964985810e-02 1.187244269716533017e+04
2.514605276888498206e-02 1.164222455377571168e+04
2.598680906003840441e-02 1.139853554152976358e+04
2.685567597147924673e-02 1.114243944651908714e+04
2.775359337957988490e-02 1.087517872708913819e+04
2.868153258540498754e-02 1.059815088293695408e+04
2.964049736539381419e-02 1.031291123199871799e+04
3.063152505717161092e-02 1.002116882578994773e+04
3.165568768166540647e-02 9.724753176473475833e+03
3.271409310273729054e-02 9.425604543063387609e+03
3.380788622559029871e-02 9.125759381078794831e+03
3.493825023524253087e-02 8.827288094294623079e+03
3.610640787640997940e-02 8.532291839967218039e+03
3.731362277618164441e-02 8.242846174120957585e+03
3.856120081091872487e-02 7.960951214545476432e+03
3.985049151885547425e-02 7.688498402826665370e+03
4.118288955993056055e-02 7.427211358364217631e+03
4.255983622442782027e-02 7.178591022020490527e+03
4.398282099205792772e-02 6.943873912544620907e+03
4.545338314316834522e-02 6.723972699225786528e+03
4.697311342382341770e-02 6.519425304368273828e+03
4.854365576655684383e-02 6.330346449772199776e+03
5.016670906865677154e-02 6.156386212453981898e+03
5.184402902990837420e-02 5.996688445912670431e+03
5.357743005178047802e-02 5.849873434808837374e+03
5.536878720011212396e-02 5.714009694212105387e+03
5.722003823342062395e-02 5.586646079402442410e+03
5.913318569902666078e-02 5.464835949029568837e+03
6.111029909926251474e-02 5.345234371192654180e+03
6.315351713010779189e-02 5.224217163571516721e+03
6.526504999467336310e-02 5.098081416243208878e+03
6.744718179403717817e-02 4.963279675413747100e+03
6.970227299801623477e-02 4.816712788268213444e+03
7.203276299854979858e-02 4.656050698355339591e+03
7.444117274845411802e-02 4.480044723007407811e+03
7.693010748840443946e-02 4.288794435628840802e+03
7.950225956509210379e-02 4.083918744561752646e+03
8.216041134360790865e-02 3.868582504730398341e+03
8.490743821719984319e-02 3.647345655599504880e+03
8.774631171766281157e-02 3.425824680677721517e+03
9.068010272972255870e-02 3.210199790824462980e+03
9.371198481289348681e-02 3.006609366487850366e+03
9.684523763440215649e-02 2.820508843631153013e+03
1.000832505168899600e-01 2.656077491693995398e+03
1.034295261047340625e-01 2.515736202621823850e+03
1.068876841529496080e-01 2.399801231854771686e+03
1.104614654427753945e-01 2.306318364874811778e+03
1.141547358281756464e-01 2.231079913583432244e+03
1.179714904176376727e-01 2.167898929654430958e+03
1.219158578957853512e-01 2.109214329227048893e+03
1.259921049894874856e-01 2.047089927644390855e+03
1.302046410832891354e-01 1.974577575233503012e+03
1.345580229891604751e-01 1.887210935727747255e+03
1.390569598757198100e-01 1.784212139662232403e+03
1.437063183622670492e-01 1.668943171997678746e+03
1.485111277831346888e-01 1.548266791280670532e+03
1.534765856280515817e-01 1.430897676281123722e+03
1.586080631644066208e-01 1.325199322370620166e+03
1.639111112474894438e-01 1.237090708490887664e+03
1.693914663249987407e-01 1.168629318947830143e+03
1.750550566423093313e-01 1.117520679588836629e+03
1.809080086552135869e-01 1.077641548339804331e+03
1.869566536570689830e-01 1.040624998858329718e+03
1.932075346275276828e-01 9.984168652962287069e+02
1.996674133102498971e-01 9.461771243192720249e+02
2.063432775272630582e-01 8.842528363245910441e+02
2.132423487378718452e-01 8.179545944121795173e+02
2.203720898503036263e-01 7.549799336318137648e+02
2.277402132945338109e-01 7.017813446753660855e+02
2.353546893650253491e-01 6.607308960451983921e+02
2.432237548424092122e-01 6.293101618144031590e+02
2.513559219034258718e-01 6.015890323119917866e+02
2.597599873287743666e-01 5.714715666206893729e+02
2.684450420188219666e-01 5.361778453472693400e+02
2.774204808274743361e-01 4.976900201360447795e+02
2.866960127248350254e-01 4.609135389387681130e+02
2.962816712996577673e-01 4.299181262142431592e+02
3.061878256129444420e-01 4.051624530490906864e+02
3.164251914144354805e-01 3.836194714166754807e+02
3.270048427341168962e-01 3.615359995278697625e+02
3.379382238612947953e-01 3.375780592668526197e+02
3.492371617241852855e-01 3.135524624127501738e+02
3.609138786834163448e-01 2.921036863554672323e+02
3.729810057532814693e-01 2.739512516259586050e+02
3.854515962650386651e-01 2.575170034757684903e+02
3.983391399870480631e-01 2.410178493914806097e+02
4.116575777170102257e-01 2.244215261501057057e+02
4.254213163620995108e-01 2.089865511101682785e+02
4.396452445232932327e-01 1.953278001667287356e+02
4.543447486007690661e-01 1.827548303319525758e+02
4.695357294377799362e-01 1.705004545742568496e+02
4.852346195210218704e-01 1.587376485862089908e+02
5.014584007560848322e-01 1.479592105309266117e+02
5.182246228372336949e-01 1.380653619372873777e+02
5.355514222313770833e-01 1.286675159087106977e+02
5.534575417967635413e-01 1.197611386985272759e+02
5.719623510576314906e-01 1.115204916908657111e+02
5.910858671567322808e-01 1.038611154395317016e+02
6.108487765084068544e-01 9.664205690710657848e+01
6.312724571756275216e-01 8.989328166201839565e+01
6.523790019952193653e-01 8.362238171360874617e+01
6.741912424762606104e-01 7.775548339211884752e+01
6.967327734975364839e-01 7.227160011871649203e+01
7.200279788307419881e-01 6.716232775444008496e+01
7.441020575170596008e-01 6.240106051396229248e+01
7.689810511256225389e-01 5.796211218218439853e+01
7.946918719233755368e-01 5.382333827203361665e+01
8.212623319867858873e-01 4.996627031849276079e+01
8.487211732869031078e-01 4.637356276235132668e+01
8.770980987803161932e-01 4.302856831856554010e+01
9.064238045396205701e-01 3.991524048537403502e+01
9.367300129581793700e-01 3.701844633515560901e+01
9.680495070650749767e-01 3.432389479256126208e+01
1.000416165987385808e+00 3.181804735272452689e+01
1.033865001598128330e+00 2.948821674596318587e+01
1.068432196389532240e+00 2.732260388202802659e+01
1.104155142612600837e+00 2.531031100438246284e+01
1.141072482725305592e+00 2.344111746725435808e+01
1.179224151193147607e+00 2.170537055974739715e+01
1.218651417687333982e+00 2.009389744581806525e+01
1.259396931727273516e+00 1.859811090540929968e+01
1.301504768815691548e+00 1.721002354990653771e+01
1.345020478116276896e+00 1.592225259670457049e+01
1.389991131725407447e+00 1.472789899926169177e+01
1.436465375591293947e+00 1.362048628410028961e+01
1.484493482135585296e+00 1.259390493275218859e+01
1.534127404634392455e+00 1.164244667540916289e+01
1.585420833417506836e+00 1.076079931054790428e+01
1.638429253946665609e+00 9.944038358865467941e+00
1.693210006835640158e+00 9.187574459105796620e+00
1.749822349877109051e+00 8.487122637574133321e+00
1.808327522143368116e+00 7.838676423409081551e+00
1.868788810230267217e+00 7.238500773933300714e+00
1.931271616715998229e+00 6.683117780713605072e+00
1.995843530908793184e+00 6.169289894356883686e+00
2.062574401960084458e+00 5.694004224908582046e+00
2.131536414422164238e+00 5.254457857392481834e+00
2.202804166332139602e+00 4.848044294456700598e+00
2.276454749906602792e+00 4.472340003076467063e+00
2.352567834934338631e+00 4.125091976948839445e+00
2.431225754957225149e+00 3.804206003017822191e+00
2.512513596332623944e+00 3.507736336979413228e+00
2.596519290273538783e+00 3.233875790112696880e+00
2.683333707966161441e+00 2.980946093914496497e+00
2.773050758867611432e+00 2.747389306884785221e+00
2.865767492290306695e+00 2.531759648774010607e+00
2.961584202382770314e+00 2.332715611240989251e+00
3.060604536620467719e+00 2.149012870543336895e+00
3.162935607924048931e+00 1.979497580729608908e+00
3.268688110526199786e+00 1.823099800472175458e+00
3.377976439712552459e+00 1.678827814032030963e+00
3.490918815566087297e+00 1.545762796062252198e+00
3.607637410848952619e+00 1.423053764101587015e+00
3.728258483159945236e+00 1.309912652247423370e+00
3.852912511510727001e+00 1.205609715740206367e+00
3.981734337468417539e+00 1.109469241879135204e+00
4.114863311017320058e+00 1.020865756211691622e+00
4.252443441297450555e+00 9.392204957861507442e-01
4.394623552383071896e+00 8.639979641441445368e-01
4.541557444269631816e+00 7.947028304480531213e-01
4.693404059243289517e+00 7.308770608836051563e-01
4.850327653813030437e+00 6.720971645756220747e-01
5.012497976391239618e+00 6.179716736901553764e-01
5.180090450915090017e+00 5.681388143765400134e-01
5.353286366607249214e+00 5.222643210604346331e-01
5.532273074081278885e+00 4.800393979994995175e-01
5.717244188003695271e+00 4.411788219581794235e-01
5.908399796532135539e+00 4.054191605513621788e-01
6.105946677756002750e+00 3.725171565276528818e-01
6.310098523373801171e+00 3.422482515139616543e-01
6.521076169849157722e+00 3.144051553285613365e-01
6.739107837295406966e+00 2.887965529249729713e-01
6.964429376347387013e+00 2.652459372730660569e-01
7.197284523287298619e+00 2.435905091258319111e-01
7.437925163700752407e+00 2.236801350456595061e-01
7.686611604948010879e+00 2.053763566923705874e-01
7.943612857745410594e+00 1.885514784729960813e-01
8.209206927161357470e+00 1.730877460598157502e-01
8.483681113341843272e+00 1.588766217155649085e-01
8.767332322290526392e+00 1.458180736203804895e-01
9.060467387039910392e+00 1.338199204017452015e-01
9.363403399560734641e+00 1.227972359838515187e-01
9.676468053768756405e+00 1.126718006757725238e-01
1.000000000000001243e+01 1.033715859641911455e-01
