2.000000000000000164e-05 8.867442962959122710e+00
2.066869842267550072e-05 9.152597521527802371e+00
2.135975472437544027e-05 9.446919305202358785e+00
2.207391643902171255e-05 9.750705758861345274e+00
2.281195609427394449e-05 1.006426243467705817e+01
2.357467204719313169e-05 1.038789998247086110e+01
2.436288934784564352e-05 1.072194602554140452e+01
2.517746063178175121e-05 1.106673248210385729e+01
2.601926704235410016e-05 1.142260824479544468e+01
2.688921918387384303e-05 1.178992317745568918e+01
2.778825810663545582e-05 1.216905012896722127e+01
2.871735632487579741e-05 1.256037002154218385e+01
2.967751886876853870e-05 1.296427316803709573e+01
3.066978437159193627e-05 1.338116138404332389e+01
3.169522619324599853e-05 1.381145615921331782e+01
3.275495358133433647e-05 1.425558777056492765e+01
3.385011287106671010e-05 1.471399836853811927e+01
3.498188872528021299e-05 1.518715080944194895e+01
3.615150541592045298e-05 1.567551170510402159e+01
3.736022814836899319e-05 1.617957969471678226e+01
3.860936443004954884e-05 1.669985370411808390e+01
3.990026548479344494e-05 1.723685753150640565e+01
4.123432771449419843e-05 1.779112600369458974e+01
4.261299420963254024e-05 1.836321502595490074e+01
4.403775631030562105e-05 1.895369727716939323e+01
4.551015521944909301e-05 1.956316518307190933e+01
4.703178366999723984e-05 2.019223042051223516e+01
4.860428764778435972e-05 2.084151671183352050e+01
5.022936817205134787e-05 2.151167985780434933e+01
5.190878313548323190e-05 2.220338662421471554e+01
5.364434920576834987e-05 2.291733151868266205e+01
5.543794379073590958e-05 2.365423083519645076e+01
5.729150706919781900e-05 2.441481473094895449e+01
5.920704408969155763e-05 2.519985464641809614e+01
6.118662693939432690e-05 2.601012952226274777e+01
6.323239698555469304e-05 2.684644530872317603e+01
6.534656719186627638e-05 2.770965006480821913e+01
6.753142451228926792e-05 2.860059915064423919e+01
6.978933236490913268e-05 2.952018949093455547e+01
7.212273318850868345e-05 3.046932953647505471e+01
7.453415108461877573e-05 3.144898315897517804e+01
7.702619454790587906e-05 3.246012403137508784e+01
7.960155928784993205e-05 3.350374881727636023e+01
8.226303114476471348e-05 3.458091991205044025e+01
8.501348910331518868e-05 3.569270646365695399e+01
8.785590840679157983e-05 3.684022016960781087e+01
9.079336377550881697e-05 3.802460802105351689e+01
9.382903273281309529e-05 3.924704193423677623e+01
9.696619904229312483e-05 4.050875666345692139e+01
1.002082562599141270e-04 4.181101907457298239e+01
1.035587114049174785e-04 4.315509374369751328e+01
1.070211887534562421e-04 4.454235866138940025e+01
1.105994337590709140e-04 4.597417824125962937e+01
1.142973171042456330e-04 4.745198867353271766e+01
1.181188388874281471e-04 4.897725374314929780e+01
1.220681329500424115e-04 5.055149245254652612e+01
1.261494713481742377e-04 5.217628238643803229e+01
1.303672689737678670e-04 5.385324377638551852e+01
1.347260883303314362e-04 5.558402800507347052e+01
1.392306444683180742e-04 5.737037356303795121e+01
1.438858100855209437e-04 5.921405677491247133e+01
1.486966207979997041e-04 6.111689345527055650e+01
1.536682805872396744e-04 6.308079119480981234e+01
1.588061674294368483e-04 6.510769376912568873e+01
1.641158391129971276e-04 6.719959788895300790e+01
1.696030392505434848e-04 6.935859678690623298e+01
1.752737034919339915e-04 7.158681272032883669e+01
1.811339659450114388e-04 7.388646962893442094e+01
1.871901658110307874e-04 7.625982130767864930e+01
1.934488542419408646e-04 7.870923360875161734e+01
1.999168014269393128e-04 8.123710475295128219e+01
2.066010039159656652e-04 8.384594401522410578e+01
2.135086921880547338e-04 8.653830670206572506e+01
2.206473384727377968e-04 8.931686590702419437e+01
2.280246648329511538e-04 9.218432303410772022e+01
2.356486515181963309e-04 9.514352276594991054e+01
2.435275455969876748e-04 9.819732176682821034e+01
2.516698698779247295e-04 1.013487561810429725e+02
2.600844321290405573e-04 1.046009001521169495e+02
2.687803346053976817e-04 1.079568695131234506e+02
2.777669838952388651e-04 1.114200097580192192e+02
2.870541010953427292e-04 1.149936525846160862e+02
2.966517323265922064e-04 1.186812648442098492e+02
3.065702596011295341e-04 1.224864200222950359e+02
3.168204120528543403e-04 1.264127878899769257e+02
3.274132775434116785e-04 1.304641647976067702e+02
3.383603146562264279e-04 1.346444189843854247e+02
3.496733650915567022e-04 1.389575827006762268e+02
3.613646664759745386e-04 1.434077518130464171e+02
3.734468656001317080e-04 1.479991932317092562e+02
3.859330320991275886e-04 1.527362596698559400e+02
3.988366725902805230e-04 1.576234016090917578e+02
4.121717452835938129e-04 1.626652754518129882e+02
4.259526750807212541e-04 1.678665995531318629e+02
4.401943691787655547e-04 1.732321914642822662e+02
4.549122331957894719e-04 1.787670731682422627e+02
4.701221878354804149e-04 1.844763853697431273e+02
4.858406861089974399e-04 1.903653908697307031e+02
5.020847311326308640e-04 1.964394582243607204e+02
5.188718945205230424e-04 2.027041350817156058e+02
5.362203353923492141e-04 2.091651303129222015e+02
5.541488200165187389e-04 2.158281864761438840e+02
5.726767421101455150e-04 2.226993098962313411e+02
5.918241438177454907e-04 2.297846074122010691e+02
6.116117373913557359e-04 2.370902321378320323e+02
6.320609275955268004e-04 2.446226944556067338e+02
6.531938348614238542e-04 2.523884490913731895e+02
6.750333192150836329e-04 2.603940966588465926e+02
6.976030050057104547e-04 2.686465402209009312e+02
7.209273064607610694e-04 2.771526848291139231e+02
7.450314540954613768e-04 2.859195798229484353e+02
7.699415220053250396e-04 2.949544619550461562e+02
7.956844560711916160e-04 3.042648071898609601e+02
8.222881031073025473e-04 3.138578731907001611e+02
8.497812409839368810e-04 3.237413255666428995e+02
8.781936097571961097e-04 3.339229150180581200e+02
9.075559438396131216e-04 3.444104762379122349e+02
9.379000052463793693e-04 3.552119468828793742e+02
9.692586179531593148e-04 3.663353040482223832e+02
1.001665703402655023e-03 3.777888350926282897e+02
1.035156317198330069e-03 3.895805480513626549e+02
1.069766687024985286e-03 4.017189159626126980e+02
1.105534251837205851e-03 4.142122701345046494e+02
1.142497702358069404e-03 4.270689626240964571e+02
1.180697022931930960e-03 4.402974179444121887e+02
1.220173534776542454e-03 4.539062692022045553e+02
1.260969940681316284e-03 4.679036750422638988e+02
1.303130371200056587e-03 4.822985156007362093e+02
1.346700432388157767e-03 4.970987806958077044e+02
1.391727255135877424e-03 5.123132175530993209e+02
1.438259546151070007e-03 5.279497510072527575e+02
1.486347640646530459e-03 5.440167435737605501e+02
1.536043556788919398e-03 5.605220838254047067e+02
1.587401051968200579e-03 5.774736178452621971e+02
1.640475680948428249e-03 5.948788065354295895e+02
1.695324855962815390e-03 6.127449207412556689e+02
1.752007908818060174e-03 6.310788929130892484e+02
1.810586155075142928e-03 6.498873607373845971e+02
1.871122960375984270e-03 6.691765388851255238e+02
1.933683808987751848e-03 6.889516509673215978e+02
1.998336374638913938e-03 7.092183179449826866e+02
2.065150593723721201e-03 7.299806700264484789e+02
2.134198740954243185e-03 7.512426013852542610e+02
2.205555507541849362e-03 7.730070441397066361e+02
2.279298081992675151e-03 7.952765835785060062e+02
2.355506233604463730e-03 8.180525466726041941e+02
2.434262398755145627e-03 8.413354875653787985e+02
2.515651770076436904e-03 8.651249583069311484e+02
2.599762388608985089e-03 8.894199625082504781e+02
2.686685239038679764e-03 9.142180103221611489e+02
2.776514348117217236e-03 9.395154168041190132e+02
2.869346886373309435e-03 9.653078143107715050e+02
2.965283273224645581e-03 9.915889199070859377e+02
3.064427285604211931e-03 1.018352170753075029e+03
3.166886170218578649e-03 1.045588532479123842e+03
3.272770759559481216e-03 1.073288506920963528e+03
3.382195591794276077e-03 1.101439899964269216e+03
3.495279034664920681e-03 1.130030083719325376e+03
3.612143413529477973e-03 1.159043774237323987e+03
3.732915143684721951e-03 1.188464066451889721e+03
3.857724867112893516e-03 1.218272634440479806e+03
3.986707593800617976e-03 1.248449195636052536e+03
4.120002847782761740e-03 1.278970574113905741e+03
4.257754818069308354e-03 1.309813316054664483e+03
4.400112514618404608e-03 1.340950231452006847e+03
4.547229929524409554e-03 1.372353693748685828e+03
4.699266203595197679e-03 1.403993969086407787e+03
4.856385798499019031e-03 1.435838534269762022e+03
5.018758674667020935e-03 1.467854966487667298e+03
5.186560475143959549e-03 1.500007372386668294e+03
5.359972715585955248e-03 1.532259352289382832e+03
5.539182980610755057e-03 1.564571674011415098e+03
5.724385126713026593e-03 1.596902985709938548e+03
5.915779491964028892e-03 1.629209932750948155e+03
6.113573112722652143e-03 1.661446213981364735e+03
6.317979947592099882e-03 1.693563860292287927e+03
6.529221108864616957e-03 1.725510837482224133e+03
6.747525101704480652e-03 1.757233583620340369e+03
6.973128071328140755e-03 1.788676586327143696e+03
7.206274058448705437e-03 1.819781307249098973e+03
7.447215263261310406e-03 1.850487526231628635e+03
7.696212318254701257e-03 1.880732226166480359e+03
7.953534570144332738e-03 1.910448990007740804e+03
8.219460371231864307e-03 1.939568808469112810e+03
8.494277380506187053e-03 1.968018329664161911e+03
8.778282874811823774e-03 1.995720437741912519e+03
9.071784070421121463e-03 2.022596142587828581e+03
9.375098455358292851e-03 2.048563946447520721e+03
9.688554132834568261e-03 2.073540239917895633e+03
1.001249017616620725e-02 2.097439220436324831e+03
1.034725699555901803e-02 2.120170680501046718e+03
1.069321671715643858e-02 2.141642301507398315e+03
1.105074357476093505e-02 2.161758176822023870e+03
1.142022431465263173e-02 2.180420937391583720e+03
1.180205861394306721e-02 2.197533277606563843e+03
1.219665951291643881e-02 2.212995766665350857e+03
1.260445386182631328e-02 2.226708153250892792e+03
1.302588278263077520e-02 2.238566920531039614e+03
1.346140214616583890e-02 2.248470974489664513e+03
1.391148306527291781e-02 2.256317411776207791e+03
1.437661240441416924e-02 2.262008275609922293e+03
1.485729330632660182e-02 2.265444987827690056e+03
1.535404573628500365e-02 2.266532089361397084e+03
1.586740704456205894e-02 2.265177058245944409e+03
1.639793254769450481e-02 2.261294161688539134e+03
1.694619612918364313e-02 2.254804878868561445e+03
1.751279086028037155e-02 2.245636126366793633e+03
1.809832964152614798e-02 2.233725075303221274e+03
1.870344586574363213e-02 2.219020221719521942e+03
1.932879410319460894e-02 2.201483611596310311e+03
1.997505080964588620e-02 2.181090582912345326e+03
2.064291505810955316e-02 2.157833556006949493e+03
2.133310929504865505e-02 2.131725455956062433e+03
2.204638012186681956e-02 2.102796007016373096e+03
2.278349910252664909e-02 2.071101663772261418e+03
2.354526359817107548e-02 2.036720044103655027e+03
2.433249762964985810e-02 1.999757145566363306e+03
2.514605276888498206e-02 1.960344484311322503e+03
2.598680906003840441e-02 1.918643506702708919e+03
2.685567597147924673e-02 1.874843781752917948e+03
2.775359337957988490e-02 1.829164736638822660e+03
2.868153258540498754e-02 1.781853954452234575e+03
2.964049736539381419e-02 1.733185998335550266e+03
3.063152505717161092e-02 1.683461368049648172e+03
3.165568768166540647e-02 1.633003158546500799e+03
3.271409310273729054e-02 1.582151168268193487e+03
3.380788622559029871e-02 1.531262392954131656e+03
3.493825023524253087e-02 1.480699620487288939e+03
3.610640787640997940e-02 1.430828348928988589e+03
3.731362277618164441e-02 1.382009746089387590e+03
3.856120081091872487e-02 1.334590841991012439e+03
3.985049151885547425e-02 1.288897468465831935e+03
4.118288955993056055e-02 1.245225838549465152e+03
4.255983622442782027e-02 1.203831753153128147e+03
4.398282099205792772e-02 1.164923935340715161e+03
4.545338314316834522e-02 1.128652642132792607e+03
4.697311342382341770e-02 1.095101534337576368e+03
4.854365576655684383e-02 1.064279710196579572e+03
5.016670906865677154e-02 1.036112414744753096e+03
5.184402902990837420e-02 1.010435408523803630e+03
5.357743005178047802e-02 9.869905001880000555e+02
5.536878720011212396e-02 9.654210310515442188e+02
5.722003823342062395e-02 9.452769943900469798e+02
5.913318569902666078e-02 9.260196465280412212e+02
6.111029909926251474e-02 9.070385525194060392e+02
6.315351713010779189e-02 8.876740810642911583e+02
6.526504999467336310e-02 8.672531757119234044e+02
6.744718179403717817e-02 8.451332386997810318e+02
6.970227299801623477e-02 8.207571197718991698e+02
7.203276299854979858e-02 7.937089100628822962e+02
7.444117274845411802e-02 7.637747581767104066e+02
7.693010748840443946e-02 7.309889736330072765e+02
7.950225956509210379e-02 6.956657869445987217e+02
8.216041134360790865e-02 6.584004101580536599e+02
8.490743821719984319e-02 6.200411545619264189e+02
8.774631171766281157e-02 5.816241195341157209e+02
9.068010272972255870e-02 5.442807454361368400e+02
9.371198481289348681e-02 5.091267196765832068e+02
9.684523763440215649e-02 4.771455895896949642e+02
1.000832505168899600e-01 4.490828534584723002e+02
1.034295261047340625e-01 4.253612954889496791e+02
1.068876841529496080e-01 4.060216610539743556e+02
1.104614654427753945e-01 3.906941316255578158e+02
1.141547358281756464e-01 3.786025773310277032e+02
1.179714904176376727e-01 3.686133319436501097e+02
1.219158578957853512e-01 3.593435595225971042e+02
1.259921049894874856e-01 3.493442088989567651e+02
1.302046410832891354e-01 3.373499815278099163e+02
1.345580229891604751e-01 3.225554498868378914e+02
1.390569598757198100e-01 3.048370504948729263e+02
1.437063183622670492e-01 2.848329960158645804e+02
1.485111277831346888e-01 2.638198434713769416e+02
1.534765856280515817e-01 2.434027179783812755e+02
1.586080631644066208e-01 2.251086094210503745e+02
1.639111112474894438e-01 2.100060347610544227e+02
1.693914663249987407e-01 1.984538589196738485e+02
1.750550566423093313e-01 1.900189791690111178e+02
1.809080086552135869e-01 1.835748206116082599e+02
1.869566536570689830e-01 1.775895060914706676e+02
1.932075346275276828e-01 1.705927759295156818e+02
1.996674133102498971e-01 1.617086900210702254e+02
2.063432775272630582e-01 1.510168168972113563e+02
2.132423487378718452e-01 1.395053109422099453e+02
2.203720898503036263e-01 1.285902650738942725e+02
2.277402132945338109e-01 1.194472165577425216e+02
2.353546893650253491e-01 1.124985631566281796e+02
2.432237548424092122e-01 1.072740847266556017e+02
2.513559219034258718e-01 1.026856563264940689e+02
2.597599873287743666e-01 9.762073162938011706e+01
2.684450420188219666e-01 9.157936538388484848e+01
2.774204808274743361e-01 8.493510017584107175e+01
2.866960127248350254e-01 7.859129992464067982e+01
2.962816712996577673e-01 7.328964880370773471e+01
3.061878256129444420e-01 6.910745313496222764e+01
3.164251914144354805e-01 6.548708636250897541e+01
3.270048427341168962e-01 6.174356958896461123e+01
3.379382238612947953e-01 5.763877069982215318e+01
3.492371617241852855e-01 5.350880346900918028e+01
3.609138786834163448e-01 4.983812436556949876e+01
3.729810057532814693e-01 4.675523280416689431e+01
3.854515962650386651e-01 4.396949661600573478e+01
3.983391399870480631e-01 4.115645273768367218e+01
4.116575777170102257e-01 3.831377565156680731e+01
4.254213163620995108e-01 3.567338799983875219e+01
4.396452445232932327e-01 3.334682118976733278e+01
4.543447486007690661e-01 3.120696371123306534e+01
4.695357294377799362e-01 2.911464512493923351e+01
4.852346195210218704e-01 2.710332072638850676e+01
5.014584007560848322e-01 2.526360918554213342e+01
5.182246228372336949e-01 2.357695650553474920e+01
5.355514222313770833e-01 2.197276173249752773e+01
5.534575417967635413e-01 2.045118039736273374e+01
5.719623510576314906e-01 1.904453340366446312e+01
5.910858671567322808e-01 1.773748489211045154e+01
6.108487765084068544e-01 1.650473263110260191e+01
6.312724571756275216e-01 1.535228222947177024e+01
6.523790019952193653e-01 1.428177844887324000e+01
6.741912424762606104e-01 1.328001806915887428e+01
6.967327734975364839e-01 1.234352381929628528e+01
7.200279788307419881e-01 1.147106412837367628e+01
7.441020575170596008e-01 1.065805396665607141e+01
7.689810511256225389e-01 9.900060186405436724e+00
7.946918719233755368e-01 9.193284089444842877e+00
8.212623319867858873e-01 8.534587131829820095e+00
8.487211732869031078e-01 7.921021758668793211e+00
8.770980987803161932e-01 7.349752891111654307e+00
9.064238045396205701e-01 6.818040236528022824e+00
9.367300129581793700e-01 6.323299095851839802e+00
9.680495070650749767e-01 5.863089470785568302e+00
1.000416165987385808e+00 5.435101153643540961e+00
1.033865001598128330e+00 5.037169144328771608e+00
1.068432196389532240e+00 4.667279720053905123e+00
1.104155142612600837e+00 4.323572637227621307e+00
1.141072482725305592e+00 4.004303122011855010e+00
1.179224151193147607e+00 3.707823287005016510e+00
1.218651417687333982e+00 3.432567114205804959e+00
1.259396931727273516e+00 3.177068505239705409e+00
1.301504768815691548e+00 2.939963689797584934e+00
1.345020478116276896e+00 2.719992011064685133e+00
1.389991131725407447e+00 2.515975380741207967e+00
1.436465375591293947e+00 2.326807895481215471e+00
1.484493482135585296e+00 2.151446415108716703e+00
1.534127404634392455e+00 1.988916281391687191e+00
1.585420833417506836e+00 1.838310376007103342e+00
1.638429253946665609e+00 1.698787626959403330e+00
1.693210006835640158e+00 1.569564169277249510e+00
1.749822349877109051e+00 1.449908152108339010e+00
1.808327522143368116e+00 1.339135368515287805e+00
1.868788810230267217e+00 1.236607963860097303e+00
1.931271616715998229e+00 1.141731962888641538e+00
1.995843530908793184e+00 1.053954376224886857e+00
2.062574401960084458e+00 9.727605707743852692e-01
2.131536414422164238e+00 8.976717854039005795e-01
2.202804166332139602e+00 8.282428382526330068e-01
2.276454749906602792e+00 7.640597977149503617e-01
2.352567834934338631e+00 7.047378432819377814e-01
2.431225754957225149e+00 6.499192469922219217e-01
2.512513596332623944e+00 5.992716323904894171e-01
2.596519290273538783e+00 5.524862927123019851e-01
2.683333707966161441e+00 5.092765509932589696e-01
2.773050758867611432e+00 4.693762850571081002e-01
2.865767492290306695e+00 4.325385288911782200e-01
2.961584202382770314e+00 3.985341245237557506e-01
3.060604536620467719e+00 3.671505129041378601e-01
3.162935607924048931e+00 3.381905896789801913e-01
3.268688110526199786e+00 3.114715854296590813e-01
3.377976439712552459e+00 2.868240930859974891e-01
3.490918815566087297e+00 2.640911545369342139e-01
3.607637410848952619e+00 2.431273965511777657e-01
3.728258483159945236e+00 2.237981916407350280e-01
3.852912511510727001e+00 2.059788751155333386e-01
3.981734337468417539e+00 1.895540123771925212e-01
4.114863311017320058e+00 1.744167509392349769e-01
4.252443441297450555e+00 1.604682181599196567e-01
4.394623552383071896e+00 1.476169338797470865e-01
4.541557444269631816e+00 1.357782799321951561e-01
4.693404059243289517e+00 1.248740091538863978e-01
4.850327653813030437e+00 1.148317760327763476e-01
5.012497976391239618e+00 1.055847057323988231e-01
5.180090450915090017e+00 9.707099515773966181e-02
5.353286366607249214e+00 8.923353754858387443e-02
5.532273074081278885e+00 8.201957552011700237e-02
5.717244188003695271e+00 7.538037960319614317e-02
5.908399796532135539e+00 6.927094597653843389e-02
6.105946677756002750e+00 6.364971945471632753e-02
6.310098523373801171e+00 5.847833855320797719e-02
6.521076169849157722e+00 5.372139101721904592e-02
6.739107837295406966e+00 4.934619310873163134e-02
6.964429376347387013e+00 4.532259048013067421e-02
7.197284523287298619e+00 4.162276953534239932e-02
7.437925163700752407e+00 3.822107962388106295e-02
7.686611604948010879e+00 3.509386502158345217e-02
7.943612857745410594e+00 3.221931013803533417e-02
8.209206927161357470e+00 2.957729909130954113e-02
8.483681113341843272e+00 2.714929013745650058e-02
8.767332322290526392e+00 2.491819365580022830e-02
9.060467387039910392e+00 2.286826019801904003e-02
9.363403399560734641e+00 2.098497995158572424e-02
9.676468053768756405e+00 1.925498972785989402e-02
1.000000000000001243e+01 1.766598511945514580e-02
