2.000000000000000164e-05 1.553146278732819141e+01
2.066869842267550072e-05 1.603091469394499313e+01
2.135975472437544027e-05 1.654642290513797320e+01
2.207391643902171255e-05 1.707851078789016341e+01
2.281195609427394449e-05 1.762770963970767468e+01
2.357467204719313169e-05 1.819456681698743239e+01
2.436288934784564352e-05 1.877965035641228297e+01
2.517746063178175121e-05 1.938355149152783596e+01
2.601926704235410016e-05 2.000686846282909670e+01
2.688921918387384303e-05 2.065023068884158164e+01
2.778825810663545582e-05 2.131427988100641713e+01
2.871735632487579741e-05 2.199967844090697966e+01
2.967751886876853870e-05 2.270712034859096207e+01
3.066978437159193627e-05 2.343730744918562792e+01
3.169522619324599853e-05 2.419097281990355341e+01
3.275495358133433647e-05 2.496887359228447423e+01
3.385011287106671010e-05 2.577178965540684530e+01
3.498188872528021299e-05 2.660051811402943756e+01
3.615150541592045298e-05 2.745589307107935539e+01
3.736022814836899319e-05 2.833877283502388877e+01
3.860936443004954884e-05 2.925003884331199089e+01
3.990026548479344494e-05 3.019060754166945415e+01
4.123432771449419843e-05 3.116141168800783134e+01
4.261299420963254024e-05 3.216343323142475441e+01
4.403775631030562105e-05 3.319767530772346475e+01
4.551015521944909301e-05 3.426516590977108478e+01
4.703178366999723984e-05 3.536697041624731241e+01
4.860428764778435972e-05 3.650420894082500922e+01
5.022936817205134787e-05 3.767800350106057294e+01
5.190878313548323190e-05 3.888953619105468107e+01
5.364434920576834987e-05 4.014002405565444320e+01
5.543794379073590958e-05 4.143069998792407915e+01
5.729150706919781900e-05 4.276287562290058730e+01
5.920704408969155763e-05 4.413787956090337161e+01
6.118662693939432690e-05 4.555707535949480302e+01
6.323239698555469304e-05 4.702190309264768331e+01
6.534656719186627638e-05 4.853381226905433010e+01
6.753142451228926792e-05 5.009430664803571176e+01
6.978933236490913268e-05 5.170497384597569379e+01
7.212273318850868345e-05 5.336740140881317984e+01
7.453415108461877573e-05 5.508326448294130273e+01
7.702619454790587906e-05 5.685427559358436866e+01
7.960155928784993205e-05 5.868219784373619063e+01
8.226303114476471348e-05 6.056887031595940840e+01
8.501348910331518868e-05 6.251616009040643007e+01
8.785590840679157983e-05 6.452603148108190112e+01
9.079336377550881697e-05 6.660047982850700521e+01
9.382903273281309529e-05 6.874158292074740473e+01
9.696619904229312483e-05 7.095147432422619715e+01
1.002082562599141270e-04 7.323234686680170569e+01
1.035587114049174785e-04 7.558651402309894252e+01
1.070211887534562421e-04 7.801628770337093499e+01
1.105994337590709140e-04 8.052411830433965179e+01
1.142973171042456330e-04 8.311246054499163449e+01
1.181188388874281471e-04 8.578395604311756983e+01
1.220681329500424115e-04 8.854121875724324298e+01
1.261494713481742377e-04 9.138701583823714714e+01
1.303672689737678670e-04 9.432417577725196622e+01
1.347260883303314362e-04 9.735563062355802799e+01
1.392306444683180742e-04 1.004843528790882488e+02
1.438858100855209437e-04 1.037135091412797294e+02
1.486966207979997041e-04 1.070462810977221153e+02
1.536682805872396744e-04 1.104859846576602820e+02
1.588061674294368483e-04 1.140360134421160012e+02
1.641158391129971276e-04 1.176999046366708512e+02
1.696030392505434848e-04 1.214813021645361744e+02
1.752737034919339915e-04 1.253839427298520093e+02
1.811339659450114388e-04 1.294116491849369197e+02
1.871901658110307874e-04 1.335684687588199893e+02
1.934488542419408646e-04 1.378584536790194477e+02
1.999168014269393128e-04 1.422858640016202685e+02
2.066010039159656652e-04 1.468550638820948109e+02
2.135086921880547338e-04 1.515705556716858098e+02
2.206473384727377968e-04 1.564369514089457027e+02
2.280246648329511538e-04 1.614590567575538671e+02
2.356486515181963309e-04 1.666418059001265419e+02
2.435275455969876748e-04 1.719902423864853063e+02
2.516698698779247295e-04 1.775096507462330635e+02
2.600844321290405573e-04 1.832053716836215926e+02
2.687803346053976817e-04 1.890829871063287442e+02
2.777669838952388651e-04 1.951482053876865166e+02
2.870541010953427292e-04 2.014069098304156000e+02
2.966517323265922064e-04 2.078651995734571756e+02
3.065702596011295341e-04 2.145292878571142694e+02
3.168204120528543403e-04 2.214056509213360471e+02
3.274132775434116785e-04 2.285008425101949854e+02
3.383603146562264279e-04 2.358217470153321074e+02
3.496733650915567022e-04 2.433753031157183671e+02
3.613646664759745386e-04 2.511687896411614247e+02
3.734468656001317080e-04 2.592095828243980691e+02
3.859330320991275886e-04 2.675053280474637631e+02
3.988366725902805230e-04 2.760638599985622363e+02
4.121717452835938129e-04 2.848931686956580620e+02
4.259526750807212541e-04 2.940016507060826143e+02
4.401943691787655547e-04 3.033976995096280689e+02
4.549122331957894719e-04 3.130901642663985740e+02
4.701221878354804149e-04 3.230878932808327590e+02
4.858406861089974399e-04 3.334001709612479658e+02
5.020847311326308640e-04 3.440363656654337206e+02
5.188718945205230424e-04 3.550062213901134669e+02
5.362203353923492141e-04 3.663195722362742686e+02
5.541488200165187389e-04 3.779867355431298392e+02
5.726767421101455150e-04 3.900178532095305854e+02
5.918241438177454907e-04 4.024238529740648573e+02
6.116117373913557359e-04 4.152154984129148829e+02
6.320609275955268004e-04 4.284040050970902485e+02
6.531938348614238542e-04 4.420007320791295342e+02
6.750333192150836329e-04 4.560172827171397216e+02
6.976030050057104547e-04 4.704656053111241363e+02
7.209273064607610694e-04 4.853577832691220237e+02
7.450314540954613768e-04 5.007063294038664480e+02
7.699415220053250396e-04 5.165235739956605130e+02
7.956844560711916160e-04 5.328227880372897971e+02
8.222881031073025473e-04 5.496165616900980240e+02
8.497812409839368810e-04 5.669183908270744041e+02
8.781936097571961097e-04 5.847416241583287047e+02
9.075559438396131216e-04 6.031001058102746128e+02
9.379000052463793693e-04 6.220076029684954619e+02
9.692586179531593148e-04 6.414781812509523888e+02
1.001665703402655023e-03 6.615260910689493130e+02
1.035156317198330069e-03 6.821655691904159085e+02
1.069766687024985286e-03 7.034111775376749165e+02
1.105534251837205851e-03 7.252775845977427025e+02
1.142497702358069404e-03 7.477792697855554707e+02
1.180697022931930960e-03 7.709310155468638186e+02
1.220173534776542454e-03 7.947475321352657147e+02
1.260969940681316284e-03 8.192436184487499986e+02
1.303130371200056587e-03 8.444341759093931614e+02
1.346700432388157767e-03 8.703335888440176404e+02
1.391727255135877424e-03 8.969564599986111944e+02
1.438259546151070007e-03 9.243170988137867425e+02
1.486347640646530459e-03 9.524296603493635303e+02
1.536043556788919398e-03 9.813076835150221768e+02
1.587401051968200579e-03 1.010965171460724719e+03
1.640475680948428249e-03 1.041414756477907076e+03
1.695324855962815390e-03 1.072669369282042453e+03
1.752007908818060174e-03 1.104740866953664863e+03
1.810586155075142928e-03 1.137640339413909260e+03
1.871122960375984270e-03 1.171378681362648877e+03
1.933683808987751848e-03 1.205965754068331307e+03
1.998336374638913938e-03 1.241410500458140859e+03
2.065150593723721201e-03 1.277720333003100450e+03
2.134198740954243185e-03 1.314902319894213861e+03
2.205555507541849362e-03 1.352962192274182144e+03
2.279298081992675151e-03 1.391904035765931894e+03
2.355506233604463730e-03 1.431730339530568017e+03
2.434262398755145627e-03 1.472442907093301528e+03
2.515651770076436904e-03 1.514040879983132527e+03
2.599762388608985089e-03 1.556522653831259959e+03
2.686685239038679764e-03 1.599883446541422700e+03
2.776514348117217236e-03 1.644117642212821011e+03
2.869346886373309435e-03 1.689217030663990727e+03
2.965283273224645581e-03 1.735170858221356866e+03
3.064427285604211931e-03 1.781966347374808720e+03
3.166886170218578649e-03 1.829588316149889806e+03
3.272770759559481216e-03 1.878019177710232952e+03
3.382195591794276077e-03 1.927237473616367652e+03
3.495279034664920681e-03 1.977220462360291549e+03
3.612143413529477973e-03 2.027941909341037672e+03
3.732915143684721951e-03 2.079372380875988256e+03
3.857724867112893516e-03 2.131480376103419530e+03
3.986707593800617976e-03 2.184230465852802809e+03
4.120002847782761740e-03 2.237584373122613215e+03
4.257754818069308354e-03 2.291500842831054797e+03
4.400112514618404608e-03 2.345935111509680155e+03
4.547229929524409554e-03 2.400839553908211201e+03
4.699266203595197679e-03 2.456163936152267979e+03
4.856385798499019031e-03 2.511852444784923591e+03
5.018758674667020935e-03 2.567848974190904755e+03
5.186560475143959549e-03 2.624092921675910020e+03
5.359972715585955248e-03 2.680519325270458921e+03
5.539182980610755057e-03 2.737061133979835176e+03
5.724385126713026593e-03 2.793647163545622334e+03
5.915779491964028892e-03 2.850202382735158608e+03
6.113573112722652143e-03 2.906648836807616135e+03
6.317979947592099882e-03 2.962904250182448322e+03
6.529221108864616957e-03 3.018881653460305643e+03
6.747525101704480652e-03 3.074491278188958859e+03
6.973128071328140755e-03 3.129637623354600237e+03
7.206274058448705437e-03 3.184221376716646773e+03
7.447215263261310406e-03 3.238140117063111120e+03
7.696212318254701257e-03 3.291283488369263978e+03
7.953534570144332738e-03 3.343539230777856119e+03
8.219460371231864307e-03 3.394788738314458897e+03
8.494277380506187053e-03 3.444908399845576241e+03
8.778282874811823774e-03 3.493770736364024742e+03
9.071784070421121463e-03 3.541241292392086962e+03
9.375098455358292851e-03 3.587183134449673162e+03
9.688554132834568261e-03 3.631452565819391111e+03
1.001249017616620725e-02 3.673902773004298524e+03
1.034725699555901803e-02 3.714382045259607366e+03
1.069321671715643858e-02 3.752734121591634448e+03
1.105074357476093505e-02 3.788798167921203913e+03
1.142022431465263173e-02 3.822412176471280418e+03
1.180205861394306721e-02 3.853409246417736085e+03
1.219665951291643881e-02 3.881618592460576110e+03
1.260445386182631328e-02 3.906870916620681783e+03
1.302588278263077520e-02 3.928992201268490135e+03
1.346140214616583890e-02 3.947810402668290408e+03
1.391148306527291781e-02 3.963151792251225288e+03
1.437661240441416924e-02 3.974846269236556509e+03
1.485729330632660182e-02 3.982725297695317295e+03
1.535404573628500365e-02 3.986624291478500254e+03
1.586740704456205894e-02 3.986385459315509706e+03
1.639793254769450481e-02 3.981859035020885585e+03
1.694619612918364313e-02 3.972903504174745194e+03
1.751279086028037155e-02 3.959391910914074288e+03
1.809832964152614798e-02 3.941209803448219191e+03
1.870344586574363213e-02 3.918259519888304567e+03
1.932879410319460894e-02 3.890467800058958801e+03
1.997505080964588620e-02 3.857779597497605209e+03
2.064291505810955316e-02 3.820170491883010072e+03
2.133310929504865505e-02 3.777643193189024714e+03
2.204638012186681956e-02 3.730234819343104846e+03
2.278349910252664909e-02 3.678018762548848827e+03
2.354526359817107548e-02 3.621107037019593463e+03
2.433249762964985810e-02 3.559656469752016164e+03
2.514605276888498206e-02 3.493866716931910560e+03
2.598680906003840441e-02 3.423985037426545205e+03
2.685567597147924673e-02 3.350306772832281695e+03
2.775359337957988490e-02 3.273176633033861435e+03
2.868153258540498754e-02 3.192989134880288930e+03
2.964049736539381419e-02 3.110182186311249552e+03
3.063152505717161092e-02 3.025240614516846108e+03
3.165568768166540647e-02 2.938688600858000427e+03
3.271409310273729054e-02 2.851083299301805255e+03
3.380788622559029871e-02 2.763010698636140660e+03
3.493825023524253087e-02 2.675074126662852450e+03
3.610640787640997940e-02 2.587884955251590782e+03
3.731362277618164441e-02 2.502052237416927255e+03
3.856120081091872487e-02 2.418166732165452231e+03
3.985049151885547425e-02 2.336789607579597941e+03
4.118288955993056055e-02 2.258439311966927562e+03
4.255983622442782027e-02 2.183571065345245643e+03
4.398282099205792772e-02 2.112565678273765116e+03
4.545338314316834522e-02 2.045714322695936289e+03
4.697311342382341770e-02 1.983199166450644498e+03
4.854365576655684383e-02 1.925083244033922711e+03
5.016670906865677154e-02 1.871296068842195155e+03
5.184402902990837420e-02 1.821621996867999997e+03
5.357743005178047802e-02 1.775694074396057204e+03
5.536878720011212396e-02 1.732986486890444667e+03
5.722003823342062395e-02 1.692824629780193391e+03
5.913318569902666078e-02 1.654390603413354029e+03
6.111029909926251474e-02 1.616748902752175809e+03
6.315351713010779189e-02 1.578882575352597087e+03
6.526504999467336310e-02 1.539746874685226430e+03
6.744718179403717817e-02 1.498334690970442807e+03
6.970227299801623477e-02 1.453760284221302300e+03
7.203276299854979858e-02 1.405344327931365569e+03
7.444117274845411802e-02 1.352708314267028754e+03
7.693010748840443946e-02 1.295846168987489818e+03
7.950225956509210379e-02 1.235178047366191322e+03
8.216041134360790865e-02 1.171558784088026414e+03
8.490743821719984319e-02 1.106243044114095028e+03
8.774631171766281157e-02 1.040793697818440478e+03
9.068010272972255870e-02 9.769469769029990402e+02
9.371198481289348681e-02 9.164444417144325143e+02
9.684523763440215649e-02 8.608492379335999658e+02
1.000832505168899600e-01 8.113770076590026292e+02
1.034295261047340625e-01 7.687519207037232718e+02
1.068876841529496080e-01 7.331026744350759827e+02
1.104614654427753945e-01 7.039099480904553729e+02
1.141547358281756464e-01 6.800096926843367555e+02
1.179714904176376727e-01 6.596703355552270978e+02
1.219158578957853512e-01 6.407642481343481222e+02
1.259921049894874856e-01 6.210513751077660345e+02
1.302046410832891354e-01 5.985596068338046507e+02
1.345580229891604751e-01 5.720051682555279058e+02
1.390569598757198100e-01 5.411316133659365732e+02
1.437063183622670492e-01 5.068447699687575323e+02
1.485111277831346888e-01 4.710438206207296048e+02
1.534765856280515817e-01 4.361706099504771714e+02
1.586080631644066208e-01 4.045935386022298417e+02
1.639111112474894438e-01 3.780124699919958857e+02
1.693914663249987407e-01 3.570434886959661753e+02
1.750550566423093313e-01 3.410669115343296767e+02
1.809080086552135869e-01 3.283685597238115861e+02
1.869566536570689830e-01 3.165881239117372843e+02
1.932075346275276828e-01 3.034426340030663596e+02
1.996674133102498971e-01 2.875447959852975828e+02
2.063432775272630582e-01 2.689624656347455698e+02
2.132423487378718452e-01 2.491679179791445335e+02
2.203720898503036263e-01 2.303257362086505964e+02
2.277402132945338109e-01 2.142712450529911337e+02
2.353546893650253491e-01 2.016978359989151954e+02
2.432237548424092122e-01 1.919116716304631325e+02
2.513559219034258718e-01 1.832418920013727188e+02
2.597599873287743666e-01 1.739577210767928364e+02
2.684450420188219666e-01 1.632560776964551224e+02
2.774204808274743361e-01 1.516785779674397361e+02
2.866960127248350254e-01 1.406042181831609525e+02
2.962816712996577673e-01 1.311912650336159345e+02
3.061878256129444420e-01 1.235823994319358974e+02
3.164251914144354805e-01 1.169275623792753862e+02
3.270048427341168962e-01 1.101606194558340377e+02
3.379382238612947953e-01 1.028929498600554524e+02
3.492371617241852855e-01 9.562667389636477822e+01
3.609138786834163448e-01 8.911038947936820875e+01
3.729810057532814693e-01 8.355394925058071465e+01
3.854515962650386651e-01 7.851374468498478620e+01
3.983391399870480631e-01 7.348128822900646639e+01
4.116575777170102257e-01 6.844113955361126500e+01
4.254213163620995108e-01 6.374716830195179540e+01
4.396452445232932327e-01 5.957565100073652076e+01
4.543447486007690661e-01 5.573236891849555263e+01
4.695357294377799362e-01 5.199771143365102688e+01
4.852346195210218704e-01 4.841759291789822583e+01
5.014584007560848322e-01 4.513105530484462946e+01
5.182246228372336949e-01 4.211040541401063564e+01
5.355514222313770833e-01 3.924461128555083889e+01
5.534575417967635413e-01 3.653068307726042718e+01
5.719623510576314906e-01 3.401736464240700997e+01
5.910858671567322808e-01 3.168050038485193554e+01
6.108487765084068544e-01 2.947931069032045670e+01
6.312724571756275216e-01 2.742139775175455441e+01
6.523790019952193653e-01 2.550849472519510641e+01
6.741912424762606104e-01 2.371911077448481464e+01
6.967327734975364839e-01 2.204671692296458474e+01
7.200279788307419881e-01 2.048837005839136793e+01
7.441020575170596008e-01 1.903604857624647906e+01
7.689810511256225389e-01 1.768202053451056344e+01
7.946918719233755368e-01 1.641957610123916567e+01
8.212623319867858873e-01 1.524306355732969287e+01
8.487211732869031078e-01 1.414717373866629835e+01
8.770980987803161932e-01 1.312682201286173189e+01
9.064238045396205701e-01 1.217712063254410815e+01
9.367300129581793700e-01 1.129346032597568694e+01
9.680495070650749767e-01 1.047148586617225519e+01
1.000416165987385808e+00 9.707068228895845863e+00
1.033865001598128330e+00 8.996337736146196917e+00
1.068432196389532240e+00 8.335695943616713066e+00
1.104155142612600837e+00 7.721819857462713266e+00
1.141072482725305592e+00 7.151592900176527046e+00
1.179224151193147607e+00 6.622071495637412042e+00
1.218651417687333982e+00 6.130458183534243766e+00
1.259396931727273516e+00 5.674134017631363491e+00
1.301504768815691548e+00 5.250662941659864025e+00
1.345020478116276896e+00 4.857793264589357562e+00
1.389991131725407447e+00 4.493420785693050590e+00
1.436465375591293947e+00 4.155570135494111028e+00
1.484493482135585296e+00 3.842377803043993456e+00
1.534127404634392455e+00 3.552102633680913168e+00
1.585420833417506836e+00 3.283124282955429685e+00
1.638429253946665609e+00 3.033940724296126490e+00
1.693210006835640158e+00 2.803152122609591235e+00
1.749822349877109051e+00 2.589451427491078483e+00
1.808327522143368116e+00 2.391616435248166805e+00
1.868788810230267217e+00 2.208507716884757333e+00
1.931271616715998229e+00 2.039064284543565808e+00
1.995843530908793184e+00 1.882298477976669382e+00
2.062574401960084458e+00 1.737291170042327249e+00
2.131536414422164238e+00 1.603187290867998938e+00
2.202804166332139602e+00 1.479191712136770365e+00
2.276454749906602792e+00 1.364565117592420496e+00
2.352567834934338631e+00 1.258620199033623654e+00
2.431225754957225149e+00 1.160718074186469329e+00
2.512513596332623944e+00 1.070265145421336328e+00
2.596519290273538783e+00 9.867100792726968272e-01
2.683333707966161441e+00 9.095408642806438460e-01
2.773050758867611432e+00 8.382821945690628329e-01
2.865767492290306695e+00 7.724929805504673341e-01
2.961584202382770314e+00 7.117639361731470382e-01
3.060604536620467719e+00 6.557154234410852434e-01
3.162935607924048931e+00 6.039954144370371925e-01
3.268688110526199786e+00 5.562775147685614652e-01
3.377976439712552459e+00 5.122592024901769792e-01
3.490918815566087297e+00 4.716601761468240950e-01
3.607637410848952619e+00 4.342207854477694307e-01
3.728258483159945236e+00 3.997005586352407880e-01
3.852912511510727001e+00 3.678768290854579348e-01
3.981734337468417539e+00 3.385434488809416220e-01
4.114863311017320058e+00 3.115096113463036165e-01
4.252443441297450555e+00 2.865987529464895101e-01
4.394623552383071896e+00 2.636474889300720603e-01
4.541557444269631816e+00 2.425046785985630615e-01
4.693404059243289517e+00 2.230305654638435053e-01
4.850327653813030437e+00 2.050959514776224124e-01
5.012497976391239618e+00 1.885814185855112235e-01
5.180090450915090017e+00 1.733766019846349760e-01
5.353286366607249214e+00 1.593795140850478576e-01
5.532273074081278885e+00 1.464959287090252804e-01
5.717244188003695271e+00 1.346388144636296025e-01
5.908399796532135539e+00 1.237277969105009673e-01
6.105946677756002750e+00 1.136886628817000283e-01
6.310098523373801171e+00 1.044529026690418638e-01
6.521076169849157722e+00 9.595727362173142594e-02
6.739107837295406966e+00 8.814340599375709850e-02
6.964429376347387013e+00 8.095744715313897555e-02
7.197284523287298619e+00 7.434972642845873170e-02
7.437925163700752407e+00 6.827443735189593632e-02
7.686611604948010879e+00 6.268933513309421501e-02
7.943612857745410594e+00 5.755545865655603555e-02
8.209206927161357470e+00 5.283687996869707720e-02
8.483681113341843272e+00 4.850048293315657733e-02
8.767332322290526392e+00 4.451574723677110407e-02
9.060467387039910392e+00 4.085454858246930637e-02
9.363403399560734641e+00 3.749097584034825209e-02
9.676468053768756405e+00 3.440116412015233049e-02
1.000000000000001243e+01 3.156313786511373565e-02
