2.000000000000000164e-05 1.379522885181824927e-02
2.066869842267550072e-05 1.423885228447894537e-02
2.135975472437544027e-05 1.469674005968085555e-02
2.207391643902171255e-05 1.516935106958310596e-02
2.281195609427394449e-05 1.565716031591840932e-02
2.357467204719313169e-05 1.616065902742954211e-02
2.436288934784564352e-05 1.668034721064683146e-02
2.517746063178175121e-05 1.721674732723580542e-02
2.601926704235410016e-05 1.777039319507251261e-02
2.688921918387384303e-05 1.834184715512135119e-02
2.778825810663545582e-05 1.893167759620828158e-02
2.871735632487579741e-05 1.954047084224769595e-02
2.967751886876853870e-05 2.016884456317464408e-02
3.066978437159193627e-05 2.081742341052124357e-02
3.169522619324599853e-05 2.148686045203838588e-02
3.275495358133433647e-05 2.217782426457527017e-02
3.385011287106671010e-05 2.289100463170536809e-02
3.498188872528021299e-05 2.362711724788268616e-02
3.615150541592045298e-05 2.438690541475367277e-02
3.736022814836899319e-05 2.517112775613038200e-02
3.860936443004954884e-05 2.598055697347177728e-02
3.990026548479344494e-05 2.681602594244900106e-02
4.123432771449419843e-05 2.767835327332230852e-02
4.261299420963254024e-05 2.856841525028220447e-02
4.403775631030562105e-05 2.948709603440471255e-02
4.551015521944909301e-05 3.043531617787636687e-02
4.703178366999723984e-05 3.141402950085812190e-02
4.860428764778435972e-05 3.242420991305666744e-02
5.022936817205134787e-05 3.346687571849897569e-02
5.190878313548323190e-05 3.454306979205905292e-02
5.364434920576834987e-05 3.565386835880990368e-02
5.543794379073590958e-05 3.680038388863080684e-02
5.729150706919781900e-05 3.798376314068026977e-02
5.920704408969155763e-05 3.920520355648186156e-02
6.118662693939432690e-05 4.046590810876413147e-02
6.323239698555469304e-05 4.176715569820688839e-02
6.534656719186627638e-05 4.311023438505776767e-02
6.753142451228926792e-05 4.449651156202084207e-02
6.978933236490913268e-05 4.592735829627549171e-02
7.212273318850868345e-05 4.740419669933049890e-02
7.453415108461877573e-05 4.892854068553551677e-02
7.702619454790587906e-05 5.050188199835244085e-02
7.960155928784993205e-05 5.212581889979288341e-02
8.226303114476471348e-05 5.380196381381990856e-02
8.501348910331518868e-05 5.553199910314815524e-02
8.785590840679157983e-05 5.731765084443470742e-02
9.079336377550881697e-05 5.916071491357797335e-02
9.382903273281309529e-05 6.106303476402141772e-02
9.696619904229312483e-05 6.302651501174875992e-02
1.002082562599141270e-04 6.505311893059494144e-02
1.035587114049174785e-04 6.714488600814064179e-02
1.070211887534562421e-04 6.930386882726138897e-02
1.105994337590709140e-04 7.153228907103705014e-02
1.142973171042456330e-04 7.383231835061995763e-02
1.181188388874281471e-04 7.620629387779694064e-02
1.220681329500424115e-04 7.865658182320708902e-02
1.261494713481742377e-04 8.118562688617919632e-02
1.303672689737678670e-04 8.379596639272610115e-02
1.347260883303314362e-04 8.649020056672351853e-02
1.392306444683180742e-04 8.927103404972129563e-02
1.438858100855209437e-04 9.214123011873143199e-02
1.486966207979997041e-04 9.510368984064886122e-02
1.536682805872396744e-04 9.816134496266218368e-02
1.588061674294368483e-04 1.013172390439344289e-01
1.641158391129971276e-04 1.045745561417001646e-01
1.696030392505434848e-04 1.079365514971245693e-01
1.752737034919339915e-04 1.114065607065127389e-01
1.811339659450114388e-04 1.149880527169294259e-01
1.871901658110307874e-04 1.186846126093512171e-01
1.934488542419408646e-04 1.224999183152283289e-01
1.999168014269393128e-04 1.264377658159968332e-01
2.066010039159656652e-04 1.305021408354261059e-01
2.135086921880547338e-04 1.346970056497255319e-01
2.206473384727377968e-04 1.390265924360394034e-01
2.280246648329511538e-04 1.434952240087254138e-01
2.356486515181963309e-04 1.481073381489012575e-01
2.435275455969876748e-04 1.528674905047304466e-01
2.516698698779247295e-04 1.577804928793588024e-01
2.600844321290405573e-04 1.628511737125702963e-01
2.687803346053976817e-04 1.680845864943820434e-01
2.777669838952388651e-04 1.734859404426131735e-01
2.870541010953427292e-04 1.790605702972972446e-01
2.966517323265922064e-04 1.848140523845857031e-01
3.065702596011295341e-04 1.907520672250312133e-01
3.168204120528543403e-04 1.968805111573564415e-01
3.274132775434116785e-04 2.032054669842750794e-01
3.383603146562264279e-04 2.097331317716333021e-01
3.496733650915567022e-04 2.164700105207076897e-01
3.613646664759745386e-04 2.234227532215931067e-01
3.734468656001317080e-04 2.305982608983443982e-01
3.859330320991275886e-04 2.380035192287600632e-01
3.988366725902805230e-04 2.456458883218966827e-01
4.121717452835938129e-04 2.535328366023024693e-01
4.259526750807212541e-04 2.616721368835396300e-01
4.401943691787655547e-04 2.700717971473632906e-01
4.549122331957894719e-04 2.787400273574413001e-01
4.701221878354804149e-04 2.876852822728373504e-01
4.858406861089974399e-04 2.969163298854610722e-01
5.020847311326308640e-04 3.064421547479870278e-01
5.188718945205230424e-04 3.162720526327192361e-01
5.362203353923492141e-04 3.264154985344486781e-01
5.541488200165187389e-04 3.368823737615500580e-01
5.726767421101455150e-04 3.476827784932530752e-01
5.918241438177454907e-04 3.588271501021780274e-01
6.116117373913557359e-04 3.703262340095118677e-01
6.320609275955268004e-04 3.821909909364646918e-01
6.531938348614238542e-04 3.944328209274600705e-01
6.750333192150836329e-04 4.070632889737741955e-01
6.976030050057104547e-04 4.200945389957340126e-01
7.209273064607610694e-04 4.335387779469077052e-01
7.450314540954613768e-04 4.474086712911921615e-01
7.699415220053250396e-04 4.617173871628237891e-01
7.956844560711916160e-04 4.764781808065376989e-01
8.222881031073025473e-04 4.917047183853575087e-01
8.497812409839368810e-04 5.074112150789287234e-01
8.781936097571961097e-04 5.236120171799917289e-01
9.075559438396131216e-04 5.403220229580211198e-01
9.379000052463793693e-04 5.575562984624202745e-01
9.692586179531593148e-04 5.753304276984816390e-01
1.001665703402655023e-03 5.936602926130127855e-01
1.035156317198330069e-03 6.125622297483667156e-01
1.069766687024985286e-03 6.320529280150377627e-01
1.105534251837205851e-03 6.521491342431298133e-01
1.142497702358069404e-03 6.728686235389168546e-01
1.180697022931930960e-03 6.942286375230373174e-01
1.220173534776542454e-03 7.162474674702717925e-01
1.260969940681316284e-03 7.389435456213162556e-01
1.303130371200056587e-03 7.623353095974271243e-01
1.346700432388157767e-03 7.864419567157836521e-01
1.391727255135877424e-03 8.112824813885380903e-01
1.438259546151070007e-03 8.368766398073631541e-01
1.486347640646530459e-03 8.632440030566647104e-01
1.536043556788919398e-03 8.904045299277862924e-01
1.587401051968200579e-03 9.183782511004926485e-01
1.640475680948428249e-03 9.471853954487844396e-01
1.695324855962815390e-03 9.768461398316096167e-01
1.752007908818060174e-03 1.007381039091926000e+00
1.810586155075142928e-03 1.038809959075887468e+00
1.871122960375984270e-03 1.071153263954598645e+00
1.933683808987751848e-03 1.104430890611350469e+00
1.998336374638913938e-03 1.138662721377326381e+00
2.065150593723721201e-03 1.173868086413677680e+00
2.134198740954243185e-03 1.210065979752583676e+00
2.205555507541849362e-03 1.247274571009904465e+00
2.279298081992675151e-03 1.285512242828328988e+00
2.355506233604463730e-03 1.324795754165958961e+00
2.434262398755145627e-03 1.365141058891222725e+00
2.515651770076436904e-03 1.406563153345752992e+00
2.599762388608985089e-03 1.449076702694217289e+00
2.686685239038679764e-03 1.492693503703347968e+00
2.776514348117217236e-03 1.537424721553677376e+00
2.869346886373309435e-03 1.583279665735681796e+00
2.965283273224645581e-03 1.630265091604936822e+00
3.064427285604211931e-03 1.678386899122578768e+00
3.166886170218578649e-03 1.727646885035642343e+00
3.272770759559481216e-03 1.778046067230801164e+00
3.382195591794276077e-03 1.829580508201257283e+00
3.495279034664920681e-03 1.882244364351435495e+00
3.612143413529477973e-03 1.936028129665090747e+00
3.732915143684721951e-03 1.990918638273606822e+00
3.857724867112893516e-03 2.046899151061403632e+00
3.986707593800617976e-03 2.103946921645659884e+00
4.120002847782761740e-03 2.162036306943044384e+00
4.257754818069308354e-03 2.221136810876599199e+00
4.400112514618404608e-03 2.281211290297220806e+00
4.547229929524409554e-03 2.342218639014464365e+00
4.699266203595197679e-03 2.404111978093747659e+00
4.856385798499019031e-03 2.466838126379333307e+00
5.018758674667020935e-03 2.530337676507458333e+00
5.186560475143959549e-03 2.594545799606070791e+00
5.359972715585955248e-03 2.659390628601356887e+00
5.539182980610755057e-03 2.724794974555071025e+00
5.724385126713026593e-03 2.790673980600616222e+00
5.915779491964028892e-03 2.856936975869560413e+00
6.113573112722652143e-03 2.923488795300162479e+00
6.317979947592099882e-03 2.990225285916328524e+00
6.529221108864616957e-03 3.057038851702409854e+00
6.747525101704480652e-03 3.123815424476557467e+00
6.973128071328140755e-03 3.190435693566084918e+00
7.206274058448705437e-03 3.256776640912479426e+00
7.447215263261310406e-03 3.322711246352017422e+00
7.696212318254701257e-03 3.388106128142471807e+00
7.953534570144332738e-03 3.452828297105152267e+00
8.219460371231864307e-03 3.516738434267676627e+00
8.494277380506187053e-03 3.579697860200095949e+00
8.778282874811823774e-03 3.641564018143988779e+00
9.071784070421121463e-03 3.702192849992213652e+00
9.375098455358292851e-03 3.761438523907997045e+00
9.688554132834568261e-03 3.819154576936378387e+00
1.001249017616620725e-02 3.875191979816815735e+00
1.034725699555901803e-02 3.929399218477886979e+00
1.069321671715643858e-02 3.981624073269300901e+00
1.105074357476093505e-02 4.031708273846899893e+00
1.142022431465263173e-02 4.079492450855128460e+00
1.180205861394306721e-02 4.124811982851698033e+00
1.219665951291643881e-02 4.167497737912714051e+00
1.260445386182631328e-02 4.207375343465376893e+00
1.302588278263077520e-02 4.244264780277988258e+00
1.346140214616583890e-02 4.277980107311128322e+00
1.391148306527291781e-02 4.308330919371475609e+00
1.437661240441416924e-02 4.335126371209107710e+00
1.485729330632660182e-02 4.358169210687353967e+00
1.535404573628500365e-02 4.377263391995523278e+00
1.586740704456205894e-02 4.392214588871266479e+00
1.639793254769450481e-02 4.402835213311002249e+00
1.694619612918364313e-02 4.408943000356883246e+00
1.751279086028037155e-02 4.410366542518193711e+00
1.809832964152614798e-02 4.406946679425792546e+00
1.870344586574363213e-02 4.398538837990224160e+00
1.932879410319460894e-02 4.385014986208533472e+00
1.997505080964588620e-02 4.366265890956593232e+00
2.064291505810955316e-02 4.342204502821584988e+00
2.133310929504865505e-02 4.312766337897100399e+00
2.204638012186681956e-02 4.277911090642979808e+00
2.278349910252664909e-02 4.237631681110268111e+00
2.354526359817107548e-02 4.191953374661983922e+00
2.433249762964985810e-02 4.140938711912117931e+00
2.514605276888498206e-02 4.084695444634084183e+00
2.598680906003840441e-02 4.023375942712538844e+00
2.685567597147924673e-02 3.957177791251964560e+00
2.775359337957988490e-02 3.886354010503405565e+00
2.868153258540498754e-02 3.811202049497780742e+00
2.964049736539381419e-02 3.732070222709736207e+00
3.063152505717161092e-02 3.649356930227670048e+00
3.165568768166540647e-02 3.563505650479538822e+00
3.271409310273729054e-02 3.475006009748344837e+00
3.380788622559029871e-02 3.384388950072305224e+00
3.493825023524253087e-02 3.292217575395903317e+00
3.610640787640997940e-02 3.199083231222342505e+00
3.731362277618164441e-02 3.105591877636057152e+00
3.856120081091872487e-02 3.012350900935793163e+00
3.985049151885547425e-02 2.919964008381195963e+00
4.118288955993056055e-02 2.829009897580995414e+00
4.255983622442782027e-02 2.740034946003397476e+00
4.398282099205792772e-02 2.653531537191351486e+00
4.545338314316834522e-02 2.569924943556904484e+00
4.697311342382341770e-02 2.489556615509320281e+00
4.854365576655684383e-02 2.412669438061765703e+00
5.016670906865677154e-02 2.339395477736422979e+00
5.184402902990837420e-02 2.269741552072679802e+00
5.357743005178047802e-02 2.203586459169527778e+00
5.536878720011212396e-02 2.140662239973153635e+00
5.722003823342062395e-02 2.080572130173407253e+00
5.913318569902666078e-02 2.022786640708561734e+00
6.111029909926251474e-02 1.966663176045611250e+00
6.315351713010779189e-02 1.911469151966575852e+00
6.526504999467336310e-02 1.856420687546314952e+00
6.744718179403717817e-02 1.800729332972014651e+00
6.970227299801623477e-02 1.743662690052997677e+00
7.203276299854979858e-02 1.684605883614013866e+00
7.444117274845411802e-02 1.623134477289921662e+00
7.693010748840443946e-02 1.559074918182210334e+00
7.950225956509210379e-02 1.492555575588845995e+00
8.216041134360790865e-02 1.424032332378048604e+00
8.490743821719984319e-02 1.354283171391962970e+00
8.774631171766281157e-02 1.284363392212027000e+00
9.068010272972255870e-02 1.215523873569687607e+00
9.371198481289348681e-02 1.149098450828297091e+00
9.684523763440215649e-02 1.086362956441979666e+00
1.000832505168899600e-01 1.028394704721031117e+00
1.034295261047340625e-01 9.759373579371293239e-01
1.068876841529496080e-01 9.292921257823228975e-01
1.104614654427753945e-01 8.882516229543739872e-01
1.141547358281756464e-01 8.520841022078127214e-01
1.179714904176376727e-01 8.195841799131664551e-01
1.219158578957853512e-01 7.892016676262952890e-01
1.259921049894874856e-01 7.592520349101471444e-01
1.302046410832891354e-01 7.281943590491760654e-01
1.345580229891604751e-01 6.949369202736490614e-01
1.390569598757198100e-01 6.590975298212227163e-01
1.437063183622670492e-01 6.211339945092853032e-01
1.485111277831346888e-01 5.822750204396753837e-01
1.534765856280515817e-01 5.442436051126551266e-01
1.586080631644066208e-01 5.088295610824010717e-01
1.639111112474894438e-01 4.774268038799057701e-01
1.693914663249987407e-01 4.506640023357816882e-01
1.750550566423093313e-01 4.282239537109236438e-01
1.809080086552135869e-01 4.089094892064499831e-01
1.869566536570689830e-01 3.909717186593058003e-01
1.932075346275276828e-01 3.726531030461956440e-01
1.996674133102498971e-01 3.528027021950129183e-01
2.063432775272630582e-01 3.313151653804736751e-01
2.132423487378718452e-01 3.091510729747380948e-01
2.203720898503036263e-01 2.878753368113731725e-01
2.277402132945338109e-01 2.689143486872505040e-01
2.353546893650253491e-01 2.528969365421073201e-01
2.432237548424092122e-01 2.393923278954533662e-01
2.513559219034258718e-01 2.271720752366891138e-01
2.597599873287743666e-01 2.148935372664738386e-01
2.684450420188219666e-01 2.018601577665372071e-01
2.774204808274743361e-01 1.883803335982311977e-01
2.866960127248350254e-01 1.754485358724659494e-01
2.962816712996577673e-01 1.639692317545356770e-01
3.061878256129444420e-01 1.541120789022734361e-01
3.164251914144354805e-01 1.452659146934003054e-01
3.270048427341168962e-01 1.366007498386024033e-01
3.379382238612947953e-01 1.277619861770369070e-01
3.492371617241852855e-01 1.190797874893019109e-01
3.609138786834163448e-01 1.111186445238645099e-01
3.729810057532814693e-01 1.040666890345549322e-01
3.854515962650386651e-01 9.760203320584986963e-02
3.983391399870480631e-01 9.131794063938433736e-02
4.116575777170102257e-01 8.516746347690480612e-02
4.254213163620995108e-01 7.940432206565986584e-02
4.396452445232932327e-01 7.417134699001476372e-02
4.543447486007690661e-01 6.932632758912191107e-02
4.695357294377799362e-01 6.468857663781554801e-02
4.852346195210218704e-01 6.027523492473707556e-02
5.014584007560848322e-01 5.618737978753034212e-02
5.182246228372336949e-01 5.240543239367892459e-02
5.355514222313770833e-01 4.883871142098645396e-02
5.534575417967635413e-01 4.547469199978761145e-02
5.719623510576314906e-01 4.234572800793667824e-02
5.910858671567322808e-01 3.943119101196185944e-02
6.108487765084068544e-01 3.669443628874504565e-02
6.312724571756275216e-01 3.413557042922079482e-02
6.523790019952193653e-01 3.175268750606168033e-02
6.741912424762606104e-01 2.952565753762471587e-02
6.967327734975364839e-01 2.744527190849513701e-02
7.200279788307419881e-01 2.550580393533955284e-02
7.441020575170596008e-01 2.369776397919950289e-02
7.689810511256225389e-01 2.201206614061321232e-02
7.946918719233755368e-01 2.044058252712819754e-02
8.212623319867858873e-01 1.897616046846867244e-02
8.487211732869031078e-01 1.761207638104956077e-02
8.770980987803161932e-01 1.634195241958641062e-02
9.064238045396205701e-01 1.515973373678549882e-02
9.367300129581793700e-01 1.405971216107472672e-02
9.680495070650749767e-01 1.303648068499652611e-02
1.000416165987385808e+00 1.208489487219180716e-02
1.033865001598128330e+00 1.120013259454877112e-02
1.068432196389532240e+00 1.037771249075300321e-02
1.104155142612600837e+00 9.613500351084684412e-03
1.141072482725305592e+00 8.903619014762265832e-03
1.179224151193147607e+00 8.244406237260850853e-03
1.218651417687333982e+00 7.632381306052316017e-03
1.259396931727273516e+00 7.064285384097665141e-03
1.301504768815691548e+00 6.537086766200227508e-03
1.345020478116276896e+00 6.047982415725025943e-03
1.389991131725407447e+00 5.594352830120604553e-03
1.436465375591293947e+00 5.173739092266387354e-03
1.484493482135585296e+00 4.783821986085975628e-03
1.534127404634392455e+00 4.422434565179854567e-03
1.585420833417506836e+00 4.087560068926230673e-03
1.638429253946665609e+00 3.777328694801134097e-03
1.693210006835640158e+00 3.489997795068654467e-03
1.749822349877109051e+00 3.223940255263866694e-03
1.808327522143368116e+00 2.977634664607063230e-03
1.868788810230267217e+00 2.749662650204591496e-03
1.931271616715998229e+00 2.538703456151328308e-03
1.995843530908793184e+00 2.343527569559326548e-03
2.062574401960084458e+00 2.162990775007671805e-03
2.131536414422164238e+00 1.996028594781611067e-03
2.202804166332139602e+00 1.841651178214610959e-03
2.276454749906602792e+00 1.698938147687404287e-03
2.352567834934338631e+00 1.567033854877257319e-03
2.431225754957225149e+00 1.445142904438722004e-03
2.512513596332623944e+00 1.332526269088269355e-03
2.596519290273538783e+00 1.228497542243276158e-03
2.683333707966161441e+00 1.132419281315136077e-03
2.773050758867611432e+00 1.043699742661369397e-03
2.865767492290306695e+00 9.617897801064342065e-04
2.961584202382770314e+00 8.861798510283915974e-04
3.060604536620467719e+00 8.163973233718571339e-04
3.162935607924048931e+00 7.520039305778293158e-04
3.268688110526199786e+00 6.925932955772356753e-04
3.377976439712552459e+00 6.377887552173028924e-04
3.490918815566087297e+00 5.872413174736897633e-04
3.607637410848952619e+00 5.406277202146958375e-04
3.728258483159945236e+00 4.976485852908233516e-04
3.852912511510727001e+00 4.580266975189206018e-04
3.981734337468417539e+00 4.215054006317174411e-04
4.114863311017320058e+00 3.878471345540619860e-04
4.252443441297450555e+00 3.568320710149634561e-04
4.394623552383071896e+00 3.282567826447103476e-04
4.541557444269631816e+00 3.019330835592405789e-04
4.693404059243289517e+00 2.776869650559688645e-04
4.850327653813030437e+00 2.553575753193563927e-04
5.012497976391239618e+00 2.347962447705439278e-04
5.180090450915090017e+00 2.158655722658602764e-04
5.353286366607249214e+00 1.984385792978791974e-04
5.532273074081278885e+00 1.823979460875002482e-04
5.717244188003695271e+00 1.676353116012201582e-04
5.908399796532135539e+00 1.540506059379753365e-04
6.105946677756002750e+00 1.415514322394824203e-04
6.310098523373801171e+00 1.300524940835816052e-04
6.521076169849157722e+00 1.194750503430314374e-04
6.739107837295406966e+00 1.097464250945012824e-04
6.964429376347387013e+00 1.007995672631759753e-04
7.197284523287298619e+00 9.257263557968566374e-05
7.437925163700752407e+00 8.500860244807880621e-05
7.686611604948010879e+00 7.805487380770388260e-05
7.943612857745410594e+00 7.166294167125767300e-05
8.209206927161357470e+00 6.578807244996174816e-05
8.483681113341843272e+00 6.038903369340506807e-05
8.767332322290526392e+00 5.542782588564711241e-05
9.060467387039910392e+00 5.086943368674100302e-05
9.363403399560734641e+00 4.668159712449897837e-05
9.676468053768756405e+00 4.283460425709746672e-05
1.000000000000001243e+01 3.930109602126990320e-05
