2.000000000000000164e-05 9.044148104694507140e+01
2.066869842267550072e-05 9.334982398330885189e+01
2.135975472437544027e-05 9.635168138199719579e+01
2.207391643902171255e-05 9.945008017322386706e+01
2.281195609427394449e-05 1.026481099703410251e+02
2.357467204719313169e-05 1.059489787044326761e+02
2.436288934784564352e-05 1.093559869950355221e+02
2.517746063178175121e-05 1.128725298497015359e+02
2.601926704235410016e-05 1.165021592533108219e+02
2.688921918387384303e-05 1.202485236990320914e+02
2.778825810663545582e-05 1.241153449278411642e+02
2.871735632487579741e-05 1.281064552548847644e+02
2.967751886876853870e-05 1.322259351493959514e+02
3.066978437159193627e-05 1.364779019431669269e+02
3.169522619324599853e-05 1.408665380307115242e+02
3.275495358133433647e-05 1.453963057517884465e+02
3.385011287106671010e-05 1.500716961418149538e+02
3.498188872528021299e-05 1.548974580902035427e+02
3.615150541592045298e-05 1.598783585281375679e+02
3.736022814836899319e-05 1.650194218113497300e+02
3.860936443004954884e-05 1.703257759117086607e+02
3.990026548479344494e-05 1.758027218088057850e+02
4.123432771449419843e-05 1.814557897907320694e+02
4.261299420963254024e-05 1.872905755268567987e+02
4.403775631030562105e-05 1.933130025496639632e+02
4.551015521944909301e-05 1.995290097659971309e+02
4.703178366999723984e-05 2.059448299273773841e+02
4.860428764778435972e-05 2.125669488442783290e+02
5.022936817205134787e-05 2.194019811690613153e+02
5.190878313548323190e-05 2.264567091346312679e+02
5.364434920576834987e-05 2.337382318989207022e+02
5.543794379073590958e-05 2.412538453668398688e+02
5.729150706919781900e-05 2.490110440521793578e+02
5.920704408969155763e-05 2.570175717607975798e+02
6.118662693939432690e-05 2.652815039307461689e+02
6.323239698555469304e-05 2.738110289269092732e+02
6.534656719186627638e-05 2.826147655835883370e+02
6.753142451228926792e-05 2.917013781331529572e+02
6.978933236490913268e-05 3.010800763152693094e+02
7.212273318850868345e-05 3.107601922565841619e+02
7.453415108461877573e-05 3.207514139427877922e+02
7.702619454790587906e-05 3.310636965157069653e+02
7.960155928784993205e-05 3.417072867639299147e+02
8.226303114476471348e-05 3.526929839810456428e+02
8.501348910331518868e-05 3.640316448157943796e+02
8.785590840679157983e-05 3.757345352685204034e+02
9.079336377550881697e-05 3.878134983033913841e+02
9.382903273281309529e-05 4.002804510513657306e+02
9.696619904229312483e-05 4.131478689583123582e+02
1.002082562599141270e-04 4.264286645706078502e+02
1.035587114049174785e-04 4.401360146391554622e+02
1.070211887534562421e-04 4.542834165832879307e+02
1.105994337590709140e-04 4.688853200105298242e+02
1.142973171042456330e-04 4.839560535230215237e+02
1.181188388874281471e-04 4.995105322210649774e+02
1.220681329500424115e-04 5.155643761287600455e+02
1.261494713481742377e-04 5.321336451010801056e+02
1.303672689737678670e-04 5.492346412864148988e+02
1.347260883303314362e-04 5.668844154624480325e+02
1.392306444683180742e-04 5.851006041196143315e+02
1.438858100855209437e-04 6.039009954706899634e+02
1.486966207979997041e-04 6.233046023258085597e+02
1.536682805872396744e-04 6.433305414048701323e+02
1.588061674294368483e-04 6.639984252940813576e+02
1.641158391129971276e-04 6.853291472224632344e+02
1.696030392505434848e-04 7.073433304279191134e+02
1.752737034919339915e-04 7.300630385600245518e+02
1.811339659450114388e-04 7.535107771564496488e+02
1.871901658110307874e-04 7.777094981914563050e+02
1.934488542419408646e-04 8.026829616558981115e+02
1.999168014269393128e-04 8.284561540447136849e+02
2.066010039159656652e-04 8.550538261027002136e+02
2.135086921880547338e-04 8.825028006754739636e+02
2.206473384727377968e-04 9.108292144532746306e+02
2.280246648329511538e-04 9.400617648790447447e+02
2.356486515181963309e-04 9.702280220831135011e+02
2.435275455969876748e-04 1.001358145687070191e+03
2.516698698779247295e-04 1.033482366514547266e+03
2.600844321290405573e-04 1.066631928815239007e+03
2.687803346053976817e-04 1.100838780568632728e+03
2.777669838952388651e-04 1.136136488152876154e+03
2.870541010953427292e-04 1.172558809649869090e+03
2.966517323265922064e-04 1.210141144349737260e+03
3.065702596011295341e-04 1.248919734484457649e+03
3.168204120528543403e-04 1.288931676000701373e+03
3.274132775434116785e-04 1.330215202691198783e+03
3.383603146562264279e-04 1.372810134147178587e+03
3.496733650915567022e-04 1.416756860244232485e+03
3.613646664759745386e-04 1.462096746984198944e+03
3.734468656001317080e-04 1.508873300255040931e+03
3.859330320991275886e-04 1.557130645338422028e+03
3.988366725902805230e-04 1.606913240664440536e+03
4.121717452835938129e-04 1.658268592224458871e+03
4.259526750807212541e-04 1.711244237098330132e+03
4.401943691787655547e-04 1.765889385224282933e+03
4.549122331957894719e-04 1.822254197689111152e+03
4.701221878354804149e-04 1.880390994291693005e+03
4.858406861089974399e-04 1.940352493532206836e+03
5.020847311326308640e-04 2.002193836428982650e+03
5.188718945205230424e-04 2.065970104556226488e+03
5.362203353923492141e-04 2.131739730267659070e+03
5.541488200165187389e-04 2.199559837227405296e+03
5.726767421101455150e-04 2.269492449047231275e+03
5.918241438177454907e-04 2.341598178686454958e+03
6.116117373913557359e-04 2.415939749361088616e+03
6.320609275955268004e-04 2.492582944471203973e+03
6.531938348614238542e-04 2.571592714358931516e+03
6.750333192150836329e-04 2.653036645120960202e+03
6.976030050057104547e-04 2.736983505771608634e+03
7.209273064607610694e-04 2.823503600241792810e+03
7.450314540954613768e-04 2.912669296674898760e+03
7.699415220053250396e-04 3.004553302431651446e+03
7.956844560711916160e-04 3.099230464717461473e+03
8.222881031073025473e-04 3.196775982451149048e+03
8.497812409839368810e-04 3.297266566226624036e+03
8.781936097571961097e-04 3.400780274472056135e+03
9.075559438396131216e-04 3.507398411817741362e+03
9.379000052463793693e-04 3.617199641415761562e+03
9.692586179531593148e-04 3.730265628405780717e+03
1.001665703402655023e-03 3.846680377897136168e+03
1.035156317198330069e-03 3.966524654635136358e+03
1.069766687024985286e-03 4.089884640855394537e+03
1.105534251837205851e-03 4.216842994228927637e+03
1.142497702358069404e-03 4.347486024171654208e+03
1.180697022931930960e-03 4.481896897048404753e+03
1.220173534776542454e-03 4.620162557528058642e+03
1.260969940681316284e-03 4.762365822663678955e+03
1.303130371200056587e-03 4.908591583627053296e+03
1.346700432388157767e-03 5.058925216375861964e+03
1.391727255135877424e-03 5.213447987829490557e+03
1.438259546151070007e-03 5.372240808632629523e+03
1.486347640646530459e-03 5.535386144430144668e+03
1.536043556788919398e-03 5.702960402772871930e+03
1.587401051968200579e-03 5.875042660261786295e+03
1.640475680948428249e-03 6.051702632792505938e+03
1.695324855962815390e-03 6.233013058779933090e+03
1.752007908818060174e-03 6.419040836893873347e+03
1.810586155075142928e-03 6.609850050732674390e+03
1.871122960375984270e-03 6.805499013464099335e+03
1.933683808987751848e-03 7.006041405807693081e+03
1.998336374638913938e-03 7.211524073733588921e+03
2.065150593723721201e-03 7.421993098600043595e+03
2.134198740954243185e-03 7.637481557769572646e+03
2.205555507541849362e-03 7.858018891119273576e+03
2.279298081992675151e-03 8.083627286139404532e+03
2.355506233604463730e-03 8.314316003988571538e+03
2.434262398755145627e-03 8.550090628322870543e+03
2.515651770076436904e-03 8.790943151257260979e+03
2.599762388608985089e-03 9.036856489345000227e+03
2.686685239038679764e-03 9.287802417852246435e+03
2.776514348117217236e-03 9.543738739831578641e+03
2.869346886373309435e-03 9.804615103035930588e+03
2.965283273224645581e-03 1.007036473025329178e+04
3.064427285604211931e-03 1.034090594084000440e+04
3.166886170218578649e-03 1.061614819951107347e+04
3.272770759559481216e-03 1.089598434191437809e+04
3.382195591794276077e-03 1.118028132463637485e+04
3.495279034664920681e-03 1.146890700212102092e+04
3.612143413529477973e-03 1.176170154786396779e+04
3.732915143684721951e-03 1.205849046927641939e+04
3.857724867112893516e-03 1.235908305119794022e+04
3.986707593800617976e-03 1.266326836651233316e+04
4.120002847782761740e-03 1.297082405272239885e+04
4.257754818069308354e-03 1.328150486798282327e+04
4.400112514618404608e-03 1.359504538800465707e+04
4.547229929524409554e-03 1.391116178847115771e+04
4.699266203595197679e-03 1.422955907898348050e+04
4.856385798499019031e-03 1.454991550158453174e+04
5.018758674667020935e-03 1.487189207238983363e+04
5.186560475143959549e-03 1.519513662607251354e+04
5.359972715585955248e-03 1.551927060112469189e+04
5.539182980610755057e-03 1.584389534307651593e+04
5.724385126713026593e-03 1.616859583819763066e+04
5.915779491964028892e-03 1.649294015080320241e+04
6.113573112722652143e-03 1.681645784836560415e+04
6.317979947592099882e-03 1.713867022237923447e+04
6.529221108864616957e-03 1.745907047547115144e+04
6.747525101704480652e-03 1.777713274433093829e+04
6.973128071328140755e-03 1.809229213520852136e+04
7.206274058448705437e-03 1.840397341418136057e+04
7.447215263261310406e-03 1.871157575881528101e+04
7.696212318254701257e-03 1.901445415031059747e+04
7.953534570144332738e-03 1.931195950123725925e+04
8.219460371231864307e-03 1.960340228648807897e+04
8.494277380506187053e-03 1.988806539497323320e+04
8.778282874811823774e-03 2.016520189103127996e+04
9.071784070421121463e-03 2.043404545965229045e+04
9.375098455358292851e-03 2.069379131276241969e+04
9.688554132834568261e-03 2.094362828736323718e+04
1.001249017616620725e-02 2.118269761861947336e+04
1.034725699555901803e-02 2.141013204569987283e+04
1.069321671715643858e-02 2.162503862713068520e+04
1.105074357476093505e-02 2.182649354042388222e+04
1.142022431465263173e-02 2.201356342566843159e+04
1.180205861394306721e-02 2.218530390578454535e+04
1.219665951291643881e-02 2.234074476979783503e+04
1.260445386182631328e-02 2.247891204343802747e+04
1.302588278263077520e-02 2.259882828641224478e+04
1.346140214616583890e-02 2.269951100379797572e+04
1.391148306527291781e-02 2.277997684728783497e+04
1.437661240441416924e-02 2.283927623295972080e+04
1.485729330632660182e-02 2.287645003727286894e+04
1.535404573628500365e-02 2.289058603692299221e+04
1.586740704456205894e-02 2.288079372848396815e+04
1.639793254769450481e-02 2.284623978878721391e+04
1.694619612918364313e-02 2.278615322524662042e+04
1.751279086028037155e-02 2.269982342205560781e+04
1.809832964152614798e-02 2.258663038371128641e+04
1.870344586574363213e-02 2.244605935441301699e+04
1.932879410319460894e-02 2.227771485633955308e+04
1.997505080964588620e-02 2.208133553786811171e+04
2.064291505810955316e-02 2.185680911986426145e+04
2.133310929504865505e-02 2.160420160329151622e+04
2.204638012186681956e-02 2.132376780459199290e+04
2.278349910252664909e-02 2.101597638886791538e+04
2.354526359817107548e-02 2.068151438963455803e+04
2.433249762964985810e-02 2.032132785241208694e+04
2.514605276888498206e-02 1.993659486038628165e+04
2.598680906003840441e-02 1.952878960015542179e+04
2.685567597147924673e-02 1.909964010153019990e+04
2.775359337957988490e-02 1.865115632085036123e+04
2.868153258540498754e-02 1.818563667745612111e+04
2.964049736539381419e-02 1.770562043076995178e+04
3.063152505717161092e-02 1.721390869062489219e+04
3.165568768166540647e-02 1.671352431354210057e+04
3.271409310273729054e-02 1.620767160441877422e+04
3.380788622559029871e-02 1.569971183613279754e+04
3.493825023524253087e-02 1.519309772903964949e+04
3.610640787640997940e-02 1.469132219324084690e+04
3.731362277618164441e-02 1.419785392620241146e+04
3.856120081091872487e-02 1.371605159720657321e+04
3.985049151885547425e-02 1.324910345365587091e+04
4.118288955993056055e-02 1.279993303997969088e+04
4.255983622442782027e-02 1.237110372678753811e+04
4.398282099205792772e-02 1.196475452665514422e+04
4.545338314316834522e-02 1.158249368512066576e+04
4.697311342382341770e-02 1.122531989739211713e+04
4.854365576655684383e-02 1.089354255756923340e+04
5.016670906865677154e-02 1.058670911691117908e+04
5.184402902990837420e-02 1.030353614043844209e+04
5.357743005178047802e-02 1.004188898304236682e+04
5.536878720011212396e-02 9.798721807576204810e+03
5.722003823342062395e-02 9.570149170727381716e+03
5.913318569902666078e-02 9.351472140637615666e+03
6.111029909926251474e-02 9.137330882979895250e+03
6.315351713010779189e-02 8.921911371456541019e+03
6.526504999467336310e-02 8.699251261175269974e+03
6.744718179403717817e-02 8.463609398681086532e+03
6.970227299801623477e-02 8.209950862331719691e+03
7.203276299854979858e-02 7.934437995041485010e+03
7.444117274845411802e-02 7.634943250122156314e+03
7.693010748840443946e-02 7.311479306871276094e+03
7.950225956509210379e-02 6.966481249106926043e+03
8.216041134360790865e-02 6.604869151294357835e+03
8.490743821719984319e-02 6.233820853465021173e+03
8.774631171766281157e-02 5.862257368072253485e+03
9.068010272972255870e-02 5.500068602680305048e+03
9.371198481289348681e-02 5.157144721631229913e+03
9.684523763440215649e-02 4.842345417456396717e+03
1.000832505168899600e-01 4.562535723854123717e+03
1.034295261047340625e-01 4.321773482724544920e+03
1.068876841529496080e-01 4.120729265030646275e+03
1.104614654427753945e-01 3.956394858207842844e+03
1.141547358281756464e-01 3.822108451978176618e+03
1.179714904176376727e-01 3.707994294547784648e+03
1.219158578957853512e-01 3.601941829575273459e+03
1.259921049894874856e-01 3.491217659449421262e+03
1.302046410832891354e-01 3.364626157360657544e+03
1.345580229891604751e-01 3.214901722298278401e+03
1.390569598757198100e-01 3.040628818868874532e+03
1.437063183622670492e-01 2.846995511542737859e+03
1.485111277831346888e-01 2.644825326336974740e+03
1.534765856280515817e-01 2.447995289054451405e+03
1.586080631644066208e-01 2.269938894993397298e+03
1.639111112474894438e-01 2.120268248601335017e+03
1.693914663249987407e-01 2.002436463095668842e+03
1.750550566423093313e-01 1.912888732780830878e+03
1.809080086552135869e-01 1.841875944238359125e+03
1.869566536570689830e-01 1.775999410502686487e+03
1.932075346275276828e-01 1.702314618480058243e+03
1.996674133102498971e-01 1.612973679502561481e+03
2.063432775272630582e-01 1.508391417743058128e+03
2.132423487378718452e-01 1.396941643176218804e+03
2.203720898503036263e-01 1.290905638499616771e+03
2.277402132945338109e-01 1.200673679301018865e+03
2.353546893650253491e-01 1.130150711155668205e+03
2.432237548424092122e-01 1.075383042630360933e+03
2.513559219034258718e-01 1.026893228755259088e+03
2.597599873287743666e-01 9.748784275311238616e+02
2.684450420188219666e-01 9.148037790289923805e+02
2.774204808274743361e-01 8.497547364228325932e+02
2.866960127248350254e-01 7.875503340571430044e+02
2.962816712996577673e-01 7.347443832457346389e+02
3.061878256129444420e-01 6.921311484688196742e+02
3.164251914144354805e-01 6.548887278341601359e+02
3.270048427341168962e-01 6.169820705328650092e+02
3.379382238612947953e-01 5.762202188070589273e+02
3.492371617241852855e-01 5.354538604302431395e+02
3.609138786834163448e-01 4.989212004719342417e+02
3.729810057532814693e-01 4.678040836082292344e+02
3.854515962650386651e-01 4.395873468832347726e+02
3.983391399870480631e-01 4.113952056804409949e+02
4.116575777170102257e-01 3.831455310776697161e+02
4.254213163620995108e-01 3.568431716412161450e+02
4.396452445232932327e-01 3.334835242501781067e+02
4.543447486007690661e-01 3.119658793320340351e+02
4.695357294377799362e-01 2.910490505527361620e+02
4.852346195210218704e-01 2.709952952055492119e+02
5.014584007560848322e-01 2.525918311581387456e+02
5.182246228372336949e-01 2.356810277344839619e+02
5.355514222313770833e-01 2.196353779814890288e+02
5.534575417967635413e-01 2.044392111291407161e+02
5.719623510576314906e-01 1.903686946552733161e+02
5.910858671567322808e-01 1.772872881003148677e+02
6.108487765084068544e-01 1.649648088730202460e+02
6.312724571756275216e-01 1.534449852932403928e+02
6.523790019952193653e-01 1.427378302687291409e+02
6.741912424762606104e-01 1.327220831994481784e+02
6.967327734975364839e-01 1.233615666829001327e+02
7.200279788307419881e-01 1.146397282443571726e+02
7.441020575170596008e-01 1.065115857566592865e+02
7.689810511256225389e-01 9.893379531359079238e+01
7.946918719233755368e-01 9.186875107344835101e+01
8.212623319867858873e-01 8.528478645355556864e+01
8.487211732869031078e-01 7.915215759841609611e+01
8.770980987803161932e-01 7.344238182960015138e+01
9.064238045396205701e-01 6.812808275017434312e+01
9.367300129581793700e-01 6.318344542777002459e+01
9.680495070650749767e-01 5.858407865010924809e+01
1.000416165987385808e+00 5.430685844433345721e+01
1.033865001598128330e+00 5.033011466753836771e+01
1.068432196389532240e+00 4.663369711552778085e+01
1.104155142612600837e+00 4.319899857231980889e+01
1.141072482725305592e+00 4.000856890030465252e+01
1.179224151193147607e+00 3.704592911978762260e+01
1.218651417687333982e+00 3.429542215854831255e+01
1.259396931727273516e+00 3.174239049499525578e+01
1.301504768815691548e+00 2.937319870601989180e+01
1.345020478116276896e+00 2.717523976907371974e+01
1.389991131725407447e+00 2.513673291336824533e+01
1.436465375591293947e+00 2.324662088202910937e+01
1.484493482135585296e+00 2.149447666149352898e+01
1.534127404634392455e+00 1.987055835318595953e+01
1.585420833417506836e+00 1.836579901872930876e+01
1.638429253946665609e+00 1.697179125762936280e+01
1.693210006835640158e+00 1.568069967138809240e+01
1.749822349877109051e+00 1.448520919911742943e+01
1.808327522143368116e+00 1.337848158823472211e+01
1.868788810230267217e+00 1.235414209408078356e+01
1.931271616715998229e+00 1.140625464185383819e+01
1.995843530908793184e+00 1.052929291626186448e+01
2.062574401960084458e+00 9.718114021008558367e+00
2.131536414422164238e+00 8.967933587222784553e+00
2.202804166332139602e+00 8.274302719138692197e+00
2.276454749906602792e+00 7.633084879781409704e+00
2.352567834934338631e+00 7.040434601343928733e+00
2.431225754957225149e+00 6.492777458178499828e+00
2.512513596332623944e+00 5.986792443006502040e+00
2.596519290273538783e+00 5.519395041477960895e+00
2.683333707966161441e+00 5.087720763626755627e+00
2.773050758867611432e+00 4.689110500911938040e+00
2.865767492290306695e+00 4.321096602943216070e+00
2.961584202382770314e+00 3.981389424445447744e+00
3.060604536620467719e+00 3.667865209504364010e+00
3.162935607924048931e+00 3.378554638403064914e+00
3.268688110526199786e+00 3.111631652566465345e+00
3.377976439712552459e+00 2.865403718193511029e+00
3.490918815566087297e+00 2.638302685330041530e+00
3.607637410848952619e+00 2.428876146354709498e+00
3.728258483159945236e+00 2.235779057823475302e+00
3.852912511510727001e+00 2.057765925656706241e+00
3.981734337468417539e+00 1.893683510587306662e+00
4.114863311017320058e+00 1.742464331282624901e+00
4.252443441297450555e+00 1.603120619874897290e+00
4.394623552383071896e+00 1.474738417507525323e+00
4.541557444269631816e+00 1.356472302093025828e+00
4.693404059243289517e+00 1.247540521015209514e+00
4.850327653813030437e+00 1.147220332181021041e+00
5.012497976391239618e+00 1.054843675742006992e+00
5.180090450915090017e+00 9.697931533427683881e-01
5.353286366607249214e+00 8.914982816770652407e-01
5.532273074081278885e+00 8.194320258907308308e-01
5.717244188003695271e+00 7.531075850743587097e-01
5.908399796532135539e+00 6.920753661082523767e-01
6.105946677756002750e+00 6.359202203627021266e-01
6.310098523373801171e+00 5.842589068787690243e-01
6.521076169849157722e+00 5.367376480562928709e-01
6.739107837295406966e+00 4.930299250335366534e-01
6.964429376347387013e+00 4.528344916413323817e-01
7.197284523287298619e+00 4.158735101212826524e-01
7.437925163700752407e+00 3.818907709808188056e-01
7.686611604948010879e+00 3.506499831874300699e-01
7.943612857745410594e+00 3.219332067362553063e-01
8.209206927161357470e+00 2.955394525504166370e-01
8.483681113341843272e+00 2.712834650932098302e-01
8.767332322290526392e+00 2.489945261818976574e-01
9.060467387039910392e+00 2.285153376802262493e-01
9.363403399560734641e+00 2.097009768107440941e-01
9.676468053768756405e+00 1.924179512335038034e-01
1.000000000000001243e+01 1.765433193483681718e-01
