2.000000000000000164e-05 5.393011549179604458e+01
2.066869842267550072e-05 5.566434329719823637e+01
2.135975472437544027e-05 5.745433935653953483e+01
2.207391643902171255e-05 5.930189773259655084e+01
2.281195609427394449e-05 6.120886379203938077e+01
2.357467204719313169e-05 6.317713442399691104e+01
2.436288934784564352e-05 6.520870593950681382e+01
2.517746063178175121e-05 6.730560558109777958e+01
2.601926704235410016e-05 6.946991989696041969e+01
2.688921918387384303e-05 7.170382576560902521e+01
2.778825810663545582e-05 7.400956469529391768e+01
2.871735632487579741e-05 7.638943942142601884e+01
2.967751886876853870e-05 7.884583892248598147e+01
3.066978437159193627e-05 8.138120623516135765e+01
3.169522619324599853e-05 8.399810209067874212e+01
3.275495358133433647e-05 8.669913256840520432e+01
3.385011287106671010e-05 8.948700393186238955e+01
3.498188872528021299e-05 9.236452998677151527e+01
3.615150541592045298e-05 9.533455100289928907e+01
3.736022814836899319e-05 9.840006581869684510e+01
3.860936443004954884e-05 1.015641107195739181e+02
3.990026548479344494e-05 1.048299203275979892e+02
4.123432771449419843e-05 1.082006928909989512e+02
4.261299420963254024e-05 1.116798513229282150e+02
4.403775631030562105e-05 1.152708362698631390e+02
4.551015521944909301e-05 1.189772507800570622e+02
4.703178366999723984e-05 1.228028462703765342e+02
4.860428764778435972e-05 1.267514095169501758e+02
5.022936817205134787e-05 1.308268676908096211e+02
5.190878313548323190e-05 1.350333337829942764e+02
5.364434920576834987e-05 1.393750344874481755e+02
5.543794379073590958e-05 1.438562440206272299e+02
5.729150706919781900e-05 1.484815262671166067e+02
5.920704408969155763e-05 1.532554390829673423e+02
6.118662693939432690e-05 1.581827531643709790e+02
6.323239698555469304e-05 1.632684630363767155e+02
6.534656719186627638e-05 1.685175920314370615e+02
6.753142451228926792e-05 1.739353662296061032e+02
6.978933236490913268e-05 1.795272780491056039e+02
7.212273318850868345e-05 1.852987623725741457e+02
7.453415108461877573e-05 1.912557829673495462e+02
7.702619454790587906e-05 1.974041194542456026e+02
7.960155928784993205e-05 2.037499951050186269e+02
8.226303114476471348e-05 2.102996983715007389e+02
8.501348910331518868e-05 2.170597715520910072e+02
8.785590840679157983e-05 2.240369737228988072e+02
9.079336377550881697e-05 2.312382489992260446e+02
9.382903273281309529e-05 2.386707365526025058e+02
9.696619904229312483e-05 2.463418860322284161e+02
1.002082562599141270e-04 2.542593499233115324e+02
1.035587114049174785e-04 2.624309147290529722e+02
1.070211887534562421e-04 2.708648241321484988e+02
1.105994337590709140e-04 2.795693763115775710e+02
1.142973171042456330e-04 2.885532668410347128e+02
1.181188388874281471e-04 2.978253746741759187e+02
1.220681329500424115e-04 3.073949392663766389e+02
1.261494713481742377e-04 3.172714499297732687e+02
1.303672689737678670e-04 3.274646951586378236e+02
1.347260883303314362e-04 3.379847543563022896e+02
1.392306444683180742e-04 3.488420161351960473e+02
1.438858100855209437e-04 3.600473132078898288e+02
1.486966207979997041e-04 3.716115599234914271e+02
1.536682805872396744e-04 3.835463115330514370e+02
1.588061674294368483e-04 3.958632838532503797e+02
1.641158391129971276e-04 4.085746128125814494e+02
1.696030392505434848e-04 4.216928254883806062e+02
1.752737034919339915e-04 4.352307405031229450e+02
1.811339659450114388e-04 4.492016649489501674e+02
1.871901658110307874e-04 4.636193147041398106e+02
1.934488542419408646e-04 4.784979291031717707e+02
1.999168014269393128e-04 4.938517645319406597e+02
2.066010039159656652e-04 5.096959987083757824e+02
2.135086921880547338e-04 5.260459054713962814e+02
2.206473384727377968e-04 5.429175565598537787e+02
2.280246648329511538e-04 5.603272646611216032e+02
2.356486515181963309e-04 5.782917483069695663e+02
2.435275455969876748e-04 5.968283469478999450e+02
2.516698698779247295e-04 6.159551492001929773e+02
2.600844321290405573e-04 6.356901771773244718e+02
2.687803346053976817e-04 6.560524595753676067e+02
2.777669838952388651e-04 6.770615232369052592e+02
2.870541010953427292e-04 6.987374336806072961e+02
2.966517323265922064e-04 7.211003732055955879e+02
3.065702596011295341e-04 7.441718603374509939e+02
3.168204120528543403e-04 7.679735377566574925e+02
3.274132775434116785e-04 7.925275556179525438e+02
3.383603146562264279e-04 8.178568592539504607e+02
3.496733650915567022e-04 8.439849879407332764e+02
3.613646664759745386e-04 8.709361953220068244e+02
3.734468656001317080e-04 8.987351029676910912e+02
3.859330320991275886e-04 9.274071455965447512e+02
3.988366725902805230e-04 9.569785308066047946e+02
4.121717452835938129e-04 9.874756468120923500e+02
4.259526750807212541e-04 1.018925803624469609e+03
4.401943691787655547e-04 1.051357234771209050e+03
4.549122331957894719e-04 1.084798557308270119e+03
4.701221878354804149e-04 1.119278707578409012e+03
4.858406861089974399e-04 1.154828064879092381e+03
5.020847311326308640e-04 1.191476796096751741e+03
5.188718945205230424e-04 1.229256073713259184e+03
5.362203353923492141e-04 1.268197646127769531e+03
5.541488200165187389e-04 1.308334438840108987e+03
5.726767421101455150e-04 1.349698610388157249e+03
5.918241438177454907e-04 1.392324414011586896e+03
6.116117373913557359e-04 1.436245338429604772e+03
6.320609275955268004e-04 1.481496518576725293e+03
6.531938348614238542e-04 1.528112615023303078e+03
6.750333192150836329e-04 1.576129201264701351e+03
6.976030050057104547e-04 1.625582266102280983e+03
7.209273064607610694e-04 1.676508411640127179e+03
7.450314540954613768e-04 1.728943316760808102e+03
7.699415220053250396e-04 1.782924741754417028e+03
7.956844560711916160e-04 1.838493582873037212e+03
8.222881031073025473e-04 1.895679531302002033e+03
8.497812409839368810e-04 1.954522777619411727e+03
8.781936097571961097e-04 2.015059550442663294e+03
9.075559438396131216e-04 2.077327439197300919e+03
9.379000052463793693e-04 2.141363338100234159e+03
9.692586179531593148e-04 2.207202123950430632e+03
1.001665703402655023e-03 2.274880953933614819e+03
1.035156317198330069e-03 2.344432123903274260e+03
1.069766687024985286e-03 2.415890964021939453e+03
1.105534251837205851e-03 2.489290009371707129e+03
1.142497702358069404e-03 2.564659710484836523e+03
1.180697022931930960e-03 2.642031013315665405e+03
1.220173534776542454e-03 2.721430729266116032e+03
1.260969940681316284e-03 2.802885534183701111e+03
1.303130371200056587e-03 2.886418579266008237e+03
1.346700432388157767e-03 2.972051289438877575e+03
1.391727255135877424e-03 3.059801739345296482e+03
1.438259546151070007e-03 3.149684872206221371e+03
1.486347640646530459e-03 3.241711658182844985e+03
1.536043556788919398e-03 3.335888911401531004e+03
1.587401051968200579e-03 3.432206457189815865e+03
1.640475680948428249e-03 3.530649723469583932e+03
1.695324855962815390e-03 3.631281404131299496e+03
1.752007908818060174e-03 3.734049174058442532e+03
1.810586155075142928e-03 3.838937380643536471e+03
1.871122960375984270e-03 3.945921568258535444e+03
1.933683808987751848e-03 4.054971093348651266e+03
1.998336374638913938e-03 4.166048619483186485e+03
2.065150593723721201e-03 4.279109881467198647e+03
2.134198740954243185e-03 4.394102984185141395e+03
2.205555507541849362e-03 4.510967966365425127e+03
2.279298081992675151e-03 4.629635852338767108e+03
2.355506233604463730e-03 4.750030225703627366e+03
2.434262398755145627e-03 4.872062724572876505e+03
2.515651770076436904e-03 4.995641044247672653e+03
2.599762388608985089e-03 5.120659002967572633e+03
2.686685239038679764e-03 5.247002376125334195e+03
2.776514348117217236e-03 5.374548136732928469e+03
2.869346886373309435e-03 5.503162861240828533e+03
2.965283273224645581e-03 5.632704253355346736e+03
3.064427285604211931e-03 5.763020146411941823e+03
3.166886170218578649e-03 5.893948533235304239e+03
3.272770759559481216e-03 6.025320706752317165e+03
3.382195591794276077e-03 6.156953405774053863e+03
3.495279034664920681e-03 6.288659180799309070e+03
3.612143413529477973e-03 6.420239818058807941e+03
3.732915143684721951e-03 6.551490062545783076e+03
3.857724867112893516e-03 6.682191911210611579e+03
3.986707593800617976e-03 6.812118925788705383e+03
4.120002847782761740e-03 6.941040287030403306e+03
4.257754818069308354e-03 7.068712994218479253e+03
4.400112514618404608e-03 7.194880398462843914e+03
4.547229929524409554e-03 7.319283799665085098e+03
4.699266203595197679e-03 7.441648198920086543e+03
4.856385798499019031e-03 7.561688690863904412e+03
5.018758674667020935e-03 7.679115047111565218e+03
5.186560475143959549e-03 7.793616528300919526e+03
5.359972715585955248e-03 7.904876549476951368e+03
5.539182980610755057e-03 8.012565342437826985e+03
5.724385126713026593e-03 8.116345117993994791e+03
5.915779491964028892e-03 8.215860968358334503e+03
6.113573112722652143e-03 8.310749605993656587e+03
6.317979947592099882e-03 8.400643250101566082e+03
6.529221108864616957e-03 8.485161812373813518e+03
6.747525101704480652e-03 8.563923569380976915e+03
6.973128071328140755e-03 8.636541936898454878e+03
7.206274058448705437e-03 8.702637270635503228e+03
7.447215263261310406e-03 8.761828968105006425e+03
7.696212318254701257e-03 8.813743294420310121e+03
7.953534570144332738e-03 8.858016667282143317e+03
8.219460371231864307e-03 8.894299142980065881e+03
8.494277380506187053e-03 8.922249319392889447e+03
8.778282874811823774e-03 8.941545004075913312e+03
9.071784070421121463e-03 8.951882877664591433e+03
9.375098455358292851e-03 8.952975956809172203e+03
9.688554132834568261e-03 8.944561355552263194e+03
1.001249017616620725e-02 8.926397655851313175e+03
1.034725699555901803e-02 8.898269498094985465e+03
1.069321671715643858e-02 8.859985576208942803e+03
1.105074357476093505e-02 8.811380563655166043e+03
1.142022431465263173e-02 8.752327824854633946e+03
1.180205861394306721e-02 8.682721658612448664e+03
1.219665951291643881e-02 8.602510211879147391e+03
1.260445386182631328e-02 8.511661810264826272e+03
1.302588278263077520e-02 8.410197063877829351e+03
1.346140214616583890e-02 8.298173231238733933e+03
1.391148306527291781e-02 8.175698107163959321e+03
1.437661240441416924e-02 8.042923087057468365e+03
1.485729330632660182e-02 7.900054098966124911e+03
1.535404573628500365e-02 7.747342995000182782e+03
1.586740704456205894e-02 7.585098029300650524e+03
1.639793254769450481e-02 7.413680471796966231e+03
1.694619612918364313e-02 7.233507391372663733e+03
1.751279086028037155e-02 7.045049383518436116e+03
1.809832964152614798e-02 6.848837081047948232e+03
1.870344586574363213e-02 6.645450351801048782e+03
1.932879410319460894e-02 6.435528494054481598e+03
1.997505080964588620e-02 6.219761951480249081e+03
2.064291505810955316e-02 5.998888495949672688e+03
2.133310929504865505e-02 5.773699908979429892e+03
2.204638012186681956e-02 5.545021760934486338e+03
2.278349910252664909e-02 5.313729067407147340e+03
2.354526359817107548e-02 5.080717729305461035e+03
2.433249762964985810e-02 4.846919391816268217e+03
2.514605276888498206e-02 4.613278056049786755e+03
2.598680906003840441e-02 4.380751936377917445e+03
2.685567597147924673e-02 4.150292029433388961e+03
2.775359337957988490e-02 3.922846903363919409e+03
2.868153258540498754e-02 3.699338551023358377e+03
2.964049736539381419e-02 3.480655503154273902e+03
3.063152505717161092e-02 3.267642248447459679e+03
3.165568768166540647e-02 3.061083599955050431e+03
3.271409310273729054e-02 2.861697777668443905e+03
3.380788622559029871e-02 2.670123311672201453e+03
3.493825023524253087e-02 2.486910255361711734e+03
3.610640787640997940e-02 2.312510369742605235e+03
3.731362277618164441e-02 2.147273275267258214e+03
3.856120081091872487e-02 1.991435068204507161e+03
3.985049151885547425e-02 1.845119628593075959e+03
4.118288955993056055e-02 1.708337052619418955e+03
4.255983622442782027e-02 1.580981527473202277e+03
4.398282099205792772e-02 1.462839679350974166e+03
4.545338314316834522e-02 1.353596372150248726e+03
4.697311342382341770e-02 1.252844088816131489e+03
4.854365576655684383e-02 1.160095742236741444e+03
5.016670906865677154e-02 1.074794151426546250e+03
5.184402902990837420e-02 9.963273593110444608e+02
5.357743005178047802e-02 9.240436111420465295e+02
5.536878720011212396e-02 8.572619806930694040e+02
5.722003823342062395e-02 7.952990138094017993e+02
5.913318569902666078e-02 7.374874292504563300e+02
6.111029909926251474e-02 6.832048850908026907e+02
6.315351713010779189e-02 6.318887255668565786e+02
6.526504999467336310e-02 5.830495108865270595e+02
6.744718179403717817e-02 5.362911615055006678e+02
6.970227299801623477e-02 4.913442002069032242e+02
7.203276299854979858e-02 4.480697810396502518e+02
7.444117274845411802e-02 4.064397856161045866e+02
7.693010748840443946e-02 3.665446828358429912e+02
7.950225956509210379e-02 3.285868728626304573e+02
8.216041134360790865e-02 2.928135623866744481e+02
8.490743821719984319e-02 2.595061824201341665e+02
8.774631171766281157e-02 2.289378665116792035e+02
9.068010272972255870e-02 2.013087904090175755e+02
9.371198481289348681e-02 1.767473322876137445e+02
9.684523763440215649e-02 1.552555947401554590e+02
1.000832505168899600e-01 1.367304550694151715e+02
1.034295261047340625e-01 1.209512161971261435e+02
1.068876841529496080e-01 1.076057632444178012e+02
1.104614654427753945e-01 9.631718236862870697e+01
1.141547358281756464e-01 8.667024972162575125e+01
1.179714904176376727e-01 7.824952473081893345e+01
1.219158578957853512e-01 7.067383190625869815e+01
1.259921049894874856e-01 6.363096594839909415e+01
1.302046410832891354e-01 5.690852672420825797e+01
1.345580229891604751e-01 5.041217967051936455e+01
1.390569598757198100e-01 4.416017365644651704e+01
1.437063183622670492e-01 3.825896615425304503e+01
1.485111277831346888e-01 3.285621619412095384e+01
1.534765856280515817e-01 2.808745909467170421e+01
1.586080631644066208e-01 2.403444597155016282e+01
1.639111112474894438e-01 2.070097413388557683e+01
1.693914663249987407e-01 1.801370439480446706e+01
1.750550566423093313e-01 1.584359103690669812e+01
1.809080086552135869e-01 1.403459881952314703e+01
1.869566536570689830e-01 1.243913842939769054e+01
1.932075346275276828e-01 1.094973693042106966e+01
1.996674133102498971e-01 9.519243159232209095e+00
2.063432775272630582e-01 8.160088987510858871e+00
2.132423487378718452e-01 6.921254124224207160e+00
2.203720898503036263e-01 5.853022886207869924e+00
2.277402132945338109e-01 4.978134892337277684e+00
2.353546893650253491e-01 4.281967215326038634e+00
2.432237548424092122e-01 3.720752147918203523e+00
2.513559219034258718e-01 3.242084237295186799e+00
2.597599873287743666e-01 2.806204905103680147e+00
2.684450420188219666e-01 2.398815577895820894e+00
2.774204808274743361e-01 2.028169424103290819e+00
2.866960127248350254e-01 1.709639171730580331e+00
2.962816712996577673e-01 1.449738176908017318e+00
3.061878256129444420e-01 1.240489198442616070e+00
3.164251914144354805e-01 1.065417763354331138e+00
3.270048427341168962e-01 9.104385987524035162e-01
3.379382238612947953e-01 7.706387615145395831e-01
3.492371617241852855e-01 6.485753037372150587e-01
3.609138786834163448e-01 5.469687395305701250e-01
3.729810057532814693e-01 4.638956673222648375e-01
3.854515962650386651e-01 3.940404524978862733e-01
3.983391399870480631e-01 3.331165310026104054e-01
4.116575777170102257e-01 2.800575456090567683e-01
4.254213163620995108e-01 2.353054597210887389e-01
4.396452445232932327e-01 1.982625121878125729e-01
4.543447486007690661e-01 1.671167713935452215e-01
4.695357294377799362e-01 1.403943149586975303e-01
4.852346195210218704e-01 1.176387657845544832e-01
5.014584007560848322e-01 9.861841248858489728e-02
5.182246228372336949e-01 8.271169224614521864e-02
5.355514222313770833e-01 6.924534421472444690e-02
5.534575417967635413e-01 5.786987154762059798e-02
5.719623510576314906e-01 4.835507398721727162e-02
5.910858671567322808e-01 4.038744130177809172e-02
6.108487765084068544e-01 3.368575161969820236e-02
6.312724571756275216e-01 2.807121925957189665e-02
6.523790019952193653e-01 2.338171187485938926e-02
6.741912424762606104e-01 1.945753183250247681e-02
6.967327734975364839e-01 1.617739302948447561e-02
7.200279788307419881e-01 1.344101469143149305e-02
7.441020575170596008e-01 1.115963502181149467e-02
7.689810511256225389e-01 9.258606246621142732e-03
7.946918719233755368e-01 7.675589935825758922e-03
8.212623319867858873e-01 6.358540457912923924e-03
8.487211732869031078e-01 5.263724836815357466e-03
8.770980987803161932e-01 4.354395997864760059e-03
9.064238045396205701e-01 3.599710617573306619e-03
9.367300129581793700e-01 2.973841089736352101e-03
9.680495070650749767e-01 2.455179303063336187e-03
1.000416165987385808e+00 2.025662421943410021e-03
1.033865001598128330e+00 1.670214440917990647e-03
1.068432196389532240e+00 1.376267200107760685e-03
1.104155142612600837e+00 1.133353599022524430e-03
1.141072482725305592e+00 9.327546257493186206e-04
1.179224151193147607e+00 7.672109080533786327e-04
1.218651417687333982e+00 6.306822460172764599e-04
1.259396931727273516e+00 5.181524340689370664e-04
1.301504768815691548e+00 4.254602240023849010e-04
1.345020478116276896e+00 3.491568241743224737e-04
1.389991131725407447e+00 2.863837295496624068e-04
1.436465375591293947e+00 2.347728584584178309e-04
1.484493482135585296e+00 1.923635231544173032e-04
1.534127404634392455e+00 1.575346092304271469e-04
1.585420833417506836e+00 1.289469458323217333e-04
1.638429253946665609e+00 1.054951204715142397e-04
1.693210006835640158e+00 8.626697430539483037e-05
1.749822349877109051e+00 7.051023963845317916e-05
1.808327522143368116e+00 5.760489232908142031e-05
1.868788810230267217e+00 4.704030293159035210e-05
1.931271616715998229e+00 3.839621050484745654e-05
1.995843530908793184e+00 3.132692785711279558e-05
2.062574401960084458e+00 2.554830136411789524e-05
2.131536414422164238e+00 2.082690017106628489e-05
2.202804166332139602e+00 1.697107191832333451e-05
2.276454749906602792e+00 1.382355088394130592e-05
2.352567834934338631e+00 1.125535801643664634e-05
2.431225754957225149e+00 9.160768826987165041e-06
2.512513596332623944e+00 7.453168888564920013e-06
2.596519290273538783e+00 6.061637033572483832e-06
2.683333707966161441e+00 4.928130302122043367e-06
2.773050758867611432e+00 4.005170709942406046e-06
2.865767492290306695e+00 3.253941620300747180e-06
2.961584202382770314e+00 2.642721842186167626e-06
3.060604536620467719e+00 2.145601821646397507e-06
3.162935607924048931e+00 1.741429094742162902e-06
3.268688110526199786e+00 1.412942698812033696e-06
3.377976439712552459e+00 1.146063095690173017e-06
3.490918815566087297e+00 9.293105134930428002e-07
3.607637410848952619e+00 7.533285477999962084e-07
3.728258483159945236e+00 6.104948935022396336e-07
3.852912511510727001e+00 4.946026662941844204e-07
3.981734337468417539e+00 4.005994553802766151e-07
4.114863311017320058e+00 3.243742350328852557e-07
4.252443441297450555e+00 2.625832697306558738e-07
4.394623552383071896e+00 2.125078870112121750e-07
4.541557444269631816e+00 1.719384233806245383e-07
4.693404059243289517e+00 1.390795545432114095e-07
4.850327653813030437e+00 1.124730727874844140e-07
5.012497976391239618e+00 9.093500594769053596e-08
5.180090450915090017e+00 7.350438553223186987e-08
5.353286366607249214e+00 5.940147708019457161e-08
5.532273074081278885e+00 4.799380701070639803e-08
5.717244188003695271e+00 3.876852188900391694e-08
5.908399796532135539e+00 3.130989281090225969e-08
6.105946677756002750e+00 2.528101539397678988e-08
6.310098523373801171e+00 2.040893449167936535e-08
6.521076169849157722e+00 1.647255555796388097e-08
6.739107837295406966e+00 1.329284705944676692e-08
6.964429376347387013e+00 1.072489244045591536e-08
7.197284523287298619e+00 8.651424023478360662e-09
7.437925163700752407e+00 6.977568656031978365e-09
7.686611604948010879e+00 5.626582275662858003e-09
7.943612857745410594e+00 4.536397573062411949e-09
8.209206927161357470e+00 3.656830358502983445e-09
8.483681113341843272e+00 2.947318994668021280e-09
8.767332322290526392e+00 2.375087472707147093e-09
9.060467387039910392e+00 1.913656429325437319e-09
9.363403399560734641e+00 1.541636550554245545e-09
9.676468053768756405e+00 1.241753010618671278e-09
1.000000000000001243e+01 1.000056918352844850e-09
