2.000000000000000164e-05 9.044265234125003161e+00
2.066869842267550072e-05 9.335101288835106814e+00
2.135975472437544027e-05 9.635287778632005029e+00
2.207391643902171255e-05 9.945127609997550522e+00
2.281195609427394449e-05 1.026493145258647921e+01
2.357467204719313169e-05 1.059501725945946404e+01
2.436288934784564352e-05 1.093571527096135831e+01
2.517746063178175121e-05 1.128737042765596321e+01
2.601926704235410016e-05 1.165033051773014527e+01
2.688921918387384303e-05 1.202496253114262359e+01
2.778825810663545582e-05 1.241164009171172822e+01
2.871735632487579741e-05 1.281075083764654465e+01
2.967751886876853870e-05 1.322268989017399043e+01
3.066978437159193627e-05 1.364787923677995352e+01
3.169522619324599853e-05 1.408673535101874918e+01
3.275495358133433647e-05 1.453970428740053578e+01
3.385011287106671010e-05 1.500723578880829834e+01
3.498188872528021299e-05 1.548979582818033229e+01
3.615150541592045298e-05 1.598787054686446218e+01
3.736022814836899319e-05 1.650196301553257783e+01
3.860936443004954884e-05 1.703257600862282928e+01
3.990026548479344494e-05 1.758025499809838976e+01
4.123432771449419843e-05 1.814553372220366612e+01
4.261299420963254024e-05 1.872898690184157999e+01
4.403775631030562105e-05 1.933119248022049064e+01
4.551015521944909301e-05 1.995275949947997063e+01
4.703178366999723984e-05 2.059430880447801826e+01
4.860428764778435972e-05 2.125647333614725554e+01
5.022936817205134787e-05 2.193992800939666310e+01
5.190878313548323190e-05 2.264534709160049175e+01
5.364434920576834987e-05 2.337344286200879395e+01
5.543794379073590958e-05 2.412492635200627689e+01
5.729150706919781900e-05 2.490057355599005717e+01
5.920704408969155763e-05 2.570114213187057217e+01
6.118662693939432690e-05 2.652743712307034230e+01
6.323239698555469304e-05 2.738028605722271891e+01
6.534656719186627638e-05 2.826053641864372779e+01
6.753142451228926792e-05 2.916907571280566458e+01
6.978933236490913268e-05 3.010679748472482586e+01
7.212273318850868345e-05 3.107463978447429653e+01
7.453415108461877573e-05 3.207358260882858758e+01
7.702619454790587906e-05 3.310460917260655833e+01
7.960155928784993205e-05 3.416875458121234033e+01
8.226303114476471348e-05 3.526707424577933381e+01
8.501348910331518868e-05 3.640066786518508479e+01
8.785590840679157983e-05 3.757065955871924245e+01
9.079336377550881697e-05 3.877822780421833215e+01
9.382903273281309529e-05 4.002454560624413915e+01
9.696619904229312483e-05 4.131089024894065886e+01
1.002082562599141270e-04 4.263850915444243839e+01
1.035587114049174785e-04 4.400873980343823888e+01
1.070211887534562421e-04 4.542293447003272888e+01
1.105994337590709140e-04 4.688251784237958475e+01
1.142973171042456330e-04 4.838890337532912156e+01
1.181188388874281471e-04 4.994361076895739160e+01
1.220681329500424115e-04 5.154817925268431367e+01
1.261494713481742377e-04 5.320418101392511545e+01
1.303672689737678670e-04 5.491328056467977348e+01
1.347260883303314362e-04 5.667714394049382776e+01
1.392306444683180742e-04 5.849751758784631051e+01
1.438858100855209437e-04 6.037621443152601586e+01
1.486966207979997041e-04 6.231507147811830549e+01
1.536682805872396744e-04 6.431599778909262000e+01
1.588061674294368483e-04 6.638096868608873535e+01
1.641158391129971276e-04 6.851200579373950461e+01
1.696030392505434848e-04 7.071119649153126829e+01
1.752737034919339915e-04 7.298070138549194041e+01
1.811339659450114388e-04 7.532274660825503076e+01
1.871901658110307874e-04 7.773960115514684333e+01
1.934488542419408646e-04 8.023364132437369278e+01
1.999168014269393128e-04 8.280728293158948361e+01
2.066010039159656652e-04 8.546301927826054623e+01
2.135086921880547338e-04 8.820342445115140606e+01
2.206473384727377968e-04 9.103116714208924520e+01
2.280246648329511538e-04 9.394894835394133281e+01
2.356486515181963309e-04 9.695957376805927197e+01
2.435275455969876748e-04 1.000659477092283112e+02
2.516698698779247295e-04 1.032710406632490532e+02
2.600844321290405573e-04 1.065778556110447681e+02
2.687803346053976817e-04 1.099895892953786927e+02
2.777669838952388651e-04 1.135094395538876739e+02
2.870541010953427292e-04 1.171407568504970840e+02
2.966517323265922064e-04 1.208869160718648033e+02
3.065702596011295341e-04 1.247514189906198112e+02
3.168204120528543403e-04 1.287378994956874010e+02
3.274132775434116785e-04 1.328500118695172603e+02
3.383603146562264279e-04 1.370915552042496017e+02
3.496733650915567022e-04 1.414663675486383454e+02
3.613646664759745386e-04 1.459784721739209203e+02
3.734468656001317080e-04 1.506318969793702820e+02
3.859330320991275886e-04 1.554308400519809936e+02
3.988366725902805230e-04 1.603795782432827366e+02
4.121717452835938129e-04 1.654824242618469441e+02
4.259526750807212541e-04 1.707439131416601299e+02
4.401943691787655547e-04 1.761685303317697731e+02
4.549122331957894719e-04 1.817609013259406368e+02
4.701221878354804149e-04 1.875258543734882153e+02
4.858406861089974399e-04 1.934681199154311173e+02
5.020847311326308640e-04 1.995926376918315555e+02
5.188718945205230424e-04 2.059044138999419431e+02
5.362203353923492141e-04 2.124084872979268255e+02
5.541488200165187389e-04 2.191100205595800503e+02
5.726767421101455150e-04 2.260141758720947109e+02
5.918241438177454907e-04 2.331262505608084439e+02
6.116117373913557359e-04 2.404515376728741671e+02
6.320609275955268004e-04 2.479953482573104679e+02
6.531938348614238542e-04 2.557631358911024222e+02
6.750333192150836329e-04 2.637603365927989785e+02
6.976030050057104547e-04 2.719922786770836751e+02
7.209273064607610694e-04 2.804643342043063399e+02
7.450314540954613768e-04 2.891819540664787382e+02
7.699415220053250396e-04 2.981503847154989444e+02
7.956844560711916160e-04 3.073761994192554425e+02
8.222881031073025473e-04 3.168625338364304866e+02
8.497812409839368810e-04 3.266152410906698265e+02
8.781936097571961097e-04 3.366392825940467901e+02
9.075559438396131216e-04 3.469396494077568605e+02
9.379000052463793693e-04 3.575209321631149351e+02
9.692586179531593148e-04 3.683874209717476447e+02
1.001665703402655023e-03 3.795434345423300897e+02
1.035156317198330069e-03 3.909927541099828545e+02
1.069766687024985286e-03 4.027390264079185727e+02
1.105534251837205851e-03 4.147854179228676230e+02
1.142497702358069404e-03 4.271347057681090291e+02
1.180697022931930960e-03 4.397891610062562791e+02
1.220173534776542454e-03 4.527507017084381573e+02
1.260969940681316284e-03 4.660203912862096445e+02
1.303130371200056587e-03 4.795989880899409172e+02
1.346700432388157767e-03 4.934864217861612019e+02
1.391727255135877424e-03 5.076817421010175622e+02
1.438259546151070007e-03 5.221833856444666253e+02
1.486347640646530459e-03 5.369890188535152902e+02
1.536043556788919398e-03 5.520949209845000496e+02
1.587401051968200579e-03 5.674967603949295381e+02
1.640475680948428249e-03 5.831890105985575019e+02
1.695324855962815390e-03 5.991646462761224257e+02
1.752007908818060174e-03 6.154161414840061752e+02
1.810586155075142928e-03 6.319338518711844017e+02
1.871122960375984270e-03 6.487071699088901369e+02
1.933683808987751848e-03 6.657239693694262996e+02
1.998336374638913938e-03 6.829706043206709865e+02
2.065150593723721201e-03 7.004320319842253184e+02
2.134198740954243185e-03 7.180911319115407423e+02
2.205555507541849362e-03 7.359297452086908606e+02
2.279298081992675151e-03 7.539277506497500099e+02
2.355506233604463730e-03 7.720633549564120131e+02
2.434262398755145627e-03 7.903131787763504690e+02
2.515651770076436904e-03 8.086522388297024690e+02
2.599762388608985089e-03 8.270542515820925473e+02
2.686685239038679764e-03 8.454911412778454860e+02
2.776514348117217236e-03 8.639332637455904660e+02
2.869346886373309435e-03 8.823501304017911480e+02
2.965283273224645581e-03 9.007099063643627233e+02
3.064427285604211931e-03 9.189794726296802310e+02
3.166886170218578649e-03 9.371252850628191027e+02
3.272770759559481216e-03 9.551122773204001533e+02
3.382195591794276077e-03 9.729056979115102877e+02
3.495279034664920681e-03 9.904692776303953679e+02
3.612143413529477973e-03 1.007767288931116241e+03
3.732915143684721951e-03 1.024763241789516314e+03
3.857724867112893516e-03 1.041420985860889004e+03
3.986707593800617976e-03 1.057703412211941441e+03
4.120002847782761740e-03 1.073574390443548282e+03
4.257754818069308354e-03 1.088997319259296319e+03
4.400112514618404608e-03 1.103935178770053653e+03
4.547229929524409554e-03 1.118351176206486343e+03
4.699266203595197679e-03 1.132207258654292673e+03
4.856385798499019031e-03 1.145466148225492361e+03
5.018758674667020935e-03 1.158087950470811165e+03
5.186560475143959549e-03 1.170032771838685221e+03
5.359972715585955248e-03 1.181259458903659151e+03
5.539182980610755057e-03 1.191724338203242951e+03
5.724385126713026593e-03 1.201383127028262606e+03
5.915779491964028892e-03 1.210189439377877534e+03
6.113573112722652143e-03 1.218095108744553272e+03
6.317979947592099882e-03 1.225050731961603333e+03
6.529221108864616957e-03 1.231006420816700484e+03
6.747525101704480652e-03 1.235911349929588596e+03
6.973128071328140755e-03 1.239715234378254308e+03
7.206274058448705437e-03 1.242368923870944400e+03
7.447215263261310406e-03 1.243825344900960772e+03
7.696212318254701257e-03 1.244039999293033361e+03
7.953534570144332738e-03 1.242972164814365215e+03
8.219460371231864307e-03 1.240586269749715029e+03
8.494277380506187053e-03 1.236850186622926913e+03
8.778282874811823774e-03 1.231739051145686972e+03
9.071784070421121463e-03 1.225231414475135125e+03
9.375098455358292851e-03 1.217314413314697731e+03
9.688554132834568261e-03 1.207977674555992508e+03
1.001249017616620725e-02 1.197219461991611070e+03
1.034725699555901803e-02 1.185041291066345366e+03
1.069321671715643858e-02 1.171451062991775643e+03
1.105074357476093505e-02 1.156462397814370206e+03
1.142022431465263173e-02 1.140092638885934321e+03
1.180205861394306721e-02 1.122366985862331603e+03
1.219665951291643881e-02 1.103314499414236934e+03
1.260445386182631328e-02 1.082970606656998598e+03
1.302588278263077520e-02 1.061377057642888758e+03
1.346140214616583890e-02 1.038580707935966757e+03
1.391148306527291781e-02 1.014634875875165335e+03
1.437661240441416924e-02 9.895995786269663768e+02
1.485729330632660182e-02 9.635393711508102115e+02
1.535404573628500365e-02 9.365257372492537797e+02
1.586740704456205894e-02 9.086350648131526668e+02
1.639793254769450481e-02 8.799497599788999196e+02
1.694619612918364313e-02 8.505568230626703325e+02
1.751279086028037155e-02 8.205481914778049486e+02
1.809832964152614798e-02 7.900200616247666403e+02
1.870344586574363213e-02 7.590727293500251562e+02
1.932879410319460894e-02 7.278097902979789069e+02
1.997505080964588620e-02 6.963373659839763832e+02
2.064291505810955316e-02 6.647644126883886884e+02
2.133310929504865505e-02 6.332005938694995848e+02
2.204638012186681956e-02 6.017564000415513874e+02
2.278349910252664909e-02 5.705428799076795485e+02
2.354526359817107548e-02 5.396690380340307911e+02
2.433249762964985810e-02 5.092426575922931420e+02
2.514605276888498206e-02 4.793685000077979907e+02
2.598680906003840441e-02 4.501470628638541029e+02
2.685567597147924673e-02 4.216741298168565777e+02
2.775359337957988490e-02 3.940395660930898885e+02
2.868153258540498754e-02 3.673260883426872283e+02
2.964049736539381419e-02 3.416081791555794780e+02
3.063152505717161092e-02 3.169514254308394925e+02
3.165568768166540647e-02 2.934116447445093740e+02
3.271409310273729054e-02 2.710339422110326382e+02
3.380788622559029871e-02 2.498529524567237559e+02
3.493825023524253087e-02 2.298916442659312906e+02
3.610640787640997940e-02 2.111617532643994366e+02
3.731362277618164441e-02 1.936635173353686525e+02
3.856120081091872487e-02 1.773855153013711572e+02
3.985049151885547425e-02 1.623051105532939289e+02
4.118288955993056055e-02 1.483892479358951562e+02
4.255983622442782027e-02 1.355949627687973020e+02
4.398282099205792772e-02 1.238709001788246553e+02
4.545338314316834522e-02 1.131584803284689826e+02
4.697311342382341770e-02 1.033931561682690017e+02
4.854365576655684383e-02 9.450590987444381597e+01
5.016670906865677154e-02 8.642441681783896001e+01
5.184402902990837420e-02 7.907450779516440775e+01
5.357743005178047802e-02 7.238188388173196586e+01
5.536878720011212396e-02 6.627291780204379279e+01
5.722003823342062395e-02 6.067663423404355427e+01
5.913318569902666078e-02 5.552599726609278719e+01
6.111029909926251474e-02 5.076046705661010350e+01
6.315351713010779189e-02 4.632730664246938090e+01
6.526504999467336310e-02 4.218148494037453133e+01
6.744718179403717817e-02 3.828521917510202854e+01
6.970227299801623477e-02 3.461068465051983623e+01
7.203276299854979858e-02 3.114265167012084845e+01
7.444117274845411802e-02 2.787477453474798139e+01
7.693010748840443946e-02 2.480506682178823041e+01
7.950225956509210379e-02 2.194014836789882139e+01
8.216041134360790865e-02 1.929253279099721397e+01
8.490743821719984319e-02 1.687111225750329524e+01
8.774631171766281157e-02 1.468625104203517751e+01
9.068010272972255870e-02 1.274351106328284189e+01
9.371198481289348681e-02 1.104034320991643270e+01
9.684523763440215649e-02 9.570445085593966894e+00
1.000832505168899600e-01 8.317314325642591655e+00
1.034295261047340625e-01 7.261047286002477286e+00
1.068876841529496080e-01 6.375472549156310897e+00
1.104614654427753945e-01 5.631900878437791746e+00
1.141547358281756464e-01 5.002301562845012484e+00
1.179714904176376727e-01 4.457585491664567634e+00
1.219158578957853512e-01 3.974129965484380023e+00
1.259921049894874856e-01 3.532198338379363367e+00
1.302046410832891354e-01 3.118592233036471928e+00
1.345580229891604751e-01 2.727471171700391217e+00
1.390569598757198100e-01 2.358963237076714847e+00
1.437063183622670492e-01 2.018028865565805852e+00
1.485111277831346888e-01 1.711320288099857478e+00
1.534765856280515817e-01 1.444767986653797465e+00
1.586080631644066208e-01 1.221007744522799809e+00
1.639111112474894438e-01 1.038710401599665323e+00
1.693914663249987407e-01 8.928623220354636736e-01
1.750550566423093313e-01 7.757979552112024280e-01
1.809080086552135869e-01 6.789345427370060415e-01
1.869566536570689830e-01 5.945763927254669179e-01
1.932075346275276828e-01 5.171837831203236480e-01
1.996674133102498971e-01 4.443357886629186737e-01
2.063432775272630582e-01 3.764629398187698262e-01
2.132423487378718452e-01 3.156187486174804602e-01
2.203720898503036263e-01 2.638402621502754508e-01
2.277402132945338109e-01 2.218634453193524259e-01
2.353546893650253491e-01 1.886885490750314642e-01
2.432237548424092122e-01 1.621372386076209982e-01
2.513559219034258718e-01 1.397182252290297966e-01
2.597599873287743666e-01 1.196148616423019784e-01
2.684450420188219666e-01 1.011448141430200676e-01
2.774204808274743361e-01 8.460404116023877152e-02
2.866960127248350254e-01 7.056214526063830927e-02
2.962816712996577673e-01 5.921080509589741331e-02
3.061878256129444420e-01 5.013881251464764877e-02
3.164251914144354805e-01 4.262304921384462569e-02
3.270048427341168962e-01 3.605525056839303105e-02
3.379382238612947953e-01 3.021497831302804790e-02
3.492371617241852855e-01 2.517878135398472078e-02
3.609138786834163448e-01 2.102618337097391862e-02
3.729810057532814693e-01 1.766131743854653519e-02
3.854515962650386651e-01 1.485929143130339768e-02
3.983391399870480631e-01 1.244441328209574746e-02
4.116575777170102257e-01 1.036594574693528066e-02
4.254213163620995108e-01 8.629936680691313589e-03
4.396452445232932327e-01 7.205968984828180039e-03
4.543447486007690661e-01 6.019924928841105874e-03
4.695357294377799362e-01 5.013156217333027825e-03
4.852346195210218704e-01 4.164313368855381350e-03
5.014584007560848322e-01 3.461312152776055504e-03
5.182246228372336949e-01 2.878829851418905714e-03
5.355514222313770833e-01 2.390308901432841842e-03
5.534575417967635413e-01 1.981325506970415228e-03
5.719623510576314906e-01 1.642348655567953076e-03
5.910858671567322808e-01 1.360958432321597144e-03
6.108487765084068544e-01 1.126323820148654757e-03
6.312724571756275216e-01 9.314635875862583994e-04
6.523790019952193653e-01 7.700443611291249782e-04
6.741912424762606104e-01 6.360979464792167973e-04
6.967327734975364839e-01 5.250057062318019266e-04
7.200279788307419881e-01 4.330923877489423223e-04
7.441020575170596008e-01 3.570746002710832503e-04
7.689810511256225389e-01 2.942176435954691740e-04
7.946918719233755368e-01 2.422674052167383680e-04
8.212623319867858873e-01 1.993652656049361971e-04
8.487211732869031078e-01 1.639632345864714660e-04
8.770980987803161932e-01 1.347711472338758085e-04
9.064238045396205701e-01 1.107148064836490796e-04
9.367300129581793700e-01 9.090274563643259366e-05
9.680495070650749767e-01 7.459582809038090728e-05
1.000416165987385808e+00 6.118163595578515355e-05
1.033865001598128330e+00 5.015327362644497392e-05
1.068432196389532240e+00 4.109158333127312698e-05
1.104155142612600837e+00 3.365023999582305138e-05
1.141072482725305592e+00 2.754303772999226049e-05
1.179224151193147607e+00 2.253354243960418248e-05
1.218651417687333982e+00 1.842653758998308462e-05
1.259396931727273516e+00 1.506110464917781246e-05
1.301504768815691548e+00 1.230472318979365151e-05
1.345020478116276896e+00 1.004834785319328429e-05
1.389991131725407447e+00 8.202224136737041799e-06
1.436465375591293947e+00 6.692495765410394739e-06
1.484493482135585296e+00 5.458407612157636423e-06
1.534127404634392455e+00 4.450065147451555655e-06
1.585420833417506836e+00 3.626530670163296098e-06
1.638429253946665609e+00 2.954243451210973660e-06
1.693210006835640158e+00 2.405676908507666430e-06
1.749822349877109051e+00 1.958257540736908166e-06
1.808327522143368116e+00 1.593477654282674918e-06
1.868788810230267217e+00 1.296185372096654144e-06
1.931271616715998229e+00 1.053986357785131512e-06
1.995843530908793184e+00 8.567489902877599963e-07
2.062574401960084458e+00 6.961897590169448031e-07
2.131536414422164238e+00 5.655375971713563919e-07
2.202804166332139602e+00 4.592593988312369319e-07
2.276454749906602792e+00 3.728376174419357677e-07
2.352567834934338631e+00 3.025860622625135300e-07
2.431225754957225149e+00 2.454982118220590181e-07
2.512513596332623944e+00 1.991226947446801370e-07
2.596519290273538783e+00 1.614615324674804117e-07
2.683333707966161441e+00 1.308870331334772914e-07
2.773050758867611432e+00 1.060735240691765931e-07
2.865767492290306695e+00 8.594163590310985264e-08
2.961584202382770314e+00 6.961272987307480219e-08
3.060604536620467719e+00 5.637203745661840740e-08
3.162935607924048931e+00 4.563840604495120321e-08
3.268688110526199786e+00 3.693951124560440767e-08
3.377976439712552459e+00 2.989154541260055933e-08
3.490918815566087297e+00 2.418269748614988642e-08
3.607637410848952619e+00 1.955972757257616382e-08
3.728258483159945236e+00 1.581703360829889405e-08
3.852912511510727001e+00 1.278774309882984972e-08
3.981734337468417539e+00 1.033644889171396624e-08
4.114863311017320058e+00 8.353318657530331600e-09
4.252443441297450555e+00 6.749298369968950355e-09
4.394623552383071896e+00 5.452205836676259477e-09
4.541557444269631816e+00 4.403544633357847076e-09
4.693404059243289517e+00 3.555916689400007231e-09
4.850327653813030437e+00 2.870922767383085487e-09
5.012497976391239618e+00 2.317465791216906265e-09
5.180090450915090017e+00 1.870372866708191521e-09
5.353286366607249214e+00 1.509273346703130772e-09
5.532273074081278885e+00 1.217684784368186826e-09
5.717244188003695271e+00 9.822714525822663878e-10
5.908399796532135539e+00 7.922443545786828019e-10
6.105946677756002750e+00 6.388780741122355180e-10
6.310098523373801171e+00 5.151197646923065584e-10
6.521076169849157722e+00 4.152705870224403896e-10
6.739107837295406966e+00 3.347260233898142165e-10
6.964429376347387013e+00 2.697651245644338696e-10
7.197284523287298619e+00 2.173812423509599994e-10
7.437925163700752407e+00 1.751456003672725900e-10
7.686611604948010879e+00 1.410971343162584153e-10
7.943612857745410594e+00 1.136526007152475190e-10
8.209206927161357470e+00 9.153402482148117259e-11
8.483681113341843272e+00 7.371018118260149451e-11
8.767332322290526392e+00 5.934923973562519990e-11
9.060467387039910392e+00 4.778027508162697690e-11
9.363403399560734641e+00 3.846193633333206216e-11
9.676468053768756405e+00 3.095742374069401426e-11
1.000000000000001243e+01 2.491437216879509753e-11
