2.000000000000000164e-05 9.140618037219169878e+01
2.066869842267550072e-05 9.434551783463804497e+01
2.135975472437544027e-05 9.737937262386719794e+01
2.207391643902171255e-05 1.005108255683524732e+02
2.281195609427394449e-05 1.037429232504106977e+02
2.357467204719313169e-05 1.070789753142125846e+02
2.436288934784564352e-05 1.105222726854610897e+02
2.517746063178175121e-05 1.140763293849808235e+02
2.601926704235410016e-05 1.177446053320596633e+02
2.688921918387384303e-05 1.215308773464400360e+02
2.778825810663545582e-05 1.254388727506476755e+02
2.871735632487579741e-05 1.294725363285095341e+02
2.967751886876853870e-05 1.336358773085959797e+02
3.066978437159193627e-05 1.379331010474111281e+02
3.169522619324599853e-05 1.423684655355217785e+02
3.275495358133433647e-05 1.469464569959965843e+02
3.385011287106671010e-05 1.516716535721794230e+02
3.498188872528021299e-05 1.565487726526490917e+02
3.615150541592045298e-05 1.615826623684941410e+02
3.736022814836899319e-05 1.667784182035832998e+02
3.860936443004954884e-05 1.721412008253251145e+02
3.990026548479344494e-05 1.776763829012190570e+02
4.123432771449419843e-05 1.833895781907699245e+02
4.261299420963254024e-05 1.892863630755771851e+02
4.403775631030562105e-05 1.953727887750832792e+02
4.551015521944909301e-05 2.016548284658314572e+02
4.703178366999723984e-05 2.081388387428891917e+02
4.860428764778435972e-05 2.148312542344843052e+02
5.022936817205134787e-05 2.217388463645524723e+02
5.190878313548323190e-05 2.288684213502324667e+02
5.364434920576834987e-05 2.362271861078297377e+02
5.543794379073590958e-05 2.438224677545398720e+02
5.729150706919781900e-05 2.516619199449637279e+02
5.920704408969155763e-05 2.597532313112735665e+02
6.118662693939432690e-05 2.681046437539728799e+02
6.323239698555469304e-05 2.767244633524934443e+02
6.534656719186627638e-05 2.856212922765409417e+02
6.753142451228926792e-05 2.948039295541487945e+02
6.978933236490913268e-05 3.042816859839616654e+02
7.212273318850868345e-05 3.140639671589184445e+02
7.453415108461877573e-05 3.241606169503923525e+02
7.702619454790587906e-05 3.345815036134954426e+02
7.960155928784993205e-05 3.453373227030721750e+02
8.226303114476471348e-05 3.564385333749457914e+02
8.501348910331518868e-05 3.678963557717223125e+02
8.785590840679157983e-05 3.797222412033330556e+02
9.079336377550881697e-05 3.919278294476781070e+02
9.382903273281309529e-05 4.045254340795632402e+02
9.696619904229312483e-05 4.175274867488408859e+02
1.002082562599141270e-04 4.309470892451640225e+02
1.035587114049174785e-04 4.447973884256937254e+02
1.070211887534562421e-04 4.590922653021174824e+02
1.105994337590709140e-04 4.738460025557898234e+02
1.142973171042456330e-04 4.890732228696664947e+02
1.181188388874281471e-04 5.047889590371869986e+02
1.220681329500424115e-04 5.210089658103286183e+02
1.261494713481742377e-04 5.377491906308350735e+02
1.303672689737678670e-04 5.550262623073053874e+02
1.347260883303314362e-04 5.728573617277669427e+02
1.392306444683180742e-04 5.912601693192439143e+02
1.438858100855209437e-04 6.102527827361391246e+02
1.486966207979997041e-04 6.298539703660198938e+02
1.536682805872396744e-04 6.500832261227715207e+02
1.588061674294368483e-04 6.709601807165697664e+02
1.641158391129971276e-04 6.925058483835193783e+02
1.696030392505434848e-04 7.147412260531483525e+02
1.752737034919339915e-04 7.376881692224274047e+02
1.811339659450114388e-04 7.613691861092960380e+02
1.871901658110307874e-04 7.858074974208205958e+02
1.934488542419408646e-04 8.110271319719394114e+02
1.999168014269393128e-04 8.370525877415192326e+02
2.066010039159656652e-04 8.639096135662481402e+02
2.135086921880547338e-04 8.916239011796426439e+02
2.206473384727377968e-04 9.202225668240356526e+02
2.280246648329511538e-04 9.497335984252370054e+02
2.356486515181963309e-04 9.801853075883880138e+02
2.435275455969876748e-04 1.011607391331169765e+03
2.516698698779247295e-04 1.044029702901110568e+03
2.600844321290405573e-04 1.077483707609582325e+03
2.687803346053976817e-04 1.112001873907124718e+03
2.777669838952388651e-04 1.147616330494364547e+03
2.870541010953427292e-04 1.184361614302707494e+03
2.966517323265922064e-04 1.222272861918243052e+03
3.065702596011295341e-04 1.261385147340154845e+03
3.168204120528543403e-04 1.301736431629723938e+03
3.274132775434116785e-04 1.343363813200218601e+03
3.383603146562264279e-04 1.386306535322713898e+03
3.496733650915567022e-04 1.430604786412780868e+03
3.613646664759745386e-04 1.476299350642934769e+03
3.734468656001317080e-04 1.523432394631354327e+03
3.859330320991275886e-04 1.572047269093963450e+03
3.988366725902805230e-04 1.622188509981128618e+03
4.121717452835938129e-04 1.673901501594205001e+03
4.259526750807212541e-04 1.727232383117695463e+03
4.401943691787655547e-04 1.782229469452045123e+03
4.549122331957894719e-04 1.838941626055968754e+03
4.701221878354804149e-04 1.897418664004045922e+03
4.858406861089974399e-04 1.957711614189413922e+03
5.020847311326308640e-04 2.019872756603739617e+03
5.188718945205230424e-04 2.083955682910872838e+03
5.362203353923492141e-04 2.150014985519110724e+03
5.541488200165187389e-04 2.218105788037402363e+03
5.726767421101455150e-04 2.288285114058662657e+03
5.918241438177454907e-04 2.360611184953640986e+03
6.116117373913557359e-04 2.435141350491887351e+03
6.320609275955268004e-04 2.511936847410036535e+03
6.531938348614238542e-04 2.591057573512255203e+03
6.750333192150836329e-04 2.672564957784950366e+03
6.976030050057104547e-04 2.756521035047256191e+03
7.209273064607610694e-04 2.842990631185714392e+03
7.450314540954613768e-04 2.932034976400835149e+03
7.699415220053250396e-04 3.023720282749386115e+03
7.956844560711916160e-04 3.118116810510060986e+03
8.222881031073025473e-04 3.215279246593911921e+03
8.497812409839368810e-04 3.315276800670718785e+03
8.781936097571961097e-04 3.418175533949459350e+03
9.075559438396131216e-04 3.524041384634082533e+03
9.379000052463793693e-04 3.632937881913618639e+03
9.692586179531593148e-04 3.744930538095561587e+03
1.001665703402655023e-03 3.860083615810258834e+03
1.035156317198330069e-03 3.978458828343110326e+03
1.069766687024985286e-03 4.100118569559524985e+03
1.105534251837205851e-03 4.225123293627944804e+03
1.142497702358069404e-03 4.353530646839544715e+03
1.180697022931930960e-03 4.485396667078203791e+03
1.220173534776542454e-03 4.620774574840525020e+03
1.260969940681316284e-03 4.759716069705608788e+03
1.303130371200056587e-03 4.902267940890398677e+03
1.346700432388157767e-03 5.048473463112914942e+03
1.391727255135877424e-03 5.198371341019334977e+03
1.438259546151070007e-03 5.351998649096677582e+03
1.486347640646530459e-03 5.509381540181469973e+03
1.536043556788919398e-03 5.670541575374161766e+03
1.587401051968200579e-03 5.835480847713708499e+03
1.640475680948428249e-03 6.004190884060316421e+03
1.695324855962815390e-03 6.176763814482560520e+03
1.752007908818060174e-03 6.353139896396326549e+03
1.810586155075142928e-03 6.533304221571902417e+03
1.871122960375984270e-03 6.717233514251927772e+03
1.933683808987751848e-03 6.904890558155440885e+03
1.998336374638913938e-03 7.096232693994165857e+03
2.065150593723721201e-03 7.291199005057604154e+03
2.134198740954243185e-03 7.489722001940157497e+03
2.205555507541849362e-03 7.691718378183502864e+03
2.279298081992675151e-03 7.897092860189335624e+03
2.355506233604463730e-03 8.105735261377627467e+03
2.434262398755145627e-03 8.317519379455839953e+03
2.515651770076436904e-03 8.532305919029549841e+03
2.599762388608985089e-03 8.749939215778938888e+03
2.686685239038679764e-03 8.970250998274443191e+03
2.776514348117217236e-03 9.193051898872110542e+03
2.869346886373309435e-03 9.418138907624868807e+03
2.965283273224645581e-03 9.645290649396813023e+03
3.064427285604211931e-03 9.874268787760032865e+03
3.166886170218578649e-03 1.010482005954468877e+04
3.272770759559481216e-03 1.033667642603566856e+04
3.382195591794276077e-03 1.056954828846839700e+04
3.495279034664920681e-03 1.080313014622999435e+04
3.612143413529477973e-03 1.103710273438364129e+04
3.732915143684721951e-03 1.127113063958570274e+04
3.857724867112893516e-03 1.150485369571100637e+04
3.986707593800617976e-03 1.173790064245005124e+04
4.120002847782761740e-03 1.196988419730706664e+04
4.257754818069308354e-03 1.220039374203644547e+04
4.400112514618404608e-03 1.242900199660810904e+04
4.547229929524409554e-03 1.265526711794899347e+04
4.699266203595197679e-03 1.287871933654513123e+04
4.856385798499019031e-03 1.309888195448665647e+04
5.018758674667020935e-03 1.331524198193814118e+04
5.186560475143959549e-03 1.352728167781980119e+04
5.359972715585955248e-03 1.373445021029437157e+04
5.539182980610755057e-03 1.393618478813070578e+04
5.724385126713026593e-03 1.413189510035196872e+04
5.915779491964028892e-03 1.432097215957210756e+04
6.113573112722652143e-03 1.450279324345122950e+04
6.317979947592099882e-03 1.467671474605867115e+04
6.529221108864616957e-03 1.484207898790856780e+04
6.747525101704480652e-03 1.499822071116781990e+04
6.973128071328140755e-03 1.514446517156863229e+04
7.206274058448705437e-03 1.528013721955989786e+04
7.447215263261310406e-03 1.540455989692208277e+04
7.696212318254701257e-03 1.551706519549329641e+04
7.953534570144332738e-03 1.561699465472176416e+04
8.219460371231864307e-03 1.570369951568019496e+04
8.494277380506187053e-03 1.577653981980887693e+04
8.778282874811823774e-03 1.583491208323727733e+04
9.071784070421121463e-03 1.587821532800885325e+04
9.375098455358292851e-03 1.590588834910152036e+04
9.688554132834568261e-03 1.591740142936049233e+04
1.001249017616620725e-02 1.591224111033500776e+04
1.034725699555901803e-02 1.588994142014311001e+04
1.069321671715643858e-02 1.585007140283675471e+04
1.105074357476093505e-02 1.579224543752511636e+04
1.142022431465263173e-02 1.571611541231022784e+04
1.180205861394306721e-02 1.562140327711186183e+04
1.219665951291643881e-02 1.550787445182896772e+04
1.260445386182631328e-02 1.537536123203680836e+04
1.302588278263077520e-02 1.522376478863736520e+04
1.346140214616583890e-02 1.505304882955691755e+04
1.391148306527291781e-02 1.486327055227788696e+04
1.437661240441416924e-02 1.465455059343779067e+04
1.485729330632660182e-02 1.442711266720945969e+04
1.535404573628500365e-02 1.418125725087710452e+04
1.586740704456205894e-02 1.391738647279693032e+04
1.639793254769450481e-02 1.363599376242458129e+04
1.694619612918364313e-02 1.333768937870074478e+04
1.751279086028037155e-02 1.302317112497502785e+04
1.809832964152614798e-02 1.269324396290401637e+04
1.870344586574363213e-02 1.234882948961646252e+04
1.932879410319460894e-02 1.199095011639150471e+04
1.997505080964588620e-02 1.162073115695174238e+04
2.064291505810955316e-02 1.123940477577975980e+04
2.133310929504865505e-02 1.084830636010042872e+04
2.204638012186681956e-02 1.044885515160461182e+04
2.278349910252664909e-02 1.004256911510549980e+04
2.354526359817107548e-02 9.631036965819457691e+03
2.433249762964985810e-02 9.215917297368192521e+03
2.514605276888498206e-02 8.798923559747239779e+03
2.598680906003840441e-02 8.381809781913238112e+03
2.685567597147924673e-02 7.966347091161794197e+03
2.775359337957988490e-02 7.554319199530777041e+03
2.868153258540498754e-02 7.147485887032258688e+03
2.964049736539381419e-02 6.747569344958546026e+03
3.063152505717161092e-02 6.356227348956645983e+03
3.165568768166540647e-02 5.975035676242788213e+03
3.271409310273729054e-02 5.605451558362414289e+03
3.380788622559029871e-02 5.248815094567331471e+03
3.493825023524253087e-02 4.906300203724404128e+03
3.610640787640997940e-02 4.578915891090040532e+03
3.731362277618164441e-02 4.267484211065555428e+03
3.856120081091872487e-02 3.972617807044750862e+03
3.985049151885547425e-02 3.694718237971733743e+03
4.118288955993056055e-02 3.433968969345225105e+03
4.255983622442782027e-02 3.190326899846023025e+03
4.398282099205792772e-02 2.963536363423530474e+03
4.545338314316834522e-02 2.753134314863973486e+03
4.697311342382341770e-02 2.558462984104745374e+03
4.854365576655684383e-02 2.378693324486976053e+03
5.016670906865677154e-02 2.212846106364812840e+03
5.184402902990837420e-02 2.059809264125992740e+03
5.357743005178047802e-02 1.918376548425671444e+03
5.536878720011212396e-02 1.787264348083059076e+03
5.722003823342062395e-02 1.665163695066262335e+03
5.913318569902666078e-02 1.550779605561759126e+03
6.111029909926251474e-02 1.442886866767296169e+03
6.315351713010779189e-02 1.340365850861609488e+03
6.526504999467336310e-02 1.242236136844552448e+03
6.744718179403717817e-02 1.147709154885318867e+03
6.970227299801623477e-02 1.056249090722466008e+03
7.203276299854979858e-02 9.675843910212581704e+02
7.444117274845411802e-02 8.816888884909956232e+02
7.693010748840443946e-02 7.988013737328599291e+02
7.950225956509210379e-02 7.193943107215451391e+02
8.216041134360790865e-02 6.440578884900309049e+02
8.490743821719984319e-02 5.734762278828737863e+02
8.774631171766281157e-02 5.083080559598641912e+02
9.068010272972255870e-02 4.490867989336179562e+02
9.371198481289348681e-02 3.961739574463218787e+02
9.684523763440215649e-02 3.496731947699716443e+02
1.000832505168899600e-01 3.094338836518887774e+02
1.034295261047340625e-01 2.750529826141527110e+02
1.068876841529496080e-01 2.458953288163840227e+02
1.104614654427753945e-01 2.211769794716393847e+02
1.141547358281756464e-01 2.000027591274428573e+02
1.179714904176376727e-01 1.814621821030351896e+02
1.219158578957853512e-01 1.647065208460341523e+02
1.259921049894874856e-01 1.490306155714031604e+02
1.302046410832891354e-01 1.339515447789201517e+02
1.345580229891604751e-01 1.192543403083238900e+02
1.390569598757198100e-01 1.049896144726239271e+02
1.437063183622670492e-01 9.141765182707422355e+01
1.485111277831346888e-01 7.890439032724917467e+01
1.534765856280515817e-01 6.779393028084119521e+01
1.586080631644066208e-01 5.830548054217891263e+01
1.639111112474894438e-01 5.047386687694061180e+01
1.693914663249987407e-01 4.414551164030029184e+01
1.750550566423093313e-01 3.902522428212084549e+01
1.809080086552135869e-01 3.474592485832280175e+01
1.869566536570689830e-01 3.095331927361617375e+01
1.932075346275276828e-01 2.738645397598152442e+01
1.996674133102498971e-01 2.393050939789769771e+01
2.063432775272630582e-01 2.061889546935128337e+01
2.132423487378718452e-01 1.757822414333320182e+01
2.203720898503036263e-01 1.494115981175668217e+01
2.277402132945338109e-01 1.277297624659132680e+01
2.353546893650253491e-01 1.104287398644656903e+01
2.432237548424092122e-01 9.644622131319591674e+00
2.513559219034258718e-01 8.446773769252816422e+00
2.597599873287743666e-01 7.348465673213222082e+00
2.684450420188219666e-01 6.313671708963946472e+00
2.774204808274743361e-01 5.365236356962991948e+00
2.866960127248350254e-01 4.545597784499886274e+00
2.962816712996577673e-01 3.874095055124994413e+00
3.061878256129444420e-01 3.331635780461137841e+00
3.164251914144354805e-01 2.875869241559026790e+00
3.270048427341168962e-01 2.469864634535316572e+00
3.379382238612947953e-01 2.101112484686756599e+00
3.492371617241852855e-01 1.777128362469562184e+00
3.609138786834163448e-01 1.506171135289486429e+00
3.729810057532814693e-01 1.283743273322403455e+00
3.854515962650386651e-01 1.095816150994894489e+00
3.983391399870480631e-01 9.309395090086993729e-01
4.116575777170102257e-01 7.864814008309239934e-01
4.254213163620995108e-01 6.640211156533397663e-01
4.396452445232932327e-01 5.621987001570365461e-01
4.543447486007690661e-01 4.761595580646763026e-01
4.695357294377799362e-01 4.019358337577453866e-01
4.852346195210218704e-01 3.383897463491894464e-01
5.014584007560848322e-01 2.850218450668268733e-01
5.182246228372336949e-01 2.401715712031237959e-01
5.355514222313770833e-01 2.020091452022361178e-01
5.534575417967635413e-01 1.696051479070656842e-01
5.719623510576314906e-01 1.423723896599823346e-01
5.910858671567322808e-01 1.194568335656944619e-01
6.108487765084068544e-01 1.000863512118988080e-01
6.312724571756275216e-01 8.377991025605219244e-02
6.523790019952193653e-01 7.009530581326080256e-02
6.741912424762606104e-01 5.858919604991718461e-02
6.967327734975364839e-01 4.892527356190622817e-02
7.200279788307419881e-01 4.082627784461712039e-02
7.441020575170596008e-01 3.404289602609696791e-02
7.689810511256225389e-01 2.836436078018922044e-02
7.946918719233755368e-01 2.361402177122172083e-02
8.212623319867858873e-01 1.964385520384726372e-02
8.487211732869031078e-01 1.632880603825535501e-02
8.770980987803161932e-01 1.356320545426252001e-02
9.064238045396205701e-01 1.125786891759608492e-02
9.367300129581793700e-01 9.337729920870179931e-03
9.680495070650749767e-01 7.739666589845260389e-03
1.000416165987385808e+00 6.410647658192634296e-03
1.033865001598128330e+00 5.306191945345486820e-03
1.068432196389532240e+00 4.389036134573043486e-03
1.104155142612600837e+00 3.627996139826673329e-03
1.141072482725305592e+00 2.996971476758994446e-03
1.179224151193147607e+00 2.474128612818353706e-03
1.218651417687333982e+00 2.041216394774077354e-03
1.259396931727273516e+00 1.683006427199318150e-03
1.301504768815691548e+00 1.386806651215461090e-03
1.345020478116276896e+00 1.142049189565143546e-03
1.389991131725407447e+00 9.399356951479909605e-04
1.436465375591293947e+00 7.731453047437266031e-04
1.484493482135585296e+00 6.355904315044123929e-04
1.534127404634392455e+00 5.222158969968326327e-04
1.585420833417506836e+00 4.288276902219462271e-04
1.638429253946665609e+00 3.519491159240985549e-04
1.693210006835640158e+00 2.886993412226985969e-04
1.749822349877109051e+00 2.366927796642777631e-04
1.808327522143368116e+00 1.939552822220293247e-04
1.868788810230267217e+00 1.588545221737350721e-04
1.931271616715998229e+00 1.300417646661802937e-04
1.995843530908793184e+00 1.064033018648130439e-04
2.062574401960084458e+00 8.702017179587276515e-05
2.131536414422164238e+00 7.113461310916380763e-05
2.202804166332139602e+00 5.812219077211098226e-05
2.276454749906602792e+00 4.746863520395148370e-05
2.352567834934338631e+00 3.875065530235332169e-05
2.431225754957225149e+00 3.162004199941541890e-05
2.512513596332623944e+00 2.579053696052112013e-05
2.596519290273538783e+00 2.102695312812673543e-05
2.683333707966161441e+00 1.713617289602773554e-05
2.773050758867611432e+00 1.395970921273882904e-05
2.865767492290306695e+00 1.136756519444946275e-05
2.961584202382770314e+00 9.253166697233186882e-06
3.060604536620467719e+00 7.529192170661007598e-06
3.162935607924048931e+00 6.124133489321107845e-06
3.268688110526199786e+00 4.979461179246686729e-06
3.377976439712552459e+00 4.047292861196570541e-06
3.490918815566087297e+00 3.288475594883485567e-06
3.607637410848952619e+00 2.671009186358133152e-06
3.728258483159945236e+00 2.168752100785006613e-06
3.852912511510727001e+00 1.760358896599565800e-06
3.981734337468417539e+00 1.428407997287091075e-06
4.114863311017320058e+00 1.158686704585477924e-06
4.252443441297450555e+00 9.396051983593304135e-07
4.394623552383071896e+00 7.617162602909376655e-07
4.541557444269631816e+00 6.173225654461269712e-07
4.693404059243289517e+00 5.001552874388184445e-07
4.850327653813030437e+00 4.051109578976447903e-07
5.012497976391239618e+00 3.280364620460900753e-07
5.180090450915090017e+00 2.655533815255531607e-07
5.353286366607249214e+00 2.149144931895740498e-07
5.532273074081278885e+00 1.738866598132336404e-07
5.717244188003695271e+00 1.406552853170543445e-07
5.908399796532135539e+00 1.137463563978260430e-07
6.105946677756002750e+00 9.196294573700236156e-08
6.310098523373801171e+00 7.433348334581923962e-08
6.521076169849157722e+00 6.006957802447921152e-08
6.739107837295406966e+00 4.853168609561234446e-08
6.964429376347387013e+00 3.920117583247099601e-08
7.197284523287298619e+00 3.165759083932054649e-08
7.437925163700752407e+00 2.556016945119792015e-08
7.686611604948010879e+00 2.063282682283524849e-08
7.943612857745410594e+00 1.665194211425185763e-08
8.209206927161357470e+00 1.343643932230441708e-08
8.483681113341843272e+00 1.083973401878773112e-08
8.767332322290526392e+00 8.743193390529676711e-09
9.060467387039910392e+00 7.050831558185239833e-09
9.363403399560734641e+00 5.685008873987035500e-09
9.676468053768756405e+00 4.582940922937070470e-09
1.000000000000001243e+01 3.693868424457097891e-09
