2.000000000000000164e-05 1.047302233764257906e+00
2.066869842267550072e-05 1.047299479339216965e+00
2.135975472437544027e-05 1.047300175235843733e+00
2.207391643902171255e-05 1.047297780506585507e+00
2.281195609427394449e-05 1.047300451334495230e+00
2.357467204719313169e-05 1.047302698814299493e+00
2.436288934784564352e-05 1.047303219006721964e+00
2.517746063178175121e-05 1.047300017822252904e+00
2.601926704235410016e-05 1.047296854477950845e+00
2.688921918387384303e-05 1.047298854569467252e+00
2.778825810663545582e-05 1.047298536175577999e+00
2.871735632487579741e-05 1.047302532632209848e+00
2.967751886876853870e-05 1.047299081953097399e+00
3.066978437159193627e-05 1.047297492749210690e+00
3.169522619324599853e-05 1.047299914791421926e+00
3.275495358133433647e-05 1.047300130595863354e+00
3.385011287106671010e-05 1.047293723862586123e+00
3.498188872528021299e-05 1.047298086417655538e+00
3.615150541592045298e-05 1.047296263676412709e+00
3.736022814836899319e-05 1.047300989416517503e+00
3.860936443004954884e-05 1.047294733783931120e+00
3.990026548479344494e-05 1.047299232336130093e+00
4.123432771449419843e-05 1.047299376797287795e+00
4.261299420963254024e-05 1.047299904961553674e+00
4.403775631030562105e-05 1.047296894347924168e+00
4.551015521944909301e-05 1.047296324152479752e+00
4.703178366999723984e-05 1.047301110685074255e+00
4.860428764778435972e-05 1.047294302844198777e+00
5.022936817205134787e-05 1.047300944956746527e+00
5.190878313548323190e-05 1.047296212939126114e+00
5.364434920576834987e-05 1.047298027691212052e+00
5.543794379073590958e-05 1.047296388036401016e+00
5.729150706919781900e-05 1.047295089003343449e+00
5.920704408969155763e-05 1.047294780006071457e+00
6.118662693939432690e-05 1.047295606191587236e+00
6.323239698555469304e-05 1.047292257408205307e+00
6.534656719186627638e-05 1.047296265503483426e+00
6.753142451228926792e-05 1.047287803816400409e+00
6.978933236490913268e-05 1.047295566899196784e+00
7.212273318850868345e-05 1.047289802304792516e+00
7.453415108461877573e-05 1.047294730710302879e+00
7.702619454790587906e-05 1.047295410610881161e+00
7.960155928784993205e-05 1.047290216654592321e+00
8.226303114476471348e-05 1.047292105304365117e+00
8.501348910331518868e-05 1.047289123185280557e+00
8.785590840679157983e-05 1.047288628571328539e+00
9.079336377550881697e-05 1.047282796303774299e+00
9.382903273281309529e-05 1.047288387789269581e+00
9.696619904229312483e-05 1.047287863390256479e+00
1.002082562599141270e-04 1.047281810658250434e+00
1.035587114049174785e-04 1.047284577560961161e+00
1.070211887534562421e-04 1.047279498336453507e+00
1.105994337590709140e-04 1.047283344817012019e+00
1.142973171042456330e-04 1.047279864792651116e+00
1.181188388874281471e-04 1.047276134997597863e+00
1.220681329500424115e-04 1.047276821209483844e+00
1.261494713481742377e-04 1.047273400178917679e+00
1.303672689737678670e-04 1.047274036855491808e+00
1.347260883303314362e-04 1.047268298813716969e+00
1.392306444683180742e-04 1.047267730799997798e+00
1.438858100855209437e-04 1.047266289815503626e+00
1.486966207979997041e-04 1.047265171379758941e+00
1.536682805872396744e-04 1.047265574874511884e+00
1.588061674294368483e-04 1.047256904407326772e+00
1.641158391129971276e-04 1.047257977586557143e+00
1.696030392505434848e-04 1.047254106808992224e+00
1.752737034919339915e-04 1.047251048068085888e+00
1.811339659450114388e-04 1.047249625636580417e+00
1.871901658110307874e-04 1.047241631012592045e+00
1.934488542419408646e-04 1.047238398716653585e+00
1.999168014269393128e-04 1.047232088187134869e+00
2.066010039159656652e-04 1.047227350951817071e+00
2.135086921880547338e-04 1.047227033208390168e+00
2.206473384727377968e-04 1.047221562417365304e+00
2.280246648329511538e-04 1.047214980810727836e+00
2.356486515181963309e-04 1.047208657333164705e+00
2.435275455969876748e-04 1.047207449712137306e+00
2.516698698779247295e-04 1.047193832235391975e+00
2.600844321290405573e-04 1.047192052130797579e+00
2.687803346053976817e-04 1.047180031930939004e+00
2.777669838952388651e-04 1.047171851462276981e+00
2.870541010953427292e-04 1.047165136132389041e+00
2.966517323265922064e-04 1.047154899995917043e+00
3.065702596011295341e-04 1.047147914370506472e+00
3.168204120528543403e-04 1.047135710035718592e+00
3.274132775434116785e-04 1.047123263681905891e+00
3.383603146562264279e-04 1.047114089768538703e+00
3.496733650915567022e-04 1.047095180700720052e+00
3.613646664759745386e-04 1.047085208304386672e+00
3.734468656001317080e-04 1.047069023142378263e+00
3.859330320991275886e-04 1.047053462088512354e+00
3.988366725902805230e-04 1.047044159313161638e+00
4.121717452835938129e-04 1.047019107157520335e+00
4.259526750807212541e-04 1.046999469168240493e+00
4.401943691787655547e-04 1.046981582386856680e+00
4.549122331957894719e-04 1.046958016134705627e+00
4.701221878354804149e-04 1.046935425850749946e+00
4.858406861089974399e-04 1.046912184353488762e+00
5.020847311326308640e-04 1.046881950793385530e+00
5.188718945205230424e-04 1.046859107975348868e+00
5.362203353923492141e-04 1.046826465490103164e+00
5.541488200165187389e-04 1.046790986061551854e+00
5.726767421101455150e-04 1.046762069658677685e+00
5.918241438177454907e-04 1.046725986920373552e+00
6.116117373913557359e-04 1.046687005967684936e+00
6.320609275955268004e-04 1.046643872099382921e+00
6.531938348614238542e-04 1.046596969666956145e+00
6.750333192150836329e-04 1.046550701739159317e+00
6.976030050057104547e-04 1.046504133043057783e+00
7.209273064607610694e-04 1.046449796371181185e+00
7.450314540954613768e-04 1.046391561374001133e+00
7.699415220053250396e-04 1.046328933185681542e+00
7.956844560711916160e-04 1.046262700208797192e+00
8.222881031073025473e-04 1.046192832453571420e+00
8.497812409839368810e-04 1.046120416279451293e+00
8.781936097571961097e-04 1.046045558354081084e+00
9.075559438396131216e-04 1.045956912435295427e+00
9.379000052463793693e-04 1.045867271569897783e+00
9.692586179531593148e-04 1.045772043308533794e+00
1.001665703402655023e-03 1.045669459711097815e+00
1.035156317198330069e-03 1.045561230620249082e+00
1.069766687024985286e-03 1.045444958763484422e+00
1.105534251837205851e-03 1.045318834986553203e+00
1.142497702358069404e-03 1.045189986455422160e+00
1.180697022931930960e-03 1.045055958148387809e+00
1.220173534776542454e-03 1.044902148127939023e+00
1.260969940681316284e-03 1.044745034597747146e+00
1.303130371200056587e-03 1.044574222780885853e+00
1.346700432388157767e-03 1.044399260791363249e+00
1.391727255135877424e-03 1.044206543010334443e+00
1.438259546151070007e-03 1.044006815889273021e+00
1.486347640646530459e-03 1.043791429909556090e+00
1.536043556788919398e-03 1.043568875711907262e+00
1.587401051968200579e-03 1.043325844522247525e+00
1.640475680948428249e-03 1.043068731703918894e+00
1.695324855962815390e-03 1.042800641721531862e+00
1.752007908818060174e-03 1.042507320825067474e+00
1.810586155075142928e-03 1.042204680391023652e+00
1.871122960375984270e-03 1.041882036950789514e+00
1.933683808987751848e-03 1.041543538646652056e+00
1.998336374638913938e-03 1.041176247302028068e+00
2.065150593723721201e-03 1.040798040285916937e+00
2.134198740954243185e-03 1.040395762101376631e+00
2.205555507541849362e-03 1.039973523567194524e+00
2.279298081992675151e-03 1.039522456684062401e+00
2.355506233604463730e-03 1.039052638741204015e+00
2.434262398755145627e-03 1.038552682727190035e+00
2.515651770076436904e-03 1.038030611817127857e+00
2.599762388608985089e-03 1.037483247793424379e+00
2.686685239038679764e-03 1.036911687343255561e+00
2.776514348117217236e-03 1.036306862953309427e+00
2.869346886373309435e-03 1.035678548532367849e+00
2.965283273224645581e-03 1.035018695770342001e+00
3.064427285604211931e-03 1.034335687845717944e+00
3.166886170218578649e-03 1.033622227578502750e+00
3.272770759559481216e-03 1.032876251378489263e+00
3.382195591794276077e-03 1.032108628445623344e+00
3.495279034664920681e-03 1.031311568067750040e+00
3.612143413529477973e-03 1.030492368897117483e+00
3.732915143684721951e-03 1.029639482442319620e+00
3.857724867112893516e-03 1.028769211025168495e+00
3.986707593800617976e-03 1.027874280959296227e+00
4.120002847782761740e-03 1.026960111277030574e+00
4.257754818069308354e-03 1.026031219915424231e+00
4.400112514618404608e-03 1.025083924724688789e+00
4.547229929524409554e-03 1.024126848225128672e+00
4.699266203595197679e-03 1.023158142282201810e+00
4.856385798499019031e-03 1.022184384359461129e+00
5.018758674667020935e-03 1.021206712205464440e+00
5.186560475143959549e-03 1.020241570891395888e+00
5.359972715585955248e-03 1.019267903299863720e+00
5.539182980610755057e-03 1.018317270124758256e+00
5.724385126713026593e-03 1.017375613889015096e+00
5.915779491964028892e-03 1.016453045345145467e+00
6.113573112722652143e-03 1.015551096039410517e+00
6.317979947592099882e-03 1.014666959668808932e+00
6.529221108864616957e-03 1.013815412351081857e+00
6.747525101704480652e-03 1.012990106632204235e+00
6.973128071328140755e-03 1.012182316024645923e+00
7.206274058448705437e-03 1.011410528846037549e+00
7.447215263261310406e-03 1.010645690858159140e+00
7.696212318254701257e-03 1.009909617660741388e+00
7.953534570144332738e-03 1.009182945948161825e+00
8.219460371231864307e-03 1.008459063528200028e+00
8.494277380506187053e-03 1.007742611844534952e+00
8.778282874811823774e-03 1.007013580432402744e+00
9.071784070421121463e-03 1.006270526838992208e+00
9.375098455358292851e-03 1.005515424263943691e+00
9.688554132834568261e-03 1.004725671407856069e+00
1.001249017616620725e-02 1.003926115750973791e+00
1.034725699555901803e-02 1.003105027101282687e+00
1.069321671715643858e-02 1.002266303372412404e+00
1.105074357476093505e-02 1.001434800713243867e+00
1.142022431465263173e-02 1.000612430284952392e+00
1.180205861394306721e-02 9.998154205523468452e-01
1.219665951291643881e-02 9.990778187021648327e-01
1.260445386182631328e-02 9.984096603960592731e-01
1.302588278263077520e-02 9.978309671028664507e-01
1.346140214616583890e-02 9.973491627123439729e-01
1.391148306527291781e-02 9.969668891640619535e-01
1.437661240441416924e-02 9.966858664017619329e-01
1.485729330632660182e-02 9.964652243243468099e-01
1.535404573628500365e-02 9.962950940265913324e-01
1.586740704456205894e-02 9.961247917757993786e-01
1.639793254769450481e-02 9.959293721714804759e-01
1.694619612918364313e-02 9.956649825710452983e-01
1.751279086028037155e-02 9.953163079066975616e-01
1.809832964152614798e-02 9.948926201319683305e-01
1.870344586574363213e-02 9.944099464076964212e-01
1.932879410319460894e-02 9.939264386467500101e-01
1.997505080964588620e-02 9.934834568497286078e-01
2.064291505810955316e-02 9.931380205571863629e-01
2.133310929504865505e-02 9.929274176633008375e-01
2.204638012186681956e-02 9.928215960785644612e-01
2.278349910252664909e-02 9.927897219145433994e-01
2.354526359817107548e-02 9.927469874758922952e-01
2.433249762964985810e-02 9.926246874184302404e-01
2.514605276888498206e-02 9.923745861909704091e-01
2.598680906003840441e-02 9.920247738661746029e-01
2.685567597147924673e-02 9.916530114403500074e-01
2.775359337957988490e-02 9.913552161457948042e-01
2.868153258540498754e-02 9.911924730168664155e-01
2.964049736539381419e-02 9.911712845740416888e-01
3.063152505717161092e-02 9.911888278686825648e-01
3.165568768166540647e-02 9.911203114969087125e-01
3.271409310273729054e-02 9.909099238594658576e-01
3.380788622559029871e-02 9.906023017253835494e-01
3.493825023524253087e-02 9.903464925561586973e-01
3.610640787640997940e-02 9.902487497757964663e-01
3.731362277618164441e-02 9.902978763242318294e-01
3.856120081091872487e-02 9.903220945235019501e-01
3.985049151885547425e-02 9.901861950745657337e-01
4.118288955993056055e-02 9.899444083034253383e-01
4.255983622442782027e-02 9.897930817937871106e-01
4.398282099205792772e-02 9.898392176599352110e-01
4.545338314316834522e-02 9.899345526746607948e-01
4.697311342382341770e-02 9.898754464154875254e-01
4.854365576655684383e-02 9.897012705650338749e-01
5.016670906865677154e-02 9.896526461056419643e-01
5.184402902990837420e-02 9.897847044097539682e-01
5.357743005178047802e-02 9.898533385478642810e-01
5.536878720011212396e-02 9.897361417851697762e-01
5.722003823342062395e-02 9.896981516345866314e-01
5.913318569902666078e-02 9.898327888791431661e-01
6.111029909926251474e-02 9.898675031444661432e-01
6.315351713010779189e-02 9.897559908286421848e-01
6.526504999467336310e-02 9.897872431941392435e-01
6.744718179403717817e-02 9.898640783249295083e-01
6.970227299801623477e-02 9.897446009505393993e-01
7.203276299854979858e-02 9.896973943959617159e-01
7.444117274845411802e-02 9.897293158854992834e-01
7.693010748840443946e-02 9.895739622335999464e-01
7.950225956509210379e-02 9.895035938603419234e-01
8.216041134360790865e-02 9.894582228858930240e-01
8.490743821719984319e-02 9.892673395764687294e-01
8.774631171766281157e-02 9.892348511264924538e-01
9.068010272972255870e-02 9.890902352625897676e-01
9.371198481289348681e-02 9.890064449515482137e-01
9.684523763440215649e-02 9.889734714165339113e-01
1.000832505168899600e-01 9.888935153625785235e-01
1.034295261047340625e-01 9.889599538135882550e-01
1.068876841529496080e-01 9.889424961080806042e-01
1.104614654427753945e-01 9.890661451994010589e-01
1.141547358281756464e-01 9.891134796884439861e-01
1.179714904176376727e-01 9.892548000452786594e-01
1.219158578957853512e-01 9.893237777623288265e-01
1.259921049894874856e-01 9.893849801223976170e-01
1.302046410832891354e-01 9.894388241819217500e-01
1.345580229891604751e-01 9.893738760826686907e-01
1.390569598757198100e-01 9.893433883204887369e-01
1.437063183622670492e-01 9.892318423145436412e-01
1.485111277831346888e-01 9.890885523050804151e-01
1.534765856280515817e-01 9.889899965405538618e-01
1.586080631644066208e-01 9.889097610037650421e-01
1.639111112474894438e-01 9.888629872547157751e-01
1.693914663249987407e-01 9.888871849859081076e-01
1.750550566423093313e-01 9.889832337089312642e-01
1.809080086552135869e-01 9.891036384505742518e-01
1.869566536570689830e-01 9.891983769333175802e-01
1.932075346275276828e-01 9.892418387504012811e-01
1.996674133102498971e-01 9.892197818660791730e-01
2.063432775272630582e-01 9.891447502862015240e-01
2.132423487378718452e-01 9.890430247179605727e-01
2.203720898503036263e-01 9.889538694922659356e-01
2.277402132945338109e-01 9.889138785401149212e-01
2.353546893650253491e-01 9.889453017381182320e-01
2.432237548424092122e-01 9.890276593899304247e-01
2.513559219034258718e-01 9.890932716520377532e-01
2.597599873287743666e-01 9.891229590051534570e-01
2.684450420188219666e-01 9.890980451444850718e-01
2.774204808274743361e-01 9.890317974505812293e-01
2.866960127248350254e-01 9.889719527061241466e-01
2.962816712996577673e-01 9.889661526424071702e-01
3.061878256129444420e-01 9.890045764356292235e-01
3.164251914144354805e-01 9.890419521168390959e-01
3.270048427341168962e-01 9.890534995999887835e-01
3.379382238612947953e-01 9.890327064510984201e-01
3.492371617241852855e-01 9.890035504078280582e-01
3.609138786834163448e-01 9.889846818419179009e-01
3.729810057532814693e-01 9.889916094266479885e-01
3.854515962650386651e-01 9.890238867097170816e-01
3.983391399870480631e-01 9.890249202212163526e-01
4.116575777170102257e-01 9.890021604379116704e-01
4.254213163620995108e-01 9.889864754373246525e-01
4.396452445232932327e-01 9.889933482511112928e-01
4.543447486007690661e-01 9.890043241703928567e-01
4.695357294377799362e-01 9.890005347930502788e-01
4.852346195210218704e-01 9.889874985107738325e-01
5.014584007560848322e-01 9.889902601314809472e-01
5.182246228372336949e-01 9.889973714794417781e-01
5.355514222313770833e-01 9.889916978575132855e-01
5.534575417967635413e-01 9.889910245802537858e-01
5.719623510576314906e-01 9.889859732714569862e-01
5.910858671567322808e-01 9.889906960219185805e-01
6.108487765084068544e-01 9.889892465062141147e-01
6.312724571756275216e-01 9.889859569519824367e-01
6.523790019952193653e-01 9.889850747188524416e-01
6.741912424762606104e-01 9.889810103453879897e-01
6.967327734975364839e-01 9.889763988577540132e-01
7.200279788307419881e-01 9.889767647208271839e-01
7.441020575170596008e-01 9.889794878613901163e-01
7.689810511256225389e-01 9.889815061298710130e-01
7.946918719233755368e-01 9.889811785655869825e-01
8.212623319867858873e-01 9.889793853921463596e-01
8.487211732869031078e-01 9.889772638657760018e-01
8.770980987803161932e-01 9.889757094707201102e-01
9.064238045396205701e-01 9.889751384260427880e-01
9.367300129581793700e-01 9.889759077922981589e-01
9.680495070650749767e-01 9.889778133753657219e-01
1.000416165987385808e+00 9.889794056161481661e-01
1.033865001598128330e+00 9.889790697937616004e-01
1.068432196389532240e+00 9.889760342585179886e-01
1.104155142612600837e+00 9.889716255832243785e-01
1.141072482725305592e+00 9.889674907707769469e-01
1.179224151193147607e+00 9.889648713889093168e-01
1.218651417687333982e+00 9.889638749929671180e-01
1.259396931727273516e+00 9.889644122878862298e-01
1.301504768815691548e+00 9.889661498757796876e-01
1.345020478116276896e+00 9.889679854246118396e-01
1.389991131725407447e+00 9.889686656026133171e-01
1.436465375591293947e+00 9.889674140118176471e-01
1.484493482135585296e+00 9.889651491462819743e-01
1.534127404634392455e+00 9.889631658318820406e-01
1.585420833417506836e+00 9.889624342098285448e-01
1.638429253946665609e+00 9.889626214259407133e-01
1.693210006835640158e+00 9.889630678100629346e-01
1.749822349877109051e+00 9.889632638847312140e-01
1.808327522143368116e+00 9.889633811172247047e-01
1.868788810230267217e+00 9.889637838588422047e-01
1.931271616715998229e+00 9.889647152578016076e-01
1.995843530908793184e+00 9.889657972038852218e-01
2.062574401960084458e+00 9.889664530913228058e-01
2.131536414422164238e+00 9.889661994396909961e-01
2.202804166332139602e+00 9.889650936324233532e-01
2.276454749906602792e+00 9.889633876510228738e-01
2.352567834934338631e+00 9.889613709465731040e-01
2.431225754957225149e+00 9.889595779507751594e-01
2.512513596332623944e+00 9.889586421508946845e-01
2.596519290273538783e+00 9.889590138616873860e-01
2.683333707966161441e+00 9.889597693927529853e-01
2.773050758867611432e+00 9.889593620297180143e-01
2.865767492290306695e+00 9.889565462123148798e-01
2.961584202382770314e+00 9.889526787391295093e-01
3.060604536620467719e+00 9.889504372018171896e-01
3.162935607924048931e+00 9.889521400947590690e-01
3.268688110526199786e+00 9.889564808132073059e-01
3.377976439712552459e+00 9.889600971541728791e-01
3.490918815566087297e+00 9.889599134613269449e-01
3.607637410848952619e+00 9.889563641248566572e-01
3.728258483159945236e+00 9.889521040018979248e-01
3.852912511510727001e+00 9.889496563476823932e-01
3.981734337468417539e+00 9.889493526969316273e-01
4.114863311017320058e+00 9.889499797560519223e-01
4.252443441297450555e+00 9.889503428588405365e-01
4.394623552383071896e+00 9.889500317957081732e-01
4.541557444269631816e+00 9.889492517719278286e-01
4.693404059243289517e+00 9.889482219281219288e-01
4.850327653813030437e+00 9.889471144857611140e-01
5.012497976391239618e+00 9.889460607221993715e-01
5.180090450915090017e+00 9.889451878632091741e-01
5.353286366607249214e+00 9.889445647852206367e-01
5.532273074081278885e+00 9.889442037519298179e-01
5.717244188003695271e+00 9.889441084546026772e-01
5.908399796532135539e+00 9.889441173515749473e-01
6.105946677756002750e+00 9.889438906621061953e-01
6.310098523373801171e+00 9.889430921997023338e-01
6.521076169849157722e+00 9.889417928858454943e-01
6.739107837295406966e+00 9.889405520035585706e-01
6.964429376347387013e+00 9.889399446134231608e-01
7.197284523287298619e+00 9.889400048771689322e-01
7.437925163700752407e+00 9.889400450789681551e-01
7.686611604948010879e+00 9.889393383120080872e-01
7.943612857745410594e+00 9.889377504476392078e-01
8.209206927161357470e+00 9.889360282951799030e-01
8.483681113341843272e+00 9.889349803521947369e-01
8.767332322290526392e+00 9.889347043912983803e-01
9.060467387039910392e+00 9.889341208329399668e-01
9.363403399560734641e+00 9.889320487211681332e-01
9.676468053768756405e+00 9.889282556898112420e-01
1.000000000000001243e+01 9.889242635384442037e-01
