2.000000000000000164e-05 9.601815062996684746e-01
2.066869842267550072e-05 9.601737781854238207e-01
2.135975472437544027e-05 9.601835373985904143e-01
2.207391643902171255e-05 9.601788555033708983e-01
2.281195609427394449e-05 9.601811700449031095e-01
2.357467204719313169e-05 9.601805463341300806e-01
2.436288934784564352e-05 9.601825153526800660e-01
2.517746063178175121e-05 9.601800688625578006e-01
2.601926704235410016e-05 9.601816341159964407e-01
2.688921918387384303e-05 9.601785567632259433e-01
2.778825810663545582e-05 9.601781661450211613e-01
2.871735632487579741e-05 9.601766296258411604e-01
2.967751886876853870e-05 9.601792496339586203e-01
3.066978437159193627e-05 9.601778728405288010e-01
3.169522619324599853e-05 9.601777272536080599e-01
3.275495358133433647e-05 9.601778056651952831e-01
3.385011287106671010e-05 9.601795300903303021e-01
3.498188872528021299e-05 9.601832481391372465e-01
3.615150541592045298e-05 9.601770927908118702e-01
3.736022814836899319e-05 9.601774871961268332e-01
3.860936443004954884e-05 9.601765558742627604e-01
3.990026548479344494e-05 9.601776066734378778e-01
4.123432771449419843e-05 9.601786924314116289e-01
4.261299420963254024e-05 9.601762221799401420e-01
4.403775631030562105e-05 9.601754230186728689e-01
4.551015521944909301e-05 9.601766113150655979e-01
4.703178366999723984e-05 9.601755119244413939e-01
4.860428764778435972e-05 9.601722478507217495e-01
5.022936817205134787e-05 9.601776540486116618e-01
5.190878313548323190e-05 9.601737632946715228e-01
5.364434920576834987e-05 9.601815226802470349e-01
5.543794379073590958e-05 9.601743496974184389e-01
5.729150706919781900e-05 9.601756562458836353e-01
5.920704408969155763e-05 9.601779216244368254e-01
6.118662693939432690e-05 9.601701438619159035e-01
6.323239698555469304e-05 9.601790607559845814e-01
6.534656719186627638e-05 9.601734615666069894e-01
6.753142451228926792e-05 9.601747175731930595e-01
6.978933236490913268e-05 9.601768215932564576e-01
7.212273318850868345e-05 9.601739842423707705e-01
7.453415108461877573e-05 9.601716166502978211e-01
7.702619454790587906e-05 9.601722174380709074e-01
7.960155928784993205e-05 9.601702762878971953e-01
8.226303114476471348e-05 9.601688151938972959e-01
8.501348910331518868e-05 9.601687724639853538e-01
8.785590840679157983e-05 9.601656395575212111e-01
9.079336377550881697e-05 9.601648891874430269e-01
9.382903273281309529e-05 9.601687387730724055e-01
9.696619904229312483e-05 9.601590673823596767e-01
1.002082562599141270e-04 9.601662957844999680e-01
1.035587114049174785e-04 9.601609792397828302e-01
1.070211887534562421e-04 9.601637737699127984e-01
1.105994337590709140e-04 9.601632919610924022e-01
1.142973171042456330e-04 9.601578834285359187e-01
1.181188388874281471e-04 9.601591685713687374e-01
1.220681329500424115e-04 9.601566844984280591e-01
1.261494713481742377e-04 9.601544371804511258e-01
1.303672689737678670e-04 9.601500699362844893e-01
1.347260883303314362e-04 9.601499100362794747e-01
1.392306444683180742e-04 9.601480260148992363e-01
1.438858100855209437e-04 9.601461214282743795e-01
1.486966207979997041e-04 9.601471624171735719e-01
1.536682805872396744e-04 9.601426922094982164e-01
1.588061674294368483e-04 9.601415219880696794e-01
1.641158391129971276e-04 9.601424576804784561e-01
1.696030392505434848e-04 9.601359928972822422e-01
1.752737034919339915e-04 9.601346756973359042e-01
1.811339659450114388e-04 9.601311424686860274e-01
1.871901658110307874e-04 9.601209912315088468e-01
1.934488542419408646e-04 9.601261441925859064e-01
1.999168014269393128e-04 9.601180810673083377e-01
2.066010039159656652e-04 9.601153492343218465e-01
2.135086921880547338e-04 9.601122635528358540e-01
2.206473384727377968e-04 9.601041480275201989e-01
2.280246648329511538e-04 9.600992577660766303e-01
2.356486515181963309e-04 9.600990583593653760e-01
2.435275455969876748e-04 9.600852471318266357e-01
2.516698698779247295e-04 9.600843814757444861e-01
2.600844321290405573e-04 9.600798917458244208e-01
2.687803346053976817e-04 9.600706662794769031e-01
2.777669838952388651e-04 9.600601234595270705e-01
2.870541010953427292e-04 9.600572677814324107e-01
2.966517323265922064e-04 9.600508632414207488e-01
3.065702596011295341e-04 9.600395278930263787e-01
3.168204120528543403e-04 9.600318248534009946e-01
3.274132775434116785e-04 9.600217158941364293e-01
3.383603146562264279e-04 9.600098958357785595e-01
3.496733650915567022e-04 9.599988189944684835e-01
3.613646664759745386e-04 9.599849367394731603e-01
3.734468656001317080e-04 9.599800489632522860e-01
3.859330320991275886e-04 9.599662064926131055e-01
3.988366725902805230e-04 9.599491331630174429e-01
4.121717452835938129e-04 9.599363907433683396e-01
4.259526750807212541e-04 9.599234925286904696e-01
4.401943691787655547e-04 9.599067815593713693e-01
4.549122331957894719e-04 9.598900127961070838e-01
4.701221878354804149e-04 9.598704438616323387e-01
4.858406861089974399e-04 9.598536051504052979e-01
5.020847311326308640e-04 9.598329237852494256e-01
5.188718945205230424e-04 9.598164422932584650e-01
5.362203353923492141e-04 9.597944377911314939e-01
5.541488200165187389e-04 9.597740063204844851e-01
5.726767421101455150e-04 9.597459843101633359e-01
5.918241438177454907e-04 9.597231108962520629e-01
6.116117373913557359e-04 9.596988926030117772e-01
6.320609275955268004e-04 9.596729141812879726e-01
6.531938348614238542e-04 9.596419454163997997e-01
6.750333192150836329e-04 9.596209850229786564e-01
6.976030050057104547e-04 9.595895471777610153e-01
7.209273064607610694e-04 9.595556500307174108e-01
7.450314540954613768e-04 9.595260396037188499e-01
7.699415220053250396e-04 9.594948580255956427e-01
7.956844560711916160e-04 9.594647021420297239e-01
8.222881031073025473e-04 9.594311675865464517e-01
8.497812409839368810e-04 9.593980352825340896e-01
8.781936097571961097e-04 9.593653005651018306e-01
9.075559438396131216e-04 9.593308004961720314e-01
9.379000052463793693e-04 9.592963001462201378e-01
9.692586179531593148e-04 9.592630389857258466e-01
1.001665703402655023e-03 9.592303501964525303e-01
1.035156317198330069e-03 9.591905981786855717e-01
1.069766687024985286e-03 9.591604078239359676e-01
1.105534251837205851e-03 9.591254391360775067e-01
1.142497702358069404e-03 9.590930431764734809e-01
1.180697022931930960e-03 9.590584062006966004e-01
1.220173534776542454e-03 9.590275389154399033e-01
1.260969940681316284e-03 9.589954711274548682e-01
1.303130371200056587e-03 9.589641583509052047e-01
1.346700432388157767e-03 9.589377790551789627e-01
1.391727255135877424e-03 9.589064616949219966e-01
1.438259546151070007e-03 9.588769810916286662e-01
1.486347640646530459e-03 9.588569492492196034e-01
1.536043556788919398e-03 9.588266761282302486e-01
1.587401051968200579e-03 9.588021414071352666e-01
1.640475680948428249e-03 9.587731804376916633e-01
1.695324855962815390e-03 9.587486656390464823e-01
1.752007908818060174e-03 9.587258598417990330e-01
1.810586155075142928e-03 9.587019773548767221e-01
1.871122960375984270e-03 9.586804725957477347e-01
1.933683808987751848e-03 9.586513182914468967e-01
1.998336374638913938e-03 9.586304444757072218e-01
2.065150593723721201e-03 9.586042098256993826e-01
2.134198740954243185e-03 9.585783618555350216e-01
2.205555507541849362e-03 9.585562264113912656e-01
2.279298081992675151e-03 9.585287878302091169e-01
2.355506233604463730e-03 9.584992576925792651e-01
2.434262398755145627e-03 9.584722373898756365e-01
2.515651770076436904e-03 9.584447149728135829e-01
2.599762388608985089e-03 9.584219588988208693e-01
2.686685239038679764e-03 9.583913616686405845e-01
2.776514348117217236e-03 9.583641422639570528e-01
2.869346886373309435e-03 9.583365644826546959e-01
2.965283273224645581e-03 9.583095621383816987e-01
3.064427285604211931e-03 9.582782902233705213e-01
3.166886170218578649e-03 9.582461323334177106e-01
3.272770759559481216e-03 9.582122357899747200e-01
3.382195591794276077e-03 9.581879030603733804e-01
3.495279034664920681e-03 9.581455162575902573e-01
3.612143413529477973e-03 9.581164262900021544e-01
3.732915143684721951e-03 9.580849253747868444e-01
3.857724867112893516e-03 9.580461036890154380e-01
3.986707593800617976e-03 9.580091174192365555e-01
4.120002847782761740e-03 9.579764529665822925e-01
4.257754818069308354e-03 9.579355291465176947e-01
4.400112514618404608e-03 9.579042278311092895e-01
4.547229929524409554e-03 9.578563966726090229e-01
4.699266203595197679e-03 9.578246257894397209e-01
4.856385798499019031e-03 9.577847201542903921e-01
5.018758674667020935e-03 9.577427480183895447e-01
5.186560475143959549e-03 9.577055285988403943e-01
5.359972715585955248e-03 9.576627419741079450e-01
5.539182980610755057e-03 9.576264023974252471e-01
5.724385126713026593e-03 9.575782489531743380e-01
5.915779491964028892e-03 9.575394545357167608e-01
6.113573112722652143e-03 9.574957770306383731e-01
6.317979947592099882e-03 9.574520258291305819e-01
6.529221108864616957e-03 9.573983963863733626e-01
6.747525101704480652e-03 9.573630207598591291e-01
6.973128071328140755e-03 9.573120820879160719e-01
7.206274058448705437e-03 9.572715064926742290e-01
7.447215263261310406e-03 9.572246864423507029e-01
7.696212318254701257e-03 9.571760103203699188e-01
7.953534570144332738e-03 9.571297866688828204e-01
8.219460371231864307e-03 9.570796229078334383e-01
8.494277380506187053e-03 9.570305769721628719e-01
8.778282874811823774e-03 9.569840961844973126e-01
9.071784070421121463e-03 9.569362323115445657e-01
9.375098455358292851e-03 9.568911938803386086e-01
9.688554132834568261e-03 9.568334595116725350e-01
1.001249017616620725e-02 9.567856699014483102e-01
1.034725699555901803e-02 9.567402301223080219e-01
1.069321671715643858e-02 9.566899855217394499e-01
1.105074357476093505e-02 9.566415507743238900e-01
1.142022431465263173e-02 9.565917538975744483e-01
1.180205861394306721e-02 9.565412057963101899e-01
1.219665951291643881e-02 9.564918701990168248e-01
1.260445386182631328e-02 9.564429271714298686e-01
1.302588278263077520e-02 9.563973470990891901e-01
1.346140214616583890e-02 9.563483597453629192e-01
1.391148306527291781e-02 9.563002238819733325e-01
1.437661240441416924e-02 9.562457609825412153e-01
1.485729330632660182e-02 9.562013644163012138e-01
1.535404573628500365e-02 9.561551572111246511e-01
1.586740704456205894e-02 9.561063264613697266e-01
1.639793254769450481e-02 9.560596422206291134e-01
1.694619612918364313e-02 9.560148469484257561e-01
1.751279086028037155e-02 9.559663205987325441e-01
1.809832964152614798e-02 9.559221196180814895e-01
1.870344586574363213e-02 9.558771808751332921e-01
1.932879410319460894e-02 9.558332264514722842e-01
1.997505080964588620e-02 9.557932171875722638e-01
2.064291505810955316e-02 9.557490768051108976e-01
2.133310929504865505e-02 9.557068954532798033e-01
2.204638012186681956e-02 9.556615423197604153e-01
2.278349910252664909e-02 9.556225732028492681e-01
2.354526359817107548e-02 9.555793574966383597e-01
2.433249762964985810e-02 9.555473062977879461e-01
2.514605276888498206e-02 9.555042366659289854e-01
2.598680906003840441e-02 9.554628867196176545e-01
2.685567597147924673e-02 9.554299120496883013e-01
2.775359337957988490e-02 9.553922004523756062e-01
2.868153258540498754e-02 9.553592140742114269e-01
2.964049736539381419e-02 9.553190167963488966e-01
3.063152505717161092e-02 9.552848701036796841e-01
3.165568768166540647e-02 9.552579205872824275e-01
3.271409310273729054e-02 9.552206409805937826e-01
3.380788622559029871e-02 9.551970119136247162e-01
3.493825023524253087e-02 9.551603764828414667e-01
3.610640787640997940e-02 9.551351663907845513e-01
3.731362277618164441e-02 9.551069943986648658e-01
3.856120081091872487e-02 9.550776507328652132e-01
3.985049151885547425e-02 9.550470386178846471e-01
4.118288955993056055e-02 9.550249125062707511e-01
4.255983622442782027e-02 9.549985152788510456e-01
4.398282099205792772e-02 9.549726135452040188e-01
4.545338314316834522e-02 9.549488825407526083e-01
4.697311342382341770e-02 9.549278040300854808e-01
4.854365576655684383e-02 9.549092725669637849e-01
5.016670906865677154e-02 9.548864339322460371e-01
5.184402902990837420e-02 9.548613581580760457e-01
5.357743005178047802e-02 9.548403607809031746e-01
5.536878720011212396e-02 9.548226937226036437e-01
5.722003823342062395e-02 9.547975084211098862e-01
5.913318569902666078e-02 9.547844237622403751e-01
6.111029909926251474e-02 9.547603677384917109e-01
6.315351713010779189e-02 9.547484794075532522e-01
6.526504999467336310e-02 9.547340843533390631e-01
6.744718179403717817e-02 9.547164401198791062e-01
6.970227299801623477e-02 9.547034974325170342e-01
7.203276299854979858e-02 9.546852189122178034e-01
7.444117274845411802e-02 9.546733233301931687e-01
7.693010748840443946e-02 9.546624718856489000e-01
7.950225956509210379e-02 9.546511947056541825e-01
8.216041134360790865e-02 9.546367730676412755e-01
8.490743821719984319e-02 9.546233375094621554e-01
8.774631171766281157e-02 9.546163987557976238e-01
9.068010272972255870e-02 9.546045866075688613e-01
9.371198481289348681e-02 9.545864191681903144e-01
9.684523763440215649e-02 9.545807061950751793e-01
1.000832505168899600e-01 9.545809094813504370e-01
1.034295261047340625e-01 9.545709838730173091e-01
1.068876841529496080e-01 9.545542620070800455e-01
1.104614654427753945e-01 9.545510825787985043e-01
1.141547358281756464e-01 9.545404036297947536e-01
1.179714904176376727e-01 9.545370400783952380e-01
1.219158578957853512e-01 9.545278613696698278e-01
1.259921049894874856e-01 9.545174122912639669e-01
1.302046410832891354e-01 9.545155544837601314e-01
1.345580229891604751e-01 9.545106729500885123e-01
1.390569598757198100e-01 9.545046883785823777e-01
1.437063183622670492e-01 9.544949445957383594e-01
1.485111277831346888e-01 9.544923976877203176e-01
1.534765856280515817e-01 9.544893040126273265e-01
1.586080631644066208e-01 9.544835375676203881e-01
1.639111112474894438e-01 9.544784273156633470e-01
1.693914663249987407e-01 9.544753533810440560e-01
1.750550566423093313e-01 9.544667820477188425e-01
1.809080086552135869e-01 9.544652759309697476e-01
1.869566536570689830e-01 9.544635457201533502e-01
1.932075346275276828e-01 9.544622958659784162e-01
1.996674133102498971e-01 9.544580270732780924e-01
2.063432775272630582e-01 9.544538241124622679e-01
2.132423487378718452e-01 9.544506461743638148e-01
2.203720898503036263e-01 9.544541767205335647e-01
2.277402132945338109e-01 9.544470942922896883e-01
2.353546893650253491e-01 9.544406713179578450e-01
2.432237548424092122e-01 9.544385882691169831e-01
2.513559219034258718e-01 9.544342622924685271e-01
2.597599873287743666e-01 9.544392424245092821e-01
2.684450420188219666e-01 9.544339487420443469e-01
2.774204808274743361e-01 9.544298945465715667e-01
2.866960127248350254e-01 9.544282364649017136e-01
2.962816712996577673e-01 9.544276053964610984e-01
3.061878256129444420e-01 9.544294700275752774e-01
3.164251914144354805e-01 9.544281513143478834e-01
3.270048427341168962e-01 9.544240441298021960e-01
3.379382238612947953e-01 9.544255828968700728e-01
3.492371617241852855e-01 9.544253609877986211e-01
3.609138786834163448e-01 9.544200842138487184e-01
3.729810057532814693e-01 9.544215086572572782e-01
3.854515962650386651e-01 9.544125889594704537e-01
3.983391399870480631e-01 9.544185220580239104e-01
4.116575777170102257e-01 9.544181240601152805e-01
4.254213163620995108e-01 9.544179271210314619e-01
4.396452445232932327e-01 9.544097404193176981e-01
4.543447486007690661e-01 9.544120593520943885e-01
4.695357294377799362e-01 9.544176009644159686e-01
4.852346195210218704e-01 9.544110849845751643e-01
5.014584007560848322e-01 9.544143450576779708e-01
5.182246228372336949e-01 9.544116828946507258e-01
5.355514222313770833e-01 9.544068034757396957e-01
5.534575417967635413e-01 9.544111266932563398e-01
5.719623510576314906e-01 9.544158878130170054e-01
5.910858671567322808e-01 9.544066438471606739e-01
6.108487765084068544e-01 9.544098354257166683e-01
6.312724571756275216e-01 9.544054281142261287e-01
6.523790019952193653e-01 9.544045760680586188e-01
6.741912424762606104e-01 9.544168073589709422e-01
6.967327734975364839e-01 9.544064706829225031e-01
7.200279788307419881e-01 9.544031976504996351e-01
7.441020575170596008e-01 9.544052205048240145e-01
7.689810511256225389e-01 9.544078780725081534e-01
7.946918719233755368e-01 9.544084528249254795e-01
8.212623319867858873e-01 9.544076752517267614e-01
8.487211732869031078e-01 9.544066276646372415e-01
8.770980987803161932e-01 9.544061007965736199e-01
9.064238045396205701e-01 9.544063073840356459e-01
9.367300129581793700e-01 9.544073903767542610e-01
9.680495070650749767e-01 9.544091383507843362e-01
1.000416165987385808e+00 9.544105535639805238e-01
1.033865001598128330e+00 9.544105341904963735e-01
1.068432196389532240e+00 9.544085840055896997e-01
1.104155142612600837e+00 9.544057139967405679e-01
1.141072482725305592e+00 9.544031651869571142e-01
1.179224151193147607e+00 9.544017774133253251e-01
1.218651417687333982e+00 9.544012683849513179e-01
1.259396931727273516e+00 9.544011611960235841e-01
1.301504768815691548e+00 9.544011590235449427e-01
1.345020478116276896e+00 9.544015323120508265e-01
1.389991131725407447e+00 9.544026629067832168e-01
1.436465375591293947e+00 9.544046507596871676e-01
1.484493482135585296e+00 9.544065940505528367e-01
1.534127404634392455e+00 9.544073685265913598e-01
1.585420833417506836e+00 9.544062563318110870e-01
1.638429253946665609e+00 9.544041705213512916e-01
1.693210006835640158e+00 9.544024332149655399e-01
1.749822349877109051e+00 9.544020273743567540e-01
1.808327522143368116e+00 9.544023982862807065e-01
1.868788810230267217e+00 9.544025556765566298e-01
1.931271616715998229e+00 9.544017481383396673e-01
1.995843530908793184e+00 9.544004486594280801e-01
2.062574401960084458e+00 9.543995214282426920e-01
2.131536414422164238e+00 9.543996516699221333e-01
2.202804166332139602e+00 9.544004851756315855e-01
2.276454749906602792e+00 9.544012937579007261e-01
2.352567834934338631e+00 9.544014644110824230e-01
2.431225754957225149e+00 9.544011456444680963e-01
2.512513596332623944e+00 9.544007938788259260e-01
2.596519290273538783e+00 9.544007979683654108e-01
2.683333707966161441e+00 9.544010342351854081e-01
2.773050758867611432e+00 9.544011466006787625e-01
2.865767492290306695e+00 9.544008305625506505e-01
2.961584202382770314e+00 9.544002326538996162e-01
3.060604536620467719e+00 9.543997283248724095e-01
3.162935607924048931e+00 9.543996349569855431e-01
3.268688110526199786e+00 9.543996825543762386e-01
3.377976439712552459e+00 9.543992680510992033e-01
3.490918815566087297e+00 9.543978559643844228e-01
3.607637410848952619e+00 9.543957190165210935e-01
3.728258483159945236e+00 9.543936412022472338e-01
3.852912511510727001e+00 9.543923728625874903e-01
3.981734337468417539e+00 9.543921156086412338e-01
4.114863311017320058e+00 9.543926842804110189e-01
4.252443441297450555e+00 9.543938686687368778e-01
4.394623552383071896e+00 9.543951974443148911e-01
4.541557444269631816e+00 9.543959944266140472e-01
4.693404059243289517e+00 9.543956194300533546e-01
4.850327653813030437e+00 9.543941879114964388e-01
5.012497976391239618e+00 9.543924747365658545e-01
5.180090450915090017e+00 9.543912469922600783e-01
5.353286366607249214e+00 9.543906198266515206e-01
5.532273074081278885e+00 9.543900758580489141e-01
5.717244188003695271e+00 9.543890884629054883e-01
5.908399796532135539e+00 9.543875753400269391e-01
6.105946677756002750e+00 9.543859334848456832e-01
6.310098523373801171e+00 9.543845735849250111e-01
6.521076169849157722e+00 9.543835758068821562e-01
6.739107837295406966e+00 9.543826238297192788e-01
6.964429376347387013e+00 9.543813813055027628e-01
7.197284523287298619e+00 9.543796526875450992e-01
7.437925163700752407e+00 9.543774303406152848e-01
7.686611604948010879e+00 9.543747229802318488e-01
7.943612857745410594e+00 9.543717152435056139e-01
8.209206927161357470e+00 9.543688532072122088e-01
8.483681113341843272e+00 9.543665983364313377e-01
8.767332322290526392e+00 9.543649901345919728e-01
9.060467387039910392e+00 9.543633691038185818e-01
9.363403399560734641e+00 9.543610145455770910e-01
9.676468053768756405e+00 9.543576656534856761e-01
1.000000000000001243e+01 9.543539120691072464e-01
