2.000000000000000164e-05 8.786979601347629787e-01
2.066869842267550072e-05 8.786972173812471754e-01
2.135975472437544027e-05 8.786982875733811982e-01
2.207391643902171255e-05 8.786982308621269500e-01
2.281195609427394449e-05 8.786954169301675055e-01
2.357467204719313169e-05 8.786973798358840293e-01
2.436288934784564352e-05 8.786947650239090857e-01
2.517746063178175121e-05 8.786952445115134847e-01
2.601926704235410016e-05 8.787005207374993798e-01
2.688921918387384303e-05 8.786994812277610922e-01
2.778825810663545582e-05 8.786947232407684716e-01
2.871735632487579741e-05 8.786966982275645766e-01
2.967751886876853870e-05 8.786951837007946908e-01
3.066978437159193627e-05 8.786951519362707907e-01
3.169522619324599853e-05 8.786934303930739043e-01
3.275495358133433647e-05 8.786981482690618961e-01
3.385011287106671010e-05 8.786976685906559004e-01
3.498188872528021299e-05 8.786964759845778961e-01
3.615150541592045298e-05 8.786976114779736502e-01
3.736022814836899319e-05 8.786942070876757604e-01
3.860936443004954884e-05 8.786999669037750538e-01
3.990026548479344494e-05 8.786916732582420453e-01
4.123432771449419843e-05 8.786960286379847940e-01
4.261299420963254024e-05 8.786889086555937922e-01
4.403775631030562105e-05 8.786930631938449920e-01
4.551015521944909301e-05 8.786949171611843079e-01
4.703178366999723984e-05 8.786910922269778323e-01
4.860428764778435972e-05 8.786951537911164012e-01
5.022936817205134787e-05 8.786945339112806064e-01
5.190878313548323190e-05 8.786938832869998217e-01
5.364434920576834987e-05 8.786898891853630600e-01
5.543794379073590958e-05 8.786909226548197394e-01
5.729150706919781900e-05 8.786931871089344037e-01
5.920704408969155763e-05 8.786958657014232177e-01
6.118662693939432690e-05 8.786928065651015141e-01
6.323239698555469304e-05 8.786870835082011277e-01
6.534656719186627638e-05 8.786913087466837746e-01
6.753142451228926792e-05 8.786917051728370121e-01
6.978933236490913268e-05 8.786881967591463338e-01
7.212273318850868345e-05 8.786881884919282015e-01
7.453415108461877573e-05 8.786878919134208932e-01
7.702619454790587906e-05 8.786870455147182124e-01
7.960155928784993205e-05 8.786884544020765464e-01
8.226303114476471348e-05 8.786875447195970912e-01
8.501348910331518868e-05 8.786882789829130180e-01
8.785590840679157983e-05 8.786843433713658058e-01
9.079336377550881697e-05 8.786820085543542991e-01
9.382903273281309529e-05 8.786829122972962258e-01
9.696619904229312483e-05 8.786798987076778200e-01
1.002082562599141270e-04 8.786819408193434766e-01
1.035587114049174785e-04 8.786822971471033306e-01
1.070211887534562421e-04 8.786823970560493358e-01
1.105994337590709140e-04 8.786779423926971422e-01
1.142973171042456330e-04 8.786740155150972731e-01
1.181188388874281471e-04 8.786740303553438602e-01
1.220681329500424115e-04 8.786722499092419758e-01
1.261494713481742377e-04 8.786717005393225310e-01
1.303672689737678670e-04 8.786715588781873754e-01
1.347260883303314362e-04 8.786665943773115384e-01
1.392306444683180742e-04 8.786639446543939025e-01
1.438858100855209437e-04 8.786614058224969659e-01
1.486966207979997041e-04 8.786593970452942770e-01
1.536682805872396744e-04 8.786555690259919560e-01
1.588061674294368483e-04 8.786517307371960461e-01
1.641158391129971276e-04 8.786499759463501924e-01
1.696030392505434848e-04 8.786450372845383550e-01
1.752737034919339915e-04 8.786444224495004729e-01
1.811339659450114388e-04 8.786389034801297404e-01
1.871901658110307874e-04 8.786344504453881266e-01
1.934488542419408646e-04 8.786345098285665012e-01
1.999168014269393128e-04 8.786256169848443154e-01
2.066010039159656652e-04 8.786255072602318084e-01
2.135086921880547338e-04 8.786161475600273718e-01
2.206473384727377968e-04 8.786106557683396323e-01
2.280246648329511538e-04 8.786047551281804813e-01
2.356486515181963309e-04 8.786006703882157653e-01
2.435275455969876748e-04 8.785995041892215029e-01
2.516698698779247295e-04 8.785905155845690206e-01
2.600844321290405573e-04 8.785822997052920025e-01
2.687803346053976817e-04 8.785748808710590607e-01
2.777669838952388651e-04 8.785661874837041863e-01
2.870541010953427292e-04 8.785542462092971183e-01
2.966517323265922064e-04 8.785508053507778969e-01
3.065702596011295341e-04 8.785346173558750138e-01
3.168204120528543403e-04 8.785281179680557440e-01
3.274132775434116785e-04 8.785223280777003652e-01
3.383603146562264279e-04 8.785130047912269591e-01
3.496733650915567022e-04 8.784945247787603329e-01
3.613646664759745386e-04 8.784824533910107203e-01
3.734468656001317080e-04 8.784697182605096799e-01
3.859330320991275886e-04 8.784601515409051764e-01
3.988366725902805230e-04 8.784409359321602162e-01
4.121717452835938129e-04 8.784264424548540173e-01
4.259526750807212541e-04 8.784139837101431203e-01
4.401943691787655547e-04 8.783966204248588872e-01
4.549122331957894719e-04 8.783802488081471349e-01
4.701221878354804149e-04 8.783619565320754941e-01
4.858406861089974399e-04 8.783367020920992418e-01
5.020847311326308640e-04 8.783149029501774452e-01
5.188718945205230424e-04 8.782985096254629642e-01
5.362203353923492141e-04 8.782736807235737020e-01
5.541488200165187389e-04 8.782529277289017333e-01
5.726767421101455150e-04 8.782315884412890128e-01
5.918241438177454907e-04 8.782035477627369024e-01
6.116117373913557359e-04 8.781798995990741652e-01
6.320609275955268004e-04 8.781528315242252969e-01
6.531938348614238542e-04 8.781274011167455873e-01
6.750333192150836329e-04 8.780959752546416697e-01
6.976030050057104547e-04 8.780737285438933171e-01
7.209273064607610694e-04 8.780362781369014380e-01
7.450314540954613768e-04 8.780087380721532941e-01
7.699415220053250396e-04 8.779810445719035128e-01
7.956844560711916160e-04 8.779504195315035453e-01
8.222881031073025473e-04 8.779142713864488412e-01
8.497812409839368810e-04 8.778877720146658348e-01
8.781936097571961097e-04 8.778582002904237180e-01
9.075559438396131216e-04 8.778263480749254333e-01
9.379000052463793693e-04 8.777908158264476901e-01
9.692586179531593148e-04 8.777661548213074871e-01
1.001665703402655023e-03 8.777318980397574855e-01
1.035156317198330069e-03 8.776978184182512299e-01
1.069766687024985286e-03 8.776657440985284886e-01
1.105534251837205851e-03 8.776409685464069410e-01
1.142497702358069404e-03 8.776084373560288920e-01
1.180697022931930960e-03 8.775819767808562544e-01
1.220173534776542454e-03 8.775541872420612455e-01
1.260969940681316284e-03 8.775241875657048274e-01
1.303130371200056587e-03 8.775003156391590897e-01
1.346700432388157767e-03 8.774698365915026832e-01
1.391727255135877424e-03 8.774453551395460238e-01
1.438259546151070007e-03 8.774223364797967273e-01
1.486347640646530459e-03 8.773962335149015912e-01
1.536043556788919398e-03 8.773693127400578051e-01
1.587401051968200579e-03 8.773514944772410340e-01
1.640475680948428249e-03 8.773243997677915296e-01
1.695324855962815390e-03 8.773089073725455211e-01
1.752007908818060174e-03 8.772864669464425225e-01
1.810586155075142928e-03 8.772633096503726913e-01
1.871122960375984270e-03 8.772428924025792440e-01
1.933683808987751848e-03 8.772204343120146852e-01
1.998336374638913938e-03 8.772089609848389147e-01
2.065150593723721201e-03 8.771850790712805157e-01
2.134198740954243185e-03 8.771687676935351341e-01
2.205555507541849362e-03 8.771469251508470233e-01
2.279298081992675151e-03 8.771336024579480251e-01
2.355506233604463730e-03 8.771186602741412042e-01
2.434262398755145627e-03 8.771013242369396501e-01
2.515651770076436904e-03 8.770848100164245764e-01
2.599762388608985089e-03 8.770731110977684208e-01
2.686685239038679764e-03 8.770553581434267221e-01
2.776514348117217236e-03 8.770406190813506697e-01
2.869346886373309435e-03 8.770253133621711550e-01
2.965283273224645581e-03 8.770131873683701951e-01
3.064427285604211931e-03 8.769966211152424584e-01
3.166886170218578649e-03 8.769809519420258548e-01
3.272770759559481216e-03 8.769683891139736787e-01
3.382195591794276077e-03 8.769536451726949178e-01
3.495279034664920681e-03 8.769427876040958303e-01
3.612143413529477973e-03 8.769266485156310686e-01
3.732915143684721951e-03 8.769127627844316430e-01
3.857724867112893516e-03 8.769029615739859507e-01
3.986707593800617976e-03 8.768892974467513701e-01
4.120002847782761740e-03 8.768766588179590649e-01
4.257754818069308354e-03 8.768643444080714833e-01
4.400112514618404608e-03 8.768507937493588145e-01
4.547229929524409554e-03 8.768443304816861961e-01
4.699266203595197679e-03 8.768327505112810671e-01
4.856385798499019031e-03 8.768201706294406206e-01
5.018758674667020935e-03 8.768059234293344995e-01
5.186560475143959549e-03 8.768002668816986533e-01
5.359972715585955248e-03 8.767888334891767999e-01
5.539182980610755057e-03 8.767816345920352861e-01
5.724385126713026593e-03 8.767681873494647116e-01
5.915779491964028892e-03 8.767599132975451015e-01
6.113573112722652143e-03 8.767491749989647642e-01
6.317979947592099882e-03 8.767456951601804160e-01
6.529221108864616957e-03 8.767317103409086876e-01
6.747525101704480652e-03 8.767237138154989617e-01
6.973128071328140755e-03 8.767172608953816004e-01
7.206274058448705437e-03 8.767055663390838083e-01
7.447215263261310406e-03 8.766979775008605369e-01
7.696212318254701257e-03 8.766951351944128890e-01
7.953534570144332738e-03 8.766858704829161297e-01
8.219460371231864307e-03 8.766777670008499834e-01
8.494277380506187053e-03 8.766682408228371193e-01
8.778282874811823774e-03 8.766687579387000273e-01
9.071784070421121463e-03 8.766601697225789858e-01
9.375098455358292851e-03 8.766558558266469570e-01
9.688554132834568261e-03 8.766484106605486604e-01
1.001249017616620725e-02 8.766389521528555884e-01
1.034725699555901803e-02 8.766330791596314009e-01
1.069321671715643858e-02 8.766303418636536282e-01
1.105074357476093505e-02 8.766306908351466642e-01
1.142022431465263173e-02 8.766183403757276116e-01
1.180205861394306721e-02 8.766183079410806434e-01
1.219665951291643881e-02 8.766091661612906982e-01
1.260445386182631328e-02 8.766090154095108611e-01
1.302588278263077520e-02 8.765988795485651908e-01
1.346140214616583890e-02 8.765941168397601846e-01
1.391148306527291781e-02 8.765942348481622348e-01
1.437661240441416924e-02 8.765941970044791587e-01
1.485729330632660182e-02 8.765877736452629687e-01
1.535404573628500365e-02 8.765835968955866253e-01
1.586740704456205894e-02 8.765830138471585320e-01
1.639793254769450481e-02 8.765779564655348244e-01
1.694619612918364313e-02 8.765745603725316748e-01
1.751279086028037155e-02 8.765686834151537044e-01
1.809832964152614798e-02 8.765712885155239054e-01
1.870344586574363213e-02 8.765610798645802060e-01
1.932879410319460894e-02 8.765616747269228126e-01
1.997505080964588620e-02 8.765578611124577035e-01
2.064291505810955316e-02 8.765564820253635148e-01
2.133310929504865505e-02 8.765578418075700151e-01
2.204638012186681956e-02 8.765512001144455390e-01
2.278349910252664909e-02 8.765491125696149854e-01
2.354526359817107548e-02 8.765491123855342348e-01
2.433249762964985810e-02 8.765490622865501624e-01
2.514605276888498206e-02 8.765462162517023703e-01
2.598680906003840441e-02 8.765441256976742590e-01
2.685567597147924673e-02 8.765460507074875895e-01
2.775359337957988490e-02 8.765441245694598482e-01
2.868153258540498754e-02 8.765385745471597767e-01
2.964049736539381419e-02 8.765427445396455353e-01
3.063152505717161092e-02 8.765399419639774425e-01
3.165568768166540647e-02 8.765327287968897041e-01
3.271409310273729054e-02 8.765366633264527474e-01
3.380788622559029871e-02 8.765406822359427252e-01
3.493825023524253087e-02 8.765312078729596834e-01
3.610640787640997940e-02 8.765327616187948978e-01
3.731362277618164441e-02 8.765298850486979987e-01
3.856120081091872487e-02 8.765321459542044780e-01
3.985049151885547425e-02 8.765286428137685215e-01
4.118288955993056055e-02 8.765293624763026425e-01
4.255983622442782027e-02 8.765287219064521462e-01
4.398282099205792772e-02 8.765253892641970968e-01
4.545338314316834522e-02 8.765294068285378604e-01
4.697311342382341770e-02 8.765259254226135388e-01
4.854365576655684383e-02 8.765220707794582067e-01
5.016670906865677154e-02 8.765246955340871837e-01
5.184402902990837420e-02 8.765256950416608905e-01
5.357743005178047802e-02 8.765241472507889764e-01
5.536878720011212396e-02 8.765216847945969114e-01
5.722003823342062395e-02 8.765252220583068521e-01
5.913318569902666078e-02 8.765223263239196871e-01
6.111029909926251474e-02 8.765172314134827003e-01
6.315351713010779189e-02 8.765230514205197832e-01
6.526504999467336310e-02 8.765243581911186244e-01
6.744718179403717817e-02 8.765217747726274933e-01
6.970227299801623477e-02 8.765187971300754111e-01
7.203276299854979858e-02 8.765182848787372860e-01
7.444117274845411802e-02 8.765193562252326931e-01
7.693010748840443946e-02 8.765174040466383598e-01
7.950225956509210379e-02 8.765152798176372162e-01
8.216041134360790865e-02 8.765181389772835896e-01
8.490743821719984319e-02 8.765199979935012209e-01
8.774631171766281157e-02 8.765195084420189797e-01
9.068010272972255870e-02 8.765189670944807387e-01
9.371198481289348681e-02 8.765164350306979824e-01
9.684523763440215649e-02 8.765146375219008412e-01
1.000832505168899600e-01 8.765154562398510540e-01
1.034295261047340625e-01 8.765152698021296818e-01
1.068876841529496080e-01 8.765181778886432795e-01
1.104614654427753945e-01 8.765178930418249248e-01
1.141547358281756464e-01 8.765192008813432745e-01
1.179714904176376727e-01 8.765165725272385799e-01
1.219158578957853512e-01 8.765177377579230766e-01
1.259921049894874856e-01 8.765147765678216185e-01
1.302046410832891354e-01 8.765149950383358535e-01
1.345580229891604751e-01 8.765180676369865864e-01
1.390569598757198100e-01 8.765160873445630996e-01
1.437063183622670492e-01 8.765177523463485443e-01
1.485111277831346888e-01 8.765176104196341633e-01
1.534765856280515817e-01 8.765159647784980246e-01
1.586080631644066208e-01 8.765136214146117544e-01
1.639111112474894438e-01 8.765158918251936271e-01
1.693914663249987407e-01 8.765126613228433339e-01
1.750550566423093313e-01 8.765135860039480198e-01
1.809080086552135869e-01 8.765164267164566869e-01
1.869566536570689830e-01 8.765160036784106490e-01
1.932075346275276828e-01 8.765183262662173957e-01
1.996674133102498971e-01 8.765150978127057568e-01
2.063432775272630582e-01 8.765170234188296439e-01
2.132423487378718452e-01 8.765143602403931977e-01
2.203720898503036263e-01 8.765155352135853839e-01
2.277402132945338109e-01 8.765155042541737940e-01
2.353546893650253491e-01 8.765169985256112684e-01
2.432237548424092122e-01 8.765146398134859851e-01
2.513559219034258718e-01 8.765178467714839217e-01
2.597599873287743666e-01 8.765158470668937829e-01
2.684450420188219666e-01 8.765174852326482746e-01
2.774204808274743361e-01 8.765127933916599945e-01
2.866960127248350254e-01 8.765195809045455144e-01
2.962816712996577673e-01 8.765139602383151818e-01
3.061878256129444420e-01 8.765158000102222235e-01
3.164251914144354805e-01 8.765134786543054002e-01
3.270048427341168962e-01 8.765165034843236391e-01
3.379382238612947953e-01 8.765156951464002644e-01
3.492371617241852855e-01 8.765141768148054791e-01
3.609138786834163448e-01 8.765157832953236472e-01
3.729810057532814693e-01 8.765152754037837113e-01
3.854515962650386651e-01 8.765146210446778108e-01
3.983391399870480631e-01 8.765173546858597842e-01
4.116575777170102257e-01 8.765151174322884930e-01
4.254213163620995108e-01 8.765179883685350060e-01
4.396452445232932327e-01 8.765163125920707454e-01
4.543447486007690661e-01 8.765189842332232750e-01
4.695357294377799362e-01 8.765135912558036368e-01
4.852346195210218704e-01 8.765119209476905926e-01
5.014584007560848322e-01 8.765136017947743330e-01
5.182246228372336949e-01 8.765154362357820972e-01
5.355514222313770833e-01 8.765176603942088640e-01
5.534575417967635413e-01 8.765149880506464264e-01
5.719623510576314906e-01 8.765161026647219078e-01
5.910858671567322808e-01 8.765185600592313442e-01
6.108487765084068544e-01 8.765147962713796259e-01
6.312724571756275216e-01 8.765140481537866401e-01
6.523790019952193653e-01 8.765153529933388254e-01
6.741912424762606104e-01 8.764873643334651909e-01
6.967327734975364839e-01 8.765300066621838360e-01
7.200279788307419881e-01 8.765409114312816552e-01
7.441020575170596008e-01 8.765286423347427025e-01
7.689810511256225389e-01 8.765150028141505123e-01
7.946918719233755368e-01 8.765123825087206555e-01
8.212623319867858873e-01 8.765160480466077653e-01
8.487211732869031078e-01 8.765194704853682683e-01
8.770980987803161932e-01 8.765188473887057796e-01
9.064238045396205701e-01 8.765159201704820768e-01
9.367300129581793700e-01 8.765130999659312971e-01
9.680495070650749767e-01 8.765120174837203182e-01
1.000416165987385808e+00 8.765125264208226685e-01
1.033865001598128330e+00 8.765142338751178430e-01
1.068432196389532240e+00 8.765165258795630798e-01
1.104155142612600837e+00 8.765182236263711069e-01
1.141072482725305592e+00 8.765180601185622589e-01
1.179224151193147607e+00 8.765154896688455155e-01
1.218651417687333982e+00 8.765120388375156057e-01
1.259396931727273516e+00 8.765096038454748273e-01
1.301504768815691548e+00 8.765094648549159873e-01
1.345020478116276896e+00 8.765109079391479874e-01
1.389991131725407447e+00 8.765128164452677950e-01
1.436465375591293947e+00 8.765143258493734990e-01
1.484493482135585296e+00 8.765154926120440892e-01
1.534127404634392455e+00 8.765165834266591682e-01
1.585420833417506836e+00 8.765177227274074667e-01
1.638429253946665609e+00 8.765184480599446104e-01
1.693210006835640158e+00 8.765181456451059949e-01
1.749822349877109051e+00 8.765164334730691786e-01
1.808327522143368116e+00 8.765140098675169300e-01
1.868788810230267217e+00 8.765118876786607283e-01
1.931271616715998229e+00 8.765109069388691276e-01
1.995843530908793184e+00 8.765109966221545923e-01
2.062574401960084458e+00 8.765117866247267298e-01
2.131536414422164238e+00 8.765128851072542249e-01
2.202804166332139602e+00 8.765137715300707066e-01
2.276454749906602792e+00 8.765138777984466945e-01
2.352567834934338631e+00 8.765127936174594847e-01
2.431225754957225149e+00 8.765111785856763982e-01
2.512513596332623944e+00 8.765101363723030170e-01
2.596519290273538783e+00 8.765105955725586151e-01
2.683333707966161441e+00 8.765121228514290985e-01
2.773050758867611432e+00 8.765136512448939987e-01
2.865767492290306695e+00 8.765142104117723543e-01
2.961584202382770314e+00 8.765137132727487401e-01
3.060604536620467719e+00 8.765125325187635985e-01
3.162935607924048931e+00 8.765110452101718685e-01
3.268688110526199786e+00 8.765096326554919770e-01
3.377976439712552459e+00 8.765086786352670467e-01
3.490918815566087297e+00 8.765085226553763764e-01
3.607637410848952619e+00 8.765089856751032693e-01
3.728258483159945236e+00 8.765095524419977968e-01
3.852912511510727001e+00 8.765097338676638428e-01
3.981734337468417539e+00 8.765094745383709141e-01
4.114863311017320058e+00 8.765090322566232439e-01
4.252443441297450555e+00 8.765086553248294665e-01
4.394623552383071896e+00 8.765083291031459112e-01
4.541557444269631816e+00 8.765078276183940753e-01
4.693404059243289517e+00 8.765069353806458352e-01
4.850327653813030437e+00 8.765057488163372490e-01
5.012497976391239618e+00 8.765046431752460121e-01
5.180090450915090017e+00 8.765039883863616765e-01
5.353286366607249214e+00 8.765038100899726903e-01
5.532273074081278885e+00 8.765037917693190295e-01
5.717244188003695271e+00 8.765036057766403266e-01
5.908399796532135539e+00 8.765030236214523818e-01
6.105946677756002750e+00 8.765019263738874633e-01
6.310098523373801171e+00 8.765002104372769942e-01
6.521076169849157722e+00 8.764981051763104380e-01
6.739107837295406966e+00 8.764962491303284198e-01
6.964429376347387013e+00 8.764952895052735560e-01
7.197284523287298619e+00 8.764951537084366695e-01
7.437925163700752407e+00 8.764947848856449175e-01
7.686611604948010879e+00 8.764930719967636286e-01
7.943612857745410594e+00 8.764898655838246899e-01
8.209206927161357470e+00 8.764864806956081944e-01
8.483681113341843272e+00 8.764843428087041310e-01
8.767332322290526392e+00 8.764838984314173853e-01
9.060467387039910392e+00 8.764839315857568813e-01
9.363403399560734641e+00 8.764830715509134285e-01
9.676468053768756405e+00 8.764806924841864744e-01
1.000000000000001243e+01 8.764775811403731076e-01
