2.000000000000000164e-05 9.044171783794911335e+01
2.066869842267550072e-05 9.335006448044201477e+01
2.135975472437544027e-05 9.635192504730719065e+01
2.207391643902171255e-05 9.945031483178665610e+01
2.281195609427394449e-05 1.026483389038287299e+02
2.357467204719313169e-05 1.059491843036088596e+02
2.436288934784564352e-05 1.093561969564914733e+02
2.517746063178175121e-05 1.128727595959567793e+02
2.601926704235410016e-05 1.165023445891965679e+02
2.688921918387384303e-05 1.202486917702757694e+02
2.778825810663545582e-05 1.241154853270110578e+02
2.871735632487579741e-05 1.281065839629852121e+02
2.967751886876853870e-05 1.322260472181842204e+02
3.066978437159193627e-05 1.364779479639493616e+02
3.169522619324599853e-05 1.408665884308757654e+02
3.275495358133433647e-05 1.453962654765614957e+02
3.385011287106671010e-05 1.500716761413887355e+02
3.498188872528021299e-05 1.548973562171830736e+02
3.615150541592045298e-05 1.598781993102565195e+02
3.736022814836899319e-05 1.650191989348999471e+02
3.860936443004954884e-05 1.703254873319343119e+02
3.990026548479344494e-05 1.758023173623687114e+02
4.123432771449419843e-05 1.814552736554083481e+02
4.261299420963254024e-05 1.872899696254614810e+02
4.403775631030562105e-05 1.933122387803509810e+02
4.551015521944909301e-05 1.995281294092367261e+02
4.703178366999723984e-05 2.059438736090231430e+02
4.860428764778435972e-05 2.125658015804046386e+02
5.022936817205134787e-05 2.194006488050221151e+02
5.190878313548323190e-05 2.264552044431973457e+02
5.364434920576834987e-05 2.337364852876702059e+02
5.543794379073590958e-05 2.412518382328234736e+02
5.729150706919781900e-05 2.490087285765642946e+02
5.920704408969155763e-05 2.570149929138894436e+02
6.118662693939432690e-05 2.652785890718028554e+02
6.323239698555469304e-05 2.738077057441914235e+02
6.534656719186627638e-05 2.826109926259175040e+02
6.753142451228926792e-05 2.916971587630931140e+02
6.978933236490913268e-05 3.010753592235073484e+02
7.212273318850868345e-05 3.107548594492735106e+02
7.453415108461877573e-05 3.207454206000903127e+02
7.702619454790587906e-05 3.310569940504364013e+02
7.960155928784993205e-05 3.416998284333788547e+02
8.226303114476471348e-05 3.526846644915169691e+02
8.501348910331518868e-05 3.640223472854005422e+02
8.785590840679157983e-05 3.757242286348451330e+02
9.079336377550881697e-05 3.878020026157882398e+02
9.382903273281309529e-05 4.002676142729716275e+02
9.696619904229312483e-05 4.131337087858428845e+02
1.002082562599141270e-04 4.264127913484110195e+02
1.035587114049174785e-04 4.401183987967723965e+02
1.070211887534562421e-04 4.542639774027905446e+02
1.105994337590709140e-04 4.688636527595904226e+02
1.142973171042456330e-04 4.839320101628551356e+02
1.181188388874281471e-04 4.994840322973118418e+02
1.220681329500424115e-04 5.155350163392693048e+02
1.261494713481742377e-04 5.321010664536214563e+02
1.303672689737678670e-04 5.491986509897296855e+02
1.347260883303314362e-04 5.668445764942803180e+02
1.392306444683180742e-04 5.850563797151937706e+02
1.438858100855209437e-04 6.038521460514962200e+02
1.486966207979997041e-04 6.232505897013138565e+02
1.536682805872396744e-04 6.432708542715450903e+02
1.588061674294368483e-04 6.639324879677503759e+02
1.641158391129971276e-04 6.852563028744341409e+02
1.696030392505434848e-04 7.072627943437295244e+02
1.752737034919339915e-04 7.299742129155613384e+02
1.811339659450114388e-04 7.534126652271328339e+02
1.871901658110307874e-04 7.776012073865921366e+02
1.934488542419408646e-04 8.025634602515712004e+02
1.999168014269393128e-04 8.283241105767565386e+02
2.066010039159656652e-04 8.549083562754331069e+02
2.135086921880547338e-04 8.823422287555493995e+02
2.206473384727377968e-04 9.106522808618487943e+02
2.280246648329511538e-04 9.398663289709196533e+02
2.356486515181963309e-04 9.700128128542772856e+02
2.435275455969876748e-04 1.001120805308569061e+03
2.516698698779247295e-04 1.033220856342153184e+03
2.600844321290405573e-04 1.066343679451452772e+03
2.687803346053976817e-04 1.100520988851987568e+03
2.777669838952388651e-04 1.135786525739087892e+03
2.870541010953427292e-04 1.172173369600928481e+03
2.966517323265922064e-04 1.209716786772985188e+03
3.065702596011295341e-04 1.248452199231434406e+03
3.168204120528543403e-04 1.288417006664125665e+03
3.274132775434116785e-04 1.329648650420716194e+03
3.383603146562264279e-04 1.372186908802614653e+03
3.496733650915567022e-04 1.416070778819619818e+03
3.613646664759745386e-04 1.461342164159052345e+03
3.734468656001317080e-04 1.508043342125507706e+03
3.859330320991275886e-04 1.556217599762152759e+03
3.988366725902805230e-04 1.605909449810720616e+03
4.121717452835938129e-04 1.657165457819079393e+03
4.259526750807212541e-04 1.710032087000485490e+03
4.401943691787655547e-04 1.764557348029540890e+03
4.549122331957894719e-04 1.820791522845423742e+03
4.701221878354804149e-04 1.878784938986112820e+03
4.858406861089974399e-04 1.938589809087393405e+03
5.020847311326308640e-04 2.000259179188639791e+03
5.188718945205230424e-04 2.063848388615598196e+03
5.362203353923492141e-04 2.129412568386152543e+03
5.541488200165187389e-04 2.197009051582106167e+03
5.726767421101455150e-04 2.266697127177332732e+03
5.918241438177454907e-04 2.338536243063631446e+03
6.116117373913557359e-04 2.412587783883599968e+03
6.320609275955268004e-04 2.488914631398225993e+03
6.531938348614238542e-04 2.567579802867317994e+03
6.750333192150836329e-04 2.648648636792628167e+03
6.976030050057104547e-04 2.732189461639735782e+03
7.209273064607610694e-04 2.818268276329116816e+03
7.450314540954613768e-04 2.906954599433342992e+03
7.699415220053250396e-04 2.998319330403504409e+03
7.956844560711916160e-04 3.092433734224503951e+03
8.222881031073025473e-04 3.189371464900002138e+03
8.497812409839368810e-04 3.289205652575158638e+03
8.781936097571961097e-04 3.392012268184426375e+03
9.075559438396131216e-04 3.497867833735163913e+03
9.379000052463793693e-04 3.606848740020801870e+03
9.692586179531593148e-04 3.719034211144583423e+03
1.001665703402655023e-03 3.834503198794629498e+03
1.035156317198330069e-03 3.953336540010453973e+03
1.069766687024985286e-03 4.075614726157726182e+03
1.105534251837205851e-03 4.201419211737200385e+03
1.142497702358069404e-03 4.330832082581574468e+03
1.180697022931930960e-03 4.463937869411499378e+03
1.220173534776542454e-03 4.600817141883799195e+03
1.260969940681316284e-03 4.741554081076016701e+03
1.303130371200056587e-03 4.886231950383530602e+03
1.346700432388157767e-03 5.034934709093736274e+03
1.391727255135877424e-03 5.187745532245790855e+03
1.438259546151070007e-03 5.344745275632441917e+03
1.486347640646530459e-03 5.506017705345156173e+03
1.536043556788919398e-03 5.671643596428156343e+03
1.587401051968200579e-03 5.841701906314304324e+03
1.640475680948428249e-03 6.016273385351206343e+03
1.695324855962815390e-03 6.195433451158483876e+03
1.752007908818060174e-03 6.379259133309290519e+03
1.810586155075142928e-03 6.567820091627112561e+03
1.871122960375984270e-03 6.761188282743252785e+03
1.933683808987751848e-03 6.959429416484131252e+03
1.998336374638913938e-03 7.162610023102440209e+03
2.065150593723721201e-03 7.370785815886221826e+03
2.134198740954243185e-03 7.584015156361589106e+03
2.205555507541849362e-03 7.802346831678839408e+03
2.279298081992675151e-03 8.025827076099115402e+03
2.355506233604463730e-03 8.254495564178110726e+03
2.434262398755145627e-03 8.488388943950531029e+03
2.515651770076436904e-03 8.727534458100604752e+03
2.599762388608985089e-03 8.971952844087743870e+03
2.686685239038679764e-03 9.221655567837982744e+03
2.776514348117217236e-03 9.476652122342675284e+03
2.869346886373309435e-03 9.736937809370427203e+03
2.965283273224645581e-03 1.000250659573759913e+04
3.064427285604211931e-03 1.027333159287670969e+04
3.166886170218578649e-03 1.054938618462017439e+04
3.272770759559481216e-03 1.083062565638126580e+04
3.382195591794276077e-03 1.111700044515105583e+04
3.495279034664920681e-03 1.140843978488170978e+04
3.612143413529477973e-03 1.170486315068427393e+04
3.732915143684721951e-03 1.200617538162949495e+04
3.857724867112893516e-03 1.231226664769576746e+04
3.986707593800617976e-03 1.262300532522965113e+04
4.120002847782761740e-03 1.293824713896429603e+04
4.257754818069308354e-03 1.325782462261069668e+04
4.400112514618404608e-03 1.358155735603387802e+04
4.547229929524409554e-03 1.390924073682120616e+04
4.699266203595197679e-03 1.424065053289197385e+04
4.856385798499019031e-03 1.457554536093342722e+04
5.018758674667020935e-03 1.491365810756058818e+04
5.186560475143959549e-03 1.525470784454830937e+04
5.359972715585955248e-03 1.559837545733572915e+04
5.539182980610755057e-03 1.594433718231869898e+04
5.724385126713026593e-03 1.629222107060161943e+04
5.915779491964028892e-03 1.664164947210089667e+04
6.113573112722652143e-03 1.699218400064737943e+04
6.317979947592099882e-03 1.734338707142230123e+04
6.529221108864616957e-03 1.769476786288739095e+04
6.747525101704480652e-03 1.804581262602754941e+04
6.973128071328140755e-03 1.839597287184243032e+04
7.206274058448705437e-03 1.874468124070297199e+04
7.447215263261310406e-03 1.909132730532306960e+04
7.696212318254701257e-03 1.943526617863758656e+04
7.953534570144332738e-03 1.977582932879529471e+04
8.219460371231864307e-03 2.011229353795514180e+04
8.494277380506187053e-03 2.044390913585542148e+04
8.778282874811823774e-03 2.076987931521773498e+04
9.071784070421121463e-03 2.108936717491843592e+04
9.375098455358292851e-03 2.140151249829726294e+04
9.688554132834568261e-03 2.170541439410435487e+04
1.001249017616620725e-02 2.200014091739768992e+04
1.034725699555901803e-02 2.228471514592067615e+04
1.069321671715643858e-02 2.255813095158535725e+04
1.105074357476093505e-02 2.281932328768174921e+04
1.142022431465263173e-02 2.306721569056615408e+04
1.180205861394306721e-02 2.330070479665828316e+04
1.219665951291643881e-02 2.351865834642249683e+04
1.260445386182631328e-02 2.371992016052143299e+04
1.302588278263077520e-02 2.390330251047423371e+04
1.346140214616583890e-02 2.406761146105032822e+04
1.391148306527291781e-02 2.421163367183898663e+04
1.437661240441416924e-02 2.433418987935168479e+04
1.485729330632660182e-02 2.443406823869407526e+04
1.535404573628500365e-02 2.451009375498463851e+04
1.586740704456205894e-02 2.456110303228428893e+04
1.639793254769450481e-02 2.458598052491613271e+04
1.694619612918364313e-02 2.458368040452987043e+04
1.751279086028037155e-02 2.455319541474900689e+04
1.809832964152614798e-02 2.449361182311653829e+04
1.870344586574363213e-02 2.440411676703193370e+04
1.932879410319460894e-02 2.428403731306057671e+04
1.997505080964588620e-02 2.413281108221190516e+04
2.064291505810955316e-02 2.395006248552065153e+04
2.133310929504865505e-02 2.373559004733979964e+04
2.204638012186681956e-02 2.348940679880683092e+04
2.278349910252664909e-02 2.321174215755402474e+04
2.354526359817107548e-02 2.290310312289360445e+04
2.433249762964985810e-02 2.256424978539413132e+04
2.514605276888498206e-02 2.219624079779389285e+04
2.598680906003840441e-02 2.180043462036332130e+04
2.685567597147924673e-02 2.137853261021879007e+04
2.775359337957988490e-02 2.093252830657757659e+04
2.868153258540498754e-02 2.046477703811950050e+04
2.964049736539381419e-02 1.997791999590124033e+04
3.063152505717161092e-02 1.947493504503428994e+04
3.165568768166540647e-02 1.895904037334180612e+04
3.271409310273729054e-02 1.843375183888790707e+04
3.380788622559029871e-02 1.790275716530351201e+04
3.493825023524253087e-02 1.736989732162634755e+04
3.610640787640997940e-02 1.683912027140144710e+04
3.731362277618164441e-02 1.631436318534153907e+04
3.856120081091872487e-02 1.579952186630844335e+04
3.985049151885547425e-02 1.529830980304333389e+04
4.118288955993056055e-02 1.481420499049214595e+04
4.255983622442782027e-02 1.435031658301550669e+04
4.398282099205792772e-02 1.390930039950307946e+04
4.545338314316834522e-02 1.349325333720306662e+04
4.697311342382341770e-02 1.310359263076506068e+04
4.854365576655684383e-02 1.274097435208793104e+04
5.016670906865677154e-02 1.240519556763319815e+04
5.184402902990837420e-02 1.209510483757118345e+04
5.357743005178047802e-02 1.180855404990434909e+04
5.536878720011212396e-02 1.154234564104592573e+04
5.722003823342062395e-02 1.129226028639201104e+04
5.913318569902666078e-02 1.105310550542965393e+04
6.111029909926251474e-02 1.081885448871543122e+04
6.315351713010779189e-02 1.058287718103737097e+04
6.526504999467336310e-02 1.033824881591076155e+04
6.744718179403717817e-02 1.007820814115493158e+04
6.970227299801623477e-02 9.796672132937323113e+03
7.203276299854979858e-02 9.488835988253960750e+03
7.444117274845411802e-02 9.151776196121356406e+03
7.693010748840443946e-02 8.784990533907332065e+03
7.950225956509210379e-02 8.390783809210186519e+03
8.216041134360790865e-02 7.974404428362986437e+03
8.490743821719984319e-02 7.543868144344566645e+03
8.774631171766281157e-02 7.109422509755020656e+03
9.068010272972255870e-02 6.682690300267257953e+03
9.371198481289348681e-02 6.275571978967966061e+03
9.684523763440215649e-02 5.899019211944727431e+03
1.000832505168899600e-01 5.561867168079040312e+03
1.034295261047340625e-01 5.269795646957431018e+03
1.068876841529496080e-01 5.024583676890808420e+03
1.104614654427753945e-01 4.823648076870282239e+03
1.141547358281756464e-01 4.659981840955158987e+03
1.179714904176376727e-01 4.522554981481423965e+03
1.219158578957853512e-01 4.397330214832712045e+03
1.259921049894874856e-01 4.269039999924497351e+03
1.302046410832891354e-01 4.123668185782640649e+03
1.345580229891604751e-01 3.951321029104830814e+03
1.390569598757198100e-01 3.748739287427500130e+03
1.437063183622670492e-01 3.520564060483443882e+03
1.485111277831346888e-01 3.278642274957731843e+03
1.534765856280515817e-01 3.039284152980891122e+03
1.586080631644066208e-01 2.819194354454157292e+03
1.639111112474894438e-01 2.631265031203080980e+03
1.693914663249987407e-01 2.481416422450094615e+03
1.750550566423093313e-01 2.367143855363515286e+03
1.809080086552135869e-01 2.278059888687151215e+03
1.869566536570689830e-01 2.198525158017780086e+03
1.932075346275276828e-01 2.112284473731416711e+03
1.996674133102498971e-01 2.008131521613486939e+03
2.063432775272630582e-01 1.884353015544113305e+03
2.132423487378718452e-01 1.749378890171778039e+03
2.203720898503036263e-01 1.617706101908214123e+03
2.277402132945338109e-01 1.503022087244350587e+03
2.353546893650253491e-01 1.412040947717486915e+03
2.432237548424092122e-01 1.341886678732053497e+03
2.513559219034258718e-01 1.282006591743962645e+03
2.597599873287743666e-01 1.219941276210983915e+03
2.684450420188219666e-01 1.148391638703473973e+03
2.774204808274743361e-01 1.069253070360176253e+03
2.866960127248350254e-01 9.914129152405233754e+02
2.962816712996577673e-01 9.237993743110311016e+02
3.061878256129444420e-01 8.690706317450119514e+02
3.164251914144354805e-01 8.224727741289395908e+02
3.270048427341168962e-01 7.763742816886567653e+02
3.379382238612947953e-01 7.267672778874662072e+02
3.492371617241852855e-01 6.760556080216757664e+02
3.609138786834163448e-01 6.295921180881248347e+02
3.729810057532814693e-01 5.898867329790948588e+02
3.854515962650386651e-01 5.545899063985975772e+02
3.983391399870480631e-01 5.198523366379412209e+02
4.116575777170102257e-01 4.847446325315760873e+02
4.254213163620995108e-01 4.514842208271762161e+02
4.396452445232932327e-01 4.218131030212633164e+02
4.543447486007690661e-01 3.948129322327495743e+02
4.695357294377799362e-01 3.687423182931677275e+02
4.852346195210218704e-01 3.435330270351517470e+02
5.014584007560848322e-01 3.202137356593548816e+02
5.182246228372336949e-01 2.988762136410467747e+02
5.355514222313770833e-01 2.787324821191680826e+02
5.534575417967635413e-01 2.595733741834116017e+02
5.719623510576314906e-01 2.417608376987709846e+02
5.910858671567322808e-01 2.252438275451923175e+02
6.108487765084068544e-01 2.096981117318959775e+02
6.312724571756275216e-01 1.951204347431253154e+02
6.523790019952193653e-01 1.815672944046906991e+02
6.741912424762606104e-01 1.688979910142168706e+02
6.967327734975364839e-01 1.570469571221150034e+02
7.200279788307419881e-01 1.459960837888458798e+02
7.441020575170596008e-01 1.356914704997035130e+02
7.689810511256225389e-01 1.260804287272692221e+02
7.946918719233755368e-01 1.171164376677707111e+02
8.212623319867858873e-01 1.087595325076345603e+02
8.487211732869031078e-01 1.009721801282253324e+02
8.770980987803161932e-01 9.371858915299071668e+01
9.064238045396205701e-01 8.696452643896100199e+01
9.367300129581793700e-01 8.067769084673015811e+01
9.680495070650749767e-01 7.482753021597245890e+01
1.000416165987385808e+00 6.938502855554277460e+01
1.033865001598128330e+00 6.432296527973461764e+01
1.068432196389532240e+00 5.961599507782490548e+01
1.104155142612600837e+00 5.524069172700385622e+01
1.141072482725305592e+00 5.117507786816390336e+01
1.179224151193147607e+00 4.739840029773773722e+01
1.218651417687333982e+00 4.389093836267355897e+01
1.259396931727273516e+00 4.063421397702622073e+01
1.301504768815691548e+00 3.761101779469854733e+01
1.345020478116276896e+00 3.480542137286117566e+01
1.389991131725407447e+00 3.220253408515196725e+01
1.436465375591293947e+00 2.978837581162724391e+01
1.484493482135585296e+00 2.754975660785913760e+01
1.534127404634392455e+00 2.547434473706492497e+01
1.585420833417506836e+00 2.355065668880135021e+01
1.638429253946665609e+00 2.176804219098517024e+01
1.693210006835640158e+00 2.011657199208464064e+01
1.749822349877109051e+00 1.858697046641962558e+01
1.808327522143368116e+00 1.717055800340191496e+01
1.868788810230267217e+00 1.585923853137899187e+01
1.931271616715998229e+00 1.464547090734608403e+01
1.995843530908793184e+00 1.352223419548163719e+01
2.062574401960084458e+00 1.248299232079283172e+01
2.131536414422164238e+00 1.152166185618791339e+01
2.202804166332139602e+00 1.063258248284233787e+01
2.276454749906602792e+00 9.810488960780462619e+00
2.352567834934338631e+00 9.050484796044418800e+00
2.431225754957225149e+00 8.348017175783891020e+00
2.512513596332623944e+00 7.698854565883021195e+00
2.596519290273538783e+00 7.099065326435067824e+00
2.683333707966161441e+00 6.544996889925188022e+00
2.773050758867611432e+00 6.033257351273805469e+00
2.865767492290306695e+00 5.560697978949718845e+00
2.961584202382770314e+00 5.124396274118120154e+00
3.060604536620467719e+00 4.721640599617253464e+00
3.162935607924048931e+00 4.349915673468925270e+00
3.268688110526199786e+00 4.006888308729272374e+00
3.377976439712552459e+00 3.690395186170961406e+00
3.490918815566087297e+00 3.398431406311934300e+00
3.607637410848952619e+00 3.129139604857593682e+00
3.728258483159945236e+00 2.880799281256750888e+00
3.852912511510727001e+00 2.651816805523706133e+00
3.981734337468417539e+00 2.440716049546712174e+00
4.114863311017320058e+00 2.246130211390332310e+00
4.252443441297450555e+00 2.066794262757196243e+00
4.394623552383071896e+00 1.901537527831418828e+00
4.541557444269631816e+00 1.749276905340813482e+00
4.693404059243289517e+00 1.609010592605223611e+00
4.850327653813030437e+00 1.479812113476613344e+00
5.012497976391239618e+00 1.360824837976072565e+00
5.180090450915090017e+00 1.251256916910423511e+00
5.353286366607249214e+00 1.150376509970759020e+00
5.532273074081278885e+00 1.057507364755419177e+00
5.717244188003695271e+00 9.720247158307711022e-01
5.908399796532135539e+00 8.933513965542938529e-01
6.105946677756002750e+00 8.209543187189077829e-01
6.310098523373801171e+00 7.543412757634022636e-01
6.521076169849157722e+00 6.930578561087507028e-01
6.739107837295406966e+00 6.366846115246511673e-01
6.964429376347387013e+00 5.848344711515508498e-01
7.197284523287298619e+00 5.371503207463336205e-01
7.437925163700752407e+00 4.933027374417633948e-01
7.686611604948010879e+00 4.529878608407795770e-01
7.943612857745410594e+00 4.159253987006482078e-01
8.209206927161357470e+00 3.818568268961001211e-01
8.483681113341843272e+00 3.505438169650497149e-01
8.767332322290526392e+00 3.217667006381038641e-01
9.060467387039910392e+00 2.953230386763131543e-01
9.363403399560734641e+00 2.710262876204602156e-01
9.676468053768756405e+00 2.487045863143831914e-01
1.000000000000001243e+01 2.281996287128799095e-01
