2.000000000000000164e-05 3.413302641459770825e+01
2.066869842267550072e-05 3.523065450317805158e+01
2.135975472437544027e-05 3.636356704822387798e+01
2.207391643902171255e-05 3.753291998947532448e+01
2.281195609427394449e-05 3.873986001140691116e+01
2.357467204719313169e-05 3.998562234862254883e+01
2.436288934784564352e-05 4.127143438323832214e+01
2.517746063178175121e-05 4.259859832296320548e+01
2.601926704235410016e-05 4.396842862065975766e+01
2.688921918387384303e-05 4.538231260514897514e+01
2.778825810663545582e-05 4.684166205292418539e+01
2.871735632487579741e-05 4.834793092024359851e+01
2.967751886876853870e-05 4.990262694184043823e+01
3.066978437159193627e-05 5.150732356509143983e+01
3.169522619324599853e-05 5.316360844621941339e+01
3.275495358133433647e-05 5.487315391157887490e+01
3.385011287106671010e-05 5.663766254552813706e+01
3.498188872528021299e-05 5.845890334374322350e+01
3.615150541592045298e-05 6.033871582504415443e+01
3.736022814836899319e-05 6.227895610097066736e+01
3.860936443004954884e-05 6.428157638894938941e+01
3.990026548479344494e-05 6.634858388007579322e+01
4.123432771449419843e-05 6.848203409485911664e+01
4.261299420963254024e-05 7.068410217668900941e+01
4.403775631030562105e-05 7.295695137608115033e+01
4.551015521944909301e-05 7.530288076857944191e+01
4.703178366999723984e-05 7.772420915796631391e+01
4.860428764778435972e-05 8.022340309713617046e+01
5.022936817205134787e-05 8.280291968116587498e+01
5.190878313548323190e-05 8.546537128362972169e+01
5.364434920576834987e-05 8.821339236287454355e+01
5.543794379073590958e-05 9.104975666922594257e+01
5.729150706919781900e-05 9.397730004104469970e+01
5.920704408969155763e-05 9.699894842068779610e+01
6.118662693939432690e-05 1.001177022790875242e+02
6.323239698555469304e-05 1.033367187795142854e+02
6.534656719186627638e-05 1.066591624332056796e+02
6.753142451228926792e-05 1.100884110313246964e+02
6.978933236490913268e-05 1.136278521843487539e+02
7.212273318850868345e-05 1.172810678020461950e+02
7.453415108461877573e-05 1.210516257142419079e+02
7.702619454790587906e-05 1.249433870820454899e+02
7.960155928784993205e-05 1.289601801668337373e+02
8.226303114476471348e-05 1.331060202023216732e+02
8.501348910331518868e-05 1.373850962832619018e+02
8.785590840679157983e-05 1.418015811919215707e+02
9.079336377550881697e-05 1.463600021109850502e+02
9.382903273281309529e-05 1.510648214521424677e+02
9.696619904229312483e-05 1.559207212400334868e+02
1.002082562599141270e-04 1.609326169462691780e+02
1.035587114049174785e-04 1.661054373141055294e+02
1.070211887534562421e-04 1.714443898574797629e+02
1.105994337590709140e-04 1.769546871095758434e+02
1.142973171042456330e-04 1.826419674284259713e+02
1.181188388874281471e-04 1.885117649348999862e+02
1.220681329500424115e-04 1.945699619441427615e+02
1.261494713481742377e-04 2.008225880908886154e+02
1.303672689737678670e-04 2.072758532073559365e+02
1.347260883303314362e-04 2.139361265282127249e+02
1.392306444683180742e-04 2.208100995933126569e+02
1.438858100855209437e-04 2.279044795471243390e+02
1.486966207979997041e-04 2.352263876047311726e+02
1.536682805872396744e-04 2.427830044149907280e+02
1.588061674294368483e-04 2.505818838888964706e+02
1.641158391129971276e-04 2.586306532127792934e+02
1.696030392505434848e-04 2.669373568582412304e+02
1.752737034919339915e-04 2.755100918501861429e+02
1.811339659450114388e-04 2.843573567844562717e+02
1.871901658110307874e-04 2.934878500412694393e+02
1.934488542419408646e-04 3.029106011569185739e+02
1.999168014269393128e-04 3.126347755152281138e+02
2.066010039159656652e-04 3.226700431566197267e+02
2.135086921880547338e-04 3.330260301552364126e+02
2.206473384727377968e-04 3.437131517725662206e+02
2.280246648329511538e-04 3.547415107154571956e+02
2.356486515181963309e-04 3.661221331157657914e+02
2.435275455969876748e-04 3.778660309060078362e+02
2.516698698779247295e-04 3.899844583378702509e+02
2.600844321290405573e-04 4.024893933743389312e+02
2.687803346053976817e-04 4.153927719188650940e+02
2.777669838952388651e-04 4.287070601611976599e+02
2.870541010953427292e-04 4.424451370514239557e+02
2.966517323265922064e-04 4.566201580624207281e+02
3.065702596011295341e-04 4.712458018945399658e+02
3.168204120528543403e-04 4.863357905782323769e+02
3.274132775434116785e-04 5.019046694372405000e+02
3.383603146562264279e-04 5.179673214280022648e+02
3.496733650915567022e-04 5.345386638854736248e+02
3.613646664759745386e-04 5.516343459274287397e+02
3.734468656001317080e-04 5.692705790670408987e+02
3.859330320991275886e-04 5.874637119589001486e+02
3.988366725902805230e-04 6.062307861748565756e+02
4.121717452835938129e-04 6.255890705005195969e+02
4.259526750807212541e-04 6.455563135008953850e+02
4.401943691787655547e-04 6.661509444911112041e+02
4.549122331957894719e-04 6.873918520678450932e+02
4.701221878354804149e-04 7.092980103442873769e+02
4.858406861089974399e-04 7.318893042164322651e+02
5.020847311326308640e-04 7.551858814840355762e+02
5.188718945205230424e-04 7.792086560241898496e+02
5.362203353923492141e-04 8.039786210016512769e+02
5.541488200165187389e-04 8.295174898212462722e+02
5.726767421101455150e-04 8.558476984215469656e+02
5.918241438177454907e-04 8.829914312650279271e+02
6.116117373913557359e-04 9.109724477031261358e+02
6.320609275955268004e-04 9.398140332057673731e+02
6.531938348614238542e-04 9.695406998824170159e+02
6.750333192150836329e-04 1.000176879364062415e+03
6.976030050057104547e-04 1.031748027069863156e+03
7.209273064607610694e-04 1.064279397404619658e+03
7.450314540954613768e-04 1.097797548019351325e+03
7.699415220053250396e-04 1.132328864557667430e+03
7.956844560711916160e-04 1.167900626290792843e+03
8.222881031073025473e-04 1.204540218662924644e+03
8.497812409839368810e-04 1.242275601560477980e+03
8.781936097571961097e-04 1.281135766135535050e+03
9.075559438396131216e-04 1.321148588011612219e+03
9.379000052463793693e-04 1.362343851785786910e+03
9.692586179531593148e-04 1.404751224892894925e+03
1.001665703402655023e-03 1.448400668678838201e+03
1.035156317198330069e-03 1.493322482216478647e+03
1.069766687024985286e-03 1.539547338897524696e+03
1.105534251837205851e-03 1.587105863163095137e+03
1.142497702358069404e-03 1.636029394552976328e+03
1.180697022931930960e-03 1.686349237644834375e+03
1.220173534776542454e-03 1.738096822241038126e+03
1.260969940681316284e-03 1.791303443080053512e+03
1.303130371200056587e-03 1.846001035511972987e+03
1.346700432388157767e-03 1.902221299512735641e+03
1.391727255135877424e-03 1.959994932232954625e+03
1.438259546151070007e-03 2.019353512015735532e+03
1.486347640646530459e-03 2.080328925174619144e+03
1.536043556788919398e-03 2.142949927511207534e+03
1.587401051968200579e-03 2.207248879648448565e+03
1.640475680948428249e-03 2.273253824677982266e+03
1.695324855962815390e-03 2.340995009434510848e+03
1.752007908818060174e-03 2.410499843935442641e+03
1.810586155075142928e-03 2.481795876362606123e+03
1.871122960375984270e-03 2.554910166900123841e+03
1.933683808987751848e-03 2.629867399180082884e+03
1.998336374638913938e-03 2.706691667682582647e+03
2.065150593723721201e-03 2.785405426900040311e+03
2.134198740954243185e-03 2.866029824461333192e+03
2.205555507541849362e-03 2.948583896496661509e+03
2.279298081992675151e-03 3.033085727812550431e+03
2.355506233604463730e-03 3.119548940778850010e+03
2.434262398755145627e-03 3.207987924641204700e+03
2.515651770076436904e-03 3.298412540281345628e+03
2.599762388608985089e-03 3.390831125006349794e+03
2.686685239038679764e-03 3.485248171347951484e+03
2.776514348117217236e-03 3.581666451845881966e+03
2.869346886373309435e-03 3.680084459597634122e+03
2.965283273224645581e-03 3.780498704742023165e+03
3.064427285604211931e-03 3.882901505076020840e+03
3.166886170218578649e-03 3.987281578336882376e+03
3.272770759559481216e-03 4.093620899557437951e+03
3.382195591794276077e-03 4.201901269758799572e+03
3.495279034664920681e-03 4.312097410698621388e+03
3.612143413529477973e-03 4.424177155493884129e+03
3.732915143684721951e-03 4.538104915126138621e+03
3.857724867112893516e-03 4.653838526364625977e+03
3.986707593800617976e-03 4.771328435870223984e+03
4.120002847782761740e-03 4.890519340523345818e+03
4.257754818069308354e-03 5.011347519622486288e+03
4.400112514618404608e-03 5.133743465397929867e+03
4.547229929524409554e-03 5.257629354697410236e+03
4.699266203595197679e-03 5.382920743277511974e+03
4.856385798499019031e-03 5.509524406121474385e+03
5.018758674667020935e-03 5.637339701900091313e+03
5.186560475143959549e-03 5.766259306838080192e+03
5.359972715585955248e-03 5.896164496690757005e+03
5.539182980610755057e-03 6.026928019065575427e+03
5.724385126713026593e-03 6.158414087790696613e+03
5.915779491964028892e-03 6.290474098799387320e+03
6.113573112722652143e-03 6.422945897735208746e+03
6.317979947592099882e-03 6.555660508451263922e+03
6.529221108864616957e-03 6.688430844241968771e+03
6.747525101704480652e-03 6.821061615389049621e+03
6.973128071328140755e-03 6.953346642856947255e+03
7.206274058448705437e-03 7.085064841494253415e+03
7.447215263261310406e-03 7.215987333430481158e+03
7.696212318254701257e-03 7.345871953958867380e+03
7.953534570144332738e-03 7.474461109914183908e+03
8.219460371231864307e-03 7.601481819295269815e+03
8.494277380506187053e-03 7.726649894427768231e+03
8.778282874811823774e-03 7.849658438723503423e+03
9.071784070421121463e-03 7.970193418278709032e+03
9.375098455358292851e-03 8.087921409089455665e+03
9.688554132834568261e-03 8.202506067570207961e+03
1.001249017616620725e-02 8.313591394604982270e+03
1.034725699555901803e-02 8.420808147893758360e+03
1.069321671715643858e-02 8.523771743434943346e+03
1.105074357476093505e-02 8.622078604459669805e+03
1.142022431465263173e-02 8.715317109260133293e+03
1.180205861394306721e-02 8.803069763160605362e+03
1.219665951291643881e-02 8.884906252952183422e+03
1.260445386182631328e-02 8.960388862402660379e+03
1.302588278263077520e-02 9.029069017199402879e+03
1.346140214616583890e-02 9.090486967138922410e+03
1.391148306527291781e-02 9.144187208024217398e+03
1.437661240441416924e-02 9.189720146997555275e+03
1.485729330632660182e-02 9.226632099188605935e+03
1.535404573628500365e-02 9.254469964496202010e+03
1.586740704456205894e-02 9.272799337718017341e+03
1.639793254769450481e-02 9.281196925480295249e+03
1.694619612918364313e-02 9.279267432044132875e+03
1.751279086028037155e-02 9.266633868647815689e+03
1.809832964152614798e-02 9.242949751263446160e+03
1.870344586574363213e-02 9.207913552608350074e+03
1.932879410319460894e-02 9.161270472248972510e+03
1.997505080964588620e-02 9.102816154515163362e+03
2.064291505810955316e-02 9.032413579098214541e+03
2.133310929504865505e-02 8.949989673010904880e+03
2.204638012186681956e-02 8.855561496565687776e+03
2.278349910252664909e-02 8.749224579480549437e+03
2.354526359817107548e-02 8.631178307414069423e+03
2.433249762964985810e-02 8.501720834166717395e+03
2.514605276888498206e-02 8.361268290293375685e+03
2.598680906003840441e-02 8.210346872789699773e+03
2.685567597147924673e-02 8.049610739714663396e+03
2.775359337957988490e-02 7.879832846183103356e+03
2.868153258540498754e-02 7.701917240975802088e+03
2.964049736539381419e-02 7.516880082106825284e+03
3.063152505717161092e-02 7.325860403399729876e+03
3.165568768166540647e-02 7.130095962720560237e+03
3.271409310273729054e-02 6.930927780065521802e+03
3.380788622559029871e-02 6.729766217444918766e+03
3.493825023524253087e-02 6.528073714738973649e+03
3.610640787640997940e-02 6.327357043211554810e+03
3.731362277618164441e-02 6.129115418394660082e+03
3.856120081091872487e-02 5.934821457813256529e+03
3.985049151885547425e-02 5.745889718873226229e+03
4.118288955993056055e-02 5.563630363120777474e+03
4.255983622442782027e-02 5.389219429649366248e+03
4.398282099205792772e-02 5.223653822673190007e+03
4.545338314316834522e-02 5.067715407572873119e+03
4.697311342382341770e-02 4.921926342274083254e+03
4.854365576655684383e-02 4.786515011382183729e+03
5.016670906865677154e-02 4.661383522547744178e+03
5.184402902990837420e-02 4.546065822163418488e+03
5.357743005178047802e-02 4.439720608027993876e+03
5.536878720011212396e-02 4.341097424481240523e+03
5.722003823342062395e-02 4.248561213517503347e+03
5.913318569902666078e-02 4.160098542761591489e+03
6.111029909926251474e-02 4.073381762473660274e+03
6.315351713010779189e-02 3.985849115235715544e+03
6.526504999467336310e-02 3.894834183762305202e+03
6.744718179403717817e-02 3.797732973392901840e+03
6.970227299801623477e-02 3.692207631225528075e+03
7.203276299854979858e-02 3.576423316225615963e+03
7.444117274845411802e-02 3.449269384753567465e+03
7.693010748840443946e-02 3.310579417699544138e+03
7.950225956509210379e-02 3.161269382512817174e+03
8.216041134360790865e-02 3.003392047632763934e+03
8.490743821719984319e-02 2.840062502170887456e+03
8.774631171766281157e-02 2.675249461395990693e+03
9.068010272972255870e-02 2.513443441119547970e+03
9.371198481289348681e-02 2.359226185551095568e+03
9.684523763440215649e-02 2.216804112317045565e+03
1.000832505168899600e-01 2.089556605467310419e+03
1.034295261047340625e-01 1.979642503544208012e+03
1.068876841529496080e-01 1.887715507111830448e+03
1.104614654427753945e-01 1.812754933427962897e+03
1.141547358281756464e-01 1.752040066745220429e+03
1.179714904176376727e-01 1.701306719293561173e+03
1.219158578957853512e-01 1.655136846132981418e+03
1.259921049894874856e-01 1.607643180401490326e+03
1.302046410832891354e-01 1.553428039759651710e+03
1.345580229891604751e-01 1.488692882218459090e+03
1.390569598757198100e-01 1.412208005663027507e+03
1.437063183622670492e-01 1.325797396640581383e+03
1.485111277831346888e-01 1.234062051657864231e+03
1.534765856280515817e-01 1.143310909426066701e+03
1.586080631644066208e-01 1.059983517150916668e+03
1.639111112474894438e-01 9.890323313272386940e+02
1.693914663249987407e-01 9.327117716804443717e+02
1.750550566423093313e-01 8.900322247333921268e+02
1.809080086552135869e-01 8.569738859885387683e+02
1.869566536570689830e-01 8.275026391342439638e+02
1.932075346275276828e-01 7.953556038197014004e+02
1.996674133102498971e-01 7.562253175132520937e+02
2.063432775272630582e-01 7.094749162708866379e+02
2.132423487378718452e-01 6.583793812025819534e+02
2.203720898503036263e-01 6.085413776329110078e+02
2.277402132945338109e-01 5.652326141809663795e+02
2.353546893650253491e-01 5.310240756637701907e+02
2.432237548424092122e-01 5.047907300772225767e+02
2.513559219034258718e-01 4.824571519676166531e+02
2.597599873287743666e-01 4.592237882064945893e+02
2.684450420188219666e-01 4.322889901873967347e+02
2.774204808274743361e-01 4.024001792951958123e+02
2.866960127248350254e-01 3.729930661681814854e+02
2.962816712996577673e-01 3.475063553937968095e+02
3.061878256129444420e-01 3.269543553717290933e+02
3.164251914144354805e-01 3.094976406713246320e+02
3.270048427341168962e-01 2.921959175100944321e+02
3.379382238612947953e-01 2.735130722308611553e+02
3.492371617241852855e-01 2.543844602552267133e+02
3.609138786834163448e-01 2.368751061731022105e+02
3.729810057532814693e-01 2.219479846102489660e+02
3.854515962650386651e-01 2.086939256725642053e+02
3.983391399870480631e-01 1.956311787343693709e+02
4.116575777170102257e-01 1.824069744143425567e+02
4.254213163620995108e-01 1.698789738214384784e+02
4.396452445232932327e-01 1.587174948437541957e+02
4.543447486007690661e-01 1.485670628775670821e+02
4.695357294377799362e-01 1.387578706764039396e+02
4.852346195210218704e-01 1.292664667929109044e+02
5.014584007560848322e-01 1.204903800427833147e+02
5.182246228372336949e-01 1.124643982493015528e+02
5.355514222313770833e-01 1.048854595899483400e+02
5.534575417967635413e-01 9.767435922053262232e+01
5.719623510576314906e-01 9.097151701966171800e+01
5.910858671567322808e-01 8.475732444631287876e+01
6.108487765084068544e-01 7.890751455365514744e+01
6.312724571756275216e-01 7.342168647535589798e+01
6.523790019952193653e-01 6.832204095886204698e+01
6.741912424762606104e-01 6.355483852531552458e+01
6.967327734975364839e-01 5.909522534589653020e+01
7.200279788307419881e-01 5.493687225580760014e+01
7.441020575170596008e-01 5.105942255439594391e+01
7.689810511256225389e-01 4.744295090860816799e+01
7.946918719233755368e-01 4.406990943270240990e+01
8.212623319867858873e-01 4.092528232919453046e+01
8.487211732869031078e-01 3.799496897002892126e+01
8.770980987803161932e-01 3.526551237457833565e+01
9.064238045396205701e-01 3.272402748578019782e+01
9.367300129581793700e-01 3.035835572710782060e+01
9.680495070650749767e-01 2.815699849783364073e+01
1.000416165987385808e+00 2.610903761177679527e+01
1.033865001598128330e+00 2.420423068693903801e+01
1.068432196389532240e+00 2.243304089635187282e+01
1.104155142612600837e+00 2.078665345532265718e+01
1.141072482725305592e+00 1.925679871827000866e+01
1.179224151193147607e+00 1.783566767673799092e+01
1.218651417687333982e+00 1.651583992338834506e+01
1.259396931727273516e+00 1.529036256120259374e+01
1.301504768815691548e+00 1.415275990400796680e+01
1.345020478116276896e+00 1.309703783306490088e+01
1.389991131725407447e+00 1.211759278502794146e+01
1.436465375591293947e+00 1.120916410569814303e+01
1.484493482135585296e+00 1.036678912223745641e+01
1.534127404634392455e+00 9.585828073632022495e+00
1.585420833417506836e+00 8.861960025427068288e+00
1.638429253946665609e+00 8.191176785047671771e+00
1.693210006835640158e+00 7.569741458296830316e+00
1.749822349877109051e+00 6.994163445772082710e+00
1.808327522143368116e+00 6.461177210924465619e+00
1.868788810230267217e+00 5.967736852220079768e+00
1.931271616715998229e+00 5.511005019428612428e+00
1.995843530908793184e+00 5.088339527191034328e+00
2.062574401960084458e+00 4.697280556397168461e+00
2.131536414422164238e+00 4.335538754590241517e+00
2.202804166332139602e+00 4.000984280702780005e+00
2.276454749906602792e+00 3.691636019618782516e+00
2.352567834934338631e+00 3.405651563268251358e+00
2.431225754957225149e+00 3.141317741344565651e+00
2.512513596332623944e+00 2.897042249451887486e+00
2.596519290273538783e+00 2.671345631466019110e+00
2.683333707966161441e+00 2.462853441391362974e+00
2.773050758867611432e+00 2.270289319122909877e+00
2.865767492290306695e+00 2.092468407080078752e+00
2.961584202382770314e+00 1.928290946089237234e+00
3.060604536620467719e+00 1.776736519728941532e+00
3.162935607924048931e+00 1.636858622398408736e+00
3.268688110526199786e+00 1.507779351417516400e+00
3.377976439712552459e+00 1.388684748157239746e+00
3.490918815566087297e+00 1.278820438507648705e+00
3.607637410848952619e+00 1.177487498807617605e+00
3.728258483159945236e+00 1.084038478384902637e+00
3.852912511510727001e+00 9.978736770488096930e-01
3.981734337468417539e+00 9.184376241961703657e-01
4.114863311017320058e+00 8.452159966913770361e-01
4.252443441297450555e+00 7.777327725746656650e-01
4.394623552383071896e+00 7.155474652345457098e-01
4.541557444269631816e+00 6.582525552051785578e-01
4.693404059243289517e+00 6.054710985183786587e-01
4.850327653813030437e+00 5.568544333913678646e-01
5.012497976391239618e+00 5.120801462331017184e-01
5.180090450915090017e+00 4.708502217379013643e-01
5.353286366607249214e+00 4.328892924871379777e-01
5.532273074081278885e+00 3.979429513661374429e-01
5.717244188003695271e+00 3.657761484568616273e-01
5.908399796532135539e+00 3.361717023089321188e-01
6.105946677756002750e+00 3.089289868255135074e-01
6.310098523373801171e+00 2.838627655406094630e-01
6.521076169849157722e+00 2.608020363540031750e-01
6.739107837295406966e+00 2.395889636244597498e-01
6.964429376347387013e+00 2.200778959202824570e-01
7.197284523287298619e+00 2.021344573193386007e-01
7.437925163700752407e+00 1.856346947664304636e-01
7.686611604948010879e+00 1.704642725413997861e-01
7.943612857745410594e+00 1.565177219083295213e-01
8.209206927161357470e+00 1.436977641056786381e-01
8.483681113341843272e+00 1.319147188037994023e-01
8.767332322290526392e+00 1.210859240561509148e-01
9.060467387039910392e+00 1.111351973729959725e-01
9.363403399560734641e+00 1.019923389435594546e-01
9.676468053768756405e+00 9.359267709440867444e-02
1.000000000000001243e+01 8.587664466196716362e-02
