2.000000000000000164e-05 1.552793483186382240e+01
2.066869842267550072e-05 1.602727116393971940e+01
2.135975472437544027e-05 1.654266085322883484e+01
2.207391643902171255e-05 1.707462618160095147e+01
2.281195609427394449e-05 1.762369660541636307e+01
2.357467204719313169e-05 1.819042157738982013e+01
2.436288934784564352e-05 1.877537558691251007e+01
2.517746063178175121e-05 1.937913030717557916e+01
2.601926704235410016e-05 2.000230424807001484e+01
2.688921918387384303e-05 2.064551550128081203e+01
2.778825810663545582e-05 2.130940797685002863e+01
2.871735632487579741e-05 2.199464728158720206e+01
2.967751886876853870e-05 2.270192311865377377e+01
3.066978437159193627e-05 2.343193871866086653e+01
3.169522619324599853e-05 2.418542932303699899e+01
3.275495358133433647e-05 2.496314214910641738e+01
3.385011287106671010e-05 2.576586667186153434e+01
3.498188872528021299e-05 2.659439682630408086e+01
3.615150541592045298e-05 2.744956743804389632e+01
3.736022814836899319e-05 2.833223636601675821e+01
3.860936443004954884e-05 2.924328301656939999e+01
3.990026548479344494e-05 3.018362162733841814e+01
4.123432771449419843e-05 3.115419293411781254e+01
4.261299420963254024e-05 3.215597253851038317e+01
4.403775631030562105e-05 3.318995660327122721e+01
4.551015521944909301e-05 3.425718135462820868e+01
4.703178366999723984e-05 3.535871973895871179e+01
4.860428764778435972e-05 3.649566625731032588e+01
5.022936817205134787e-05 3.766916521171932430e+01
5.190878313548323190e-05 3.888039393223085938e+01
5.364434920576834987e-05 4.013055370003810651e+01
5.543794379073590958e-05 4.142090561679571437e+01
5.729150706919781900e-05 4.275273034216171197e+01
5.920704408969155763e-05 4.412736994034966642e+01
6.118662693939432690e-05 4.554620110224868057e+01
6.323239698555469304e-05 4.701062636401633199e+01
6.534656719186627638e-05 4.852212402142755110e+01
6.753142451228926792e-05 5.008220042624064661e+01
6.978933236490913268e-05 5.169242370177622092e+01
7.212273318850868345e-05 5.335438967877374239e+01
7.453415108461877573e-05 5.506975847848284644e+01
7.702619454790587906e-05 5.684026082242457534e+01
7.960155928784993205e-05 5.866765485408844683e+01
8.226303114476471348e-05 6.055376533018128526e+01
8.501348910331518868e-05 6.250047561176931055e+01
8.785590840679157983e-05 6.450973233679681584e+01
9.079336377550881697e-05 6.658353150349844896e+01
9.382903273281309529e-05 6.872395097635259731e+01
9.696619904229312483e-05 7.093313517925686540e+01
1.002082562599141270e-04 7.321327059129761494e+01
1.035587114049174785e-04 7.556663123640579727e+01
1.070211887534562421e-04 7.799556552363873152e+01
1.105994337590709140e-04 8.050250891775264961e+01
1.142973171042456330e-04 8.308993200699390513e+01
1.181188388874281471e-04 8.576042728142962801e+01
1.220681329500424115e-04 8.851665237183881629e+01
1.261494713481742377e-04 9.136133985717698636e+01
1.303672689737678670e-04 9.429731496902418542e+01
1.347260883303314362e-04 9.732750818065356668e+01
1.392306444683180742e-04 1.004549257363274251e+02
1.438858100855209437e-04 1.036826580410354239e+02
1.486966207979997041e-04 1.070139106105513207e+02
1.536682805872396744e-04 1.104519939495048675e+02
1.588061674294368483e-04 1.140003028752319523e+02
1.641158391129971276e-04 1.176623729352692465e+02
1.696030392505434848e-04 1.214417891646430121e+02
1.752737034919339915e-04 1.253423018935936000e+02
1.811339659450114388e-04 1.293677768285652121e+02
1.871901658110307874e-04 1.335221419884009890e+02
1.934488542419408646e-04 1.378095127651643566e+02
1.999168014269393128e-04 1.422341245452673775e+02
2.066010039159656652e-04 1.468002797868972493e+02
2.135086921880547338e-04 1.515125282658575543e+02
2.206473384727377968e-04 1.563754044679599531e+02
2.280246648329511538e-04 1.613937239424843710e+02
2.356486515181963309e-04 1.665723793802146417e+02
2.435275455969876748e-04 1.719163779345082048e+02
2.516698698779247295e-04 1.774310026083529124e+02
2.600844321290405573e-04 1.831215263783165312e+02
2.687803346053976817e-04 1.889935248835492700e+02
2.777669838952388651e-04 1.950526387830347801e+02
2.870541010953427292e-04 2.013047385210360858e+02
2.966517323265922064e-04 2.077558632484555972e+02
3.065702596011295341e-04 2.144122047836849561e+02
3.168204120528543403e-04 2.212800436121735572e+02
3.274132775434116785e-04 2.283660760928506477e+02
3.383603146562264279e-04 2.356769470071045305e+02
3.496733650915567022e-04 2.432196646099580448e+02
3.613646664759745386e-04 2.510013353791471786e+02
3.734468656001317080e-04 2.590292615026063459e+02
3.859330320991275886e-04 2.673109230825969007e+02
3.988366725902805230e-04 2.758542067869006473e+02
4.121717452835938129e-04 2.846668988324066163e+02
4.259526750807212541e-04 2.937572483268330643e+02
4.401943691787655547e-04 3.031336184177360451e+02
4.549122331957894719e-04 3.128045535745616803e+02
4.701221878354804149e-04 3.227788702258272906e+02
4.858406861089974399e-04 3.330656226266815452e+02
5.020847311326308640e-04 3.436740434968545514e+02
5.188718945205230424e-04 3.546135834076973197e+02
5.362203353923492141e-04 3.658940476375674393e+02
5.541488200165187389e-04 3.775252432782058918e+02
5.726767421101455150e-04 3.895173414724168310e+02
5.918241438177454907e-04 4.018808043773544796e+02
6.116117373913557359e-04 4.146261827347788653e+02
6.320609275955268004e-04 4.277643251923467460e+02
6.531938348614238542e-04 4.413063202862500134e+02
6.750333192150836329e-04 4.552635450426111561e+02
6.976030050057104547e-04 4.696473092584239453e+02
7.209273064607610694e-04 4.844695262160061588e+02
7.450314540954613768e-04 4.997420448666269976e+02
7.699415220053250396e-04 5.154771458496371679e+02
7.956844560711916160e-04 5.316870660443212273e+02
8.222881031073025473e-04 5.483844737254662505e+02
8.497812409839368810e-04 5.655820027900248306e+02
8.781936097571961097e-04 5.832927408720504445e+02
9.075559438396131216e-04 6.015298165759301128e+02
9.379000052463793693e-04 6.203065369731125429e+02
9.692586179531593148e-04 6.396363556406881798e+02
1.001665703402655023e-03 6.595329847954092202e+02
1.035156317198330069e-03 6.800100670423840938e+02
1.069766687024985286e-03 7.010815049234882963e+02
1.105534251837205851e-03 7.227616969020118631e+02
1.142497702358069404e-03 7.450642597979818902e+02
1.180697022931930960e-03 7.680037636925183051e+02
1.220173534776542454e-03 7.915945345371627582e+02
1.260969940681316284e-03 8.158506008517310875e+02
1.303130371200056587e-03 8.407863587555108325e+02
1.346700432388157767e-03 8.664164480724415398e+02
1.391727255135877424e-03 8.927549902541504707e+02
1.438259546151070007e-03 9.198161786639004731e+02
1.486347640646530459e-03 9.476141283994825244e+02
1.536043556788919398e-03 9.761631207649717226e+02
1.587401051968200579e-03 1.005476466882226191e+03
1.640475680948428249e-03 1.035567874120491979e+03
1.695324855962815390e-03 1.066450571684249326e+03
1.752007908818060174e-03 1.098137580695667339e+03
1.810586155075142928e-03 1.130641439388485651e+03
1.871122960375984270e-03 1.163973987908159188e+03
1.933683808987751848e-03 1.198146417071854330e+03
1.998336374638913938e-03 1.233170140968375563e+03
2.065150593723721201e-03 1.269055044966934474e+03
2.134198740954243185e-03 1.305810644767325812e+03
2.205555507541849362e-03 1.343445589174250699e+03
2.279298081992675151e-03 1.381967895826384620e+03
2.355506233604463730e-03 1.421384254795842253e+03
2.434262398755145627e-03 1.461700527984167820e+03
2.515651770076436904e-03 1.502921644176594327e+03
2.599762388608985089e-03 1.545050928328285636e+03
2.686685239038679764e-03 1.588090959633919056e+03
2.776514348117217236e-03 1.632043024747134041e+03
2.869346886373309435e-03 1.676906598783577010e+03
2.965283273224645581e-03 1.722679414709589082e+03
3.064427285604211931e-03 1.769358100420350638e+03
3.166886170218578649e-03 1.816937299371031713e+03
3.272770759559481216e-03 1.865409425919159503e+03
3.382195591794276077e-03 1.914765787234816344e+03
3.495279034664920681e-03 1.964994155286511614e+03
3.612143413529477973e-03 2.016080567987347422e+03
3.732915143684721951e-03 2.068008253390074970e+03
3.857724867112893516e-03 2.120758357699993212e+03
3.986707593800617976e-03 2.174307338582249486e+03
4.120002847782761740e-03 2.228630334795704584e+03
4.257754818069308354e-03 2.283698167538409962e+03
4.400112514618404608e-03 2.339477834772863844e+03
4.547229929524409554e-03 2.395935206886896594e+03
4.699266203595197679e-03 2.453029676826053674e+03
4.856385798499019031e-03 2.510719419587862376e+03
5.018758674667020935e-03 2.568958183812177140e+03
5.186560475143959549e-03 2.627696645714196620e+03
5.359972715585955248e-03 2.686880360666786146e+03
5.539182980610755057e-03 2.746451706789172476e+03
5.724385126713026593e-03 2.806347632499970587e+03
5.915779491964028892e-03 2.866500332478977725e+03
6.113573112722652143e-03 2.926836676724977224e+03
6.317979947592099882e-03 2.987275850551056465e+03
6.529221108864616957e-03 3.047735554704688639e+03
6.747525101704480652e-03 3.108124030773892173e+03
6.973128071328140755e-03 3.168346152952203738e+03
7.206274058448705437e-03 3.228302089689907007e+03
7.447215263261310406e-03 3.287885947709687571e+03
7.696212318254701257e-03 3.346987767498406356e+03
7.953534570144332738e-03 3.405488014660835233e+03
8.219460371231864307e-03 3.463263624025285935e+03
8.494277380506187053e-03 3.520180991505020756e+03
8.778282874811823774e-03 3.576101989247688380e+03
9.071784070421121463e-03 3.630880615328343083e+03
9.375098455358292851e-03 3.684366138781146674e+03
9.688554132834568261e-03 3.736401139005005007e+03
1.001249017616620725e-02 3.786826168366452293e+03
1.034725699555901803e-02 3.835469266061524195e+03
1.069321671715643858e-02 3.882154085332332215e+03
1.105074357476093505e-02 3.926696944547076328e+03
1.142022431465263173e-02 3.968908929054387045e+03
1.180205861394306721e-02 4.008596950584238584e+03
1.219665951291643881e-02 4.045566052214934189e+03
1.260445386182631328e-02 4.079614408893624841e+03
1.302588278263077520e-02 4.110536976048083488e+03
1.346140214616583890e-02 4.138123580515927642e+03
1.391148306527291781e-02 4.162166101379352767e+03
1.437661240441416924e-02 4.182457605663867071e+03
1.485729330632660182e-02 4.198790789935843350e+03
1.535404573628500365e-02 4.210961792621084896e+03
1.586740704456205894e-02 4.218769039317970964e+03
1.639793254769450481e-02 4.222020905182755996e+03
1.694619612918364313e-02 4.220538334685611517e+03
1.751279086028037155e-02 4.214149585588116679e+03
1.809832964152614798e-02 4.202697644989051696e+03
1.870344586574363213e-02 4.186048639042936884e+03
1.932879410319460894e-02 4.164086538671632297e+03
1.997505080964588620e-02 4.136721736520936247e+03
2.064291505810955316e-02 4.103892260230667489e+03
2.133310929504865505e-02 4.065574430971679703e+03
2.204638012186681956e-02 4.021773837801335048e+03
2.278349910252664909e-02 3.972543606330513285e+03
2.354526359817107548e-02 3.917977502547676977e+03
2.433249762964985810e-02 3.858220609103092102e+03
2.514605276888498206e-02 3.793466422298478392e+03
2.598680906003840441e-02 3.723964518288135878e+03
2.685567597147924673e-02 3.650019366435551547e+03
2.775359337957988490e-02 3.571994081141374409e+03
2.868153258540498754e-02 3.490307136930568049e+03
2.964049736539381419e-02 3.405432835551324843e+03
3.063152505717161092e-02 3.317896830937544109e+03
3.165568768166540647e-02 3.228274775579969173e+03
3.271409310273729054e-02 3.137184072970540910e+03
3.380788622559029871e-02 3.045276255168827447e+03
3.493825023524253087e-02 2.953225819952243455e+03
3.610640787640997940e-02 2.861724711018966445e+03
3.731362277618164441e-02 2.771460874709465770e+03
3.856120081091872487e-02 2.683110412392320086e+03
3.985049151885547425e-02 2.597318332463615661e+03
4.118288955993056055e-02 2.514682961441344560e+03
4.255983622442782027e-02 2.435738786867701492e+03
4.398282099205792772e-02 2.360935042951296509e+03
4.545338314316834522e-02 2.290623113012492468e+03
4.697311342382341770e-02 2.225033840924990727e+03
4.854365576655684383e-02 2.164260107238218097e+03
5.016670906865677154e-02 2.108244801307966554e+03
5.184402902990837420e-02 2.056760689459359583e+03
5.357743005178047802e-02 2.009404360987810833e+03
5.536878720011212396e-02 1.965587115774145786e+03
5.722003823342062395e-02 1.924538844460303153e+03
5.913318569902666078e-02 1.885315633809945666e+03
6.111029909926251474e-02 1.846827997078691624e+03
6.315351713010779189e-02 1.807879084206561856e+03
6.526504999467336310e-02 1.767225096649971874e+03
6.744718179403717817e-02 1.723652571062826610e+03
6.970227299801623477e-02 1.676076876221997964e+03
7.203276299854979858e-02 1.623648548532763243e+03
7.444117274845411802e-02 1.565861215504680331e+03
7.693010748840443946e-02 1.502649684840715281e+03
7.950225956509210379e-02 1.434457125118301519e+03
8.216041134360790865e-02 1.362256496665689156e+03
8.490743821719984319e-02 1.287515369426185998e+03
8.774631171766281157e-02 1.212095877825306388e+03
9.068010272972255870e-02 1.138096504511064950e+03
9.371198481289348681e-02 1.067652336098907654e+03
9.684523763440215649e-02 1.002716629537892914e+03
1.000832505168899600e-01 9.448509921334790533e+02
1.034295261047340625e-01 8.950450926955867317e+02
1.068876841529496080e-01 8.535871744949470212e+02
1.104614654427753945e-01 8.199871932460379185e+02
1.141547358281756464e-01 7.929660545873451838e+02
1.179714904176376727e-01 7.705280859224797041e+02
1.219158578957853512e-01 7.501428457728513877e+02
1.259921049894874856e-01 7.290630306529382096e+02
1.302046410832891354e-01 7.047740113353437437e+02
1.345580229891604751e-01 6.755114223813324088e+02
1.390569598757198100e-01 6.407163606688259279e+02
1.437063183622670492e-01 6.012585105214112673e+02
1.485111277831346888e-01 5.593029525306807273e+02
1.534765856280515817e-01 5.178037979656736525e+02
1.586080631644066208e-01 4.797654695578680730e+02
1.639111112474894438e-01 4.474876673000858887e+02
1.693914663249987407e-01 4.220072081148150573e+02
1.750550566423093313e-01 4.028491600544623452e+02
1.809080086552135869e-01 3.881306952757653903e+02
1.869566536570689830e-01 3.750344807646722529e+02
1.932075346275276828e-01 3.606405294540766135e+02
1.996674133102498971e-01 3.429468515619032019e+02
2.063432775272630582e-01 3.216687723129582537e+02
2.132423487378718452e-01 2.983476969237291314e+02
2.203720898503036263e-01 2.756049267718473743e+02
2.277402132945338109e-01 2.558967350661078228e+02
2.353546893650253491e-01 2.404127844372155209e+02
2.432237548424092122e-01 2.286195701446225996e+02
2.513559219034258718e-01 2.186122964400852311e+02
2.597599873287743666e-01 2.081540947416838776e+02
2.684450420188219666e-01 1.959447620889766029e+02
2.774204808274743361e-01 1.823417403845395199e+02
2.866960127248350254e-01 1.689530480480425751e+02
2.962816712996577673e-01 1.573810029675178725e+02
3.061878256129444420e-01 1.480929820151741865e+02
3.164251914144354805e-01 1.402273856332369917e+02
3.270048427341168962e-01 1.324137370458083183e+02
3.379382238612947953e-01 1.239401390305777966e+02
3.492371617241852855e-01 1.152476688085321683e+02
3.609138786834163448e-01 1.073004889588499111e+02
3.729810057532814693e-01 1.005451420735503802e+02
3.854515962650386651e-01 9.455575157587215074e+01
3.983391399870480631e-01 8.864236304805028510e+01
4.116575777170102257e-01 8.264335580180089380e+01
4.254213163620995108e-01 7.696041483221347335e+01
4.396452445232932327e-01 7.190549874616617387e+01
4.543447486007690661e-01 6.731197914059900711e+01
4.695357294377799362e-01 6.286832917366021434e+01
4.852346195210218704e-01 5.856509295830245065e+01
5.014584007560848322e-01 5.458821636328953986e+01
5.182246228372336949e-01 5.095371014871255966e+01
5.355514222313770833e-01 4.752048011198689892e+01
5.534575417967635413e-01 4.425245650252436036e+01
5.719623510576314906e-01 4.121552295620787731e+01
5.910858671567322808e-01 3.840066123783149266e+01
6.108487765084068544e-01 3.575026997324476241e+01
6.312724571756275216e-01 3.326461582237499925e+01
6.523790019952193653e-01 3.095430183467597374e+01
6.741912424762606104e-01 2.879450444346886329e+01
6.967327734975364839e-01 2.677394818289086942e+01
7.200279788307419881e-01 2.488993972820227896e+01
7.441020575170596008e-01 2.313323114310673745e+01
7.689810511256225389e-01 2.149476241927808218e+01
7.946918719233755368e-01 1.996656867448239936e+01
8.212623319867858873e-01 1.854185282053746775e+01
8.487211732869031078e-01 1.721423270641033554e+01
8.770980987803161932e-01 1.597761463014399652e+01
9.064238045396205701e-01 1.482616014199062171e+01
9.367300129581793700e-01 1.375435976024811424e+01
9.680495070650749767e-01 1.275700349244934273e+01
1.000416165987385808e+00 1.182914494721218190e+01
1.033865001598128330e+00 1.096614393532916765e+01
1.068432196389532240e+00 1.016367983706154021e+01
1.104155142612600837e+00 9.417759044895012366e+00
1.141072482725305592e+00 8.724634913309225581e+00
1.179224151193147607e+00 8.080769442875620712e+00
1.218651417687333982e+00 7.482800578913889389e+00
1.259396931727273516e+00 6.927578103512706420e+00
1.301504768815691548e+00 6.412168172058165361e+00
1.345020478116276896e+00 5.933855487333789647e+00
1.389991131725407447e+00 5.490101654992521674e+00
1.436465375591293947e+00 5.078523395923585149e+00
1.484493482135585296e+00 4.696871939741398272e+00
1.534127404634392455e+00 4.343044812513624287e+00
1.585420833417506836e+00 4.015084165607113675e+00
1.638429253946665609e+00 3.711174185150947658e+00
1.693210006835640158e+00 3.429622005034777654e+00
1.749822349877109051e+00 3.168846273408118641e+00
1.808327522143368116e+00 2.927367470588633225e+00
1.868788810230267217e+00 2.703805562023581466e+00
1.931271616715998229e+00 2.496875021954059637e+00
1.995843530908793184e+00 2.305378801861254434e+00
2.062574401960084458e+00 2.128202482007101271e+00
2.131536414422164238e+00 1.964308849059599682e+00
2.202804166332139602e+00 1.812732877641914708e+00
2.276454749906602792e+00 1.672576917888507708e+00
2.352567834934338631e+00 1.543006203050086622e+00
2.431225754957225149e+00 1.423244637093659559e+00
2.512513596332623944e+00 1.312570902480300505e+00
2.596519290273538783e+00 1.210314765698591977e+00
2.683333707966161441e+00 1.115853452055744377e+00
2.773050758867611432e+00 1.028608598682056341e+00
2.865767492290306695e+00 9.480433343698394522e-01
2.961584202382770314e+00 8.736594439497412656e-01
3.060604536620467719e+00 8.049946873767123146e-01
3.162935607924048931e+00 7.416202815145174210e-01
3.268688110526199786e+00 6.831384435589232806e-01
3.377976439712552459e+00 6.291803341646325931e-01
3.490918815566087297e+00 5.794041292550535793e-01
3.607637410848952619e+00 5.334931712375006185e-01
3.728258483159945236e+00 4.911541423807850859e-01
3.852912511510727001e+00 4.521153542521789137e-01
3.981734337468417539e+00 4.161251532279403587e-01
4.114863311017320058e+00 3.829505247730333739e-01
4.252443441297450555e+00 3.523758037387260678e-01
4.394623552383071896e+00 3.242014127385989819e-01
4.541557444269631816e+00 2.982427048574117778e-01
4.693404059243289517e+00 2.743288899790322644e-01
4.850327653813030437e+00 2.523020044597463762e-01
5.012497976391239618e+00 2.320159841042227500e-01
5.180090450915090017e+00 2.133358154188411959e-01
5.353286366607249214e+00 1.961367368820972346e-01
5.532273074081278885e+00 1.803034775191078576e-01
5.717244188003695271e+00 1.657295382658916516e-01
5.908399796532135539e+00 1.523165207171870428e-01
6.105946677756002750e+00 1.399735308360035291e-01
6.310098523373801171e+00 1.286166462829805845e-01
6.521076169849157722e+00 1.181683925718579470e-01
6.739107837295406966e+00 1.085572595016081471e-01
6.964429376347387013e+00 9.971725686387256093e-02
7.197284523287298619e+00 9.158750244352512060e-02
7.437925163700752407e+00 8.411183579733264026e-02
7.686611604948010879e+00 7.723845397742708230e-02
7.943612857745410594e+00 7.091957202701285046e-02
8.209206927161357470e+00 6.511111625645328582e-02
8.483681113341843272e+00 5.977245546319774616e-02
8.767332322290526392e+00 5.486613799322487967e-02
9.060467387039910392e+00 5.035764758313903550e-02
9.363403399560734641e+00 4.621517855066740316e-02
9.676468053768756405e+00 4.240943036867245164e-02
1.000000000000001243e+01 3.891341593707611096e-02
