2.000000000000000164e-05 9.039061040991795082e+00
2.066869842267550072e-05 9.329732001489782434e+00
2.135975472437544027e-05 9.629750245384842700e+00
2.207391643902171255e-05 9.939416249879323928e+00
2.281195609427394449e-05 1.025904011954039952e+01
2.357467204719313169e-05 1.058893913294841482e+01
2.436288934784564352e-05 1.092944917987575693e+01
2.517746063178175121e-05 1.128090885022697343e+01
2.601926704235410016e-05 1.164366603595399496e+01
2.688921918387384303e-05 1.201809366950796054e+01
2.778825810663545582e-05 1.240455484552592935e+01
2.871735632487579741e-05 1.280344819738309781e+01
2.967751886876853870e-05 1.321516132181292491e+01
3.066978437159193627e-05 1.364011714967412381e+01
3.169522619324599853e-05 1.407873687310923572e+01
3.275495358133433647e-05 1.453145927903718970e+01
3.385011287106671010e-05 1.499874011674883967e+01
3.498188872528021299e-05 1.548104449452819331e+01
3.615150541592045298e-05 1.597885283853217331e+01
3.736022814836899319e-05 1.649266969057293863e+01
3.860936443004954884e-05 1.702300968375021029e+01
3.990026548479344494e-05 1.757039935893303451e+01
4.123432771449419843e-05 1.813538676806123817e+01
4.261299420963254024e-05 1.871854101257719805e+01
4.403775631030562105e-05 1.932044198423445636e+01
4.551015521944909301e-05 1.994169520746231683e+01
4.703178366999723984e-05 2.058292661067513762e+01
4.860428764778435972e-05 2.124476505498313728e+01
5.022936817205134787e-05 2.192788815152435333e+01
5.190878313548323190e-05 2.263296405816268830e+01
5.364434920576834987e-05 2.336071116191197916e+01
5.543794379073590958e-05 2.411185995324900944e+01
5.729150706919781900e-05 2.488713938919679336e+01
5.920704408969155763e-05 2.568735297868538225e+01
6.118662693939432690e-05 2.651328382218574831e+01
6.323239698555469304e-05 2.736576390799978498e+01
6.534656719186627638e-05 2.824564502769485941e+01
6.753142451228926792e-05 2.915380446678540238e+01
6.978933236490913268e-05 3.009115741481530648e+01
7.212273318850868345e-05 3.105863159881713287e+01
7.453415108461877573e-05 3.205719852178732054e+01
7.702619454790587906e-05 3.308785566115061982e+01
7.960155928784993205e-05 3.415163138970477519e+01
8.226303114476471348e-05 3.524959632722917036e+01
8.501348910331518868e-05 3.638283058807589754e+01
8.785590840679157983e-05 3.755248907672479675e+01
9.079336377550881697e-05 3.875971235993694819e+01
9.382903273281309529e-05 4.000573228321275820e+01
9.696619904229312483e-05 4.129177029690634981e+01
1.002082562599141270e-04 4.261911391784747849e+01
1.035587114049174785e-04 4.398909940493436466e+01
1.070211887534562421e-04 4.540308289219982640e+01
1.105994337590709140e-04 4.686246871624086197e+01
1.142973171042456330e-04 4.836872829998277012e+01
1.181188388874281471e-04 4.992334093469329304e+01
1.220681329500424115e-04 5.152786961276438404e+01
1.261494713481742377e-04 5.318389165435002752e+01
1.303672689737678670e-04 5.489308610504695451e+01
1.347260883303314362e-04 5.665711840306501301e+01
1.392306444683180742e-04 5.847776578922526625e+01
1.438858100855209437e-04 6.035681247275142169e+01
1.486966207979997041e-04 6.229613633611818102e+01
1.536682805872396744e-04 6.429767414698225991e+01
1.588061674294368483e-04 6.636339333983109157e+01
1.641158391129971276e-04 6.849532946601594574e+01
1.696030392505434848e-04 7.069562288981300924e+01
1.752737034919339915e-04 7.296641148041416614e+01
1.811339659450114388e-04 7.530997177522907293e+01
1.871901658110307874e-04 7.772860330314898647e+01
1.934488542419408646e-04 8.022466909275171076e+01
1.999168014269393128e-04 8.280066627723304862e+01
2.066010039159656652e-04 8.545911487428297448e+01
2.135086921880547338e-04 8.820261014343373063e+01
2.206473384727377968e-04 9.103385348772424379e+01
2.280246648329511538e-04 9.395563441091150025e+01
2.356486515181963309e-04 9.697076601998628576e+01
2.435275455969876748e-04 1.000822480767494937e+02
2.516698698779247295e-04 1.032930846677812156e+02
2.600844321290405573e-04 1.066064149416143607e+02
2.687803346053976817e-04 1.100254273483468239e+02
2.777669838952388651e-04 1.135534672542640919e+02
2.870541010953427292e-04 1.171939376475472443e+02
2.966517323265922064e-04 1.209503521696152717e+02
3.065702596011295341e-04 1.248263302708642328e+02
3.168204120528543403e-04 1.288255726610292982e+02
3.274132775434116785e-04 1.329519407096986754e+02
3.383603146562264279e-04 1.372093432376995281e+02
3.496733650915567022e-04 1.416018384242801744e+02
3.613646664759745386e-04 1.461336037071324938e+02
3.734468656001317080e-04 1.508089071830219723e+02
3.859330320991275886e-04 1.556321426995641559e+02
3.988366725902805230e-04 1.606078387985971290e+02
4.121717452835938129e-04 1.657406373027758377e+02
4.259526750807212541e-04 1.710352990170362659e+02
4.401943691787655547e-04 1.764967490087016699e+02
4.549122331957894719e-04 1.821299924451364518e+02
4.701221878354804149e-04 1.879401004372710986e+02
4.858406861089974399e-04 1.939324944126348385e+02
5.020847311326308640e-04 2.001125085897320162e+02
5.188718945205230424e-04 2.064856754816869682e+02
5.362203353923492141e-04 2.130577075291064659e+02
5.541488200165187389e-04 2.198343942999907199e+02
5.726767421101455150e-04 2.268217211076488411e+02
5.918241438177454907e-04 2.340257338875377116e+02
6.116117373913557359e-04 2.414526420618564941e+02
6.320609275955268004e-04 2.491088498336234522e+02
6.531938348614238542e-04 2.570007734392548855e+02
6.750333192150836329e-04 2.651350571809999792e+02
6.976030050057104547e-04 2.735184647228086874e+02
7.209273064607610694e-04 2.821578742954213226e+02
7.450314540954613768e-04 2.910601467633094899e+02
7.699415220053250396e-04 3.002326217283017513e+02
7.956844560711916160e-04 3.096822926467851289e+02
8.222881031073025473e-04 3.194167358969903034e+02
8.497812409839368810e-04 3.294433481681809326e+02
8.781936097571961097e-04 3.397696934123454753e+02
9.075559438396131216e-04 3.504033523103271932e+02
9.379000052463793693e-04 3.613521840280677679e+02
9.692586179531593148e-04 3.726241725847776252e+02
1.001665703402655023e-03 3.842270160012726592e+02
1.035156317198330069e-03 3.961690329956273331e+02
1.069766687024985286e-03 4.084580705330828323e+02
1.105534251837205851e-03 4.211024137448164879e+02
1.142497702358069404e-03 4.341102315196741301e+02
1.180697022931930960e-03 4.474897979810509128e+02
1.220173534776542454e-03 4.612494702965024089e+02
1.260969940681316284e-03 4.753973936670373064e+02
1.303130371200056587e-03 4.899421405590211975e+02
1.346700432388157767e-03 5.048918162262639839e+02
1.391727255135877424e-03 5.202548198754774376e+02
1.438259546151070007e-03 5.360393286919315869e+02
1.486347640646530459e-03 5.522535736899459380e+02
1.536043556788919398e-03 5.689056588646582213e+02
1.587401051968200579e-03 5.860035410323957876e+02
1.640475680948428249e-03 6.035551951950369585e+02
1.695324855962815390e-03 6.215681148061016756e+02
1.752007908818060174e-03 6.400500502395839248e+02
1.810586155075142928e-03 6.590080106281081953e+02
1.871122960375984270e-03 6.784492969115552796e+02
1.933683808987751848e-03 6.983802680815726944e+02
1.998336374638913938e-03 7.188074431344201685e+02
2.065150593723721201e-03 7.397368542437246788e+02
2.134198740954243185e-03 7.611737534581973250e+02
2.205555507541849362e-03 7.831234124084161294e+02
2.279298081992675151e-03 8.055903343258784162e+02
2.355506233604463730e-03 8.285784116285778964e+02
2.434262398755145627e-03 8.520911427839959060e+02
2.515651770076436904e-03 8.761310065194145409e+02
2.599762388608985089e-03 9.007002866661534881e+02
2.686685239038679764e-03 9.258003452074908637e+02
2.776514348117217236e-03 9.514318054741088417e+02
2.869346886373309435e-03 9.775941782647005311e+02
2.965283273224645581e-03 1.004286512310929879e+03
3.064427285604211931e-03 1.031506971288134764e+03
3.166886170218578649e-03 1.059251770211503526e+03
3.272770759559481216e-03 1.087517176741669346e+03
3.382195591794276077e-03 1.116297371567601886e+03
3.495279034664920681e-03 1.145585778997628495e+03
3.612143413529477973e-03 1.175374199933731916e+03
3.732915143684721951e-03 1.205652171060231240e+03
3.857724867112893516e-03 1.236408881373417898e+03
3.986707593800617976e-03 1.267630887768634921e+03
4.120002847782761740e-03 1.299302961984126341e+03
4.257754818069308354e-03 1.331407975535394144e+03
4.400112514618404608e-03 1.363927306806250726e+03
4.547229929524409554e-03 1.396840069963933274e+03
4.699266203595197679e-03 1.430123074950333148e+03
4.856385798499019031e-03 1.463751563611134770e+03
5.018758674667020935e-03 1.497698202843226227e+03
5.186560475143959549e-03 1.531934232028892666e+03
5.359972715585955248e-03 1.566427018075946307e+03
5.539182980610755057e-03 1.601144262527082446e+03
5.724385126713026593e-03 1.636047971323142292e+03
5.915779491964028892e-03 1.671098540169092985e+03
6.113573112722652143e-03 1.706252945052154018e+03
6.317979947592099882e-03 1.741464801865979780e+03
6.529221108864616957e-03 1.776684206728303479e+03
6.747525101704480652e-03 1.811858112884712909e+03
6.973128071328140755e-03 1.846931230546371353e+03
7.206274058448705437e-03 1.881843822269484008e+03
7.447215263261310406e-03 1.916535018213709009e+03
7.696212318254701257e-03 1.950939169083210118e+03
7.953534570144332738e-03 1.984987256586304511e+03
8.219460371231864307e-03 2.018606363700877182e+03
8.494277380506187053e-03 2.051718270046610996e+03
8.778282874811823774e-03 2.084242319424249672e+03
9.071784070421121463e-03 2.116092297489095472e+03
9.375098455358292851e-03 2.147180100472253798e+03
9.688554132834568261e-03 2.177413792745638602e+03
1.001249017616620725e-02 2.206698689153125088e+03
1.034725699555901803e-02 2.234935486896700240e+03
1.069321671715643858e-02 2.262020037333360051e+03
1.105074357476093505e-02 2.287843486151392426e+03
1.142022431465263173e-02 2.312297395202391726e+03
1.180205861394306721e-02 2.335267562283725510e+03
1.219665951291643881e-02 2.356638773671134004e+03
1.260445386182631328e-02 2.376294374645467087e+03
1.302588278263077520e-02 2.394113168664477598e+03
1.346140214616583890e-02 2.409972369216219704e+03
1.391148306527291781e-02 2.423751209983228364e+03
1.437661240441416924e-02 2.435327073955247215e+03
1.485729330632660182e-02 2.444580026360792999e+03
1.535404573628500365e-02 2.451389838935997886e+03
1.586740704456205894e-02 2.455640531525982624e+03
1.639793254769450481e-02 2.457219986863746271e+03
1.694619612918364313e-02 2.456023308588379678e+03
1.751279086028037155e-02 2.451950821470154551e+03
1.809832964152614798e-02 2.444912770157331124e+03
1.870344586574363213e-02 2.434830927103103932e+03
1.932879410319460894e-02 2.421638746172210176e+03
1.997505080964588620e-02 2.405285872130368261e+03
2.064291505810955316e-02 2.385739121105037157e+03
2.133310929504865505e-02 2.362983981911734190e+03
2.204638012186681956e-02 2.337028200128638673e+03
2.278349910252664909e-02 2.307904817067510976e+03
2.354526359817107548e-02 2.275672101110314088e+03
2.433249762964985810e-02 2.240417230377843225e+03
2.514605276888498206e-02 2.202257367845053068e+03
2.598680906003840441e-02 2.161342526639554308e+03
2.685567597147924673e-02 2.117854265776587454e+03
2.775359337957988490e-02 2.072008326076477715e+03
2.868153258540498754e-02 2.024054503812533994e+03
2.964049736539381419e-02 1.974272661564504006e+03
3.063152505717161092e-02 1.922976554042575799e+03
3.165568768166540647e-02 1.870504595373569600e+03
3.271409310273729054e-02 1.817222465193379776e+03
3.380788622559029871e-02 1.763513748720168451e+03
3.493825023524253087e-02 1.709776289528310599e+03
3.610640787640997940e-02 1.656415500222202809e+03
3.731362277618164441e-02 1.603836305215825632e+03
3.856120081091872487e-02 1.552434461303352691e+03
3.985049151885547425e-02 1.502586736371105644e+03
4.118288955993056055e-02 1.454642529518512447e+03
4.255983622442782027e-02 1.408911856732625438e+03
4.398282099205792772e-02 1.365655413465759466e+03
4.545338314316834522e-02 1.325074301512595639e+03
4.697311342382341770e-02 1.287298952529038388e+03
4.854365576655684383e-02 1.252378268651855706e+03
5.016670906865677154e-02 1.220271537799219232e+03
5.184402902990837420e-02 1.190838670261698098e+03
5.357743005178047802e-02 1.163834322378985235e+03
5.536878720011212396e-02 1.138903788978941748e+03
5.722003823342062395e-02 1.115585270782112275e+03
5.913318569902666078e-02 1.093314178037426245e+03
6.111029909926251474e-02 1.071439707384377698e+03
6.315351713010779189e-02 1.049247797391243694e+03
6.526504999467336310e-02 1.025997670824659281e+03
6.744718179403717817e-02 1.000967900744407643e+03
6.970227299801623477e-02 9.735147020697747848e+02
7.203276299854979858e-02 9.431359480208033119e+02
7.444117274845411802e-02 9.095359665488008432e+02
7.693010748840443946e-02 8.726828145193838964e+02
7.950225956509210379e-02 8.328486866507012110e+02
8.216041134360790865e-02 7.906216094030212389e+02
8.490743821719984319e-02 7.468830301447181910e+02
8.774631171766281157e-02 7.027473466700395193e+02
9.068010272972255870e-02 6.594669693427279071e+02
9.371198481289348681e-02 6.183117874317438236e+02
9.684523763440215649e-02 5.804399477943362626e+02
1.000832505168899600e-01 5.467738412173277993e+02
1.034295261047340625e-01 5.178933802087642562e+02
1.068876841529496080e-01 4.939615671509592971e+02
1.104614654427753945e-01 4.746790964727313167e+02
1.141547358281756464e-01 4.592791442541951596e+02
1.179714904176376727e-01 4.465700948337642444e+02
1.219158578957853512e-01 4.350433688878691783e+02
1.259921049894874856e-01 4.230624522595396115e+02
1.302046410832891354e-01 4.091310795703665235e+02
1.345580229891604751e-01 3.922028472210706127e+02
1.390569598757198100e-01 3.719522804630533983e+02
1.437063183622670492e-01 3.489074955315316515e+02
1.485111277831346888e-01 3.243677108359782437e+02
1.534765856280515817e-01 3.000983942153679891e+02
1.586080631644066208e-01 2.778887421385496168e+02
1.639111112474894438e-01 2.591027422853220514e+02
1.693914663249987407e-01 2.443497699414464250e+02
1.750550566423093313e-01 2.333402453706671054e+02
1.809080086552135869e-01 2.249488052713673483e+02
1.869566536570689830e-01 2.174964118790302905e+02
1.932075346275276828e-01 2.092451722881583009e+02
1.996674133102498971e-01 1.990063456447075225e+02
2.063432775272630582e-01 1.866170902539128917e+02
2.132423487378718452e-01 1.730026189312160625e+02
2.203720898503036263e-01 1.597279516564104256e+02
2.277402132945338109e-01 1.482543964583102536e+02
2.353546893650253491e-01 1.392854147263970503e+02
2.432237548424092122e-01 1.324986157219871075e+02
2.513559219034258718e-01 1.267578100493386586e+02
2.597599873287743666e-01 1.207318805804094524e+02
2.684450420188219666e-01 1.136500957444534379e+02
2.774204808274743361e-01 1.057299708998260996e+02
2.866960127248350254e-01 9.793194231523560234e+01
2.962816712996577673e-01 9.120921570831754366e+01
3.061878256129444420e-01 8.583717982477242003e+01
3.164251914144354805e-01 8.130081967705484658e+01
3.270048427341168962e-01 7.678456254044614582e+01
3.379382238612947953e-01 7.186698996655654526e+01
3.492371617241852855e-01 6.681323450081113435e+01
3.609138786834163448e-01 6.219789748430291354e+01
3.729810057532814693e-01 5.828558771761932178e+01
3.854515962650386651e-01 5.482171096774639807e+01
3.983391399870480631e-01 5.139605379710360467e+01
4.116575777170102257e-01 4.791390978666507294e+01
4.254213163620995108e-01 4.461536358552866943e+01
4.396452445232932327e-01 4.168579721485900791e+01
4.543447486007690661e-01 3.902556301158792706e+01
4.695357294377799362e-01 3.644960933678135717e+01
4.852346195210218704e-01 3.395312239015092359e+01
5.014584007560848322e-01 3.164709166740174595e+01
5.182246228372336949e-01 2.954091621072257112e+01
5.355514222313770833e-01 2.755076639307052133e+01
5.534575417967635413e-01 2.565557907854171305e+01
5.719623510576314906e-01 2.389483152216518747e+01
5.910858671567322808e-01 2.226320010105218117e+01
6.108487765084068544e-01 2.072658201678910928e+01
6.312724571756275216e-01 1.928537978184204960e+01
6.523790019952193653e-01 1.794604014390293401e+01
6.741912424762606104e-01 1.669389469182655716e+01
6.967327734975364839e-01 1.552243537610474533e+01
7.200279788307419881e-01 1.443016573966617067e+01
7.441020575170596008e-01 1.341171211313615785e+01
7.689810511256225389e-01 1.246180773094561189e+01
7.946918719233755368e-01 1.157582886187484661e+01
8.212623319867858873e-01 1.074983817302032918e+01
8.487211732869031078e-01 9.980138897840523882e+00
8.770980987803161932e-01 9.263199706478188133e+00
9.064238045396205701e-01 8.595635025143568697e+00
9.367300129581793700e-01 7.974249967994680333e+00
9.680495070650749767e-01 7.396023718350296150e+00
1.000416165987385808e+00 6.858088883910620659e+00
1.033865001598128330e+00 6.357755591278499097e+00
1.068432196389532240e+00 5.892519102061816838e+00
1.104155142612600837e+00 5.460064075079923640e+00
1.141072482725305592e+00 5.058218330440756638e+00
1.179224151193147607e+00 4.684930693576402128e+00
1.218651417687333982e+00 4.338252077550875718e+00
1.259396931727273516e+00 4.016356197173930553e+00
1.301504768815691548e+00 3.717542111403450811e+00
1.345020478116276896e+00 3.440235362300272381e+00
1.389991131725407447e+00 3.182964079215552022e+00
1.436465375591293947e+00 2.944346482433396694e+00
1.484493482135585296e+00 2.723079117200936761e+00
1.534127404634392455e+00 2.517943338947430831e+00
1.585420833417506836e+00 2.327804207264486003e+00
1.638429253946665609e+00 2.151608840006014045e+00
1.693210006835640158e+00 1.988375612673089821e+00
1.749822349877109051e+00 1.837187627768712028e+00
1.808327522143368116e+00 1.697187180548991314e+00
1.868788810230267217e+00 1.567574262951772823e+00
1.931271616715998229e+00 1.447603624618851503e+00
1.995843530908793184e+00 1.336581236180297338e+00
2.062574401960084458e+00 1.233860961552433855e+00
2.131536414422164238e+00 1.138841443963419131e+00
2.202804166332139602e+00 1.050963224029290100e+00
2.276454749906602792e+00 9.697059108238722525e-01
2.352567834934338631e+00 8.945855549193933998e-01
2.431225754957225149e+00 8.251521768499735510e-01
2.512513596332623944e+00 7.609875481953460863e-01
2.596519290273538783e+00 7.017030732393628734e-01
2.683333707966161441e+00 6.469377155436853988e-01
2.773050758867611432e+00 5.963561970911931409e-01
2.865767492290306695e+00 5.496472825700287057e-01
2.961584202382770314e+00 5.065221176906344880e-01
3.060604536620467719e+00 4.667126955968707858e-01
3.162935607924048931e+00 4.299704121021266645e-01
3.268688110526199786e+00 3.960646480766769617e-01
3.377976439712552459e+00 3.647815695541080649e-01
3.490918815566087297e+00 3.359230038948621266e-01
3.607637410848952619e+00 3.093053692275178901e-01
3.728258483159945236e+00 2.847586147135786616e-01
3.852912511510727001e+00 2.621252280200705997e-01
3.981734337468417539e+00 2.412593105302555663e-01
4.114863311017320058e+00 2.220257688248685746e-01
4.252443441297450555e+00 2.042995672706972854e-01
4.394623552383071896e+00 1.879649910205855590e-01
4.541557444269631816e+00 1.729149787171210262e-01
4.693404059243289517e+00 1.590505062366465716e-01
4.850327653813030437e+00 1.462799989426929459e-01
5.012497976391239618e+00 1.345187883358646141e-01
5.180090450915090017e+00 1.236886083456184560e-01
5.353286366607249214e+00 1.137171244896997002e-01
5.532273074081278885e+00 1.045374966978784015e-01
5.717244188003695271e+00 9.608797311579862777e-02
5.908399796532135539e+00 8.831150460410444603e-02
6.105946677756002750e+00 8.115539736731788856e-02
6.310098523373801171e+00 7.457099887381522796e-02
6.521076169849157722e+00 6.851339391472051343e-02
6.739107837295406966e+00 6.294112442796301332e-02
6.964429376347387013e+00 5.781593222565305917e-02
7.197284523287298619e+00 5.310251944780965822e-02
7.437925163700752407e+00 4.876832477201599458e-02
7.686611604948010879e+00 4.478331351961682000e-02
7.943612857745410594e+00 4.111978161719771069e-02
8.209206927161357470e+00 3.775217776568954436e-02
8.483681113341843272e+00 3.465694622851502038e-02
8.767332322290526392e+00 3.181237405164520637e-02
9.060467387039910392e+00 2.919844950677565054e-02
9.363403399560734641e+00 2.679673237978043993e-02
9.676468053768756405e+00 2.459023503957928625e-02
1.000000000000001243e+01 2.256331132247217305e-02
