2.000000000000000164e-05 5.392764090384832798e+01
2.066869842267550072e-05 5.566179734183549499e+01
2.135975472437544027e-05 5.745172887259918326e+01
2.207391643902171255e-05 5.929920164812523353e+01
2.281195609427394449e-05 6.120608365994414157e+01
2.357467204719313169e-05 6.317428536455088306e+01
2.436288934784564352e-05 6.520578381007163671e+01
2.517746063178175121e-05 6.730258662290442828e+01
2.601926704235410016e-05 6.946682158622135717e+01
2.688921918387384303e-05 7.170064822346299138e+01
2.778825810663545582e-05 7.400630489233240894e+01
2.871735632487579741e-05 7.638609266969746159e+01
2.967751886876853870e-05 7.884240350931324315e+01
3.066978437159193627e-05 8.137768531059424504e+01
3.169522619324599853e-05 8.399450324527177258e+01
3.275495358133433647e-05 8.669544004587771724e+01
3.385011287106671010e-05 8.948321996144767354e+01
3.498188872528021299e-05 9.236064167393011815e+01
3.615150541592045298e-05 9.533058501115235117e+01
3.736022814836899319e-05 9.839601397974071517e+01
3.860936443004954884e-05 1.015599822126450249e+02
3.990026548479344494e-05 1.048256970053592028e+02
4.123432771449419843e-05 1.081964106220352875e+02
4.261299420963254024e-05 1.116754754800745530e+02
4.403775631030562105e-05 1.152663881054511279e+02
4.551015521944909301e-05 1.189727489239630671e+02
4.703178366999723984e-05 1.227982629845898970e+02
4.860428764778435972e-05 1.267467605654605052e+02
5.022936817205134787e-05 1.308221843015079457e+02
5.190878313548323190e-05 1.350286225320391793e+02
5.364434920576834987e-05 1.393702706197770169e+02
5.543794379073590958e-05 1.438515060626498325e+02
5.729150706919781900e-05 1.484767333487017709e+02
5.920704408969155763e-05 1.532506632757163345e+02
6.118662693939432690e-05 1.581780459034419550e+02
6.323239698555469304e-05 1.632637516323512159e+02
6.534656719186627638e-05 1.685129551746396146e+02
6.753142451228926792e-05 1.739308361306497375e+02
6.978933236490913268e-05 1.795228379449235945e+02
7.212273318850868345e-05 1.852945311466501721e+02
7.453415108461877573e-05 1.912516677814559785e+02
7.702619454790587906e-05 1.974002485571662930e+02
7.960155928784993205e-05 2.037463874908254695e+02
8.226303114476471348e-05 2.102964289417143959e+02
8.501348910331518868e-05 2.170568550291834526e+02
8.785590840679157983e-05 2.240344968650508974e+02
9.079336377550881697e-05 2.312362486362980292e+02
9.382903273281309529e-05 2.386693426229153374e+02
9.696619904229312483e-05 2.463411570639387094e+02
1.002082562599141270e-04 2.542593641301629930e+02
1.035587114049174785e-04 2.624317695650881319e+02
1.070211887534562421e-04 2.708666697291772039e+02
1.105994337590709140e-04 2.795722899597421929e+02
1.142973171042456330e-04 2.885574260514505340e+02
1.181188388874281471e-04 2.978309152663275086e+02
1.220681329500424115e-04 3.074021097647611214e+02
1.261494713481742377e-04 3.172803415847219526e+02
1.303672689737678670e-04 3.274755896164760998e+02
1.347260883303314362e-04 3.379978455243190751e+02
1.392306444683180742e-04 3.488575687388514552e+02
1.438858100855209437e-04 3.600656337143301471e+02
1.486966207979997041e-04 3.716329994265059327e+02
1.536682805872396744e-04 3.835711999185241439e+02
1.588061674294368483e-04 3.958920375017743822e+02
1.641158391129971276e-04 4.086076433916111341e+02
1.696030392505434848e-04 4.217306052551732591e+02
1.752737034919339915e-04 4.352738094689976833e+02
1.811339659450114388e-04 4.492506949627551194e+02
1.871901658110307874e-04 4.636748737155253366e+02
1.934488542419408646e-04 4.785607058145679389e+02
1.999168014269393128e-04 4.939227005114993858e+02
2.066010039159656652e-04 5.097757398427401085e+02
2.135086921880547338e-04 5.261356971508857896e+02
2.206473384727377968e-04 5.430184047268556924e+02
2.280246648329511538e-04 5.604402551498313869e+02
2.356486515181963309e-04 5.784182649227377624e+02
2.435275455969876748e-04 5.969699702369389342e+02
2.516698698779247295e-04 6.161133359410935100e+02
2.600844321290405573e-04 6.358668358098491353e+02
2.687803346053976817e-04 6.562496110213678548e+02
2.777669838952388651e-04 6.772812978996116726e+02
2.870541010953427292e-04 6.989822343805280980e+02
2.966517323265922064e-04 7.213729640473020481e+02
3.065702596011295341e-04 7.444752379750563023e+02
3.168204120528543403e-04 7.683107053076844295e+02
3.274132775434116785e-04 7.929023739847352772e+02
3.383603146562264279e-04 8.182733793792083361e+02
3.496733650915567022e-04 8.444475277243070650e+02
3.613646664759745386e-04 8.714495734985472382e+02
3.734468656001317080e-04 8.993049826643318738e+02
3.859330320991275886e-04 9.280392918490614420e+02
3.988366725902805230e-04 9.576796093306722923e+02
4.121717452835938129e-04 9.882530385359982574e+02
4.259526750807212541e-04 1.019787934524301363e+03
4.401943691787655547e-04 1.052312920642587414e+03
4.549122331957894719e-04 1.085857781426378551e+03
4.701221878354804149e-04 1.120452685840197091e+03
4.858406861089974399e-04 1.156128677577340568e+03
5.020847311326308640e-04 1.192917966454947191e+03
5.188718945205230424e-04 1.230852834472301538e+03
5.362203353923492141e-04 1.269966870809053489e+03
5.541488200165187389e-04 1.310294326753331234e+03
5.726767421101455150e-04 1.351869986368268428e+03
5.918241438177454907e-04 1.394729967034812717e+03
6.116117373913557359e-04 1.438910513617681318e+03
6.320609275955268004e-04 1.484449357768059599e+03
6.531938348614238542e-04 1.531384006247641310e+03
6.750333192150836329e-04 1.579754159706593782e+03
6.976030050057104547e-04 1.629598915499555005e+03
7.209273064607610694e-04 1.680959254653244216e+03
7.450314540954613768e-04 1.733876279142437625e+03
7.699415220053250396e-04 1.788391929121746671e+03
7.956844560711916160e-04 1.844549359821218331e+03
8.222881031073025473e-04 1.902391273128993362e+03
8.497812409839368810e-04 1.961962861451153913e+03
8.781936097571961097e-04 2.023307955047685709e+03
9.075559438396131216e-04 2.086472924700782642e+03
9.379000052463793693e-04 2.151504183271665624e+03
9.692586179531593148e-04 2.218447864419021244e+03
1.001665703402655023e-03 2.287351307490308500e+03
1.035156317198330069e-03 2.358262868385305865e+03
1.069766687024985286e-03 2.431230689449397687e+03
1.105534251837205851e-03 2.506303715928923339e+03
1.142497702358069404e-03 2.583530601319303514e+03
1.180697022931930960e-03 2.662960930141496647e+03
1.220173534776542454e-03 2.744645013900409594e+03
1.260969940681316284e-03 2.828631688436109471e+03
1.303130371200056587e-03 2.914970822827440315e+03
1.346700432388157767e-03 3.003712846284224270e+03
1.391727255135877424e-03 3.094906759113626777e+03
1.438259546151070007e-03 3.188602087867144292e+03
1.486347640646530459e-03 3.284847758121681636e+03
1.536043556788919398e-03 3.383692027820200565e+03
1.587401051968200579e-03 3.485182219867704589e+03
1.640475680948428249e-03 3.589366253803423206e+03
1.695324855962815390e-03 3.696289326987070581e+03
1.752007908818060174e-03 3.805996793371026342e+03
1.810586155075142928e-03 3.918531668692154653e+03
1.871122960375984270e-03 4.033935038984039693e+03
1.933683808987751848e-03 4.152247428643288913e+03
1.998336374638913938e-03 4.273507808327398379e+03
2.065150593723721201e-03 4.397750657087690342e+03
2.134198740954243185e-03 4.525009078605179639e+03
2.205555507541849362e-03 4.655313390689045264e+03
2.279298081992675151e-03 4.788690904627713280e+03
2.355506233604463730e-03 4.925166990919516138e+03
2.434262398755145627e-03 5.064760320131389562e+03
2.515651770076436904e-03 5.207488277228404513e+03
2.599762388608985089e-03 5.353361779743609986e+03
2.686685239038679764e-03 5.502391242799251813e+03
2.776514348117217236e-03 5.654579243498388678e+03
2.869346886373309435e-03 5.809926441257756778e+03
2.965283273224645581e-03 5.968422462575550526e+03
3.064427285604211931e-03 6.130058663886810791e+03
3.166886170218578649e-03 6.294814602387046762e+03
3.272770759559481216e-03 6.462665965764783323e+03
3.382195591794276077e-03 6.633580935429236888e+03
3.495279034664920681e-03 6.807519228836288676e+03
3.612143413529477973e-03 6.984433042146939442e+03
3.732915143684721951e-03 7.164264144251132166e+03
3.857724867112893516e-03 7.346945659148866071e+03
3.986707593800617976e-03 7.532401181703135990e+03
4.120002847782761740e-03 7.720542724451854156e+03
4.257754818069308354e-03 7.911273103619951144e+03
4.400112514618404608e-03 8.104478444063128336e+03
4.547229929524409554e-03 8.300039719570726447e+03
4.699266203595197679e-03 8.497822520742965935e+03
4.856385798499019031e-03 8.697681192979167463e+03
5.018758674667020935e-03 8.899458458577710189e+03
5.186560475143959549e-03 9.102980543054709415e+03
5.359972715585955248e-03 9.308066847294636318e+03
5.539182980610755057e-03 9.514513282998352224e+03
5.724385126713026593e-03 9.722103698133325452e+03
5.915779491964028892e-03 9.930608130759748747e+03
6.113573112722652143e-03 1.013977232468036527e+04
6.317979947592099882e-03 1.034932411056042474e+04
6.529221108864616957e-03 1.055897492894713832e+04
6.747525101704480652e-03 1.076841582478080090e+04
6.973128071328140755e-03 1.097732020414155886e+04
7.206274058448705437e-03 1.118534654790803143e+04
7.447215263261310406e-03 1.139212867081063632e+04
7.696212318254701257e-03 1.159728445649217610e+04
7.953534570144332738e-03 1.180041158074315354e+04
8.219460371231864307e-03 1.200108406835526330e+04
8.494277380506187053e-03 1.219883902711870905e+04
8.778282874811823774e-03 1.239321249505884589e+04
9.071784070421121463e-03 1.258369697256880863e+04
9.375098455358292851e-03 1.276978089843412090e+04
9.688554132834568261e-03 1.295092298834210669e+04
1.001249017616620725e-02 1.312656603405598435e+04
1.034725699555901803e-02 1.329612962324512955e+04
1.069321671715643858e-02 1.345900374605414436e+04
1.105074357476093505e-02 1.361455924795734791e+04
1.142022431465263173e-02 1.376215211538933909e+04
1.180205861394306721e-02 1.390111002838027707e+04
1.219665951291643881e-02 1.403077309464372593e+04
1.260445386182631328e-02 1.415043726142019841e+04
1.302588278263077520e-02 1.425939983076569115e+04
1.346140214616583890e-02 1.435694185595733870e+04
1.391148306527291781e-02 1.444234445384829451e+04
1.437661240441416924e-02 1.451489270577649586e+04
1.485729330632660182e-02 1.457387161544767514e+04
1.535404573628500365e-02 1.461857595644962748e+04
1.586740704456205894e-02 1.464831108920280712e+04
1.639793254769450481e-02 1.466241381203581841e+04
1.694619612918364313e-02 1.466025363489537085e+04
1.751279086028037155e-02 1.464124279645434945e+04
1.809832964152614798e-02 1.460482218311159340e+04
1.870344586574363213e-02 1.455052302185191911e+04
1.932879410319460894e-02 1.447793722300209447e+04
1.997505080964588620e-02 1.438673697828348486e+04
2.064291505810955316e-02 1.427669918332643647e+04
2.133310929504865505e-02 1.414771035450134332e+04
2.204638012186681956e-02 1.399977998556905368e+04
2.278349910252664909e-02 1.383306164837116376e+04
2.354526359817107548e-02 1.364785556856191943e+04
2.433249762964985810e-02 1.344462641344615440e+04
2.514605276888498206e-02 1.322401604804953786e+04
2.598680906003840441e-02 1.298685270613240027e+04
2.685567597147924673e-02 1.273414612317938008e+04
2.775359337957988490e-02 1.246711225684098463e+04
2.868153258540498754e-02 1.218715957625506780e+04
2.964049736539381419e-02 1.189588225695475012e+04
3.063152505717161092e-02 1.159506263930891146e+04
3.165568768166540647e-02 1.128664297117670685e+04
3.271409310273729054e-02 1.097272421920190209e+04
3.380788622559029871e-02 1.065552292474162095e+04
3.493825023524253087e-02 1.033733857435372556e+04
3.610640787640997940e-02 1.002053849787771287e+04
3.731362277618164441e-02 9.707478073867441708e+03
3.856120081091872487e-02 9.400482717558943477e+03
3.985049151885547425e-02 9.101779567689271062e+03
4.118288955993056055e-02 8.813438973009642723e+03
4.255983622442782027e-02 8.537314437814235134e+03
4.398282099205792772e-02 8.274990270518615944e+03
4.545338314316834522e-02 8.027705707204818282e+03
4.697311342382341770e-02 7.796296214807773140e+03
4.854365576655684383e-02 7.581144077337506133e+03
5.016670906865677154e-02 7.382107000150343993e+03
5.184402902990837420e-02 7.198476203084238477e+03
5.357743005178047802e-02 7.028947921192009744e+03
5.536878720011212396e-02 6.871582546511650435e+03
5.722003823342062395e-02 6.723832428246823838e+03
5.913318569902666078e-02 6.582562982279027892e+03
6.111029909926251474e-02 6.444140194377539046e+03
6.315351713010779189e-02 6.304562628472374854e+03
6.526504999467336310e-02 6.159664803245344956e+03
6.744718179403717817e-02 6.005374313400207939e+03
6.970227299801623477e-02 5.838036037287518411e+03
7.203276299854979858e-02 5.654762916020508783e+03
7.444117274845411802e-02 5.453812894079720536e+03
7.693010748840443946e-02 5.234897998524396826e+03
7.950225956509210379e-02 4.999430045878167221e+03
8.216041134360790865e-02 4.750591042180266413e+03
8.490743821719984319e-02 4.493230217977613393e+03
8.774631171766281157e-02 4.233531141713874604e+03
9.068010272972255870e-02 3.978503526972032432e+03
9.371198481289348681e-02 3.735310409589993014e+03
9.684523763440215649e-02 3.510539153582023118e+03
1.000832505168899600e-01 3.309489278054656097e+03
1.034295261047340625e-01 3.135560315173496292e+03
1.068876841529496080e-01 2.989798647157143932e+03
1.104614654427753945e-01 2.870631320030371171e+03
1.141547358281756464e-01 2.773822412742849792e+03
1.179714904176376727e-01 2.692718588911646748e+03
1.219158578957853512e-01 2.618859896343857145e+03
1.259921049894874856e-01 2.543047414771730018e+03
1.302046410832891354e-01 2.456845454026290099e+03
1.345580229891604751e-01 2.354303689936939918e+03
1.390569598757198100e-01 2.233479926897902260e+03
1.437063183622670492e-01 2.097195945130419204e+03
1.485111277831346888e-01 1.952612951590640023e+03
1.534765856280515817e-01 1.809570525734280409e+03
1.586080631644066208e-01 1.678131569792432174e+03
1.639111112474894438e-01 1.566048600964419393e+03
1.693914663249987407e-01 1.476866729047608032e+03
1.750550566423093313e-01 1.409058949778267106e+03
1.809080086552135869e-01 1.356356863761471232e+03
1.869566536570689830e-01 1.309336916059030955e+03
1.932075346275276828e-01 1.258209430599545385e+03
1.996674133102498971e-01 1.196234259644986423e+03
2.063432775272630582e-01 1.122397279611628619e+03
2.132423487378718452e-01 1.041794606972322754e+03
2.203720898503036263e-01 9.631695788932361211e+02
2.277402132945338109e-01 8.947627665343733270e+02
2.353546893650253491e-01 8.406054692346242518e+02
2.432237548424092122e-01 7.989533857089618323e+02
2.513559219034258718e-01 7.634443139046015858e+02
2.597599873287743666e-01 7.265763194478314517e+02
2.684450420188219666e-01 6.839614631653557808e+02
2.774204808274743361e-01 6.367543855534478325e+02
2.866960127248350254e-01 5.903152691176711642e+02
2.962816712996577673e-01 5.500199057670695311e+02
3.061878256129444420e-01 5.174613084052555223e+02
3.164251914144354805e-01 4.897712512352040335e+02
3.270048427341168962e-01 4.623539316523954881e+02
3.379382238612947953e-01 4.328019290594185122e+02
3.492371617241852855e-01 4.025696834131601349e+02
3.609138786834163448e-01 3.748827169902274363e+02
3.729810057532814693e-01 3.512491201054713201e+02
3.854515962650386651e-01 3.302513766635019010e+02
3.983391399870480631e-01 3.095724047978729914e+02
4.116575777170102257e-01 2.886564359348653852e+02
4.254213163620995108e-01 2.688413580953325095e+02
4.396452445232932327e-01 2.511754559702026199e+02
4.543447486007690661e-01 2.351044879107085421e+02
4.695357294377799362e-01 2.195807037817795049e+02
4.852346195210218704e-01 2.045651003491867357e+02
5.014584007560848322e-01 1.906780195942926071e+02
5.182246228372336949e-01 1.779743320472134940e+02
5.355514222313770833e-01 1.659799168800111886e+02
5.534575417967635413e-01 1.545697946721180642e+02
5.719623510576314906e-01 1.439626966496556690e+02
5.910858671567322808e-01 1.341279298297515084e+02
6.108487765084068544e-01 1.248707138993354562e+02
6.312724571756275216e-01 1.161897310743882059e+02
6.523790019952193653e-01 1.081193589204929424e+02
6.741912424762606104e-01 1.005752634141218635e+02
6.967327734975364839e-01 9.351793704049997302e+01
7.200279788307419881e-01 8.693734038740470282e+01
7.441020575170596008e-01 8.080127178307209590e+01
7.689810511256225389e-01 7.507820610636053971e+01
7.946918719233755368e-01 6.974037567922475489e+01
8.212623319867858873e-01 6.476401407175042380e+01
8.487211732869031078e-01 6.012680352155958019e+01
8.770980987803161932e-01 5.580744662632498887e+01
9.064238045396205701e-01 5.178555321798629052e+01
9.367300129581793700e-01 4.804188290878649070e+01
9.680495070650749767e-01 4.455824000862352818e+01
1.000416165987385808e+00 4.131734796188073489e+01
1.033865001598128330e+00 3.830299935831530433e+01
1.068432196389532240e+00 3.550010215317117712e+01
1.104155142612600837e+00 3.289470497098376001e+01
1.141072482725305592e+00 3.047371934235228252e+01
1.179224151193147607e+00 2.822478677050490958e+01
1.218651417687333982e+00 2.613616535489736492e+01
1.259396931727273516e+00 2.419685305670919462e+01
1.301504768815691548e+00 2.239660275899544217e+01
1.345020478116276896e+00 2.072592915440024086e+01
1.389991131725407447e+00 1.917596484420641545e+01
1.436465375591293947e+00 1.773838469739535029e+01
1.484493482135585296e+00 1.640533417971493790e+01
1.534127404634392455e+00 1.516946985870258224e+01
1.585420833417506836e+00 1.402395345460725196e+01
1.638429253946665609e+00 1.296244291567940010e+01
1.693210006835640158e+00 1.197902557219136632e+01
1.749822349877109051e+00 1.106817807855456870e+01
1.808327522143368116e+00 1.022473235573068173e+01
1.868788810230267217e+00 9.443867786555887989e+00
1.931271616715998229e+00 8.721093982665104605e+00
1.995843530908793184e+00 8.052229811372738411e+00
2.062574401960084458e+00 7.433382804147381506e+00
2.131536414422164238e+00 6.860930172956319240e+00
2.202804166332139602e+00 6.331501355850142509e+00
2.276454749906602792e+00 5.841961116985332048e+00
2.352567834934338631e+00 5.389393775095832062e+00
2.431225754957225149e+00 4.971088276821685525e+00
2.512513596332623944e+00 4.584524866291616263e+00
2.596519290273538783e+00 4.227362347181196967e+00
2.683333707966161441e+00 3.897425628399540987e+00
2.773050758867611432e+00 3.592694824971114365e+00
2.865767492290306695e+00 3.311294889513865414e+00
2.961584202382770314e+00 3.051485583500498144e+00
3.060604536620467719e+00 2.811652257614075445e+00
3.162935607924048931e+00 2.590297165839799742e+00
3.268688110526199786e+00 2.386030961874660683e+00
3.377976439712552459e+00 2.197565435069961826e+00
3.490918815566087297e+00 2.023706703615060665e+00
3.607637410848952619e+00 1.863348697718379077e+00
3.728258483159945236e+00 1.715466835016690617e+00
3.852912511510727001e+00 1.579112103290124969e+00
3.981734337468417539e+00 1.453405519991030959e+00
4.114863311017320058e+00 1.337533230831573272e+00
4.252443441297450555e+00 1.230741973219733332e+00
4.394623552383071896e+00 1.132334660326035802e+00
4.541557444269631816e+00 1.041666346053512493e+00
4.693404059243289517e+00 9.581404850357616576e-01
4.850327653813030437e+00 8.812053294404679216e-01
5.012497976391239618e+00 8.103506930288704169e-01
5.180090450915090017e+00 7.451049912063925085e-01
5.353286366607249214e+00 6.850324544011782146e-01
5.532273074081278885e+00 6.297304662784004581e-01
5.717244188003695271e+00 5.788270486402030679e-01
5.908399796532135539e+00 5.319785152572945597e-01
6.105946677756002750e+00 4.888673896547184872e-01
6.310098523373801171e+00 4.492005464303570061e-01
6.521076169849157722e+00 4.127073787109171166e-01
6.739107837295406966e+00 3.791381095971130266e-01
6.964429376347387013e+00 3.482622443119562372e-01
7.197284523287298619e+00 3.198671331797420248e-01
7.437925163700752407e+00 2.937566220850712506e-01
7.686611604948010879e+00 2.697497762905877172e-01
7.943612857745410594e+00 2.476796922975372239e-01
8.209206927161357470e+00 2.273924264365171921e-01
8.483681113341843272e+00 2.087460597952025543e-01
8.767332322290526392e+00 1.916097789445730115e-01
9.060467387039910392e+00 1.758630226947920927e-01
9.363403399560734641e+00 1.613946984790526340e-01
9.676468053768756405e+00 1.481024662773364753e-01
1.000000000000001243e+01 1.358920693424193471e-01
