2.000000000000000164e-05 3.384748574326702197e+01
2.066869842267550072e-05 3.493525528840294214e+01
2.135975472437544027e-05 3.605795136058722505e+01
2.207391643902171255e-05 3.721666856859754802e+01
2.281195609427394449e-05 3.841255260454257581e+01
2.357467204719313169e-05 3.964681735118667660e+01
2.436288934784564352e-05 4.092066237697095232e+01
2.517746063178175121e-05 4.223536237851033093e+01
2.601926704235410016e-05 4.359220476897765195e+01
2.688921918387384303e-05 4.499254855564730349e+01
2.778825810663545582e-05 4.643777554634338145e+01
2.871735632487579741e-05 4.792930415562491220e+01
2.967751886876853870e-05 4.946862161820290282e+01
3.066978437159193627e-05 5.105722663128998562e+01
3.169522619324599853e-05 5.269670398418406165e+01
3.275495358133433647e-05 5.438865535320311295e+01
3.385011287106671010e-05 5.613473024973093572e+01
3.498188872528021299e-05 5.793666875962668428e+01
3.615150541592045298e-05 5.979622133564978270e+01
3.736022814836899319e-05 6.171520682695886251e+01
3.860936443004954884e-05 6.369550047625958200e+01
3.990026548479344494e-05 6.573902612790317335e+01
4.123432771449419843e-05 6.784779131875316693e+01
4.261299420963254024e-05 7.002382651951677417e+01
4.403775631030562105e-05 7.226924075510876833e+01
4.551015521944909301e-05 7.458622558323617113e+01
4.703178366999723984e-05 7.697698916359890120e+01
4.860428764778435972e-05 7.944384854318019507e+01
5.022936817205134787e-05 8.198915523814000039e+01
5.190878313548323190e-05 8.461534885698132769e+01
5.364434920576834987e-05 8.732493840018041453e+01
5.543794379073590958e-05 9.012048703708144615e+01
5.729150706919781900e-05 9.300466423772439839e+01
5.920704408969155763e-05 9.598014314667436508e+01
6.118662693939432690e-05 9.904976947457227254e+01
6.323239698555469304e-05 1.022163687890661237e+02
6.534656719186627638e-05 1.054829128374260137e+02
6.753142451228926792e-05 1.088523905493115791e+02
6.978933236490913268e-05 1.123279188802968349e+02
7.212273318850868345e-05 1.159126898193562027e+02
7.453415108461877573e-05 1.196099304062849455e+02
7.702619454790587906e-05 1.234229594806986796e+02
7.960155928784993205e-05 1.273552819683938395e+02
8.226303114476471348e-05 1.314102699090866793e+02
8.501348910331518868e-05 1.355915258075376642e+02
8.785590840679157983e-05 1.399027334702970506e+02
9.079336377550881697e-05 1.443475876960461619e+02
9.382903273281309529e-05 1.489298810952457188e+02
9.696619904229312483e-05 1.536534384731803016e+02
1.002082562599141270e-04 1.585222490171061622e+02
1.035587114049174785e-04 1.635402890034283416e+02
1.070211887534562421e-04 1.687116130347869785e+02
1.105994337590709140e-04 1.740403625764933793e+02
1.142973171042456330e-04 1.795306312683279373e+02
1.181188388874281471e-04 1.851866914774183215e+02
1.220681329500424115e-04 1.910127870228621418e+02
1.261494713481742377e-04 1.970131512081712515e+02
1.303672689737678670e-04 2.031921566120106775e+02
1.347260883303314362e-04 2.095540668067799857e+02
1.392306444683180742e-04 2.161031688045434009e+02
1.438858100855209437e-04 2.228437768603380675e+02
1.486966207979997041e-04 2.297801381301451329e+02
1.536682805872396744e-04 2.369164383575541422e+02
1.588061674294368483e-04 2.442568468588152939e+02
1.641158391129971276e-04 2.518054375062891381e+02
1.696030392505434848e-04 2.595660504705521134e+02
1.752737034919339915e-04 2.675426112194271582e+02
1.811339659450114388e-04 2.757387460901545637e+02
1.871901658110307874e-04 2.841586619130235363e+02
1.934488542419408646e-04 2.928044142517202317e+02
1.999168014269393128e-04 3.016790067737352956e+02
2.066010039159656652e-04 3.107853949573500927e+02
2.135086921880547338e-04 3.201258513800584637e+02
2.206473384727377968e-04 3.297021917033023328e+02
2.280246648329511538e-04 3.395159589968141063e+02
2.356486515181963309e-04 3.495679234870632399e+02
2.435275455969876748e-04 3.598585300352156082e+02
2.516698698779247295e-04 3.703873927049253325e+02
2.600844321290405573e-04 3.811535674503230666e+02
2.687803346053976817e-04 3.921551624166984311e+02
2.777669838952388651e-04 4.033895421567356721e+02
2.870541010953427292e-04 4.148530628920848926e+02
2.966517323265922064e-04 4.265410255925691558e+02
3.065702596011295341e-04 4.384477711933412252e+02
3.168204120528543403e-04 4.505659596217835769e+02
3.274132775434116785e-04 4.628875111254862986e+02
3.383603146562264279e-04 4.754025385410935769e+02
3.496733650915567022e-04 4.880993684200896041e+02
3.613646664759745386e-04 5.009652816920938108e+02
3.734468656001317080e-04 5.139853542756618481e+02
3.859330320991275886e-04 5.271429022506590627e+02
3.988366725902805230e-04 5.404192352585762364e+02
4.121717452835938129e-04 5.537936069326844972e+02
4.259526750807212541e-04 5.672431991946868948e+02
4.401943691787655547e-04 5.807427850616576279e+02
4.549122331957894719e-04 5.942649928489778404e+02
4.701221878354804149e-04 6.077799893803238547e+02
4.858406861089974399e-04 6.212554757527491347e+02
5.020847311326308640e-04 6.346572413913830815e+02
5.188718945205230424e-04 6.479481633534276170e+02
5.362203353923492141e-04 6.610892983876730113e+02
5.541488200165187389e-04 6.740392375778488940e+02
5.726767421101455150e-04 6.867552066893405254e+02
5.918241438177454907e-04 6.991917084773957640e+02
6.116117373913557359e-04 7.113028594502295618e+02
6.320609275955268004e-04 7.230409945472489426e+02
6.531938348614238542e-04 7.343576315867402400e+02
6.750333192150836329e-04 7.452050255888168522e+02
6.976030050057104547e-04 7.555347289750719710e+02
7.209273064607610694e-04 7.652992840299306181e+02
7.450314540954613768e-04 7.744542461238791020e+02
7.699415220053250396e-04 7.829561759676842030e+02
7.956844560711916160e-04 7.907652853701411004e+02
8.222881031073025473e-04 7.978465511334562734e+02
8.497812409839368810e-04 8.041689958692483060e+02
8.781936097571961097e-04 8.097083934948666410e+02
9.075559438396131216e-04 8.144467346114839756e+02
9.379000052463793693e-04 8.183735559125450436e+02
9.692586179531593148e-04 8.214871311631939079e+02
1.001665703402655023e-03 8.237939564106230819e+02
1.035156317198330069e-03 8.253100568460857858e+02
1.069766687024985286e-03 8.260604223505238224e+02
1.105534251837205851e-03 8.260797835457811971e+02
1.142497702358069404e-03 8.254111206263527265e+02
1.180697022931930960e-03 8.241056265383645041e+02
1.220173534776542454e-03 8.222215331650635335e+02
1.260969940681316284e-03 8.198223728992302313e+02
1.303130371200056587e-03 8.169746711355220441e+02
1.346700432388157767e-03 8.137469140816158415e+02
1.391727255135877424e-03 8.102055466155635486e+02
1.438259546151070007e-03 8.064129366388622202e+02
1.486347640646530459e-03 8.024247330486865621e+02
1.536043556788919398e-03 7.982858203335994176e+02
1.587401051968200579e-03 7.940287187699893821e+02
1.640475680948428249e-03 7.896698795300126221e+02
1.695324855962815390e-03 7.852090261043339297e+02
1.752007908818060174e-03 7.806277090747989860e+02
1.810586155075142928e-03 7.758877004113317071e+02
1.871122960375984270e-03 7.709345579476083685e+02
1.933683808987751848e-03 7.656981179431346618e+02
1.998336374638913938e-03 7.600967477937290369e+02
2.065150593723721201e-03 7.540426532609875494e+02
2.134198740954243185e-03 7.474472981476508266e+02
2.205555507541849362e-03 7.402283811426807461e+02
2.279298081992675151e-03 7.323159151748021714e+02
2.355506233604463730e-03 7.236589337458821092e+02
2.434262398755145627e-03 7.142283590352258216e+02
2.515651770076436904e-03 7.040210890064353180e+02
2.599762388608985089e-03 6.930583374059624475e+02
2.686685239038679764e-03 6.813835395321242459e+02
2.776514348117217236e-03 6.690569439169377119e+02
2.869346886373309435e-03 6.561488155084265372e+02
2.965283273224645581e-03 6.427317605724886107e+02
3.064427285604211931e-03 6.288743059512528362e+02
3.166886170218578649e-03 6.146356926683450865e+02
3.272770759559481216e-03 6.000636552936861108e+02
3.382195591794276077e-03 5.851949029857976257e+02
3.495279034664920681e-03 5.700574418005650159e+02
3.612143413529477973e-03 5.546759606588489078e+02
3.732915143684721951e-03 5.390754369758610665e+02
3.857724867112893516e-03 5.232845677639709265e+02
3.986707593800617976e-03 5.073373670865786380e+02
4.120002847782761740e-03 4.912722264315855796e+02
4.257754818069308354e-03 4.751294753045069683e+02
4.400112514618404608e-03 4.589494775347606605e+02
4.547229929524409554e-03 4.427704126234730211e+02
4.699266203595197679e-03 4.266282664152971620e+02
4.856385798499019031e-03 4.105568731925347947e+02
5.018758674667020935e-03 3.945892920139678495e+02
5.186560475143959549e-03 3.787573972987271986e+02
5.359972715585955248e-03 3.630926144459226634e+02
5.539182980610755057e-03 3.476249481930463503e+02
5.724385126713026593e-03 3.323821144324685406e+02
5.915779491964028892e-03 3.173903589590345291e+02
6.113573112722652143e-03 3.026738998008427757e+02
6.317979947592099882e-03 2.882552894663847383e+02
6.529221108864616957e-03 2.741552286659867832e+02
6.747525101704480652e-03 2.603928015323400587e+02
6.973128071328140755e-03 2.469847834114943623e+02
7.206274058448705437e-03 2.339461022838336817e+02
7.447215263261310406e-03 2.212898849579869989e+02
7.696212318254701257e-03 2.090273660143899690e+02
7.953534570144332738e-03 1.971677600256486471e+02
8.219460371231864307e-03 1.857185808976442729e+02
8.494277380506187053e-03 1.746854603053438950e+02
8.778282874811823774e-03 1.640723768897518369e+02
9.071784070421121463e-03 1.538814475825296881e+02
9.375098455358292851e-03 1.441132437994771465e+02
9.688554132834568261e-03 1.347666198233122827e+02
1.001249017616620725e-02 1.258389545244075407e+02
1.034725699555901803e-02 1.173261410481297133e+02
1.069321671715643858e-02 1.092226875492562215e+02
1.105074357476093505e-02 1.015222076674512977e+02
1.142022431465263173e-02 9.421755600450082113e+01
1.180205861394306721e-02 8.730101131519136004e+01
1.219665951291643881e-02 8.076416688798121868e+01
1.260445386182631328e-02 7.459766605569167552e+01
1.302588278263077520e-02 6.879068158887064044e+01
1.346140214616583890e-02 6.333099955838786599e+01
1.391148306527291781e-02 5.820559328492808504e+01
1.437661240441416924e-02 5.340210649559540457e+01
1.485729330632660182e-02 4.890971750870922108e+01
1.535404573628500365e-02 4.471819206946879177e+01
1.586740704456205894e-02 4.081522522530604391e+01
1.639793254769450481e-02 3.718526456021388782e+01
1.694619612918364313e-02 3.381289442643566190e+01
1.751279086028037155e-02 3.068724600775957967e+01
1.809832964152614798e-02 2.780000046787560208e+01
1.870344586574363213e-02 2.513769751922255580e+01
1.932879410319460894e-02 2.268261556789356703e+01
1.997505080964588620e-02 2.042436442192050094e+01
2.064291505810955316e-02 1.835724533883970366e+01
2.133310929504865505e-02 1.646539515243659579e+01
2.204638012186681956e-02 1.473372007927420668e+01
2.278349910252664909e-02 1.315921983635047532e+01
2.354526359817107548e-02 1.172829842571493941e+01
2.433249762964985810e-02 1.042747872342105708e+01
2.514605276888498206e-02 9.254365633356266940e+00
2.598680906003840441e-02 8.192511586380435418e+00
2.685567597147924673e-02 7.238434543417550771e+00
2.775359337957988490e-02 6.381384350347580003e+00
2.868153258540498754e-02 5.613689534121524716e+00
2.964049736539381419e-02 4.928180100727356461e+00
3.063152505717161092e-02 4.318147449342394140e+00
3.165568768166540647e-02 3.775317819423859245e+00
3.271409310273729054e-02 3.295939073872418135e+00
3.380788622559029871e-02 2.871462900323103806e+00
3.493825023524253087e-02 2.498141126607739793e+00
3.610640787640997940e-02 2.170712016248206755e+00
3.731362277618164441e-02 1.883390784661490347e+00
3.856120081091872487e-02 1.632675959705304214e+00
3.985049151885547425e-02 1.414201952862876643e+00
4.118288955993056055e-02 1.224477613810161181e+00
4.255983622442782027e-02 1.060063598165758014e+00
4.398282099205792772e-02 9.175858533388150384e-01
4.545338314316834522e-02 7.944944557794830775e-01
4.697311342382341770e-02 6.883824292503555320e-01
4.854365576655684383e-02 5.967920078656411276e-01
5.016670906865677154e-02 5.177631143458563123e-01
5.184402902990837420e-02 4.495920020505546066e-01
5.357743005178047802e-02 3.907885775323496347e-01
5.536878720011212396e-02 3.399083249980203170e-01
5.722003823342062395e-02 2.957574215298749976e-01
5.913318569902666078e-02 2.573660405207238155e-01
6.111029909926251474e-02 2.238701700126236038e-01
6.315351713010779189e-02 1.945293783634305107e-01
6.526504999467336310e-02 1.687614432580009649e-01
6.744718179403717817e-02 1.460765943275925682e-01
6.970227299801623477e-02 1.260437528392238937e-01
7.203276299854979858e-02 1.083418219465033389e-01
7.444117274845411802e-02 9.271795750182401652e-02
7.693010748840443946e-02 7.894777842057409956e-02
7.950225956509210379e-02 6.688409991178909109e-02
8.216041134360790865e-02 5.636495747570992310e-02
8.490743821719984319e-02 4.728222773161640247e-02
8.774631171766281157e-02 3.950343665038940494e-02
9.068010272972255870e-02 3.289762152442391591e-02
9.371198481289348681e-02 2.736950150677758264e-02
9.684523763440215649e-02 2.278523924483585872e-02
1.000832505168899600e-01 1.901635359024916178e-02
1.034295261047340625e-01 1.593356046937009773e-02
1.068876841529496080e-01 1.342987852174485318e-02
1.104614654427753945e-01 1.139224265221553019e-02
1.141547358281756464e-01 9.719634238558245640e-03
1.179714904176376727e-01 8.330548324958237522e-03
1.219158578957853512e-01 7.147059017626447922e-03
1.259921049894874856e-01 6.120758191007456828e-03
1.302046410832891354e-01 5.213619109665220547e-03
1.345580229891604751e-01 4.409738919259330835e-03
1.390569598757198100e-01 3.695103574291508809e-03
1.437063183622670492e-01 3.064857939388479155e-03
1.485111277831346888e-01 2.519997356962691559e-03
1.534765856280515817e-01 2.061265654529399922e-03
1.586080631644066208e-01 1.686856309414957664e-03
1.639111112474894438e-01 1.387888310680070745e-03
1.693914663249987407e-01 1.153529585866783615e-03
1.750550566423093313e-01 9.697374448284956823e-04
1.809080086552135869e-01 8.211949049304187107e-04
1.869566536570689830e-01 6.977366995095269243e-04
1.932075346275276828e-01 5.903268196606150557e-04
1.996674133102498971e-01 4.943749903537970241e-04
2.063432775272630582e-01 4.083990647465531617e-04
2.132423487378718452e-01 3.339615237816251922e-04
2.203720898503036263e-01 2.720541931138767584e-04
2.277402132945338109e-01 2.227241348547601347e-04
2.353546893650253491e-01 1.840286182588759059e-04
2.432237548424092122e-01 1.537727323859414347e-04
2.513559219034258718e-01 1.291169050254640778e-04
2.597599873287743666e-01 1.080113516633553433e-04
2.684450420188219666e-01 8.944887764145082116e-05
2.774204808274743361e-01 7.326030658414179491e-05
2.866960127248350254e-01 5.974952960319000408e-05
2.962816712996577673e-01 4.896564242711237832e-05
3.061878256129444420e-01 4.048404199077228302e-05
3.164251914144354805e-01 3.366748969128158502e-05
3.270048427341168962e-01 2.792692583186397998e-05
3.379382238612947953e-01 2.295772287158882096e-05
3.492371617241852855e-01 1.877758103887128990e-05
3.609138786834163448e-01 1.537949021265282561e-05
3.729810057532814693e-01 1.267075532971737924e-05
3.854515962650386651e-01 1.045601263385705749e-05
3.983391399870480631e-01 8.602478126527058488e-06
4.116575777170102257e-01 7.048912400404182580e-06
4.254213163620995108e-01 5.767784873400286321e-06
4.396452445232932327e-01 4.730717276119572959e-06
4.543447486007690661e-01 3.889803094009146272e-06
4.695357294377799362e-01 3.188388134984084346e-06
4.852346195210218704e-01 2.607281594390312726e-06
5.014584007560848322e-01 2.136571909623194396e-06
5.182246228372336949e-01 1.749655743605253561e-06
5.355514222313770833e-01 1.432462757975006019e-06
5.534575417967635413e-01 1.157424442109219039e-06
5.719623510576314906e-01 9.458094763102344745e-07
5.910858671567322808e-01 7.733684150163845457e-07
6.108487765084068544e-01 6.319008748046981688e-07
6.312724571756275216e-01 5.159954189701443323e-07
6.523790019952193653e-01 4.213538589064763596e-07
6.741912424762606104e-01 3.441209412609600638e-07
6.967327734975364839e-01 2.805609327574095673e-07
7.200279788307419881e-01 2.288039886327278922e-07
7.441020575170596008e-01 1.866201264540410198e-07
7.689810511256225389e-01 1.521724681382730180e-07
7.946918719233755368e-01 1.240212610071741207e-07
8.212623319867858873e-01 1.010359066084199366e-07
8.487211732869031078e-01 8.228608347811330219e-08
8.770980987803161932e-01 6.700078359543274150e-08
9.064238045396205701e-01 5.454160531134621267e-08
9.367300129581793700e-01 4.438715927512272689e-08
9.680495070650749767e-01 3.611268050281087841e-08
1.000416165987385808e+00 2.937225128374548301e-08
1.033865001598128330e+00 2.388325721181646575e-08
1.068432196389532240e+00 1.941483803970936460e-08
1.104155142612600837e+00 1.577853090161655864e-08
1.141072482725305592e+00 1.282038825396554571e-08
1.179224151193147607e+00 1.041460773189242494e-08
1.218651417687333982e+00 8.458352432025430855e-09
1.259396931727273516e+00 6.867864757342490799e-09
1.301504768815691548e+00 5.575021682481077050e-09
1.345020478116276896e+00 4.524476214289717241e-09
1.389991131725407447e+00 3.671110984143174781e-09
1.436465375591293947e+00 2.978115272962265990e-09
1.484493482135585296e+00 2.415438026523607830e-09
1.534127404634392455e+00 1.958635620094545607e-09
1.585420833417506836e+00 1.587854194386902855e-09
1.638429253946665609e+00 1.286988702576715293e-09
1.693210006835640158e+00 1.042934457353682389e-09
1.749822349877109051e+00 8.450182704632036590e-10
1.808327522143368116e+00 6.845410003504885273e-10
1.868788810230267217e+00 5.544359086003464825e-10
1.931271616715998229e+00 4.489698356185719080e-10
1.995843530908793184e+00 3.634950551172432684e-10
2.062574401960084458e+00 2.942381727616738676e-10
2.131536414422164238e+00 2.381347328580614367e-10
2.202804166332139602e+00 1.926975831238139950e-10
2.276454749906602792e+00 1.559075302957578240e-10
2.352567834934338631e+00 1.261246197287076142e-10
2.431225754957225149e+00 1.020140333890944124e-10
2.512513596332623944e+00 8.249441203866210358e-11
2.596519290273538783e+00 6.669238002393374261e-11
2.683333707966161441e+00 5.390610170809911891e-11
2.773050758867611432e+00 4.356637572554158232e-11
2.865767492290306695e+00 3.520889453485510860e-11
2.961584202382770314e+00 2.845257577875619233e-11
3.060604536620467719e+00 2.298853325433996570e-11
3.162935607924048931e+00 1.856862101501224796e-11
3.268688110526199786e+00 1.499506465964069874e-11
3.377976439712552459e+00 1.210809289897159803e-11
3.490918815566087297e+00 9.777205736465824367e-12
3.607637410848952619e+00 7.894932283861103918e-12
3.728258483159945236e+00 6.374035161558132698e-12
3.852912511510727001e+00 5.144628940514475418e-12
3.981734337468417539e+00 4.151121043770443017e-12
4.114863311017320058e+00 3.348789427666988201e-12
4.252443441297450555e+00 2.701222958247171008e-12
4.394623552383071896e+00 2.178725872449676548e-12
4.541557444269631816e+00 1.757186887194022871e-12
4.693404059243289517e+00 1.417128989914878938e-12
4.850327653813030437e+00 1.142808508049695203e-12
5.012497976391239618e+00 9.215123978678296377e-13
5.180090450915090017e+00 7.429903478530797284e-13
5.353286366607249214e+00 5.989722928383479423e-13
5.532273074081278885e+00 4.827873152493365822e-13
5.717244188003695271e+00 3.890587363659209292e-13
5.908399796532135539e+00 3.134668932054203126e-13
6.105946677756002750e+00 2.525323601583975794e-13
6.310098523373801171e+00 2.034339977057927701e-13
6.521076169849157722e+00 1.638781309523200543e-13
6.739107837295406966e+00 1.320053966819982031e-13
6.964429376347387013e+00 1.063203084146528859e-13
7.197284523287298619e+00 8.562079857024813650e-14
7.437925163700752407e+00 6.893994831268018242e-14
7.686611604948010879e+00 5.549860557879417756e-14
7.943612857745410594e+00 4.467037696626984959e-14
8.209206927161357470e+00 3.595135208826428704e-14
8.483681113341843272e+00 2.893359416530094264e-14
8.767332322290526392e+00 2.328611431396145915e-14
9.060467387039910392e+00 1.874067753595432873e-14
9.363403399560734641e+00 1.508170380513510250e-14
9.676468053768756405e+00 1.213595495441912800e-14
1.000000000000001243e+01 9.764148092698896939e-15
