2.000000000000000164e-05 9.601183328694429253e-01
2.066869842267550072e-05 9.601179273589708352e-01
2.135975472437544027e-05 9.601177069484375659e-01
2.207391643902171255e-05 9.601210393852556146e-01
2.281195609427394449e-05 9.601195129094173275e-01
2.357467204719313169e-05 9.601204925724330375e-01
2.436288934784564352e-05 9.601206655952807534e-01
2.517746063178175121e-05 9.601207218635072760e-01
2.601926704235410016e-05 9.601210743732646602e-01
2.688921918387384303e-05 9.601195441015353271e-01
2.778825810663545582e-05 9.601224215328955092e-01
2.871735632487579741e-05 9.601190463770985506e-01
2.967751886876853870e-05 9.601165751188749375e-01
3.066978437159193627e-05 9.601175936408513634e-01
3.169522619324599853e-05 9.601221170721677689e-01
3.275495358133433647e-05 9.601170264898165607e-01
3.385011287106671010e-05 9.601192323533996875e-01
3.498188872528021299e-05 9.601163569289649091e-01
3.615150541592045298e-05 9.601220986342088315e-01
3.736022814836899319e-05 9.601148199807942873e-01
3.860936443004954884e-05 9.601206573617709905e-01
3.990026548479344494e-05 9.601175487473386783e-01
4.123432771449419843e-05 9.601212070106331931e-01
4.261299420963254024e-05 9.601168546414160510e-01
4.403775631030562105e-05 9.601137074079159062e-01
4.551015521944909301e-05 9.601181641937880373e-01
4.703178366999723984e-05 9.601165468623713561e-01
4.860428764778435972e-05 9.601176883989172017e-01
5.022936817205134787e-05 9.601153410439905445e-01
5.190878313548323190e-05 9.601145694015027487e-01
5.364434920576834987e-05 9.601150040063011204e-01
5.543794379073590958e-05 9.601179884224843031e-01
5.729150706919781900e-05 9.601163212832553029e-01
5.920704408969155763e-05 9.601107423851094058e-01
6.118662693939432690e-05 9.601145889146057710e-01
6.323239698555469304e-05 9.601143157549816287e-01
6.534656719186627638e-05 9.601130099132366702e-01
6.753142451228926792e-05 9.601116898179956616e-01
6.978933236490913268e-05 9.601140828597608534e-01
7.212273318850868345e-05 9.601070740167479967e-01
7.453415108461877573e-05 9.601114598123885457e-01
7.702619454790587906e-05 9.601092300820266434e-01
7.960155928784993205e-05 9.601124970218158916e-01
8.226303114476471348e-05 9.601092749139924498e-01
8.501348910331518868e-05 9.601088058500060196e-01
8.785590840679157983e-05 9.601082429484549818e-01
9.079336377550881697e-05 9.601095346786434614e-01
9.382903273281309529e-05 9.601084149315011196e-01
9.696619904229312483e-05 9.601074708880802389e-01
1.002082562599141270e-04 9.601059430242042669e-01
1.035587114049174785e-04 9.601083114525049700e-01
1.070211887534562421e-04 9.601054733956009279e-01
1.105994337590709140e-04 9.601019411333879816e-01
1.142973171042456330e-04 9.601035469737324579e-01
1.181188388874281471e-04 9.601008607533335626e-01
1.220681329500424115e-04 9.600969635392293533e-01
1.261494713481742377e-04 9.600974863275283377e-01
1.303672689737678670e-04 9.600923734915921548e-01
1.347260883303314362e-04 9.600915155052037742e-01
1.392306444683180742e-04 9.600911199393072915e-01
1.438858100855209437e-04 9.600913485214415122e-01
1.486966207979997041e-04 9.600878670759994682e-01
1.536682805872396744e-04 9.600900668446326058e-01
1.588061674294368483e-04 9.600814535894540702e-01
1.641158391129971276e-04 9.600787339421960054e-01
1.696030392505434848e-04 9.600788664370962788e-01
1.752737034919339915e-04 9.600769211152377913e-01
1.811339659450114388e-04 9.600711689158961670e-01
1.871901658110307874e-04 9.600681034629413579e-01
1.934488542419408646e-04 9.600659695895064072e-01
1.999168014269393128e-04 9.600610481386145922e-01
2.066010039159656652e-04 9.600559594447093392e-01
2.135086921880547338e-04 9.600583213513742553e-01
2.206473384727377968e-04 9.600497005429526887e-01
2.280246648329511538e-04 9.600438558477357720e-01
2.356486515181963309e-04 9.600400111090732214e-01
2.435275455969876748e-04 9.600361010872585643e-01
2.516698698779247295e-04 9.600290135198389363e-01
2.600844321290405573e-04 9.600234628644381818e-01
2.687803346053976817e-04 9.600134067248661252e-01
2.777669838952388651e-04 9.600097835382362943e-01
2.870541010953427292e-04 9.600040765820783140e-01
2.966517323265922064e-04 9.599966948622161711e-01
3.065702596011295341e-04 9.599879490406395544e-01
3.168204120528543403e-04 9.599780711266905353e-01
3.274132775434116785e-04 9.599709198086573414e-01
3.383603146562264279e-04 9.599591358941034214e-01
3.496733650915567022e-04 9.599532779646796632e-01
3.613646664759745386e-04 9.599394115901387359e-01
3.734468656001317080e-04 9.599309139584751849e-01
3.859330320991275886e-04 9.599187733084796337e-01
3.988366725902805230e-04 9.599042188930245745e-01
4.121717452835938129e-04 9.598890728860908217e-01
4.259526750807212541e-04 9.598789811394460303e-01
4.401943691787655547e-04 9.598643464972402839e-01
4.549122331957894719e-04 9.598456028487422076e-01
4.701221878354804149e-04 9.598299945563927293e-01
4.858406861089974399e-04 9.598132305154841726e-01
5.020847311326308640e-04 9.597953501873350834e-01
5.188718945205230424e-04 9.597760751896421416e-01
5.362203353923492141e-04 9.597591355896130105e-01
5.541488200165187389e-04 9.597384416538904395e-01
5.726767421101455150e-04 9.597174586654806383e-01
5.918241438177454907e-04 9.596944494486349120e-01
6.116117373913557359e-04 9.596669276072947730e-01
6.320609275955268004e-04 9.596464321770530326e-01
6.531938348614238542e-04 9.596192109714924978e-01
6.750333192150836329e-04 9.595953816845044226e-01
6.976030050057104547e-04 9.595684793823401337e-01
7.209273064607610694e-04 9.595413230781159042e-01
7.450314540954613768e-04 9.595128325057324936e-01
7.699415220053250396e-04 9.594868167146916038e-01
7.956844560711916160e-04 9.594569965161170444e-01
8.222881031073025473e-04 9.594254484949440442e-01
8.497812409839368810e-04 9.594011556552063391e-01
8.781936097571961097e-04 9.593672550127360088e-01
9.075559438396131216e-04 9.593403596194417515e-01
9.379000052463793693e-04 9.593049682829164482e-01
9.692586179531593148e-04 9.592757064167422021e-01
1.001665703402655023e-03 9.592436397747792221e-01
1.035156317198330069e-03 9.592167460026783665e-01
1.069766687024985286e-03 9.591817409438301301e-01
1.105534251837205851e-03 9.591535272695878023e-01
1.142497702358069404e-03 9.591264546634715726e-01
1.180697022931930960e-03 9.591021181926805417e-01
1.220173534776542454e-03 9.590763247790520252e-01
1.260969940681316284e-03 9.590452353319443013e-01
1.303130371200056587e-03 9.590200806503202946e-01
1.346700432388157767e-03 9.589961115601354225e-01
1.391727255135877424e-03 9.589753236944904558e-01
1.438259546151070007e-03 9.589524738481191024e-01
1.486347640646530459e-03 9.589304100896517413e-01
1.536043556788919398e-03 9.589104725951554942e-01
1.587401051968200579e-03 9.588914743987150269e-01
1.640475680948428249e-03 9.588676735911657589e-01
1.695324855962815390e-03 9.588483327152464986e-01
1.752007908818060174e-03 9.588340524437050094e-01
1.810586155075142928e-03 9.588150388219186526e-01
1.871122960375984270e-03 9.587967081815281789e-01
1.933683808987751848e-03 9.587785481855400915e-01
1.998336374638913938e-03 9.587617321068732101e-01
2.065150593723721201e-03 9.587398760648302432e-01
2.134198740954243185e-03 9.587234188041204863e-01
2.205555507541849362e-03 9.586992046713760374e-01
2.279298081992675151e-03 9.586833638911388400e-01
2.355506233604463730e-03 9.586657942874982075e-01
2.434262398755145627e-03 9.586468378267309909e-01
2.515651770076436904e-03 9.586267493403927142e-01
2.599762388608985089e-03 9.586091700219542266e-01
2.686685239038679764e-03 9.585826567180415481e-01
2.776514348117217236e-03 9.585642579360773574e-01
2.869346886373309435e-03 9.585468577895994713e-01
2.965283273224645581e-03 9.585214977549034732e-01
3.064427285604211931e-03 9.584986030388262801e-01
3.166886170218578649e-03 9.584813116590363835e-01
3.272770759559481216e-03 9.584558814599302146e-01
3.382195591794276077e-03 9.584293343867705817e-01
3.495279034664920681e-03 9.584024058023360437e-01
3.612143413529477973e-03 9.583809398502142196e-01
3.732915143684721951e-03 9.583548843619613677e-01
3.857724867112893516e-03 9.583246377969648622e-01
3.986707593800617976e-03 9.582954575860096469e-01
4.120002847782761740e-03 9.582670750149606675e-01
4.257754818069308354e-03 9.582358795014112030e-01
4.400112514618404608e-03 9.582005303246694528e-01
4.547229929524409554e-03 9.581702013358405212e-01
4.699266203595197679e-03 9.581293957021248531e-01
4.856385798499019031e-03 9.580942430511933949e-01
5.018758674667020935e-03 9.580571365445376131e-01
5.186560475143959549e-03 9.580145060372222687e-01
5.359972715585955248e-03 9.579697608548283227e-01
5.539182980610755057e-03 9.579289612683585808e-01
5.724385126713026593e-03 9.578817717108556451e-01
5.915779491964028892e-03 9.578355881251002790e-01
6.113573112722652143e-03 9.577846987157038194e-01
6.317979947592099882e-03 9.577343154427711003e-01
6.529221108864616957e-03 9.576885072555736400e-01
6.747525101704480652e-03 9.576291466013150400e-01
6.973128071328140755e-03 9.575719781071100334e-01
7.206274058448705437e-03 9.575089948815415086e-01
7.447215263261310406e-03 9.574568122334714548e-01
7.696212318254701257e-03 9.573854780529541530e-01
7.953534570144332738e-03 9.573254861002145066e-01
8.219460371231864307e-03 9.572553345756216192e-01
8.494277380506187053e-03 9.571883679660329047e-01
8.778282874811823774e-03 9.571116336487343057e-01
9.071784070421121463e-03 9.570397871058810013e-01
9.375098455358292851e-03 9.569622605562602136e-01
9.688554132834568261e-03 9.568850134455926248e-01
1.001249017616620725e-02 9.568058931873393291e-01
1.034725699555901803e-02 9.567193860929662508e-01
1.069321671715643858e-02 9.566369220530076545e-01
1.105074357476093505e-02 9.565478794498518678e-01
1.142022431465263173e-02 9.564531352653555807e-01
1.180205861394306721e-02 9.563595750083031533e-01
1.219665951291643881e-02 9.562605032691325890e-01
1.260445386182631328e-02 9.561653840764336998e-01
1.302588278263077520e-02 9.560648955136333838e-01
1.346140214616583890e-02 9.559537365489308991e-01
1.391148306527291781e-02 9.558539041108805590e-01
1.437661240441416924e-02 9.557441855471350278e-01
1.485729330632660182e-02 9.556324764126623572e-01
1.535404573628500365e-02 9.555216800631437524e-01
1.586740704456205894e-02 9.554039851647853077e-01
1.639793254769450481e-02 9.552805101050931835e-01
1.694619612918364313e-02 9.551701466539168628e-01
1.751279086028037155e-02 9.550453203369914101e-01
1.809832964152614798e-02 9.549160584382054839e-01
1.870344586574363213e-02 9.547919880778188428e-01
1.932879410319460894e-02 9.546664102961358589e-01
1.997505080964588620e-02 9.545319654942655552e-01
2.064291505810955316e-02 9.543981222336989090e-01
2.133310929504865505e-02 9.542669395852211300e-01
2.204638012186681956e-02 9.541308382447158953e-01
2.278349910252664909e-02 9.539961147650548590e-01
2.354526359817107548e-02 9.538586999933124089e-01
2.433249762964985810e-02 9.537184218048706530e-01
2.514605276888498206e-02 9.535787188232442979e-01
2.598680906003840441e-02 9.534306972574854155e-01
2.685567597147924673e-02 9.532889831467268316e-01
2.775359337957988490e-02 9.531486823667559838e-01
2.868153258540498754e-02 9.530013144326308083e-01
2.964049736539381419e-02 9.528579524282305702e-01
3.063152505717161092e-02 9.527089429155884970e-01
3.165568768166540647e-02 9.525656225230615393e-01
3.271409310273729054e-02 9.524177194976745087e-01
3.380788622559029871e-02 9.522751139712737345e-01
3.493825023524253087e-02 9.521265745259920310e-01
3.610640787640997940e-02 9.519750797949212417e-01
3.731362277618164441e-02 9.518352294798575475e-01
3.856120081091872487e-02 9.516839786066104701e-01
3.985049151885547425e-02 9.515430858174394047e-01
4.118288955993056055e-02 9.513917941705894998e-01
4.255983622442782027e-02 9.512524448017399825e-01
4.398282099205792772e-02 9.511093829226863194e-01
4.545338314316834522e-02 9.509621199947925207e-01
4.697311342382341770e-02 9.508276013063361454e-01
4.854365576655684383e-02 9.506819012079511522e-01
5.016670906865677154e-02 9.505455512805124352e-01
5.184402902990837420e-02 9.504074180711976627e-01
5.357743005178047802e-02 9.502687531544038446e-01
5.536878720011212396e-02 9.501355876134969236e-01
5.722003823342062395e-02 9.500045767821611031e-01
5.913318569902666078e-02 9.498734002885825811e-01
6.111029909926251474e-02 9.497433553428326070e-01
6.315351713010779189e-02 9.496202144045882143e-01
6.526504999467336310e-02 9.494948441846065013e-01
6.744718179403717817e-02 9.493680268355387808e-01
6.970227299801623477e-02 9.492458857270255068e-01
7.203276299854979858e-02 9.491235829930380064e-01
7.444117274845411802e-02 9.490128989099015921e-01
7.693010748840443946e-02 9.488964063371521096e-01
7.950225956509210379e-02 9.487889353182235030e-01
8.216041134360790865e-02 9.486786375222648893e-01
8.490743821719984319e-02 9.485670535976767903e-01
8.774631171766281157e-02 9.484656339130166369e-01
9.068010272972255870e-02 9.483682145151405285e-01
9.371198481289348681e-02 9.482569680553621927e-01
9.684523763440215649e-02 9.481647864700637474e-01
1.000832505168899600e-01 9.480691542951741324e-01
1.034295261047340625e-01 9.479816211788606450e-01
1.068876841529496080e-01 9.478887608581832991e-01
1.104614654427753945e-01 9.478028260396378357e-01
1.141547358281756464e-01 9.477124462474496580e-01
1.179714904176376727e-01 9.476351369281512671e-01
1.219158578957853512e-01 9.475560891135420549e-01
1.259921049894874856e-01 9.474741067896850222e-01
1.302046410832891354e-01 9.473967678754819932e-01
1.345580229891604751e-01 9.473243489721524524e-01
1.390569598757198100e-01 9.472562988854321686e-01
1.437063183622670492e-01 9.471899663689762328e-01
1.485111277831346888e-01 9.471274882717953814e-01
1.534765856280515817e-01 9.470614224484020793e-01
1.586080631644066208e-01 9.470044972657035709e-01
1.639111112474894438e-01 9.469405690100345385e-01
1.693914663249987407e-01 9.468807727619886760e-01
1.750550566423093313e-01 9.468307152221923095e-01
1.809080086552135869e-01 9.467783615892064741e-01
1.869566536570689830e-01 9.467254284687458554e-01
1.932075346275276828e-01 9.466760384792193284e-01
1.996674133102498971e-01 9.466268471948460217e-01
2.063432775272630582e-01 9.465779158870321064e-01
2.132423487378718452e-01 9.465369346897547498e-01
2.203720898503036263e-01 9.464989542610894313e-01
2.277402132945338109e-01 9.464587366703176574e-01
2.353546893650253491e-01 9.464244990162726801e-01
2.432237548424092122e-01 9.463833672696468913e-01
2.513559219034258718e-01 9.463491915175489266e-01
2.597599873287743666e-01 9.463114606796295680e-01
2.684450420188219666e-01 9.462810120920619461e-01
2.774204808274743361e-01 9.462482853936440286e-01
2.866960127248350254e-01 9.462244533553499926e-01
2.962816712996577673e-01 9.461944942448670126e-01
3.061878256129444420e-01 9.461687523511831399e-01
3.164251914144354805e-01 9.461407073087199082e-01
3.270048427341168962e-01 9.461146473296562220e-01
3.379382238612947953e-01 9.460949570404352249e-01
3.492371617241852855e-01 9.460669518727367056e-01
3.609138786834163448e-01 9.460490931905585210e-01
3.729810057532814693e-01 9.460344287281132747e-01
3.854515962650386651e-01 9.460044237733239436e-01
3.983391399870480631e-01 9.459907833534220156e-01
4.116575777170102257e-01 9.459724594269590670e-01
4.254213163620995108e-01 9.459647421392634037e-01
4.396452445232932327e-01 9.459433190986740181e-01
4.543447486007690661e-01 9.459262726859483106e-01
4.695357294377799362e-01 9.459138795068408045e-01
4.852346195210218704e-01 9.458980080673016211e-01
5.014584007560848322e-01 9.458849836474483297e-01
5.182246228372336949e-01 9.458751527549017490e-01
5.355514222313770833e-01 9.458643151063491628e-01
5.534575417967635413e-01 9.458535743992674272e-01
5.719623510576314906e-01 9.458427982826517200e-01
5.910858671567322808e-01 9.458309774373697687e-01
6.108487765084068544e-01 9.458246340090081805e-01
6.312724571756275216e-01 9.458145449558574835e-01
6.523790019952193653e-01 9.458051035018407715e-01
6.741912424762606104e-01 9.457867502071324317e-01
6.967327734975364839e-01 9.457929069662343036e-01
7.200279788307419881e-01 9.457901086682913849e-01
7.441020575170596008e-01 9.457806380017257375e-01
7.689810511256225389e-01 9.457705256831041574e-01
7.946918719233755368e-01 9.457632054123102927e-01
8.212623319867858873e-01 9.457576570296655216e-01
8.487211732869031078e-01 9.457524292352047501e-01
8.770980987803161932e-01 9.457468595151371504e-01
9.064238045396205701e-01 9.457417962043916937e-01
9.367300129581793700e-01 9.457382539464388449e-01
9.680495070650749767e-01 9.457364711182418837e-01
1.000416165987385808e+00 9.457350227274144983e-01
1.033865001598128330e+00 9.457322720263231508e-01
1.068432196389532240e+00 9.457275092885605305e-01
1.104155142612600837e+00 9.457222514277471292e-01
1.141072482725305592e+00 9.457183414207690486e-01
1.179224151193147607e+00 9.457167728512255733e-01
1.218651417687333982e+00 9.457162479008321965e-01
1.259396931727273516e+00 9.457150865674042173e-01
1.301504768815691548e+00 9.457121755309224609e-01
1.345020478116276896e+00 9.457081221163409213e-01
1.389991131725407447e+00 9.457038589891536562e-01
1.436465375591293947e+00 9.457001654884461539e-01
1.484493482135585296e+00 9.456972959926940314e-01
1.534127404634392455e+00 9.456953926227037455e-01
1.585420833417506836e+00 9.456944430506419863e-01
1.638429253946665609e+00 9.456938379253546634e-01
1.693210006835640158e+00 9.456928236603261428e-01
1.749822349877109051e+00 9.456908521143770896e-01
1.808327522143368116e+00 9.456882722505017824e-01
1.868788810230267217e+00 9.456856778327479285e-01
1.931271616715998229e+00 9.456835733681491218e-01
1.995843530908793184e+00 9.456820228699325259e-01
2.062574401960084458e+00 9.456809547097930757e-01
2.131536414422164238e+00 9.456802624292524051e-01
2.202804166332139602e+00 9.456796452856670587e-01
2.276454749906602792e+00 9.456787351274119624e-01
2.352567834934338631e+00 9.456772571538454297e-01
2.431225754957225149e+00 9.456755279760624688e-01
2.512513596332623944e+00 9.456740949537419949e-01
2.596519290273538783e+00 9.456734137497581072e-01
2.683333707966161441e+00 9.456732764293811488e-01
2.773050758867611432e+00 9.456731845244977785e-01
2.865767492290306695e+00 9.456726838878107833e-01
2.961584202382770314e+00 9.456716942154681504e-01
3.060604536620467719e+00 9.456703185141323020e-01
3.162935607924048931e+00 9.456686811446083363e-01
3.268688110526199786e+00 9.456670953601271634e-01
3.377976439712552459e+00 9.456659779496103813e-01
3.490918815566087297e+00 9.456656931707411173e-01
3.607637410848952619e+00 9.456660250913624388e-01
3.728258483159945236e+00 9.456664028396799537e-01
3.852912511510727001e+00 9.456662917654237166e-01
3.981734337468417539e+00 9.456656757269988889e-01
4.114863311017320058e+00 9.456648921379885442e-01
4.252443441297450555e+00 9.456642596830102665e-01
4.394623552383071896e+00 9.456637227964750370e-01
4.541557444269631816e+00 9.456629418051173408e-01
4.693404059243289517e+00 9.456615949433773149e-01
4.850327653813030437e+00 9.456597921625200520e-01
5.012497976391239618e+00 9.456580080321683734e-01
5.180090450915090017e+00 9.456567047654299563e-01
5.353286366607249214e+00 9.456558542838779946e-01
5.532273074081278885e+00 9.456549680748124187e-01
5.717244188003695271e+00 9.456535598148216870e-01
5.908399796532135539e+00 9.456516414376238133e-01
6.105946677756002750e+00 9.456497451063552440e-01
6.310098523373801171e+00 9.456484182972052510e-01
6.521076169849157722e+00 9.456479300808087185e-01
6.739107837295406966e+00 9.456482263035882463e-01
6.964429376347387013e+00 9.456492202025076343e-01
7.197284523287298619e+00 9.456502694171771140e-01
7.437925163700752407e+00 9.456500140959912537e-01
7.686611604948010879e+00 9.456470752088971254e-01
7.943612857745410594e+00 9.456414736491527417e-01
8.209206927161357470e+00 9.456352428499866791e-01
8.483681113341843272e+00 9.456305540658644926e-01
8.767332322290526392e+00 9.456283875346465084e-01
9.060467387039910392e+00 9.456278156188873130e-01
9.363403399560734641e+00 9.456277401214127076e-01
9.676468053768756405e+00 9.456271540061722547e-01
1.000000000000001243e+01 9.456252131773414948e-01
