2.000000000000000164e-05 5.300998785783008760e-01
2.066869842267550072e-05 5.300995612269999713e-01
2.135975472437544027e-05 5.300950519089325796e-01
2.207391643902171255e-05 5.300876674551654455e-01
2.281195609427394449e-05 5.301028625352083301e-01
2.357467204719313169e-05 5.300973296652143896e-01
2.436288934784564352e-05 5.301015685141361455e-01
2.517746063178175121e-05 5.300950800787628259e-01
2.601926704235410016e-05 5.301032656781581309e-01
2.688921918387384303e-05 5.301093144385730094e-01
2.778825810663545582e-05 5.300992049541238815e-01
2.871735632487579741e-05 5.301102884045505448e-01
2.967751886876853870e-05 5.301014120682611130e-01
3.066978437159193627e-05 5.301010010336802969e-01
3.169522619324599853e-05 5.300988191374095271e-01
3.275495358133433647e-05 5.301171041159178365e-01
3.385011287106671010e-05 5.301023191982696670e-01
3.498188872528021299e-05 5.301049285753496321e-01
3.615150541592045298e-05 5.301065936013338309e-01
3.736022814836899319e-05 5.301088621219957053e-01
3.860936443004954884e-05 5.301080513907807656e-01
3.990026548479344494e-05 5.301126915634652992e-01
4.123432771449419843e-05 5.301089543531095627e-01
4.261299420963254024e-05 5.301115597633930809e-01
4.403775631030562105e-05 5.301067363422657941e-01
4.551015521944909301e-05 5.300944535631997301e-01
4.703178366999723984e-05 5.301137543176177580e-01
4.860428764778435972e-05 5.301051685579544204e-01
5.022936817205134787e-05 5.301076551525347735e-01
5.190878313548323190e-05 5.301082620903312392e-01
5.364434920576834987e-05 5.301054511861015284e-01
5.543794379073590958e-05 5.301112733063115812e-01
5.729150706919781900e-05 5.301056603553132573e-01
5.920704408969155763e-05 5.301155415255056624e-01
6.118662693939432690e-05 5.301003661404793954e-01
6.323239698555469304e-05 5.301034412236027560e-01
6.534656719186627638e-05 5.301139081584694823e-01
6.753142451228926792e-05 5.301168063510828254e-01
6.978933236490913268e-05 5.301149926506087962e-01
7.212273318850868345e-05 5.301127481143222964e-01
7.453415108461877573e-05 5.301159010047131748e-01
7.702619454790587906e-05 5.301060950429815621e-01
7.960155928784993205e-05 5.301120175706995896e-01
8.226303114476471348e-05 5.301153865730106052e-01
8.501348910331518868e-05 5.301161650599838238e-01
8.785590840679157983e-05 5.301116250979763800e-01
9.079336377550881697e-05 5.301168404732954365e-01
9.382903273281309529e-05 5.301220500131226254e-01
9.696619904229312483e-05 5.301172871297077371e-01
1.002082562599141270e-04 5.301231030658909438e-01
1.035587114049174785e-04 5.301287224609685378e-01
1.070211887534562421e-04 5.301279149214981334e-01
1.105994337590709140e-04 5.301232298144588073e-01
1.142973171042456330e-04 5.301294046113016467e-01
1.181188388874281471e-04 5.301277856469551741e-01
1.220681329500424115e-04 5.301327310059334996e-01
1.261494713481742377e-04 5.301259669055399248e-01
1.303672689737678670e-04 5.301356143846195357e-01
1.347260883303314362e-04 5.301356910438360659e-01
1.392306444683180742e-04 5.301390184534668926e-01
1.438858100855209437e-04 5.301405653227633241e-01
1.486966207979997041e-04 5.301417453914345490e-01
1.536682805872396744e-04 5.301566248867538578e-01
1.588061674294368483e-04 5.301380079988115002e-01
1.641158391129971276e-04 5.301641720510750222e-01
1.696030392505434848e-04 5.301519688501429295e-01
1.752737034919339915e-04 5.301553993808333365e-01
1.811339659450114388e-04 5.301570765613740077e-01
1.871901658110307874e-04 5.301698313994424039e-01
1.934488542419408646e-04 5.301787770617762963e-01
1.999168014269393128e-04 5.301706929925480427e-01
2.066010039159656652e-04 5.301973420806426196e-01
2.135086921880547338e-04 5.301889918307307603e-01
2.206473384727377968e-04 5.301982399833766735e-01
2.280246648329511538e-04 5.302037961229260077e-01
2.356486515181963309e-04 5.302002550283866356e-01
2.435275455969876748e-04 5.302238806043733099e-01
2.516698698779247295e-04 5.302230946559999269e-01
2.600844321290405573e-04 5.302389760528198881e-01
2.687803346053976817e-04 5.302487610371998672e-01
2.777669838952388651e-04 5.302515277909642943e-01
2.870541010953427292e-04 5.302619301303967969e-01
2.966517323265922064e-04 5.302787691919184088e-01
3.065702596011295341e-04 5.302866896746770697e-01
3.168204120528543403e-04 5.303060605205828226e-01
3.274132775434116785e-04 5.303124507106465879e-01
3.383603146562264279e-04 5.303323251323935894e-01
3.496733650915567022e-04 5.303441607690411175e-01
3.613646664759745386e-04 5.303720830370981520e-01
3.734468656001317080e-04 5.303840717561034701e-01
3.859330320991275886e-04 5.304036221287945496e-01
3.988366725902805230e-04 5.304313187945558505e-01
4.121717452835938129e-04 5.304516739043316775e-01
4.259526750807212541e-04 5.304779684138301032e-01
4.401943691787655547e-04 5.305000200511501562e-01
4.549122331957894719e-04 5.305272115947454736e-01
4.701221878354804149e-04 5.305686236198486894e-01
4.858406861089974399e-04 5.305982727586370240e-01
5.020847311326308640e-04 5.306390868566897012e-01
5.188718945205230424e-04 5.306620033938056480e-01
5.362203353923492141e-04 5.307060939667712640e-01
5.541488200165187389e-04 5.307663878465251894e-01
5.726767421101455150e-04 5.308152180912550921e-01
5.918241438177454907e-04 5.308618682244384823e-01
6.116117373913557359e-04 5.309199299420115370e-01
6.320609275955268004e-04 5.309867109543803254e-01
6.531938348614238542e-04 5.310509013289953506e-01
6.750333192150836329e-04 5.311121862732210985e-01
6.976030050057104547e-04 5.311871801874014087e-01
7.209273064607610694e-04 5.312650033818776540e-01
7.450314540954613768e-04 5.313425905075798150e-01
7.699415220053250396e-04 5.314444038571510820e-01
7.956844560711916160e-04 5.315480873520074256e-01
8.222881031073025473e-04 5.316539987397542744e-01
8.497812409839368810e-04 5.317647815411692402e-01
8.781936097571961097e-04 5.318861260191084517e-01
9.075559438396131216e-04 5.320109107548982585e-01
9.379000052463793693e-04 5.321457560540893139e-01
9.692586179531593148e-04 5.322850534364381714e-01
1.001665703402655023e-03 5.324656808847181289e-01
1.035156317198330069e-03 5.326164872119641958e-01
1.069766687024985286e-03 5.328111848646330806e-01
1.105534251837205851e-03 5.329922259582261512e-01
1.142497702358069404e-03 5.332005349428443619e-01
1.180697022931930960e-03 5.334070972953319778e-01
1.220173534776542454e-03 5.336484070168696636e-01
1.260969940681316284e-03 5.338813077026134390e-01
1.303130371200056587e-03 5.341410997916193892e-01
1.346700432388157767e-03 5.344099803217230438e-01
1.391727255135877424e-03 5.346982193831453234e-01
1.438259546151070007e-03 5.350150298479358080e-01
1.486347640646530459e-03 5.353419494863217443e-01
1.536043556788919398e-03 5.356868049991826419e-01
1.587401051968200579e-03 5.360499312288826701e-01
1.640475680948428249e-03 5.364380943802844470e-01
1.695324855962815390e-03 5.368358569709859029e-01
1.752007908818060174e-03 5.372598769785219552e-01
1.810586155075142928e-03 5.377174940814912762e-01
1.871122960375984270e-03 5.381806471492173172e-01
1.933683808987751848e-03 5.386859757056292608e-01
1.998336374638913938e-03 5.392153109495395613e-01
2.065150593723721201e-03 5.397719998468365477e-01
2.134198740954243185e-03 5.403503449723914276e-01
2.205555507541849362e-03 5.409472406334753236e-01
2.279298081992675151e-03 5.415837391188502714e-01
2.355506233604463730e-03 5.422531938908311533e-01
2.434262398755145627e-03 5.429536805348056383e-01
2.515651770076436904e-03 5.436660083301384505e-01
2.599762388608985089e-03 5.444228318955472989e-01
2.686685239038679764e-03 5.452002662488901752e-01
2.776514348117217236e-03 5.460173534061202316e-01
2.869346886373309435e-03 5.468471794321396739e-01
2.965283273224645581e-03 5.477297364931709156e-01
3.064427285604211931e-03 5.486330186023722355e-01
3.166886170218578649e-03 5.495575381754532751e-01
3.272770759559481216e-03 5.505044136542750488e-01
3.382195591794276077e-03 5.515060429239387885e-01
3.495279034664920681e-03 5.525196846942682649e-01
3.612143413529477973e-03 5.535560548807432202e-01
3.732915143684721951e-03 5.546294988370434886e-01
3.857724867112893516e-03 5.557274773343249263e-01
3.986707593800617976e-03 5.568431547800392067e-01
4.120002847782761740e-03 5.579984876732221322e-01
4.257754818069308354e-03 5.591724904803550000e-01
4.400112514618404608e-03 5.603720535003017256e-01
4.547229929524409554e-03 5.616123649772960524e-01
4.699266203595197679e-03 5.628796019266211204e-01
4.856385798499019031e-03 5.641572803392980173e-01
5.018758674667020935e-03 5.654817679516700446e-01
5.186560475143959549e-03 5.668324454349631392e-01
5.359972715585955248e-03 5.682338384662736219e-01
5.539182980610755057e-03 5.696555851836009321e-01
5.724385126713026593e-03 5.711094048001167378e-01
5.915779491964028892e-03 5.726161463758961956e-01
6.113573112722652143e-03 5.741686706361488479e-01
6.317979947592099882e-03 5.757491668397584084e-01
6.529221108864616957e-03 5.773853893600778830e-01
6.747525101704480652e-03 5.790619815989884733e-01
6.973128071328140755e-03 5.807747302117808319e-01
7.206274058448705437e-03 5.825603967680927919e-01
7.447215263261310406e-03 5.843798911971744836e-01
7.696212318254701257e-03 5.862552000538131525e-01
7.953534570144332738e-03 5.881714624848682904e-01
8.219460371231864307e-03 5.901350317705272852e-01
8.494277380506187053e-03 5.921579652172329622e-01
8.778282874811823774e-03 5.942306916519860538e-01
9.071784070421121463e-03 5.963544840437199346e-01
9.375098455358292851e-03 5.985227295045781881e-01
9.688554132834568261e-03 6.007574631635015372e-01
1.001249017616620725e-02 6.030216889321601270e-01
1.034725699555901803e-02 6.053542163512027896e-01
1.069321671715643858e-02 6.077508375930971152e-01
1.105074357476093505e-02 6.101954845368211533e-01
1.142022431465263173e-02 6.126783382468352634e-01
1.180205861394306721e-02 6.152190605179858052e-01
1.219665951291643881e-02 6.178276587894158123e-01
1.260445386182631328e-02 6.204793583464082163e-01
1.302588278263077520e-02 6.232046629367719026e-01
1.346140214616583890e-02 6.259642957049398326e-01
1.391148306527291781e-02 6.287914786204541473e-01
1.437661240441416924e-02 6.316751726627606311e-01
1.485729330632660182e-02 6.345999527185958167e-01
1.535404573628500365e-02 6.376057836813934232e-01
1.586740704456205894e-02 6.406484536201553226e-01
1.639793254769450481e-02 6.437602790628195182e-01
1.694619612918364313e-02 6.469249196527585566e-01
1.751279086028037155e-02 6.501424091183538589e-01
1.809832964152614798e-02 6.534324950227010653e-01
1.870344586574363213e-02 6.567521372371415422e-01
1.932879410319460894e-02 6.601624288961616127e-01
1.997505080964588620e-02 6.636022316191910742e-01
2.064291505810955316e-02 6.671168787059815752e-01
2.133310929504865505e-02 6.706691431999101116e-01
2.204638012186681956e-02 6.742940833621680063e-01
2.278349910252664909e-02 6.779655212838481271e-01
2.354526359817107548e-02 6.817070537005398556e-01
2.433249762964985810e-02 6.854858066590884258e-01
2.514605276888498206e-02 6.893357947422594778e-01
2.598680906003840441e-02 6.932356621385643569e-01
2.685567597147924673e-02 6.971948627860738990e-01
2.775359337957988490e-02 7.012054734946753243e-01
2.868153258540498754e-02 7.052720467569928431e-01
2.964049736539381419e-02 7.093915187169858028e-01
3.063152505717161092e-02 7.135696896451569904e-01
3.165568768166540647e-02 7.177989499533371509e-01
3.271409310273729054e-02 7.220898499120681491e-01
3.380788622559029871e-02 7.264217384388897969e-01
3.493825023524253087e-02 7.308217276349786573e-01
3.610640787640997940e-02 7.352677885890556153e-01
3.731362277618164441e-02 7.397668289088932259e-01
3.856120081091872487e-02 7.443083266695120770e-01
3.985049151885547425e-02 7.489300957587388119e-01
4.118288955993056055e-02 7.535737768840587991e-01
4.255983622442782027e-02 7.582829465116381895e-01
4.398282099205792772e-02 7.630309939432952104e-01
4.545338314316834522e-02 7.678275994825530804e-01
4.697311342382341770e-02 7.726859976928724949e-01
4.854365576655684383e-02 7.775906048896823464e-01
5.016670906865677154e-02 7.825319292320900288e-01
5.184402902990837420e-02 7.875354229296818165e-01
5.357743005178047802e-02 7.925859540113926460e-01
5.536878720011212396e-02 7.976719165244043896e-01
5.722003823342062395e-02 8.028128447634206299e-01
5.913318569902666078e-02 8.079869590266853807e-01
6.111029909926251474e-02 8.132200443423385217e-01
6.315351713010779189e-02 8.184927032706621475e-01
6.526504999467336310e-02 8.238056738992648453e-01
6.744718179403717817e-02 8.291693130795194655e-01
6.970227299801623477e-02 8.345563059606293521e-01
7.203276299854979858e-02 8.399956037864710900e-01
7.444117274845411802e-02 8.454751065697192480e-01
7.693010748840443946e-02 8.510072817276923551e-01
7.950225956509210379e-02 8.565666414298839237e-01
8.216041134360790865e-02 8.621635446889566179e-01
8.490743821719984319e-02 8.678017890577599536e-01
8.774631171766281157e-02 8.734738628236324853e-01
9.068010272972255870e-02 8.791815033786655187e-01
9.371198481289348681e-02 8.849232574565506493e-01
9.684523763440215649e-02 8.907005512693150218e-01
1.000832505168899600e-01 8.965125870673646968e-01
1.034295261047340625e-01 9.023586474420179915e-01
1.068876841529496080e-01 9.082243976122336138e-01
1.104614654427753945e-01 9.141290253411942235e-01
1.141547358281756464e-01 9.200653994996779161e-01
1.179714904176376727e-01 9.260294213580934075e-01
1.219158578957853512e-01 9.320251052562483762e-01
1.259921049894874856e-01 9.380464357171529599e-01
1.302046410832891354e-01 9.440745001622738997e-01
1.345580229891604751e-01 9.501470110944164604e-01
1.390569598757198100e-01 9.562229484400257551e-01
1.437063183622670492e-01 9.623404138480373682e-01
1.485111277831346888e-01 9.684753249752410253e-01
1.534765856280515817e-01 9.746138112937877684e-01
1.586080631644066208e-01 9.807916199191478723e-01
1.639111112474894438e-01 9.869684343326928788e-01
1.693914663249987407e-01 9.931650996980669888e-01
1.750550566423093313e-01 9.993718337273749253e-01
1.809080086552135869e-01 1.005598978179378378e+00
1.869566536570689830e-01 1.011840651430512272e+00
1.932075346275276828e-01 1.018081471994316312e+00
1.996674133102498971e-01 1.024323984328222137e+00
2.063432775272630582e-01 1.030579999660651280e+00
2.132423487378718452e-01 1.036851129846283914e+00
2.203720898503036263e-01 1.043133468614247050e+00
2.277402132945338109e-01 1.049388800587537363e+00
2.353546893650253491e-01 1.055670596602460432e+00
2.432237548424092122e-01 1.061936831660938774e+00
2.513559219034258718e-01 1.068198974704869686e+00
2.597599873287743666e-01 1.074470793243338163e+00
2.684450420188219666e-01 1.080727541526013580e+00
2.774204808274743361e-01 1.086977820092013935e+00
2.866960127248350254e-01 1.093222440822573915e+00
2.962816712996577673e-01 1.099454398325853344e+00
3.061878256129444420e-01 1.105668327590531463e+00
3.164251914144354805e-01 1.111869083290706106e+00
3.270048427341168962e-01 1.118053087937906920e+00
3.379382238612947953e-01 1.124255750356619066e+00
3.492371617241852855e-01 1.130394774946278380e+00
3.609138786834163448e-01 1.136539294860484661e+00
3.729810057532814693e-01 1.142653454606975982e+00
3.854515962650386651e-01 1.148753804779195642e+00
3.983391399870480631e-01 1.154796684929593420e+00
4.116575777170102257e-01 1.160840211148608692e+00
4.254213163620995108e-01 1.166855084459144765e+00
4.396452445232932327e-01 1.172841493812623481e+00
4.543447486007690661e-01 1.178777042193425606e+00
4.695357294377799362e-01 1.184704824069450879e+00
4.852346195210218704e-01 1.190586715604700974e+00
5.014584007560848322e-01 1.196443650951897419e+00
5.182246228372336949e-01 1.202249456589394860e+00
5.355514222313770833e-01 1.208028058134933191e+00
5.534575417967635413e-01 1.213767528151344921e+00
5.719623510576314906e-01 1.219458272302809343e+00
5.910858671567322808e-01 1.225100843680768437e+00
6.108487765084068544e-01 1.230705774329977409e+00
6.312724571756275216e-01 1.236284868175908658e+00
6.523790019952193653e-01 1.241780736218875747e+00
6.741912424762606104e-01 1.247234514963669438e+00
6.967327734975364839e-01 1.252694932780502146e+00
7.200279788307419881e-01 1.258082188853662409e+00
7.441020575170596008e-01 1.263397553208111646e+00
7.689810511256225389e-01 1.268652671586600444e+00
7.946918719233755368e-01 1.273855249610637452e+00
8.212623319867858873e-01 1.279006235628979526e+00
8.487211732869031078e-01 1.284105904528670239e+00
8.770980987803161932e-01 1.289153500134072372e+00
9.064238045396205701e-01 1.294146291357557876e+00
9.367300129581793700e-01 1.299081328123206980e+00
9.680495070650749767e-01 1.303956391248025870e+00
1.000416165987385808e+00 1.308770827693712890e+00
1.033865001598128330e+00 1.313524187232762541e+00
1.068432196389532240e+00 1.318216190339873473e+00
1.104155142612600837e+00 1.322846967503110260e+00
1.141072482725305592e+00 1.327416709612371237e+00
1.179224151193147607e+00 1.331925671424473157e+00
1.218651417687333982e+00 1.336374279992647240e+00
1.259396931727273516e+00 1.340762990333204785e+00
1.301504768815691548e+00 1.345090946924109465e+00
1.345020478116276896e+00 1.349353314992467245e+00
1.389991131725407447e+00 1.353544507622479465e+00
1.436465375591293947e+00 1.357661427482701022e+00
1.484493482135585296e+00 1.361709501059854110e+00
1.534127404634392455e+00 1.365695977566448338e+00
1.585420833417506836e+00 1.369625936249992293e+00
1.638429253946665609e+00 1.373496068365831713e+00
1.693210006835640158e+00 1.377301038700900593e+00
1.749822349877109051e+00 1.381036613768225063e+00
1.808327522143368116e+00 1.384703370905704167e+00
1.868788810230267217e+00 1.388303200224065170e+00
1.931271616715998229e+00 1.391837714022345907e+00
1.995843530908793184e+00 1.395307153500007002e+00
2.062574401960084458e+00 1.398711337651460163e+00
2.131536414422164238e+00 1.402050300677797789e+00
2.202804166332139602e+00 1.405325279179157727e+00
2.276454749906602792e+00 1.408537926941015206e+00
2.352567834934338631e+00 1.411689042971525643e+00
2.431225754957225149e+00 1.414774012248087409e+00
2.512513596332623944e+00 1.417786107376797888e+00
2.596519290273538783e+00 1.420720340837136497e+00
2.683333707966161441e+00 1.423584279256740581e+00
2.773050758867611432e+00 1.426390985647654430e+00
2.865767492290306695e+00 1.429151706297199453e+00
2.961584202382770314e+00 1.431862586070303589e+00
3.060604536620467719e+00 1.434512365003781875e+00
3.162935607924048931e+00 1.437091077542625772e+00
3.268688110526199786e+00 1.439601405754632690e+00
3.377976439712552459e+00 1.442052964090339895e+00
3.490918815566087297e+00 1.444454569347592088e+00
3.607637410848952619e+00 1.446805633253984480e+00
3.728258483159945236e+00 1.449099813872672948e+00
3.852912511510727001e+00 1.451331028372173426e+00
3.981734337468417539e+00 1.453497482906578320e+00
4.114863311017320058e+00 1.455600308166217660e+00
4.252443441297450555e+00 1.457640996344399031e+00
4.394623552383071896e+00 1.459625511495726613e+00
4.541557444269631816e+00 1.461563212457048122e+00
4.693404059243289517e+00 1.463462867714194093e+00
4.850327653813030437e+00 1.465321585337789223e+00
5.012497976391239618e+00 1.467126625236226722e+00
5.180090450915090017e+00 1.468865459690150921e+00
5.353286366607249214e+00 1.470536303742739692e+00
5.532273074081278885e+00 1.472147461007857983e+00
5.717244188003695271e+00 1.473707640266102459e+00
5.908399796532135539e+00 1.475225911760429165e+00
6.105946677756002750e+00 1.476711723136215904e+00
6.310098523373801171e+00 1.478174133918139566e+00
6.521076169849157722e+00 1.479609790109486234e+00
6.739107837295406966e+00 1.481000925862527851e+00
6.964429376347387013e+00 1.482329365148850941e+00
7.197284523287298619e+00 1.483592205307236345e+00
7.437925163700752407e+00 1.484806267547027936e+00
7.686611604948010879e+00 1.485989401226297080e+00
7.943612857745410594e+00 1.487145709758369794e+00
8.209206927161357470e+00 1.488259535276966306e+00
8.483681113341843272e+00 1.489313955872929585e+00
8.767332322290526392e+00 1.490309605002992699e+00
9.060467387039910392e+00 1.491275237832315970e+00
9.363403399560734641e+00 1.492241947151617509e+00
9.676468053768756405e+00 1.493223392708033614e+00
1.000000000000001243e+01 1.494202074552090975e+00
