2.000000000000000164e-05 3.295750927843724298e+01
2.066869842267550072e-05 3.401733378105527805e+01
2.135975472437544027e-05 3.511123925660024980e+01
2.207391643902171255e-05 3.624031740138562441e+01
2.281195609427394449e-05 3.740569809796232192e+01
2.357467204719313169e-05 3.860855990838719975e+01
2.436288934784564352e-05 3.985008932887078714e+01
2.517746063178175121e-05 4.113155659012717535e+01
2.601926704235410016e-05 4.245421809570513716e+01
2.688921918387384303e-05 4.381941743789450783e+01
2.778825810663545582e-05 4.522850981061868225e+01
2.871735632487579741e-05 4.668290727645790383e+01
2.967751886876853870e-05 4.818407291455533681e+01
3.066978437159193627e-05 4.973351160194560094e+01
3.169522619324599853e-05 5.133277486651991950e+01
3.275495358133433647e-05 5.298345720976122664e+01
3.385011287106671010e-05 5.468721177331048011e+01
3.498188872528021299e-05 5.644575448582280330e+01
3.615150541592045298e-05 5.826082194969745132e+01
3.736022814836899319e-05 6.013427104725311523e+01
3.860936443004954884e-05 6.206793782258903747e+01
3.990026548479344494e-05 6.406378684676698754e+01
4.123432771449419843e-05 6.612381006494123881e+01
4.261299420963254024e-05 6.825005214506744267e+01
4.403775631030562105e-05 7.044465756729590566e+01
4.551015521944909301e-05 7.270982149436396469e+01
4.703178366999723984e-05 7.504782237984336746e+01
4.860428764778435972e-05 7.746096703244073467e+01
5.022936817205134787e-05 7.995171646902358020e+01
5.190878313548323190e-05 8.252250164316460257e+01
5.364434920576834987e-05 8.517595992138973315e+01
5.543794379073590958e-05 8.791470193660772736e+01
5.729150706919781900e-05 9.074150311088817489e+01
5.920704408969155763e-05 9.365915299496464286e+01
6.118662693939432690e-05 9.667060276892733839e+01
6.323239698555469304e-05 9.977882854701343263e+01
6.534656719186627638e-05 1.029869764484716370e+02
6.753142451228926792e-05 1.062982496010697417e+02
6.978933236490913268e-05 1.097159363619201429e+02
7.212273318850868345e-05 1.132434474929238206e+02
7.453415108461877573e-05 1.168843448110674217e+02
7.702619454790587906e-05 1.206422363387750210e+02
7.960155928784993205e-05 1.245208986880210205e+02
8.226303114476471348e-05 1.285241753453625506e+02
8.501348910331518868e-05 1.326561259526359038e+02
8.785590840679157983e-05 1.369207912691432512e+02
9.079336377550881697e-05 1.413224756616651518e+02
9.382903273281309529e-05 1.458655774697573406e+02
9.696619904229312483e-05 1.505546439610355094e+02
1.002082562599141270e-04 1.553942747566458706e+02
1.035587114049174785e-04 1.603894202920788814e+02
1.070211887534562421e-04 1.655449195275342902e+02
1.105994337590709140e-04 1.708660434770541769e+02
1.142973171042456330e-04 1.763580054301606026e+02
1.181188388874281471e-04 1.820262948327066681e+02
1.220681329500424115e-04 1.878765414188548846e+02
1.261494713481742377e-04 1.939146264616567237e+02
1.303672689737678670e-04 2.001464727251274383e+02
1.347260883303314362e-04 2.065783348485053068e+02
1.392306444683180742e-04 2.132165544919948559e+02
1.438858100855209437e-04 2.200677945103697652e+02
1.486966207979997041e-04 2.271387687007420197e+02
1.536682805872396744e-04 2.344365701900712224e+02
1.588061674294368483e-04 2.419683896527153593e+02
1.641158391129971276e-04 2.497416134805059187e+02
1.696030392505434848e-04 2.577640964894803233e+02
1.752737034919339915e-04 2.660436565126443611e+02
1.811339659450114388e-04 2.745884611181355694e+02
1.871901658110307874e-04 2.834070140921687653e+02
1.934488542419408646e-04 2.925079765169114125e+02
1.999168014269393128e-04 3.019003174131577225e+02
2.066010039159656652e-04 3.115932361755137663e+02
2.135086921880547338e-04 3.215962561281967851e+02
2.206473384727377968e-04 3.319192247451389903e+02
2.280246648329511538e-04 3.425723149095566100e+02
2.356486515181963309e-04 3.535658682014666283e+02
2.435275455969876748e-04 3.649106013472207906e+02
2.516698698779247295e-04 3.766176668396257128e+02
2.600844321290405573e-04 3.886983571704737415e+02
2.687803346053976817e-04 4.011645585657658444e+02
2.777669838952388651e-04 4.140281737255364192e+02
2.870541010953427292e-04 4.273017814883334609e+02
2.966517323265922064e-04 4.409981347654300521e+02
3.065702596011295341e-04 4.551304429663903193e+02
3.168204120528543403e-04 4.697124459644615513e+02
3.274132775434116785e-04 4.847576632590840973e+02
3.383603146562264279e-04 5.002809934587166936e+02
3.496733650915567022e-04 5.162968570105862227e+02
3.613646664759745386e-04 5.328206044454066159e+02
3.734468656001317080e-04 5.498678910242522306e+02
3.859330320991275886e-04 5.674546488814910390e+02
3.988366725902805230e-04 5.855975412809732461e+02
4.121717452835938129e-04 6.043135140921905304e+02
4.259526750807212541e-04 6.236198360363189295e+02
4.401943691787655547e-04 6.435344068256989658e+02
4.549122331957894719e-04 6.640758616924102853e+02
4.701221878354804149e-04 6.852628177566996328e+02
4.858406861089974399e-04 7.071147099554485749e+02
5.020847311326308640e-04 7.296511067723339465e+02
5.188718945205230424e-04 7.528927166348414630e+02
5.362203353923492141e-04 7.768601668616681764e+02
5.541488200165187389e-04 8.015747446762753725e+02
5.726767421101455150e-04 8.270582769198310871e+02
5.918241438177454907e-04 8.533332606199016936e+02
6.116117373913557359e-04 8.804224087922808621e+02
6.320609275955268004e-04 9.083492522600602115e+02
6.531938348614238542e-04 9.371374607649532891e+02
6.750333192150836329e-04 9.668116756099798295e+02
6.976030050057104547e-04 9.973967988809043845e+02
7.209273064607610694e-04 1.028917919225109472e+03
7.450314540954613768e-04 1.061401272073721429e+03
7.699415220053250396e-04 1.094873132229683506e+03
7.956844560711916160e-04 1.129360301186122570e+03
8.222881031073025473e-04 1.164890303437781995e+03
8.497812409839368810e-04 1.201490679796572977e+03
8.781936097571961097e-04 1.239190114759963535e+03
9.075559438396131216e-04 1.278016508824427092e+03
9.379000052463793693e-04 1.317999772792747308e+03
9.692586179531593148e-04 1.359168596052223620e+03
1.001665703402655023e-03 1.401552964488874522e+03
1.035156317198330069e-03 1.445183017978301450e+03
1.069766687024985286e-03 1.490088784586579777e+03
1.105534251837205851e-03 1.536300833289317779e+03
1.142497702358069404e-03 1.583849928944431667e+03
1.180697022931930960e-03 1.632766422692287506e+03
1.220173534776542454e-03 1.683081254947350999e+03
1.260969940681316284e-03 1.734824845619241842e+03
1.303130371200056587e-03 1.788027716886764665e+03
1.346700432388157767e-03 1.842720368850728846e+03
1.391727255135877424e-03 1.898932105469574253e+03
1.438259546151070007e-03 1.956692887312017547e+03
1.486347640646530459e-03 2.016031133146462707e+03
1.536043556788919398e-03 2.076975504242916486e+03
1.587401051968200579e-03 2.139552474437919955e+03
1.640475680948428249e-03 2.203788943649205521e+03
1.695324855962815390e-03 2.269710408363174793e+03
1.752007908818060174e-03 2.337340516176958317e+03
1.810586155075142928e-03 2.406700798439571827e+03
1.871122960375984270e-03 2.477814091684702817e+03
1.933683808987751848e-03 2.550698314515562288e+03
1.998336374638913938e-03 2.625370734642162006e+03
2.065150593723721201e-03 2.701847280267936640e+03
2.134198740954243185e-03 2.780140578361173539e+03
2.205555507541849362e-03 2.860261099540789019e+03
2.279298081992675151e-03 2.942216330055163326e+03
2.355506233604463730e-03 3.026012110114081224e+03
2.434262398755145627e-03 3.111650914683596511e+03
2.515651770076436904e-03 3.199130307011557761e+03
2.599762388608985089e-03 3.288447030591320527e+03
2.686685239038679764e-03 3.379593360432111240e+03
2.776514348117217236e-03 3.472558655307444496e+03
2.869346886373309435e-03 3.567325857587289192e+03
2.965283273224645581e-03 3.663879143027911596e+03
3.064427285604211931e-03 3.762193721882036698e+03
3.166886170218578649e-03 3.862243563786380491e+03
3.272770759559481216e-03 3.963996021465404738e+03
3.382195591794276077e-03 4.067416338478521084e+03
3.495279034664920681e-03 4.172461180147721279e+03
3.612143413529477973e-03 4.279086062699079775e+03
3.732915143684721951e-03 4.387237634065437305e+03
3.857724867112893516e-03 4.496858080972207063e+03
3.986707593800617976e-03 4.607885199323759480e+03
4.120002847782761740e-03 4.720247690717803380e+03
4.257754818069308354e-03 4.833870603451287934e+03
4.400112514618404608e-03 4.948669978877379435e+03
4.547229929524409554e-03 5.064560542931913005e+03
4.699266203595197679e-03 5.181444246090546585e+03
4.856385798499019031e-03 5.299221440736527256e+03
5.018758674667020935e-03 5.417784620872365849e+03
5.186560475143959549e-03 5.537017935029679393e+03
5.359972715585955248e-03 5.656800131466738094e+03
5.539182980610755057e-03 5.777000677996345985e+03
5.724385126713026593e-03 5.897480382956029644e+03
5.915779491964028892e-03 6.018090475530876574e+03
6.113573112722652143e-03 6.138669798818948038e+03
6.317979947592099882e-03 6.259050129104301050e+03
6.529221108864616957e-03 6.379050151753385762e+03
6.747525101704480652e-03 6.498479120165186032e+03
6.973128071328140755e-03 6.617136663719152239e+03
7.206274058448705437e-03 6.734809716266466239e+03
7.447215263261310406e-03 6.851283566600052836e+03
7.696212318254701257e-03 6.966325843117829208e+03
7.953534570144332738e-03 7.079693160313059707e+03
8.219460371231864307e-03 7.191132573972511636e+03
8.494277380506187053e-03 7.300374548570341176e+03
8.778282874811823774e-03 7.407140598958883857e+03
9.071784070421121463e-03 7.511137717160485408e+03
9.375098455358292851e-03 7.612065955131918599e+03
9.688554132834568261e-03 7.709618012588225611e+03
1.001249017616620725e-02 7.803470291667097626e+03
1.034725699555901803e-02 7.893291372972987119e+03
1.069321671715643858e-02 7.978738086444443979e+03
1.105074357476093505e-02 8.059453953441412523e+03
1.142022431465263173e-02 8.135070428651215479e+03
1.180205861394306721e-02 8.205226040011868463e+03
1.219665951291643881e-02 8.269538121618821606e+03
1.260445386182631328e-02 8.327628135793534966e+03
1.302588278263077520e-02 8.379105050571646643e+03
1.346140214616583890e-02 8.423574718041067172e+03
1.391148306527291781e-02 8.460645982302658012e+03
1.437661240441416924e-02 8.489934914337010923e+03
1.485729330632660182e-02 8.511056291121181857e+03
1.535404573628500365e-02 8.523633022375010114e+03
1.586740704456205894e-02 8.527299722440955520e+03
1.639793254769450481e-02 8.521712840955115098e+03
1.694619612918364313e-02 8.506545561195380287e+03
1.751279086028037155e-02 8.481499083930440975e+03
1.809832964152614798e-02 8.446304170094928850e+03
1.870344586574363213e-02 8.400730777834069158e+03
1.932879410319460894e-02 8.344599958561977473e+03
1.997505080964588620e-02 8.277776612148813001e+03
2.064291505810955316e-02 8.200184177110815654e+03
2.133310929504865505e-02 8.111820995292643602e+03
2.204638012186681956e-02 8.012754276415178538e+03
2.278349910252664909e-02 7.903131682591894787e+03
2.354526359817107548e-02 7.783196907774565261e+03
2.433249762964985810e-02 7.653277004302470232e+03
2.514605276888498206e-02 7.513811570137562740e+03
2.598680906003840441e-02 7.365342662229380039e+03
2.685567597147924673e-02 7.208518980653894687e+03
2.775359337957988490e-02 7.044100688479678865e+03
2.868153258540498754e-02 6.872959024331352339e+03
2.964049736539381419e-02 6.696067924594680335e+03
3.063152505717161092e-02 6.514500819432098069e+03
3.165568768166540647e-02 6.329423086406787661e+03
3.271409310273729054e-02 6.142073007914805203e+03
3.380788622559029871e-02 5.953755722569266254e+03
3.493825023524253087e-02 5.765809588682106551e+03
3.610640787640997940e-02 5.579597246600692415e+03
3.731362277618164441e-02 5.396470256770736341e+03
3.856120081091872487e-02 5.217743252718114491e+03
3.985049151885547425e-02 5.044663413026595663e+03
4.118288955993056055e-02 4.878374838251591427e+03
4.255983622442782027e-02 4.719888929432793702e+03
4.398282099205792772e-02 4.570045630002435246e+03
4.545338314316834522e-02 4.429477021322506516e+03
4.697311342382341770e-02 4.298579796276725574e+03
4.854365576655684383e-02 4.177473185076808477e+03
5.016670906865677154e-02 4.065978651901056310e+03
5.184402902990837420e-02 3.963582776653589008e+03
5.357743005178047802e-02 3.869430020849467837e+03
5.536878720011212396e-02 3.782301552387708853e+03
5.722003823342062395e-02 3.700629695893415374e+03
5.913318569902666078e-02 3.622520343163102098e+03
6.111029909926251474e-02 3.545803262996208105e+03
6.315351713010779189e-02 3.468119168578867175e+03
6.526504999467336310e-02 3.387037800020189025e+03
6.744718179403717817e-02 3.300213973147825072e+03
6.970227299801623477e-02 3.205584064197739281e+03
7.203276299854979858e-02 3.101569686047687810e+03
7.444117274845411802e-02 2.987288527154456460e+03
7.693010748840443946e-02 2.862737792982452902e+03
7.950225956509210379e-02 2.728908447054765929e+03
8.216041134360790865e-02 2.587819716547719509e+03
8.490743821719984319e-02 2.442423324655464057e+03
8.774631171766281157e-02 2.296395256681432329e+03
9.068010272972255870e-02 2.153818227518259846e+03
9.371198481289348681e-02 2.018781023306456291e+03
9.684523763440215649e-02 1.894958842449753320e+03
1.000832505168899600e-01 1.785212337285467129e+03
1.034295261047340625e-01 1.691259803405272123e+03
1.068876841529496080e-01 1.613438372821946132e+03
1.104614654427753945e-01 1.550577369194023049e+03
1.141547358281756464e-01 1.500002460415897758e+03
1.179714904176376727e-01 1.457697897845319176e+03
1.219158578957853512e-01 1.418692427853766958e+03
1.259921049894874856e-01 1.377706525961314355e+03
1.302046410832891354e-01 1.330044009792957013e+03
1.345580229891604751e-01 1.272586540993205745e+03
1.390569598757198100e-01 1.204624967900693491e+03
1.437063183622670492e-01 1.128203605829934304e+03
1.485111277831346888e-01 1.047755290105898212e+03
1.534765856280515817e-01 9.690462133738712964e+02
1.586080631644066208e-01 8.977212022518427830e+02
1.639111112474894438e-01 8.378918337755975472e+02
1.693914663249987407e-01 7.911437232278490228e+02
1.750550566423093313e-01 7.561581575400044812e+02
1.809080086552135869e-01 7.290093627431233472e+02
1.869566536570689830e-01 7.041708533253703308e+02
1.932075346275276828e-01 6.761856865208364979e+02
1.996674133102498971e-01 6.416122830509619916e+02
2.063432775272630582e-01 6.004193950629398842e+02
2.132423487378718452e-01 5.559586459401292586e+02
2.203720898503036263e-01 5.133416988443525497e+02
2.277402132945338109e-01 4.770212136132436740e+02
2.353546893650253491e-01 4.488204561457373529e+02
2.432237548424092122e-01 4.272766604322985700e+02
2.513559219034258718e-01 4.085248124212172343e+02
2.597599873287743666e-01 3.884097230099472426e+02
2.684450420188219666e-01 3.648552377722830329e+02
2.774204808274743361e-01 3.389755334767542081e+02
2.866960127248350254e-01 3.139938059817372960e+02
2.962816712996577673e-01 2.927579364423783090e+02
3.061878256129444420e-01 2.757733046333881930e+02
3.164251914144354805e-01 2.611337597616126800e+02
3.270048427341168962e-01 2.462806664330008175e+02
3.379382238612947953e-01 2.301602020806643907e+02
3.492371617241852855e-01 2.138654794313231946e+02
3.609138786834163448e-01 1.992010512436571048e+02
3.729810057532814693e-01 1.867759512404115867e+02
3.854515962650386651e-01 1.756086910207961012e+02
3.983391399870480631e-01 1.644562103551478458e+02
4.116575777170102257e-01 1.532010748972197973e+02
4.254213163620995108e-01 1.426675513672735747e+02
4.396452445232932327e-01 1.333326448226363254e+02
4.543447486007690661e-01 1.247782609728968310e+02
4.695357294377799362e-01 1.164589201019636562e+02
4.852346195210218704e-01 1.084474954519725998e+02
5.014584007560848322e-01 1.010862020403164507e+02
5.182246228372336949e-01 9.434010618086200850e+01
5.355514222313770833e-01 8.794299010082238510e+01
5.534575417967635413e-01 8.187037707743935755e+01
5.719623510576314906e-01 7.624379201951381901e+01
5.910858671567322808e-01 7.101923832464616737e+01
6.108487765084068544e-01 6.609594200278279175e+01
6.312724571756275216e-01 6.148822410601984245e+01
6.523790019952193653e-01 5.720652347544082517e+01
6.741912424762606104e-01 5.320142647700743055e+01
6.967327734975364839e-01 4.945656095415410647e+01
7.200279788307419881e-01 4.596651863296077067e+01
7.441020575170596008e-01 4.271346842126663290e+01
7.689810511256225389e-01 3.968012420312170008e+01
7.946918719233755368e-01 3.685149718245944683e+01
8.212623319867858873e-01 3.421499725621416843e+01
8.487211732869031078e-01 3.175879864531234276e+01
8.770980987803161932e-01 2.947156796030107984e+01
9.064238045396205701e-01 2.734239940446222050e+01
9.367300129581793700e-01 2.536100542304374983e+01
9.680495070650749767e-01 2.351766617366913081e+01
1.000416165987385808e+00 2.180316778867236494e+01
1.033865001598128330e+00 2.020887247982030743e+01
1.068432196389532240e+00 1.872674353163651872e+01
1.104155142612600837e+00 1.734935524050828448e+01
1.141072482725305592e+00 1.606974195747216783e+01
1.179224151193147607e+00 1.488132475037020264e+01
1.218651417687333982e+00 1.377785142991104550e+01
1.259396931727273516e+00 1.275346721233652225e+01
1.301504768815691548e+00 1.180272428367129223e+01
1.345020478116276896e+00 1.092058552136786709e+01
1.389991131725407447e+00 1.010234289230144356e+01
1.436465375591293947e+00 9.343575767923221420e+00
1.484493482135585296e+00 8.640112496317373214e+00
1.534127404634392455e+00 7.988054487899480804e+00
1.585420833417506836e+00 7.383773229895888690e+00
1.638429253946665609e+00 6.823905304514743086e+00
1.693210006835640158e+00 6.305315730285204978e+00
1.749822349877109051e+00 5.825076628952536417e+00
1.808327522143368116e+00 5.380449179913324720e+00
1.868788810230267217e+00 4.968879539229641651e+00
1.931271616715998229e+00 4.587989437585918040e+00
1.995843530908793184e+00 4.235564949891844400e+00
2.062574401960084458e+00 3.909545518444469625e+00
2.131536414422164238e+00 3.608013848705454496e+00
2.202804166332139602e+00 3.329186641894335885e+00
2.276454749906602792e+00 3.071405509423459357e+00
2.352567834934338631e+00 2.833128522229713120e+00
2.431225754957225149e+00 2.612922177254010325e+00
2.512513596332623944e+00 2.409454409522622242e+00
2.596519290273538783e+00 2.221487874268046170e+00
2.683333707966161441e+00 2.047873453449631675e+00
2.773050758867611432e+00 1.887544302396736429e+00
2.865767492290306695e+00 1.739510218640345496e+00
2.961584202382770314e+00 1.602852171193129838e+00
3.060604536620467719e+00 1.476717565680849331e+00
3.162935607924048931e+00 1.360315744952071748e+00
3.268688110526199786e+00 1.252913589886628598e+00
3.377976439712552459e+00 1.153831545699761207e+00
3.490918815566087297e+00 1.062439900240097490e+00
3.607637410848952619e+00 9.781552585860734395e-01
3.728258483159945236e+00 9.004372552701175314e-01
3.852912511510727001e+00 8.287854860515772026e-01
3.981734337468417539e+00 7.627366161369617537e-01
4.114863311017320058e+00 7.018617474328854300e-01
4.252443441297450555e+00 6.457639652578829326e-01
4.394623552383071896e+00 5.940759568335750584e-01
4.541557444269631816e+00 5.464579096471841035e-01
4.693404059243289517e+00 5.025955778245465577e-01
4.850327653813030437e+00 4.621984252012084071e-01
5.012497976391239618e+00 4.249978822425544145e-01
5.180090450915090017e+00 3.907457204410362817e-01
5.353286366607249214e+00 3.592125349572473647e-01
5.532273074081278885e+00 3.301863621549473993e-01
5.717244188003695271e+00 3.034714078734914722e-01
5.908399796532135539e+00 2.788868362652918154e-01
6.105946677756002750e+00 2.562656581765790920e-01
6.310098523373801171e+00 2.354537078752092227e-01
6.521076169849157722e+00 2.163086632068892401e-01
6.739107837295406966e+00 1.986991595319368697e-01
6.964429376347387013e+00 1.825039898806798400e-01
7.197284523287298619e+00 1.676113470093130442e-01
7.437925163700752407e+00 1.539181103344651191e-01
7.686611604948010879e+00 1.413291732021898506e-01
7.943612857745410594e+00 1.297568209370601189e-01
8.209206927161357470e+00 1.191201669142798458e-01
8.483681113341843272e+00 1.093446498596554461e-01
8.767332322290526392e+00 1.003615456923102334e-01
9.060467387039910392e+00 9.210751803659640580e-02
9.363403399560734641e+00 8.452421151927674847e-02
9.676468053768756405e+00 7.755787511711752236e-02
1.000000000000001243e+01 7.115900884416219430e-02
