2.000000000000000164e-05 5.311461544135415380e+01
2.066869842267550072e-05 5.482264512258557687e+01
2.135975472437544027e-05 5.658557959358240197e+01
2.207391643902171255e-05 5.840521550154164032e+01
2.281195609427394449e-05 6.028335934794477424e+01
2.357467204719313169e-05 6.222189467548336239e+01
2.436288934784564352e-05 6.422276236791336146e+01
2.517746063178175121e-05 6.628796600560525576e+01
2.601926704235410016e-05 6.841959329763284359e+01
2.688921918387384303e-05 7.061974879363889102e+01
2.778825810663545582e-05 7.289065174711646478e+01
2.871735632487579741e-05 7.523457860628381866e+01
2.967751886876853870e-05 7.765387165357923038e+01
3.066978437159193627e-05 8.015094567549303406e+01
3.169522619324599853e-05 8.272833329085716514e+01
3.275495358133433647e-05 8.538857583368140070e+01
3.385011287106671010e-05 8.813436143972361947e+01
3.498188872528021299e-05 9.096841492752237457e+01
3.615150541592045298e-05 9.389362359251722978e+01
3.736022814836899319e-05 9.691285158126490273e+01
3.860936443004954884e-05 1.000291677303240618e+02
3.990026548479344494e-05 1.032456825066954451e+02
4.123432771449419843e-05 1.065656162430368283e+02
4.261299420963254024e-05 1.099922717086516855e+02
4.403775631030562105e-05 1.135291267477788324e+02
4.551015521944909301e-05 1.171796618913504204e+02
4.703178366999723984e-05 1.209475710396481105e+02
4.860428764778435972e-05 1.248366205540301053e+02
5.022936817205134787e-05 1.288506738413849746e+02
5.190878313548323190e-05 1.329937859390012704e+02
5.364434920576834987e-05 1.372700882387336492e+02
5.543794379073590958e-05 1.416838584113717729e+02
5.729150706919781900e-05 1.462395104233557106e+02
5.920704408969155763e-05 1.509415804419847689e+02
6.118662693939432690e-05 1.557948331064852709e+02
6.323239698555469304e-05 1.608040425974295431e+02
6.534656719186627638e-05 1.659742716005765999e+02
6.753142451228926792e-05 1.713106848853777535e+02
6.978933236490913268e-05 1.768185870519895104e+02
7.212273318850868345e-05 1.825035375939361302e+02
7.453415108461877573e-05 1.883711414750135589e+02
7.702619454790587906e-05 1.944273302655508928e+02
7.960155928784993205e-05 2.006781052308965343e+02
8.226303114476471348e-05 2.071297311006948689e+02
8.501348910331518868e-05 2.137886979974306598e+02
8.785590840679157983e-05 2.206615403214737512e+02
9.079336377550881697e-05 2.277552281511200079e+02
9.382903273281309529e-05 2.350767932236246907e+02
9.696619904229312483e-05 2.426335649392198661e+02
1.002082562599141270e-04 2.504329911862014342e+02
1.035587114049174785e-04 2.584829918217504883e+02
1.070211887534562421e-04 2.667914847160618024e+02
1.105994337590709140e-04 2.753667767833172206e+02
1.142973171042456330e-04 2.842174346431492040e+02
1.181188388874281471e-04 2.933521795654597213e+02
1.220681329500424115e-04 3.027802418058054172e+02
1.261494713481742377e-04 3.125109019472263299e+02
1.303672689737678670e-04 3.225538327712451405e+02
1.347260883303314362e-04 3.329190591681015121e+02
1.392306444683180742e-04 3.436168714598528595e+02
1.438858100855209437e-04 3.546578542934872758e+02
1.486966207979997041e-04 3.660529558441656377e+02
1.536682805872396744e-04 3.778135455622930294e+02
1.588061674294368483e-04 3.899511669598312551e+02
1.641158391129971276e-04 4.024779715558391899e+02
1.696030392505434848e-04 4.154061537968753441e+02
1.752737034919339915e-04 4.287487178489212738e+02
1.811339659450114388e-04 4.425186162538957433e+02
1.871901658110307874e-04 4.567295568316542926e+02
1.934488542419408646e-04 4.713955388112707965e+02
1.999168014269393128e-04 4.865310075275073700e+02
2.066010039159656652e-04 5.021508273840915422e+02
2.135086921880547338e-04 5.182702294170994719e+02
2.206473384727377968e-04 5.349051620395354121e+02
2.280246648329511538e-04 5.520718551283760007e+02
2.356486515181963309e-04 5.697870978804833157e+02
2.435275455969876748e-04 5.880680922311156564e+02
2.516698698779247295e-04 6.069328601958549143e+02
2.600844321290405573e-04 6.263995871933926765e+02
2.687803346053976817e-04 6.464871256710141552e+02
2.777669838952388651e-04 6.672150710192972838e+02
2.870541010953427292e-04 6.886033795502461317e+02
2.966517323265922064e-04 7.106726018708138781e+02
3.065702596011295341e-04 7.334442277415562330e+02
3.168204120528543403e-04 7.569398952538796266e+02
3.274132775434116785e-04 7.811819997901443458e+02
3.383603146562264279e-04 8.061938978814902157e+02
3.496733650915567022e-04 8.319993042479886753e+02
3.613646664759745386e-04 8.586225929316482279e+02
3.734468656001317080e-04 8.860890702276093407e+02
3.859330320991275886e-04 9.144244643387906990e+02
3.988366725902805230e-04 9.436552616606624042e+02
4.121717452835938129e-04 9.738088880361516431e+02
4.259526750807212541e-04 1.004913375671994118e+03
4.401943691787655547e-04 1.036997211964195003e+03
4.549122331957894719e-04 1.070090452692842291e+03
4.701221878354804149e-04 1.104223000065374890e+03
4.858406861089974399e-04 1.139426265865449068e+03
5.020847311326308640e-04 1.175731876787161809e+03
5.188718945205230424e-04 1.213172581922059180e+03
5.362203353923492141e-04 1.251782003787335043e+03
5.541488200165187389e-04 1.291594310816177313e+03
5.726767421101455150e-04 1.332644633843845668e+03
5.918241438177454907e-04 1.374969143701097664e+03
6.116117373913557359e-04 1.418604542554692671e+03
6.320609275955268004e-04 1.463588362418430279e+03
6.531938348614238542e-04 1.509959331570811401e+03
6.750333192150836329e-04 1.557756326663672780e+03
6.976030050057104547e-04 1.607019541984106127e+03
7.209273064607610694e-04 1.657790108741282438e+03
7.450314540954613768e-04 1.710109343848914477e+03
7.699415220053250396e-04 1.764020414689496874e+03
7.956844560711916160e-04 1.819566295610694851e+03
8.222881031073025473e-04 1.876790678651241024e+03
8.497812409839368810e-04 1.935738738064633708e+03
8.781936097571961097e-04 1.996455909063651461e+03
9.075559438396131216e-04 2.058988429209401602e+03
9.379000052463793693e-04 2.123382582095634916e+03
9.692586179531593148e-04 2.189686145238313202e+03
1.001665703402655023e-03 2.257946586071793718e+03
1.035156317198330069e-03 2.328212786062663781e+03
1.069766687024985286e-03 2.400533027504536221e+03
1.105534251837205851e-03 2.474955787393318133e+03
1.142497702358069404e-03 2.551531020856867599e+03
1.180697022931930960e-03 2.630307649106509416e+03
1.220173534776542454e-03 2.711334905293779684e+03
1.260969940681316284e-03 2.794661762459699275e+03
1.303130371200056587e-03 2.880337344257239693e+03
1.346700432388157767e-03 2.968409611824127296e+03
1.391727255135877424e-03 3.058926274844955060e+03
1.438259546151070007e-03 3.151934857932470095e+03
1.486347640646530459e-03 3.247480673996065889e+03
1.536043556788919398e-03 3.345609482908287646e+03
1.587401051968200579e-03 3.446364523108245976e+03
1.640475680948428249e-03 3.549787349637984335e+03
1.695324855962815390e-03 3.655919758605653897e+03
1.752007908818060174e-03 3.764798656902676612e+03
1.810586155075142928e-03 3.876459940913679475e+03
1.871122960375984270e-03 3.990938054683875635e+03
1.933683808987751848e-03 4.108263017299690546e+03
1.998336374638913938e-03 4.228462227702309974e+03
2.065150593723721201e-03 4.351560044478378586e+03
2.134198740954243185e-03 4.477577139734439697e+03
2.205555507541849362e-03 4.606529669187532818e+03
2.279298081992675151e-03 4.738430284546592702e+03
2.355506233604463730e-03 4.873286117443188232e+03
2.434262398755145627e-03 5.011100137151092895e+03
2.515651770076436904e-03 5.151871977647539097e+03
2.599762388608985089e-03 5.295592187587996705e+03
2.686685239038679764e-03 5.442250446000230113e+03
2.776514348117217236e-03 5.591825639180363396e+03
2.869346886373309435e-03 5.744296092224455606e+03
2.965283273224645581e-03 5.899628169361849359e+03
3.064427285604211931e-03 6.057787773394490614e+03
3.166886170218578649e-03 6.218728246941518591e+03
3.272770759559481216e-03 6.382400099687207330e+03
3.382195591794276077e-03 6.548742391505948945e+03
3.495279034664920681e-03 6.717688693229662931e+03
3.612143413529477973e-03 6.889166103673203907e+03
3.732915143684721951e-03 7.063087863702337017e+03
3.857724867112893516e-03 7.239360813794912247e+03
3.986707593800617976e-03 7.417884235670314411e+03
4.120002847782761740e-03 7.598544232690983335e+03
4.257754818069308354e-03 7.781218483260586254e+03
4.400112514618404608e-03 7.965775777524324440e+03
4.547229929524409554e-03 8.152071815589431935e+03
4.699266203595197679e-03 8.339956241226696875e+03
4.856385798499019031e-03 8.529262530508529380e+03
5.018758674667020935e-03 8.719820331269576855e+03
5.186560475143959549e-03 8.911442935983341158e+03
5.359972715585955248e-03 9.103932110760802971e+03
5.539182980610755057e-03 9.297078576338783023e+03
5.724385126713026593e-03 9.490660475032245813e+03
5.915779491964028892e-03 9.684432837548092721e+03
6.113573112722652143e-03 9.878142965240758713e+03
6.317979947592099882e-03 1.007151334007698097e+04
6.529221108864616957e-03 1.026425840797074306e+04
6.747525101704480652e-03 1.045606708136116322e+04
6.973128071328140755e-03 1.064661783541797740e+04
7.206274058448705437e-03 1.083557783933570317e+04
7.447215263261310406e-03 1.102258898045177921e+04
7.696212318254701257e-03 1.120728301912444113e+04
7.953534570144332738e-03 1.138927289582137928e+04
8.219460371231864307e-03 1.156814770388183206e+04
8.494277380506187053e-03 1.174348003001208417e+04
8.778282874811823774e-03 1.191481737916292332e+04
9.071784070421121463e-03 1.208169965922190386e+04
9.375098455358292851e-03 1.224363637458398262e+04
9.688554132834568261e-03 1.240014147323817815e+04
1.001249017616620725e-02 1.255069480882371681e+04
1.034725699555901803e-02 1.269477208425881508e+04
1.069321671715643858e-02 1.283181501622810902e+04
1.105074357476093505e-02 1.296125284011771328e+04
1.142022431465263173e-02 1.308250785688766700e+04
1.180205861394306721e-02 1.319498820655355121e+04
1.219665951291643881e-02 1.329809302241932710e+04
1.260445386182631328e-02 1.339120945192172621e+04
1.302588278263077520e-02 1.347371572052894589e+04
1.346140214616583890e-02 1.354498146999637174e+04
1.391148306527291781e-02 1.360438376604547921e+04
1.437661240441416924e-02 1.365130335668473526e+04
1.485729330632660182e-02 1.368513250502855408e+04
1.535404573628500365e-02 1.370526163907246701e+04
1.586740704456205894e-02 1.371111091107635730e+04
1.639793254769450481e-02 1.370212916107908677e+04
1.694619612918364313e-02 1.367779743166196931e+04
1.751279086028037155e-02 1.363763016704703296e+04
1.809832964152614798e-02 1.358120498304708963e+04
1.870344586574363213e-02 1.350815737159711171e+04
1.932879410319460894e-02 1.341818626736474653e+04
1.997505080964588620e-02 1.331108088357930865e+04
2.064291505810955316e-02 1.318672109742187786e+04
2.133310929504865505e-02 1.304510360658434547e+04
2.204638012186681956e-02 1.288632363026360326e+04
2.278349910252664909e-02 1.271062248725760946e+04
2.354526359817107548e-02 1.251838230544095677e+04
2.433249762964985810e-02 1.231012820293451659e+04
2.514605276888498206e-02 1.208655458778424691e+04
2.598680906003840441e-02 1.184852473768998971e+04
2.685567597147924673e-02 1.159706799406247956e+04
2.775359337957988490e-02 1.133339803400915298e+04
2.868153258540498754e-02 1.105890298238164542e+04
2.964049736539381419e-02 1.077512963518888137e+04
3.063152505717161092e-02 1.048379664692080769e+04
3.165568768166540647e-02 1.018675283617052082e+04
3.271409310273729054e-02 9.885982924618912875e+03
3.380788622559029871e-02 9.583563837224537565e+03
3.493825023524253087e-02 9.281634392435444170e+03
3.610640787640997940e-02 8.982372847032605932e+03
3.731362277618164441e-02 8.687937169671433367e+03
3.856120081091872487e-02 8.400431248849989061e+03
3.985049151885547425e-02 8.121852870114154030e+03
4.118288955993056055e-02 7.854034827029494409e+03
4.255983622442782027e-02 7.598600596449960904e+03
4.398282099205792772e-02 7.356897748642575607e+03
4.545338314316834522e-02 7.129952460592086027e+03
4.697311342382341770e-02 6.918405078539929491e+03
4.854365576655684383e-02 6.722461268449422278e+03
5.016670906865677154e-02 6.541850329035678442e+03
5.184402902990837420e-02 6.375775019869382959e+03
5.357743005178047802e-02 6.222883505933578817e+03
5.536878720011212396e-02 6.081251418626525265e+03
5.722003823342062395e-02 5.948403153608893263e+03
5.913318569902666078e-02 5.821336679393586564e+03
6.111029909926251474e-02 5.696616024819898485e+03
6.315351713010779189e-02 5.570501758096027515e+03
6.526504999467336310e-02 5.439139799405452322e+03
6.744718179403717817e-02 5.298810707512913723e+03
6.970227299801623477e-02 5.146235429095271684e+03
7.203276299854979858e-02 4.978900390115200025e+03
7.444117274845411802e-02 4.795392923280395735e+03
7.693010748840443946e-02 4.595688345371113428e+03
7.950225956509210379e-02 4.381336934269992526e+03
8.216041134360790865e-02 4.155514719769869771e+03
8.490743821719984319e-02 3.922881348594756673e+03
8.774631171766281157e-02 3.689247943285542988e+03
9.068010272972255870e-02 3.461077866865902251e+03
9.371198481289348681e-02 3.244853379609542571e+03
9.684523763440215649e-02 3.046410893432806461e+03
1.000832505168899600e-01 2.870304684928738425e+03
1.034295261047340625e-01 2.719278457078166412e+03
1.068876841529496080e-01 2.593887091012681140e+03
1.104614654427753945e-01 2.492293675401196651e+03
1.141547358281756464e-01 2.410271260488701046e+03
1.179714904176376727e-01 2.341464776974758479e+03
1.219158578957853512e-01 2.278001506303279257e+03
1.259921049894874856e-01 2.211516820005842419e+03
1.302046410832891354e-01 2.134565709645550669e+03
1.345580229891604751e-01 2.042195042537629661e+03
1.390569598757198100e-01 1.933261592120208888e+03
1.437063183622670492e-01 1.810974882682291309e+03
1.485111277831346888e-01 1.682331521392994773e+03
1.534765856280515817e-01 1.556451898650505427e+03
1.586080631644066208e-01 1.442277825517092197e+03
1.639111112474894438e-01 1.346338289562967930e+03
1.693914663249987407e-01 1.271164807633065720e+03
1.750550566423093313e-01 1.214686218300065320e+03
1.809080086552135869e-01 1.170693089060520151e+03
1.869566536570689830e-01 1.130434360021759630e+03
1.932075346275276828e-01 1.085263027757826649e+03
1.996674133102498971e-01 1.029716766868157947e+03
2.063432775272630582e-01 9.637275900846033210e+02
2.132423487378718452e-01 8.925848564472701128e+02
2.203720898503036263e-01 8.243754795441562919e+02
2.277402132945338109e-01 7.661568910607351199e+02
2.353546893650253491e-01 7.208307684154423214e+02
2.432237548424092122e-01 6.860916852665181977e+02
2.513559219034258718e-01 6.558224968789912737e+02
2.597599873287743666e-01 6.234381474745274545e+02
2.684450420188219666e-01 5.856406010534341249e+02
2.774204808274743361e-01 5.441818377452357254e+02
2.866960127248350254e-01 5.041598855765386133e+02
2.962816712996577673e-01 4.700887039791351185e+02
3.061878256129444420e-01 4.427768045238939862e+02
3.164251914144354805e-01 4.192094573679444807e+02
3.270048427341168962e-01 3.953323585081818692e+02
3.379382238612947953e-01 3.694694298075730217e+02
3.492371617241852855e-01 3.433454646114926163e+02
3.609138786834163448e-01 3.198178094508762115e+02
3.729810057532814693e-01 2.998550591073840224e+02
3.854515962650386651e-01 2.819047252247565325e+02
3.983391399870480631e-01 2.639959853597387678e+02
4.116575777170102257e-01 2.459386846044999118e+02
4.254213163620995108e-01 2.290363674253461284e+02
4.396452445232932327e-01 2.140455762620173346e+02
4.543447486007690661e-01 2.003051311484186101e+02
4.695357294377799362e-01 1.869497629824000455e+02
4.852346195210218704e-01 1.740926745563297970e+02
5.014584007560848322e-01 1.622753611172639410e+02
5.182246228372336949e-01 1.514428273246376193e+02
5.355514222313770833e-01 1.411728677794470173e+02
5.534575417967635413e-01 1.314255683510429833e+02
5.719623510576314906e-01 1.223929100956021898e+02
5.910858671567322808e-01 1.140050236370004626e+02
6.108487765084068544e-01 1.061017251457564896e+02
6.312724571756275216e-01 9.870511395406911959e+01
6.523790019952193653e-01 9.183140954600521866e+01
6.741912424762606104e-01 8.540192815852451247e+01
6.967327734975364839e-01 7.939047189323504483e+01
7.200279788307419881e-01 7.378794308564043547e+01
7.441020575170596008e-01 6.856579024843217951e+01
7.689810511256225389e-01 6.369635314726127007e+01
7.946918719233755368e-01 5.915560423560705772e+01
8.212623319867858873e-01 5.492330540409110284e+01
8.487211732869031078e-01 5.098044704386104797e+01
8.770980987803161932e-01 4.730882475763802120e+01
9.064238045396205701e-01 4.389093833694172986e+01
9.367300129581793700e-01 4.071027978074052811e+01
9.680495070650749767e-01 3.775124777970729184e+01
1.000416165987385808e+00 3.499904705478904532e+01
1.033865001598128330e+00 3.243980740122426454e+01
1.068432196389532240e+00 3.006062532104141027e+01
1.104155142612600837e+00 2.784958058272905745e+01
1.141072482725305592e+00 2.579549166942353011e+01
1.179224151193147607e+00 2.388779762133925288e+01
1.218651417687333982e+00 2.211646164251687807e+01
1.259396931727273516e+00 2.047208488358302603e+01
1.301504768815691548e+00 1.894592178642736258e+01
1.345020478116276896e+00 1.752988595655047988e+01
1.389991131725407447e+00 1.621641935795023315e+01
1.436465375591293947e+00 1.499842551965059734e+01
1.484493482135585296e+00 1.386920801766068756e+01
1.534127404634392455e+00 1.282250877991551974e+01
1.585420833417506836e+00 1.185250313637042474e+01
1.638429253946665609e+00 1.095379164032193131e+01
1.693210006835640158e+00 1.012134155416750403e+01
1.749822349877109051e+00 9.350452728573202421e+00
1.808327522143368116e+00 8.636728753416278437e+00
1.868788810230267217e+00 7.976070187953693491e+00
1.931271616715998229e+00 7.364659415502129214e+00
1.995843530908793184e+00 6.798942653415338100e+00
2.062574401960084458e+00 6.275612290394802173e+00
2.131536414422164238e+00 5.791590601702648833e+00
2.202804166332139602e+00 5.344014669011072804e+00
2.276454749906602792e+00 4.930222076846732193e+00
2.352567834934338631e+00 4.547737503731839048e+00
2.431225754957225149e+00 4.194260049185638550e+00
2.512513596332623944e+00 3.867651709094686918e+00
2.596519290273538783e+00 3.565926423497217446e+00
2.683333707966161441e+00 3.287239505061259059e+00
2.773050758867611432e+00 3.029878275153066625e+00
2.865767492290306695e+00 2.792253145064162112e+00
2.961584202382770314e+00 2.572888939566075006e+00
3.060604536620467719e+00 2.370417172414448714e+00
3.162935607924048931e+00 2.183568732648050847e+00
3.268688110526199786e+00 2.011166729356957283e+00
3.377976439712552459e+00 1.852120213131692505e+00
3.490918815566087297e+00 1.705418282797730223e+00
3.607637410848952619e+00 1.570124477290745224e+00
3.728258483159945236e+00 1.445371443818434187e+00
3.852912511510727001e+00 1.330355963736878699e+00
3.981734337468417539e+00 1.224334303796917212e+00
4.114863311017320058e+00 1.126617998246911112e+00
4.252443441297450555e+00 1.036569918900806853e+00
4.394623552383071896e+00 9.536004476573910482e-01
4.541557444269631816e+00 8.771641068249511619e-01
4.693404059243289517e+00 8.067564599172667439e-01
4.850327653813030437e+00 7.419111241879665641e-01
5.012497976391239618e+00 6.821969761447600478e-01
5.180090450915090017e+00 6.272155493225004541e-01
5.353286366607249214e+00 5.765986126163005210e-01
5.532273074081278885e+00 5.300059430591136378e-01
5.717244188003695271e+00 4.871232664192825523e-01
5.908399796532135539e+00 4.476602978092945606e-01
6.105946677756002750e+00 4.113489644303890413e-01
6.310098523373801171e+00 3.779417838436430754e-01
6.521076169849157722e+00 3.472103033132058481e-01
6.739107837295406966e+00 3.189436730183204394e-01
6.964429376347387013e+00 2.929473440564656084e-01
7.197284523287298619e+00 2.690418456419315096e-01
7.437925163700752407e+00 2.470616421730560397e-01
7.686611604948010879e+00 2.268540630627657873e-01
7.943612857745410594e+00 2.082783028908085921e-01
8.209206927161357470e+00 1.912045159279171236e-01
8.483681113341843272e+00 1.755130120111406955e-01
8.767332322290526392e+00 1.610934766803684692e-01
9.060467387039910392e+00 1.478442498372916636e-01
9.363403399560734641e+00 1.356716654097233077e-01
9.676468053768756405e+00 1.244894444150213969e-01
1.000000000000001243e+01 1.142181275136631008e-01
