2.000000000000000164e-05 8.867505388874315386e+00
2.066869842267550072e-05 9.152661175346656464e+00
2.135975472437544027e-05 9.446985252135180033e+00
2.207391643902171255e-05 9.750775861369227471e+00
2.281195609427394449e-05 1.006433374787328994e+01
2.357467204719313169e-05 1.038797466471991093e+01
2.436288934784564352e-05 1.072202168877284478e+01
2.517746063178175121e-05 1.106681142002329743e+01
2.601926704235410016e-05 1.142268620556197511e+01
2.688921918387384303e-05 1.179000678181747119e+01
2.778825810663545582e-05 1.216913700631546114e+01
2.871735632487579741e-05 1.256046198816297910e+01
2.967751886876853870e-05 1.296436612220747620e+01
3.066978437159193627e-05 1.338125787388525723e+01
3.169522619324599853e-05 1.381155567353343727e+01
3.275495358133433647e-05 1.425568938849025891e+01
3.385011287106671010e-05 1.471410313936459247e+01
3.498188872528021299e-05 1.518725629359519225e+01
3.615150541592045298e-05 1.567562581534120980e+01
3.736022814836899319e-05 1.617969736749189735e+01
3.860936443004954884e-05 1.669997692431853764e+01
3.990026548479344494e-05 1.723697920817611262e+01
4.123432771449419843e-05 1.779125027204776899e+01
4.261299420963254024e-05 1.836334616990956903e+01
4.403775631030562105e-05 1.895383536207417663e+01
4.551015521944909301e-05 1.956330947509610851e+01
4.703178366999723984e-05 2.019237515539341743e+01
4.860428764778435972e-05 2.084166699805516387e+01
5.022936817205134787e-05 2.151183361353055901e+01
5.190878313548323190e-05 2.220354857670795212e+01
5.364434920576834987e-05 2.291750213864051489e+01
5.543794379073590958e-05 2.365440258708119003e+01
5.729150706919781900e-05 2.441499290301273106e+01
5.920704408969155763e-05 2.520003890363900467e+01
6.118662693939432690e-05 2.601031399947178357e+01
6.323239698555469304e-05 2.684664866936368810e+01
6.534656719186627638e-05 2.770985160045070117e+01
6.753142451228926792e-05 2.860080973956943140e+01
6.978933236490913268e-05 2.952040806029815556e+01
7.212273318850868345e-05 3.046955617402988992e+01
7.453415108461877573e-05 3.144921699890424449e+01
7.702619454790587906e-05 3.246036831869805894e+01
7.960155928784993205e-05 3.350400246428741013e+01
8.226303114476471348e-05 3.458118380972362615e+01
8.501348910331518868e-05 3.569297650477647466e+01
8.785590840679157983e-05 3.684050549127474738e+01
9.079336377550881697e-05 3.802489563128671790e+01
9.382903273281309529e-05 3.924735089297062274e+01
9.696619904229312483e-05 4.050907940064452362e+01
1.002082562599141270e-04 4.181134274007159490e+01
1.035587114049174785e-04 4.315543318751173985e+01
1.070211887534562421e-04 4.454271353120329024e+01
1.105994337590709140e-04 4.597454143240941704e+01
1.142973171042456330e-04 4.745236716570208557e+01
1.181188388874281471e-04 4.897764232861644729e+01
1.220681329500424115e-04 5.055190904815191999e+01
1.261494713481742377e-04 5.217672149978675122e+01
1.303672689737678670e-04 5.385369073598498346e+01
1.347260883303314362e-04 5.558450002366925702e+01
1.392306444683180742e-04 5.737086971176365324e+01
1.438858100855209437e-04 5.921455911115310755e+01
1.486966207979997041e-04 6.111742641811030552e+01
1.536682805872396744e-04 6.308135285137733206e+01
1.588061674294368483e-04 6.510825793517543048e+01
1.641158391129971276e-04 6.720019763946800140e+01
1.696030392505434848e-04 6.935922381335660702e+01
1.752737034919339915e-04 7.158747480261223473e+01
1.811339659450114388e-04 7.388715809948487845e+01
1.871901658110307874e-04 7.626055324840520200e+01
1.934488542419408646e-04 7.870999782028299308e+01
1.999168014269393128e-04 8.123790130987227087e+01
2.066010039159656652e-04 8.384678805890010267e+01
2.135086921880547338e-04 8.653919176140145453e+01
2.206473384727377968e-04 8.931778627852708041e+01
2.280246648329511538e-04 9.218530753020253599e+01
2.356486515181963309e-04 9.514452509645269629e+01
2.435275455969876748e-04 9.819840318540212820e+01
2.516698698779247295e-04 1.013499030670032965e+02
2.600844321290405573e-04 1.046020788172770466e+02
2.687803346053976817e-04 1.079581301624366034e+02
2.777669838952388651e-04 1.114213451663412258e+02
2.870541010953427292e-04 1.149950567686108087e+02
2.966517323265922064e-04 1.186827476837064808e+02
3.065702596011295341e-04 1.224879563643741847e+02
3.168204120528543403e-04 1.264144069538888289e+02
3.274132775434116785e-04 1.304658718924407310e+02
3.383603146562264279e-04 1.346462203732364173e+02
3.496733650915567022e-04 1.389594543377768332e+02
3.613646664759745386e-04 1.434097388185053035e+02
3.734468656001317080e-04 1.480012475372073482e+02
3.859330320991275886e-04 1.527384128429494012e+02
3.988366725902805230e-04 1.576256835256926649e+02
4.121717452835938129e-04 1.626676263881649902e+02
4.259526750807212541e-04 1.678690067951616811e+02
4.401943691787655547e-04 1.732347165832477742e+02
4.549122331957894719e-04 1.787696771156540194e+02
4.701221878354804149e-04 1.844790527421075410e+02
4.858406861089974399e-04 1.903681101984863062e+02
5.020847311326308640e-04 1.964422087660621798e+02
5.188718945205230424e-04 2.027069014450216855e+02
5.362203353923492141e-04 2.091678312484673086e+02
5.541488200165187389e-04 2.158308258772027841e+02
5.726767421101455150e-04 2.227018452010854901e+02
5.918241438177454907e-04 2.297869667775282210e+02
6.116117373913557359e-04 2.370923927687228741e+02
6.320609275955268004e-04 2.446244668069981287e+02
6.531938348614238542e-04 2.523897591163001266e+02
6.750333192150836329e-04 2.603949008089321069e+02
6.976030050057104547e-04 2.686465637950202563e+02
7.209273064607610694e-04 2.771517928719369479e+02
7.450314540954613768e-04 2.859176466336205067e+02
7.699415220053250396e-04 2.949511675454280066e+02
7.956844560711916160e-04 3.042597075544739482e+02
8.222881031073025473e-04 3.138507059911081001e+02
8.497812409839368810e-04 3.237317125550438845e+02
8.781936097571961097e-04 3.339104279323947821e+02
9.075559438396131216e-04 3.443945174173435362e+02
9.379000052463793693e-04 3.551918307538854265e+02
9.692586179531593148e-04 3.663103545810415085e+02
1.001665703402655023e-03 3.777582031823162652e+02
1.035156317198330069e-03 3.895433086746637059e+02
1.069766687024985286e-03 4.016739425460096982e+02
1.105534251837205851e-03 4.141583060743833471e+02
1.142497702358069404e-03 4.270046327400229984e+02
1.180697022931930960e-03 4.402211895980688610e+02
1.220173534776542454e-03 4.538161937685833891e+02
1.260969940681316284e-03 4.677981910051051386e+02
1.303130371200056587e-03 4.821750662607649929e+02
1.346700432388157767e-03 4.969552595156447978e+02
1.391727255135877424e-03 5.121467638457144176e+02
1.438259546151070007e-03 5.277577068835978480e+02
1.486347640646530459e-03 5.437957860330624271e+02
1.536043556788919398e-03 5.602691043646116213e+02
1.587401051968200579e-03 5.771848108511628652e+02
1.640475680948428249e-03 5.945504887509470109e+02
1.695324855962815390e-03 6.123732349136419089e+02
1.752007908818060174e-03 6.306596343535875349e+02
1.810586155075142928e-03 6.494162256578049437e+02
1.871122960375984270e-03 6.686490252661234308e+02
1.933683808987751848e-03 6.883635113787260025e+02
1.998336374638913938e-03 7.085649607721928760e+02
2.065150593723721201e-03 7.292580394801543662e+02
2.134198740954243185e-03 7.504463794652099295e+02
2.205555507541849362e-03 7.721334134738451667e+02
2.279298081992675151e-03 7.943218960217913036e+02
2.355506233604463730e-03 8.170134912342116422e+02
2.434262398755145627e-03 8.402094679217960902e+02
2.515651770076436904e-03 8.639098616357302944e+02
2.599762388608985089e-03 8.881142208418352766e+02
2.686685239038679764e-03 9.128206684713542245e+02
2.776514348117217236e-03 9.380268847034221835e+02
2.869346886373309435e-03 9.637289844654766284e+02
2.965283273224645581e-03 9.899221403391343301e+02
3.064427285604211931e-03 1.016600795745501500e+03
3.166886170218578649e-03 1.043757658482183615e+03
3.272770759559481216e-03 1.071384422157861536e+03
3.382195591794276077e-03 1.099471451189544041e+03
3.495279034664920681e-03 1.128008008477447220e+03
3.612143413529477973e-03 1.156981468656169000e+03
3.732915143684721951e-03 1.186378168864481268e+03
3.857724867112893516e-03 1.216183459056372158e+03
3.986707593800617976e-03 1.246380188250968786e+03
4.120002847782761740e-03 1.276950421511695822e+03
4.257754818069308354e-03 1.307874182755238508e+03
4.400112514618404608e-03 1.339130526218556952e+03
4.547229929524409554e-03 1.370696026168823664e+03
4.699266203595197679e-03 1.402546185630870468e+03
4.856385798499019031e-03 1.434653956976634163e+03
5.018758674667020935e-03 1.466991603833274439e+03
5.186560475143959549e-03 1.499527797060953617e+03
5.359972715585955248e-03 1.532230341477457614e+03
5.539182980610755057e-03 1.565064475911886120e+03
5.724385126713026593e-03 1.597993156441872316e+03
5.915779491964028892e-03 1.630977033096094829e+03
6.113573112722652143e-03 1.663974045138954807e+03
6.317979947592099882e-03 1.696939735916283098e+03
6.529221108864616957e-03 1.729826769086746026e+03
6.747525101704480652e-03 1.762584691817912471e+03
6.973128071328140755e-03 1.795161291572135951e+03
7.206274058448705437e-03 1.827500562403035019e+03
7.447215263261310406e-03 1.859543061078861456e+03
7.696212318254701257e-03 1.891227412286248182e+03
7.953534570144332738e-03 1.922489273924483541e+03
8.219460371231864307e-03 1.953259329569651072e+03
8.494277380506187053e-03 1.983467357297991839e+03
8.778282874811823774e-03 2.013038755852419854e+03
9.071784070421121463e-03 2.041896032624302734e+03
9.375098455358292851e-03 2.069959828714996547e+03
9.688554132834568261e-03 2.097144885067287305e+03
1.001249017616620725e-02 2.123365866918224128e+03
1.034725699555901803e-02 2.148533781148867547e+03
1.069321671715643858e-02 2.172555445097571010e+03
1.105074357476093505e-02 2.195335233287118172e+03
1.142022431465263173e-02 2.216777393910013870e+03
1.180205861394306721e-02 2.236780076128448400e+03
1.219665951291643881e-02 2.255243078746697847e+03
1.260445386182631328e-02 2.272060784804475588e+03
1.302588278263077520e-02 2.287129310788894600e+03
1.346140214616583890e-02 2.300341306238859488e+03
1.391148306527291781e-02 2.311591185561959264e+03
1.437661240441416924e-02 2.320772586528576085e+03
1.485729330632660182e-02 2.327780339352300871e+03
1.535404573628500365e-02 2.332510707162174185e+03
1.586740704456205894e-02 2.334863533845754773e+03
1.639793254769450481e-02 2.334742178185763350e+03
1.694619612918364313e-02 2.332055434966817302e+03
1.751279086028037155e-02 2.326717869583495485e+03
1.809832964152614798e-02 2.318653920756275966e+03
1.870344586574363213e-02 2.307796028355433464e+03
1.932879410319460894e-02 2.294087659969432934e+03
1.997505080964588620e-02 2.277487498861479253e+03
2.064291505810955316e-02 2.257968080577752062e+03
2.133310929504865505e-02 2.235519326482872657e+03
2.204638012186681956e-02 2.210150202731099853e+03
2.278349910252664909e-02 2.181891660530621721e+03
2.354526359817107548e-02 2.150798233432366487e+03
2.433249762964985810e-02 2.116947423442617492e+03
2.514605276888498206e-02 2.080446290624735866e+03
2.598680906003840441e-02 2.041428089096939857e+03
2.685567597147924673e-02 2.000055825316469281e+03
2.775359337957988490e-02 1.956521362672068108e+03
2.868153258540498754e-02 1.911047205669779942e+03
2.964049736539381419e-02 1.863883949740418302e+03
3.063152505717161092e-02 1.815309829280709437e+03
3.165568768166540647e-02 1.765627006858440382e+03
3.271409310273729054e-02 1.715161690137127607e+03
3.380788622559029871e-02 1.664256359103387922e+03
3.493825023524253087e-02 1.613266525589123603e+03
3.610640787640997940e-02 1.562555312443527100e+03
3.731362277618164441e-02 1.512484761087665220e+03
3.856120081091872487e-02 1.463410437284424688e+03
3.985049151885547425e-02 1.415672232548322654e+03
4.118288955993056055e-02 1.369584280202648642e+03
4.255983622442782027e-02 1.325428633214859019e+03
4.398282099205792772e-02 1.283442753055499907e+03
4.545338314316834522e-02 1.243811964754148676e+03
4.697311342382341770e-02 1.206660448625287017e+03
4.854365576655684383e-02 1.172040117618178101e+03
5.016670906865677154e-02 1.139925268455561536e+03
5.184402902990837420e-02 1.110203732463620554e+03
5.357743005178047802e-02 1.082673105713725590e+03
5.536878720011212396e-02 1.057035549754172962e+03
5.722003823342062395e-02 1.032903755849817571e+03
5.913318569902666078e-02 1.009803018555372660e+03
6.111029909926251474e-02 9.871864064906078511e+02
6.315351713010779189e-02 9.644563140988319674e+02
6.526504999467336310e-02 9.409924306488700267e+02
6.744718179403717817e-02 9.161934578675335388e+02
6.970227299801623477e-02 8.895246386006958801e+02
7.203276299854979858e-02 8.605694660100369902e+02
7.444117274845411802e-02 8.290844748326250055e+02
7.693010748840443946e-02 7.950452671568857568e+02
7.950225956509210379e-02 7.586781360835396981e+02
8.216041134360790865e-02 7.204709550177499295e+02
8.490743821719984319e-02 6.811531277670815143e+02
8.774631171766281157e-02 6.416452043172599815e+02
9.068010272972255870e-02 6.029814061392934263e+02
9.371198481289348681e-02 5.662088827493666940e+02
9.684523763440215649e-02 5.322810042833618809e+02
1.000832505168899600e-01 5.019518636065964188e+02
1.034295261047340625e-01 4.756881120100064209e+02
1.068876841529496080e-01 4.536036909256570766e+02
1.104614654427753945e-01 4.354237886347622748e+02
1.141547358281756464e-01 4.204835717031699005e+02
1.179714904176376727e-01 4.077703457504106268e+02
1.219158578957853512e-01 3.960228983061820145e+02
1.259921049894874856e-01 3.838958455174516189e+02
1.302046410832891354e-01 3.701860388255672660e+02
1.345580229891604751e-01 3.540827377481423923e+02
1.390569598757198100e-01 3.353796547657483416e+02
1.437063183622670492e-01 3.145655251907537036e+02
1.485111277831346888e-01 2.927411829870516726e+02
1.534765856280515817e-01 2.713601739707067395e+02
1.586080631644066208e-01 2.518638786853535692e+02
1.639111112474894438e-01 2.353189708206046760e+02
1.693914663249987407e-01 2.221547136376198353e+02
1.750550566423093313e-01 2.120561261897938437e+02
1.809080086552135869e-01 2.040347451350131678e+02
1.869566536570689830e-01 1.966853978496792479e+02
1.932075346275276828e-01 1.886124392602191335e+02
1.996674133102498971e-01 1.789251092327577908e+02
2.063432775272630582e-01 1.675934723206250965e+02
2.132423487378718452e-01 1.554502759690748519e+02
2.203720898503036263e-01 1.437887205655864591e+02
2.277402132945338109e-01 1.337509629478094269e+02
2.353546893650253491e-01 1.258181995198428638e+02
2.432237548424092122e-01 1.196313415511348950e+02
2.513559219034258718e-01 1.142098397472010305e+02
2.597599873287743666e-01 1.084897722568046987e+02
2.684450420188219666e-01 1.019295867702459333e+02
2.774204808274743361e-01 9.479897694231365790e+01
2.866960127248350254e-01 8.791279622379580871e+01
2.962816712996577673e-01 8.200173846857283877e+01
3.061878256129444420e-01 7.720417411936068675e+01
3.164251914144354805e-01 7.303913046338253423e+01
3.270048427341168962e-01 6.885130735733689278e+01
3.379382238612947953e-01 6.436372154121526989e+01
3.492371617241852855e-01 5.984802099030380873e+01
3.609138786834163448e-01 5.576413088421458042e+01
3.729810057532814693e-01 5.227191750585948427e+01
3.854515962650386651e-01 4.912353866195432772e+01
3.983391399870480631e-01 4.599929972598728511e+01
4.116575777170102257e-01 4.286441604355319157e+01
4.254213163620995108e-01 3.992714702252211367e+01
4.396452445232932327e-01 3.731064398831799167e+01
4.543447486007690661e-01 3.490931990689376363e+01
4.695357294377799362e-01 3.258231242905536362e+01
4.852346195210218704e-01 3.034582663020160709e+01
5.014584007560848322e-01 2.828664263154545111e+01
5.182246228372336949e-01 2.639629007639562985e+01
5.355514222313770833e-01 2.460614822421764458e+01
5.534575417967635413e-01 2.290865252176804390e+01
5.719623510576314906e-01 2.133428546407082749e+01
5.910858671567322808e-01 1.987164707748745229e+01
6.108487765084068544e-01 1.849436884717614049e+01
6.312724571756275216e-01 1.720542779513606035e+01
6.523790019952193653e-01 1.600713697347106645e+01
6.741912424762606104e-01 1.488647633684221105e+01
6.967327734975364839e-01 1.383877696522260514e+01
7.200279788307419881e-01 1.286225515253886975e+01
7.441020575170596008e-01 1.195198047568928779e+01
7.689810511256225389e-01 1.110318215537076547e+01
7.946918719233755368e-01 1.031169364567993263e+01
8.212623319867858873e-01 9.573977068620413533e+00
8.487211732869031078e-01 8.886708760745117175e+00
8.770980987803161932e-01 8.246711379151525634e+00
9.064238045396205701e-01 7.650937438132292989e+00
9.367300129581793700e-01 7.096512387099962460e+00
9.680495070650749767e-01 6.580718314556674109e+00
1.000416165987385808e+00 6.100976026729840740e+00
1.033865001598128330e+00 5.654867501398015861e+00
1.068432196389532240e+00 5.240143501134419068e+00
1.104155142612600837e+00 4.854726583431706821e+00
1.141072482725305592e+00 4.496668056076503994e+00
1.179224151193147607e+00 4.164127325611903352e+00
1.218651417687333982e+00 3.855355102302173265e+00
1.259396931727273516e+00 3.568713248198540189e+00
1.301504768815691548e+00 3.302677434177498483e+00
1.345020478116276896e+00 3.055838130525132978e+00
1.389991131725407447e+00 2.826877893142447196e+00
1.436465375591293947e+00 2.614559750049561870e+00
1.484493482135585296e+00 2.417716501307893395e+00
1.534127404634392455e+00 2.235257350356809614e+00
1.585420833417506836e+00 2.066167029587689719e+00
1.638429253946665609e+00 1.909504369804791990e+00
1.693210006835640158e+00 1.764392114961704561e+00
1.749822349877109051e+00 1.630010983307899064e+00
1.808327522143368116e+00 1.505594651466689138e+00
1.868788810230267217e+00 1.390428556392948378e+00
1.931271616715998229e+00 1.283847242133701494e+00
1.995843530908793184e+00 1.185231196101337314e+00
2.062574401960084458e+00 1.094003813806376790e+00
2.131536414422164238e+00 1.009628585357968733e+00
2.202804166332139602e+00 9.316065079688212736e-01
2.276454749906602792e+00 8.594735343057923194e-01
2.352567834934338631e+00 7.927982060676403986e-01
2.431225754957225149e+00 7.311794150408111870e-01
2.512513596332623944e+00 6.742444370871011339e-01
2.596519290273538783e+00 6.216470468807573369e-01
2.683333707966161441e+00 5.730656968362440873e-01
2.773050758867611432e+00 5.282018577233392742e-01
2.865767492290306695e+00 4.867784460327595486e-01
2.961584202382770314e+00 4.485382900456275079e-01
3.060604536620467719e+00 4.132428082741692599e-01
3.162935607924048931e+00 3.806707530947920914e-01
3.268688110526199786e+00 3.506169838558297336e-01
3.377976439712552459e+00 3.228913505222747449e-01
3.490918815566087297e+00 2.973176493469574244e-01
3.607637410848952619e+00 2.737326399117072651e-01
3.728258483159945236e+00 2.519851225010175111e-01
3.852912511510727001e+00 2.319350766925473428e-01
3.981734337468417539e+00 2.134528476439182532e-01
4.114863311017320058e+00 1.964184136706074724e-01
4.252443441297450555e+00 1.807207048559727192e-01
4.394623552383071896e+00 1.662569429138186228e-01
4.541557444269631816e+00 1.529320484656695456e-01
4.693404059243289517e+00 1.406580934738507760e-01
4.850327653813030437e+00 1.293537775765254139e-01
5.012497976391239618e+00 1.189439434288601938e-01
5.180090450915090017e+00 1.093591269681386396e-01
5.353286366607249214e+00 1.005351364109867002e-01
5.532273074081278885e+00 9.241266344026773105e-02
5.717244188003695271e+00 8.493692302744718092e-02
5.908399796532135539e+00 7.805731312389226073e-02
6.105946677756002750e+00 7.172710445462671114e-02
6.310098523373801171e+00 6.590315635582789933e-02
6.521076169849157722e+00 6.054564423842210413e-02
6.739107837295406966e+00 5.561781119381228183e-02
6.964429376347387013e+00 5.108574203180898249e-02
7.197284523287298619e+00 4.691815194961027058e-02
7.437925163700752407e+00 4.308618705367092683e-02
7.686611604948010879e+00 3.956323517014670443e-02
7.943612857745410594e+00 3.632475066853203816e-02
8.209206927161357470e+00 3.334809683530755298e-02
8.483681113341843272e+00 3.061240745406493616e-02
8.767332322290526392e+00 2.809845219316671125e-02
9.060467387039910392e+00 2.578851102423022554e-02
9.363403399560734641e+00 2.366625689966474211e-02
9.676468053768756405e+00 2.171664952787138655e-02
1.000000000000001243e+01 1.992583648280693218e-02
