2.000000000000000164e-05 9.223346466644427366e+00
2.066869842267550072e-05 9.519943644175935304e+00
2.135975472437544027e-05 9.826081097143163134e+00
2.207391643902171255e-05 1.014206051992120550e+01
2.281195609427394449e-05 1.046820110239261226e+01
2.357467204719313169e-05 1.080482945953393781e+01
2.436288934784564352e-05 1.115228041501465484e+01
2.517746063178175121e-05 1.151090664044045475e+01
2.601926704235410016e-05 1.188106476358106711e+01
2.688921918387384303e-05 1.226312317072477143e+01
2.778825810663545582e-05 1.265747029008781332e+01
2.871735632487579741e-05 1.306449357714808812e+01
2.967751886876853870e-05 1.348460759573609202e+01
3.066978437159193627e-05 1.391822956405788858e+01
3.169522619324599853e-05 1.436579360918973514e+01
3.275495358133433647e-05 1.482774916995545134e+01
3.385011287106671010e-05 1.530455950802269172e+01
3.498188872528021299e-05 1.579669929301793907e+01
3.615150541592045298e-05 1.630466418050746569e+01
3.736022814836899319e-05 1.682896329309627248e+01
3.860936443004954884e-05 1.737011968968416298e+01
3.990026548479344494e-05 1.792867430300372078e+01
4.123432771449419843e-05 1.850518741607832851e+01
4.261299420963254024e-05 1.910023831114845905e+01
4.403775631030562105e-05 1.971442357945536372e+01
4.551015521944909301e-05 2.034835255878191163e+01
4.703178366999723984e-05 2.100266348371296843e+01
4.860428764778435972e-05 2.167801145985423261e+01
5.022936817205134787e-05 2.237507166959358074e+01
5.190878313548323190e-05 2.309454176729628827e+01
5.364434920576834987e-05 2.383713888771524125e+01
5.543794379073590958e-05 2.460361875397200038e+01
5.729150706919781900e-05 2.539472978234515921e+01
5.920704408969155763e-05 2.621127751942895756e+01
6.118662693939432690e-05 2.705406748817658524e+01
6.323239698555469304e-05 2.792395289942190217e+01
6.534656719186627638e-05 2.882180382785926653e+01
6.753142451228926792e-05 2.974851398596119978e+01
6.978933236490913268e-05 3.070500549409216973e+01
7.212273318850868345e-05 3.169225206527154626e+01
7.453415108461877573e-05 3.271121948269867374e+01
7.702619454790587906e-05 3.376294000713161836e+01
7.960155928784993205e-05 3.484845681512240390e+01
8.226303114476471348e-05 3.596885932557319165e+01
8.501348910331518868e-05 3.712527227491116832e+01
8.785590840679157983e-05 3.831884352549148076e+01
9.079336377550881697e-05 3.955076280594678195e+01
9.382903273281309529e-05 4.082226830767282166e+01
9.696619904229312483e-05 4.213462044638491477e+01
1.002082562599141270e-04 4.348913858547237510e+01
1.035587114049174785e-04 4.488717518012804675e+01
1.070211887534562421e-04 4.633010921839206731e+01
1.105994337590709140e-04 4.781940222210695879e+01
1.142973171042456330e-04 4.935651384126418151e+01
1.181188388874281471e-04 5.094299812769396141e+01
1.220681329500424115e-04 5.258042750017123268e+01
1.261494713481742377e-04 5.427044090885969752e+01
1.303672689737678670e-04 5.601470005348043202e+01
1.347260883303314362e-04 5.781496089930596582e+01
1.392306444683180742e-04 5.967300482722524180e+01
1.438858100855209437e-04 6.159067743825565344e+01
1.486966207979997041e-04 6.356988229625853393e+01
1.536682805872396744e-04 6.561261583868983394e+01
1.588061674294368483e-04 6.772085557340702167e+01
1.641158391129971276e-04 6.989672039275676241e+01
1.696030392505434848e-04 7.214237504271545731e+01
1.752737034919339915e-04 7.446003749756644652e+01
1.811339659450114388e-04 7.685197094106658255e+01
1.871901658110307874e-04 7.932059202497775630e+01
1.934488542419408646e-04 8.186831445648761019e+01
1.999168014269393128e-04 8.449765030879552796e+01
2.066010039159656652e-04 8.721119573331891672e+01
2.135086921880547338e-04 9.001160541752646793e+01
2.206473384727377968e-04 9.290167983270961827e+01
2.280246648329511538e-04 9.588422929979194009e+01
2.356486515181963309e-04 9.896218863175045044e+01
2.435275455969876748e-04 1.021385678385259013e+02
2.516698698779247295e-04 1.054164865302703191e+02
2.600844321290405573e-04 1.087991253053432956e+02
2.687803346053976817e-04 1.122898316471502795e+02
2.777669838952388651e-04 1.158919280293780787e+02
2.870541010953427292e-04 1.196089877424269048e+02
2.966517323265922064e-04 1.234445994011345107e+02
3.065702596011295341e-04 1.274024586211024825e+02
3.168204120528543403e-04 1.314863682028072276e+02
3.274132775434116785e-04 1.357003190837255318e+02
3.383603146562264279e-04 1.400483444811127356e+02
3.496733650915567022e-04 1.445345678969517280e+02
3.613646664759745386e-04 1.491633109115508091e+02
3.734468656001317080e-04 1.539389753941330525e+02
3.859330320991275886e-04 1.588660549657759304e+02
3.988366725902805230e-04 1.639492707414603672e+02
4.121717452835938129e-04 1.691934282604115367e+02
4.259526750807212541e-04 1.746033561113717383e+02
4.401943691787655547e-04 1.801841371104437997e+02
4.549122331957894719e-04 1.859410220388356265e+02
4.701221878354804149e-04 1.918792447273387438e+02
4.858406861089974399e-04 1.980043848535491122e+02
5.020847311326308640e-04 2.043219524843506747e+02
5.188718945205230424e-04 2.108377550045882742e+02
5.362203353923492141e-04 2.175576232699384889e+02
5.541488200165187389e-04 2.244876354236967586e+02
5.726767421101455150e-04 2.316339564400271911e+02
5.918241438177454907e-04 2.390029384956881415e+02
6.116117373913557359e-04 2.466010618744805356e+02
6.320609275955268004e-04 2.544349449528210698e+02
6.531938348614238542e-04 2.625112620372142374e+02
6.750333192150836329e-04 2.708370302344479228e+02
6.976030050057104547e-04 2.794192619995545215e+02
7.209273064607610694e-04 2.882650557751944689e+02
7.450314540954613768e-04 2.973818820313018136e+02
7.699415220053250396e-04 3.067770815044071924e+02
7.956844560711916160e-04 3.164583553305017745e+02
8.222881031073025473e-04 3.264332853916329782e+02
8.497812409839368810e-04 3.367098645075808463e+02
8.781936097571961097e-04 3.472958824938468183e+02
9.075559438396131216e-04 3.581995501841877285e+02
9.379000052463793693e-04 3.694289662473345288e+02
9.692586179531593148e-04 3.809923460345264630e+02
1.001665703402655023e-03 3.928980988908394352e+02
1.035156317198330069e-03 4.051547017955393244e+02
1.069766687024985286e-03 4.177705514502790152e+02
1.105534251837205851e-03 4.307542393363588644e+02
1.142497702358069404e-03 4.441143083820446691e+02
1.180697022931930960e-03 4.578593808340306737e+02
1.220173534776542454e-03 4.719980688814201244e+02
1.260969940681316284e-03 4.865390278443013585e+02
1.303130371200056587e-03 5.014907338440704621e+02
1.346700432388157767e-03 5.168617573436279145e+02
1.391727255135877424e-03 5.326604624823571612e+02
1.438259546151070007e-03 5.488953880572651087e+02
1.486347640646530459e-03 5.655746336224442530e+02
1.536043556788919398e-03 5.827060379105441825e+02
1.587401051968200579e-03 6.002978671638771857e+02
1.640475680948428249e-03 6.183575123995666445e+02
1.695324855962815390e-03 6.368922291090560748e+02
1.752007908818060174e-03 6.559093005262383258e+02
1.810586155075142928e-03 6.754151038416906658e+02
1.871122960375984270e-03 6.954162490406798725e+02
1.933683808987751848e-03 7.159182422726540835e+02
1.998336374638913938e-03 7.369263971037516967e+02
2.065150593723721201e-03 7.584456363334288653e+02
2.134198740954243185e-03 7.804798863643117102e+02
2.205555507541849362e-03 8.030325458370011802e+02
2.279298081992675151e-03 8.261067327369626128e+02
2.355506233604463730e-03 8.497037876071301525e+02
2.434262398755145627e-03 8.738253129232381298e+02
2.515651770076436904e-03 8.984710582050203129e+02
2.599762388608985089e-03 9.236406355677610236e+02
2.686685239038679764e-03 9.493322696298274650e+02
2.776514348117217236e-03 9.755434628772983388e+02
2.869346886373309435e-03 1.002269945549629369e+03
2.965283273224645581e-03 1.029507144914604623e+03
3.064427285604211931e-03 1.057248726787935084e+03
3.166886170218578649e-03 1.085487246960535003e+03
3.272770759559481216e-03 1.114214505942292590e+03
3.382195591794276077e-03 1.143419965081423697e+03
3.495279034664920681e-03 1.173092643687717782e+03
3.612143413529477973e-03 1.203219445067660672e+03
3.732915143684721951e-03 1.233786059419179765e+03
3.857724867112893516e-03 1.264777158666383912e+03
3.986707593800617976e-03 1.296174995383946907e+03
4.120002847782761740e-03 1.327961075297699153e+03
4.257754818069308354e-03 1.360114493100878008e+03
4.400112514618404608e-03 1.392613176244664828e+03
4.547229929524409554e-03 1.425433225098368212e+03
4.699266203595197679e-03 1.458548982447253366e+03
4.856385798499019031e-03 1.491932425937347261e+03
5.018758674667020935e-03 1.525554115219121286e+03
5.186560475143959549e-03 1.559382251441977814e+03
5.359972715585955248e-03 1.593382959238238527e+03
5.539182980610755057e-03 1.627520167257675439e+03
5.724385126713026593e-03 1.661755188178952267e+03
5.915779491964028892e-03 1.696047158876925550e+03
6.113573112722652143e-03 1.730352469159948441e+03
6.317979947592099882e-03 1.764624634825370322e+03
6.529221108864616957e-03 1.798814476329682748e+03
6.747525101704480652e-03 1.832870155073150045e+03
6.973128071328140755e-03 1.866736288446803655e+03
7.206274058448705437e-03 1.900354963892997148e+03
7.447215263261310406e-03 1.933664822588222705e+03
7.696212318254701257e-03 1.966601641210919070e+03
7.953534570144332738e-03 1.999098125766453904e+03
8.219460371231864307e-03 2.031083718697171435e+03
8.494277380506187053e-03 2.062483658739682596e+03
8.778282874811823774e-03 2.093221230377561369e+03
9.071784070421121463e-03 2.123215805635613833e+03
9.375098455358292851e-03 2.152383937273940319e+03
9.688554132834568261e-03 2.180639044984328393e+03
1.001249017616620725e-02 2.207891137560712195e+03
1.034725699555901803e-02 2.234046706549513601e+03
1.069321671715643858e-02 2.259010211118079951e+03
1.105074357476093505e-02 2.282682786986318206e+03
1.142022431465263173e-02 2.304962993459025711e+03
1.180205861394306721e-02 2.325746705841700987e+03
1.219665951291643881e-02 2.344928457555913155e+03
1.260445386182631328e-02 2.362399127791430601e+03
1.302588278263077520e-02 2.378050755577117343e+03
1.346140214616583890e-02 2.391771754164636150e+03
1.391148306527291781e-02 2.403452218508403348e+03
1.437661240441416924e-02 2.412981817615641376e+03
1.485729330632660182e-02 2.420249977378350195e+03
1.535404573628500365e-02 2.425150766799972644e+03
1.586740704456205894e-02 2.427579362115205640e+03
1.639793254769450481e-02 2.427435193165583769e+03
1.694619612918364313e-02 2.424623500028063518e+03
1.751279086028037155e-02 2.419055287642162966e+03
1.809832964152614798e-02 2.410652969953970114e+03
1.870344586574363213e-02 2.399344946706637074e+03
1.932879410319460894e-02 2.385074008595918258e+03
1.997505080964588620e-02 2.367796092882646462e+03
2.064291505810955316e-02 2.347483060326538180e+03
2.133310929504865505e-02 2.324124800978122039e+03
2.204638012186681956e-02 2.297731038401923342e+03
2.278349910252664909e-02 2.268333517766578552e+03
2.354526359817107548e-02 2.235988313128609661e+03
2.433249762964985810e-02 2.200777709973951914e+03
2.514605276888498206e-02 2.162812129178791565e+03
2.598680906003840441e-02 2.122230375156615082e+03
2.685567597147924673e-02 2.079201274728779481e+03
2.775359337957988490e-02 2.033925983934951773e+03
2.868153258540498754e-02 1.986634766734950063e+03
2.964049736539381419e-02 1.937588927106764231e+03
3.063152505717161092e-02 1.887076527830691475e+03
3.165568768166540647e-02 1.835414170684537567e+03
3.271409310273729054e-02 1.782938732234782719e+03
3.380788622559029871e-02 1.730007029343621980e+03
3.493825023524253087e-02 1.676989389748437134e+03
3.610640787640997940e-02 1.624262421746744621e+03
3.731362277618164441e-02 1.572203343194952367e+03
3.856120081091872487e-02 1.521181409267885556e+03
3.985049151885547425e-02 1.471549837135518374e+03
4.118288955993056055e-02 1.423635751599415471e+03
4.255983622442782027e-02 1.377731336443599048e+03
4.398282099205792772e-02 1.334084241807158605e+03
4.545338314316834522e-02 1.292887014624208177e+03
4.697311342382341770e-02 1.254267958274469493e+03
4.854365576655684383e-02 1.218281438456715478e+03
5.016670906865677154e-02 1.184900602353995737e+03
5.184402902990837420e-02 1.154008543855344442e+03
5.357743005178047802e-02 1.125394253787507978e+03
5.536878720011212396e-02 1.098749046954036203e+03
5.722003823342062395e-02 1.073668625775482269e+03
5.913318569902666078e-02 1.049660539634854331e+03
6.111029909926251474e-02 1.026155367061510333e+03
6.315351713010779189e-02 1.002531279820195550e+03
6.526504999467336310e-02 9.781435787389721099e+02
6.744718179403717817e-02 9.523669899590217938e+02
6.970227299801623477e-02 9.246454884984841556e+02
7.203276299854979858e-02 8.945459731152868699e+02
7.444117274845411802e-02 8.618152111983093846e+02
7.693010748840443946e-02 8.264281146705136507e+02
7.950225956509210379e-02 7.886202575177771905e+02
8.216041134360790865e-02 7.488990087957147352e+02
8.490743821719984319e-02 7.080229139211990059e+02
8.774631171766281157e-02 6.669495006042366185e+02
9.068010272972255870e-02 6.267541024508902865e+02
9.371198481289348681e-02 5.885259421317618944e+02
9.684523763440215649e-02 5.532560689034694406e+02
1.000832505168899600e-01 5.217286595883217615e+02
1.034295261047340625e-01 4.944286715346842129e+02
1.068876841529496080e-01 4.714746148621166526e+02
1.104614654427753945e-01 4.525803332494580786e+02
1.141547358281756464e-01 4.370546379889871673e+02
1.179714904176376727e-01 4.238442440838667835e+02
1.219158578957853512e-01 4.116374581950580023e+02
1.259921049894874856e-01 3.990353085772217128e+02
1.302046410832891354e-01 3.847865632213969889e+02
1.345580229891604751e-01 3.680484445817248229e+02
1.390569598757198100e-01 3.486063549534014783e+02
1.437063183622670492e-01 3.269688410556877329e+02
1.485111277831346888e-01 3.042807382376493592e+02
1.534765856280515817e-01 2.820536797179496489e+02
1.586080631644066208e-01 2.617865337596244331e+02
1.639111112474894438e-01 2.445884431171927815e+02
1.693914663249987407e-01 2.309056171159119231e+02
1.750550566423093313e-01 2.204104632263726273e+02
1.809080086552135869e-01 2.120749388542234044e+02
1.869566536570689830e-01 2.044378553175013451e+02
1.932075346275276828e-01 1.960479015912675038e+02
1.996674133102498971e-01 1.859787843859829763e+02
2.063432775272630582e-01 1.741996018412802982e+02
2.132423487378718452e-01 1.615763689328749990e+02
2.203720898503036263e-01 1.494538675920817070e+02
2.277402132945338109e-01 1.390199136514277427e+02
2.353546893650253491e-01 1.307747243488044830e+02
2.432237548424092122e-01 1.243448270409415812e+02
2.513559219034258718e-01 1.187105323591754598e+02
2.597599873287743666e-01 1.127654846776202504e+02
2.684450420188219666e-01 1.059466222166995948e+02
2.774204808274743361e-01 9.853447467411160687e+01
2.866960127248350254e-01 9.137643130096755328e+01
2.962816712996577673e-01 8.523230386345396425e+01
3.061878256129444420e-01 8.024589489867362602e+01
3.164251914144354805e-01 7.591707711576444240e+01
3.270048427341168962e-01 7.156439847794877096e+01
3.379382238612947953e-01 6.689986693615691138e+01
3.492371617241852855e-01 6.220601423903475080e+01
3.609138786834163448e-01 5.796111133301236862e+01
3.729810057532814693e-01 5.433136874565042262e+01
3.854515962650386651e-01 5.105905209057602434e+01
3.983391399870480631e-01 4.781172676209851602e+01
4.116575777170102257e-01 4.455325817292995083e+01
4.254213163620995108e-01 4.150020977837661462e+01
4.396452445232932327e-01 3.878063825480799665e+01
4.543447486007690661e-01 3.628472908858601187e+01
4.695357294377799362e-01 3.386603878679396473e+01
4.852346195210218704e-01 3.154140217634770949e+01
5.014584007560848322e-01 2.940108229291804776e+01
5.182246228372336949e-01 2.743626526877775262e+01
5.355514222313770833e-01 2.557559295430086976e+01
5.534575417967635413e-01 2.381120888260322843e+01
5.719623510576314906e-01 2.217481277337521917e+01
5.910858671567322808e-01 2.065454707211351959e+01
6.108487765084068544e-01 1.922301163180656403e+01
6.312724571756275216e-01 1.788328331995634812e+01
6.523790019952193653e-01 1.663778430332127201e+01
6.741912424762606104e-01 1.547299149271145779e+01
6.967327734975364839e-01 1.438398345072969242e+01
7.200279788307419881e-01 1.336898208698782042e+01
7.441020575170596008e-01 1.242285239860150625e+01
7.689810511256225389e-01 1.154062082879703155e+01
7.946918719233755368e-01 1.071795049193317695e+01
8.212623319867858873e-01 9.951167443594561846e+00
8.487211732869031078e-01 9.236820334193296844e+00
8.770980987803161932e-01 8.571608062621494994e+00
9.064238045396205701e-01 7.952362316117207897e+00
9.367300129581793700e-01 7.376094519898739321e+00
9.680495070650749767e-01 6.839979340570717881e+00
1.000416165987385808e+00 6.341336185720115814e+00
1.033865001598128330e+00 5.877651986589899735e+00
1.068432196389532240e+00 5.446588985796563698e+00
1.104155142612600837e+00 5.045987817412822096e+00
1.141072482725305592e+00 4.673822935400578693e+00
1.179224151193147607e+00 4.328181180843911235e+00
1.218651417687333982e+00 4.007244334101190297e+00
1.259396931727273516e+00 3.709309713821786758e+00
1.301504768815691548e+00 3.432792921442908263e+00
1.345020478116276896e+00 3.176228852999399166e+00
1.389991131725407447e+00 2.938248126123476300e+00
1.436465375591293947e+00 2.717565044195424218e+00
1.484493482135585296e+00 2.512966528809442046e+00
1.534127404634392455e+00 2.323318905803963830e+00
1.585420833417506836e+00 2.147566951269655355e+00
1.638429253946665609e+00 1.984732352546155321e+00
1.693210006835640158e+00 1.833903222511074960e+00
1.749822349877109051e+00 1.694227958769279008e+00
1.808327522143368116e+00 1.564910048966048350e+00
1.868788810230267217e+00 1.445206788858367730e+00
1.931271616715998229e+00 1.334426514350506077e+00
1.995843530908793184e+00 1.231925315656843933e+00
2.062574401960084458e+00 1.137103879714953747e+00
2.131536414422164238e+00 1.049404563641745058e+00
2.202804166332139602e+00 9.683086997665554252e-01
2.276454749906602792e+00 8.933339517190643786e-01
2.352567834934338631e+00 8.240318584207475539e-01
2.431225754957225149e+00 7.599855087936389086e-01
2.512513596332623944e+00 7.008074953463939716e-01
2.596519290273538783e+00 6.461379517390758442e-01
2.683333707966161441e+00 5.956426519211410753e-01
2.773050758867611432e+00 5.490112944338538803e-01
2.865767492290306695e+00 5.059558756087708664e-01
2.961584202382770314e+00 4.662091140807007039e-01
3.060604536620467719e+00 4.295230561230100053e-01
3.162935607924048931e+00 3.956677545832683607e-01
3.268688110526199786e+00 3.644299792948286210e-01
3.377976439712552459e+00 3.356120730425193877e-01
3.490918815566087297e+00 3.090308785254388679e-01
3.607637410848952619e+00 2.845167185266869736e-01
3.728258483159945236e+00 2.619124342158316021e-01
3.852912511510727001e+00 2.410724878312695552e-01
3.981734337468417539e+00 2.218621211253920256e-01
4.114863311017320058e+00 2.041565905042062035e-01
4.252443441297450555e+00 1.878404544582283897e-01
4.394623552383071896e+00 1.728068821328305749e-01
4.541557444269631816e+00 1.589570413988228847e-01
4.693404059243289517e+00 1.461995354329025110e-01
4.850327653813030437e+00 1.344498618310228100e-01
5.012497976391239618e+00 1.236299063411249177e-01
5.180090450915090017e+00 1.136674713476620024e-01
5.353286366607249214e+00 1.044958381061250330e-01
5.532273074081278885e+00 9.605336289212521028e-02
5.717244188003695271e+00 8.828310300749163397e-02
5.908399796532135539e+00 8.113246242091654015e-02
6.105946677756002750e+00 7.455286969820990040e-02
6.310098523373801171e+00 6.849948361382023065e-02
6.521076169849157722e+00 6.293090971044326687e-02
6.739107837295406966e+00 5.780894212476535288e-02
6.964429376347387013e+00 5.309832892302907004e-02
7.197284523287298619e+00 4.876655263537246765e-02
7.437925163700752407e+00 4.478362284251369285e-02
7.686611604948010879e+00 4.112187915843912300e-02
7.943612857745410594e+00 3.775580927773457274e-02
8.209206927161357470e+00 3.466188514103464569e-02
8.483681113341843272e+00 3.181841882125589077e-02
8.767332322290526392e+00 2.920542241164660741e-02
9.060467387039910392e+00 2.680447748871116198e-02
9.363403399560734641e+00 2.459861355146605866e-02
9.676468053768756405e+00 2.257219779178214550e-02
1.000000000000001243e+01 2.071083234377063889e-02
