2.000000000000000164e-05 1.553172834556313830e+01
2.066869842267550072e-05 1.603118756219781460e+01
2.135975472437544027e-05 1.654670560288614212e+01
2.207391643902171255e-05 1.707880209413938388e+01
2.281195609427394449e-05 1.762801003237433761e+01
2.357467204719313169e-05 1.819487474219474521e+01
2.436288934784564352e-05 1.877996971306937368e+01
2.517746063178175121e-05 1.938387899010519178e+01
2.601926704235410016e-05 2.000720717184551134e+01
2.688921918387384303e-05 2.065057964591482786e+01
2.778825810663545582e-05 2.131463683883921689e+01
2.871735632487579741e-05 2.200005052133701255e+01
2.967751886876853870e-05 2.270750099551123569e+01
3.066978437159193627e-05 2.343770235568678828e+01
3.169522619324599853e-05 2.419138062403114020e+01
3.275495358133433647e-05 2.496928629700705216e+01
3.385011287106671010e-05 2.577222009428105665e+01
3.498188872528021299e-05 2.660096099608617237e+01
3.615150541592045298e-05 2.745634953366583986e+01
3.736022814836899319e-05 2.833924134043236265e+01
3.860936443004954884e-05 2.925052477403487927e+01
3.990026548479344494e-05 3.019110143776303090e+01
4.123432771449419843e-05 3.116192495020728970e+01
4.261299420963254024e-05 3.216395948029571628e+01
4.403775631030562105e-05 3.319821336358283759e+01
4.551015521944909301e-05 3.426572053036662879e+01
4.703178366999723984e-05 3.536754686919469748e+01
4.860428764778435972e-05 3.650480047177037335e+01
5.022936817205134787e-05 3.767861032432315227e+01
5.190878313548323190e-05 3.889015688609881494e+01
5.364434920576834987e-05 4.014065458912266848e+01
5.543794379073590958e-05 4.143135711905983243e+01
5.729150706919781900e-05 4.276354335744576929e+01
5.920704408969155763e-05 4.413856339153101516e+01
6.118662693939432690e-05 4.555777662340730672e+01
6.323239698555469304e-05 4.702261963921668553e+01
6.534656719186627638e-05 4.853453786897708966e+01
6.753142451228926792e-05 5.009506597515108695e+01
6.978933236490913268e-05 5.170573263076724402e+01
7.212273318850868345e-05 5.336818585172863294e+01
7.453415108461877573e-05 5.508406876562074928e+01
7.702619454790587906e-05 5.685508144481698878e+01
7.960155928784993205e-05 5.868302638506641955e+01
8.226303114476471348e-05 6.056970929822195160e+01
8.501348910331518868e-05 6.251701157596790637e+01
8.785590840679157983e-05 6.452689779774556200e+01
9.079336377550881697e-05 6.660135648172557410e+01
9.382903273281309529e-05 6.874246090916965102e+01
9.696619904229312483e-05 7.095236413658722086e+01
1.002082562599141270e-04 7.323325626160452373e+01
1.035587114049174785e-04 7.558740834574557255e+01
1.070211887534562421e-04 7.801719256374855149e+01
1.105994337590709140e-04 8.052500976494221163e+01
1.142973171042456330e-04 8.311336082917306101e+01
1.181188388874281471e-04 8.578484088129758334e+01
1.220681329500424115e-04 8.854208961922198284e+01
1.261494713481742377e-04 9.138787124036929299e+01
1.303672689737678670e-04 9.432502049826679524e+01
1.347260883303314362e-04 9.735640844089608947e+01
1.392306444683180742e-04 1.004851294030698767e+02
1.438858100855209437e-04 1.037142391022442496e+02
1.486966207979997041e-04 1.070469491338671304e+02
1.536682805872396744e-04 1.104865978053912983e+02
1.588061674294368483e-04 1.140365558369197458e+02
1.641158391129971276e-04 1.177003718218934409e+02
1.696030392505434848e-04 1.214816732899598719e+02
1.752737034919339915e-04 1.253841832235121103e+02
1.811339659450114388e-04 1.294117723717037904e+02
1.871901658110307874e-04 1.335684473981095834e+02
1.934488542419408646e-04 1.378582809170679866e+02
1.999168014269393128e-04 1.422854875669323178e+02
2.066010039159656652e-04 1.468544802189647100e+02
2.135086921880547338e-04 1.515697324534671111e+02
2.206473384727377968e-04 1.564358727933475564e+02
2.280246648329511538e-04 1.614576963288912168e+02
2.356486515181963309e-04 1.666400850671861349e+02
2.435275455969876748e-04 1.719881691580033589e+02
2.516698698779247295e-04 1.775071320430368189e+02
2.600844321290405573e-04 1.832023864480116515e+02
2.687803346053976817e-04 1.890794799471913734e+02
2.777669838952388651e-04 1.951441284763298825e+02
2.870541010953427292e-04 2.014021851901476623e+02
2.966517323265922064e-04 2.078597474140102577e+02
3.065702596011295341e-04 2.145230067359702275e+02
3.168204120528543403e-04 2.213984777313583550e+02
3.274132775434116785e-04 2.284927095596816002e+02
3.383603146562264279e-04 2.358124798126825397e+02
3.496733650915567022e-04 2.433648237273485506e+02
3.613646664759745386e-04 2.511569390795897050e+02
3.734468656001317080e-04 2.591962153343000068e+02
3.859330320991275886e-04 2.674902873396212613e+02
3.988366725902805230e-04 2.760469506992716902e+02
4.121717452835938129e-04 2.848742538142145690e+02
4.259526750807212541e-04 2.939804171747598502e+02
4.401943691787655547e-04 3.033740465105071848e+02
4.549122331957894719e-04 3.130636912894515831e+02
4.701221878354804149e-04 3.230584067195027842e+02
4.858406861089974399e-04 3.333672601813060510e+02
5.020847311326308640e-04 3.439998092296378900e+02
5.188718945205230424e-04 3.549654929772869991e+02
5.362203353923492141e-04 3.662743482791119050e+02
5.541488200165187389e-04 3.779364300584669536e+02
5.726767421101455150e-04 3.899621513962052290e+02
5.918241438177454907e-04 4.023620802211671048e+02
6.116117373913557359e-04 4.151470112414330060e+02
6.320609275955268004e-04 4.283281861062000075e+02
6.531938348614238542e-04 4.419168682677728839e+02
6.750333192150836329e-04 4.559245212198765671e+02
6.976030050057104547e-04 4.703630018914906827e+02
7.209273064607610694e-04 4.852444813986908230e+02
7.450314540954613768e-04 5.005811524699303732e+02
7.699415220053250396e-04 5.163853858188261938e+02
7.956844560711916160e-04 5.326701435473206629e+02
8.222881031073025473e-04 5.494482125538240780e+02
8.497812409839368810e-04 5.667327221807329352e+02
8.781936097571961097e-04 5.845371523483502187e+02
9.075559438396131216e-04 6.028747463874967707e+02
9.379000052463793693e-04 6.217596267627205862e+02
9.692586179531593148e-04 6.412052060861727796e+02
1.001665703402655023e-03 6.612258263543998282e+02
1.035156317198330069e-03 6.818355935527608835e+02
1.069766687024985286e-03 7.030484913049892839e+02
1.105534251837205851e-03 7.248793378555635627e+02
1.142497702358069404e-03 7.473418875857753392e+02
1.180697022931930960e-03 7.704511714522028569e+02
1.220173534776542454e-03 7.942214763355058267e+02
1.260969940681316284e-03 8.186672726929368764e+02
1.303130371200056587e-03 8.438027394973356650e+02
1.346700432388157767e-03 8.696425015627314679e+02
1.391727255135877424e-03 8.962005092562201298e+02
1.438259546151070007e-03 9.234907336558266024e+02
1.486347640646530459e-03 9.515271135576123243e+02
1.536043556788919398e-03 9.803228569841359104e+02
1.587401051968200579e-03 1.009891055637848240e+03
1.640475680948428249e-03 1.040244529165776157e+03
1.695324855962815390e-03 1.071395447142209377e+03
1.752007908818060174e-03 1.103355356577730390e+03
1.810586155075142928e-03 1.136135144207913754e+03
1.871122960375984270e-03 1.169745520472031103e+03
1.933683808987751848e-03 1.204195400263401780e+03
1.998336374638913938e-03 1.239493871039558371e+03
2.065150593723721201e-03 1.275648506652586775e+03
2.134198740954243185e-03 1.312665790884321268e+03
2.205555507541849362e-03 1.350551289917004624e+03
2.279298081992675151e-03 1.389309260495459739e+03
2.355506233604463730e-03 1.428943047930609964e+03
2.434262398755145627e-03 1.469453818012517104e+03
2.515651770076436904e-03 1.510842032435218016e+03
2.599762388608985089e-03 1.553106154568235979e+03
2.686685239038679764e-03 1.596243355459423583e+03
2.776514348117217236e-03 1.640248583771185849e+03
2.869346886373309435e-03 1.685115455623520347e+03
2.965283273224645581e-03 1.730835367780284969e+03
3.064427285604211931e-03 1.777397533511288657e+03
3.166886170218578649e-03 1.824789284191810339e+03
3.272770759559481216e-03 1.872996075091122975e+03
3.382195591794276077e-03 1.922000990400623095e+03
3.495279034664920681e-03 1.971784794862724539e+03
3.612143413529477973e-03 2.022325065269786819e+03
3.732915143684721951e-03 2.073598363689251073e+03
3.857724867112893516e-03 2.125578119297004832e+03
3.986707593800617976e-03 2.178235309558664994e+03
4.120002847782761740e-03 2.231537218502320229e+03
4.257754818069308354e-03 2.285449931208562703e+03
4.400112514618404608e-03 2.339935866453126891e+03
4.547229929524409554e-03 2.394954543708486653e+03
4.699266203595197679e-03 2.450461948309704439e+03
4.856385798499019031e-03 2.506411382197182320e+03
5.018758674667020935e-03 2.562753696892935750e+03
5.186560475143959549e-03 2.619434675138732473e+03
5.359972715585955248e-03 2.676397057219837734e+03
5.539182980610755057e-03 2.733580756216664668e+03
5.724385126713026593e-03 2.790919541479412146e+03
5.915779491964028892e-03 2.848344491037615171e+03
6.113573112722652143e-03 2.905782725689637118e+03
6.317979947592099882e-03 2.963155378050737909e+03
6.529221108864616957e-03 3.020379827916094655e+03
6.747525101704480652e-03 3.077367951260187510e+03
6.973128071328140755e-03 3.134027066965946233e+03
7.206274058448705437e-03 3.190260422148328416e+03
7.447215263261310406e-03 3.245963520674375559e+03
7.696212318254701257e-03 3.301029301226853022e+03
7.953534570144332738e-03 3.355345219087915211e+03
8.219460371231864307e-03 3.408790208759394318e+03
8.494277380506187053e-03 3.461242196177865480e+03
8.778282874811823774e-03 3.512570724046027408e+03
9.071784070421121463e-03 3.562641358303490961e+03
9.375098455358292851e-03 3.611313040122242910e+03
9.688554132834568261e-03 3.658441513851482796e+03
1.001249017616620725e-02 3.703875321339731727e+03
1.034725699555901803e-02 3.747458658756872410e+03
1.069321671715643858e-02 3.789031948786928751e+03
1.105074357476093505e-02 3.828428879894190686e+03
1.142022431465263173e-02 3.865479497309298495e+03
1.180205861394306721e-02 3.900009833401114520e+03
1.219665951291643881e-02 3.931843441843236178e+03
1.260445386182631328e-02 3.960799649975317607e+03
1.302588278263077520e-02 3.986694794888666365e+03
1.346140214616583890e-02 4.009344893178408256e+03
1.391148306527291781e-02 4.028566023090043473e+03
1.437661240441416924e-02 4.044172702403437142e+03
1.485729330632660182e-02 4.055983617454394334e+03
1.535404573628500365e-02 4.063817990893661317e+03
1.586740704456205894e-02 4.067504558404230465e+03
1.639793254769450481e-02 4.066874003852991336e+03
1.694619612918364313e-02 4.061769526761397628e+03
1.751279086028037155e-02 4.052044012599704729e+03
1.809832964152614798e-02 4.037566697240349640e+03
1.870344586574363213e-02 4.018221166661544430e+03
1.932879410319460894e-02 3.993911983910413710e+03
1.997505080964588620e-02 3.964568323541876453e+03
2.064291505810955316e-02 3.930143466972074748e+03
2.133310929504865505e-02 3.890622553472448544e+03
2.204638012186681956e-02 3.846023265541651199e+03
2.278349910252664909e-02 3.796401529648404903e+03
2.354526359817107548e-02 3.741854117035678428e+03
2.433249762964985810e-02 3.682519427774895576e+03
2.514605276888498206e-02 3.618584560113844873e+03
2.598680906003840441e-02 3.550285383599347369e+03
2.685567597147924673e-02 3.477906133494559526e+03
2.775359337957988490e-02 3.401784416858923578e+03
2.868153258540498754e-02 3.322309376010791311e+03
2.964049736539381419e-02 3.239919665515908946e+03
3.063152505717161092e-02 3.155100189112982207e+03
3.165568768166540647e-02 3.068380460155773108e+03
3.271409310273729054e-02 2.980328552049925293e+03
3.380788622559029871e-02 2.891541778897492804e+03
3.493825023524253087e-02 2.802640070023285261e+03
3.610640787640997940e-02 2.714255681920025836e+03
3.731362277618164441e-02 2.627019655766352116e+03
3.856120081091872487e-02 2.541550384919688440e+03
3.985049151885547425e-02 2.458437401887490068e+03
4.118288955993056055e-02 2.378228049428332724e+03
4.255983622442782027e-02 2.301410428990826858e+03
4.398282099205792772e-02 2.228397933747308798e+03
4.545338314316834522e-02 2.159508944359253292e+03
4.697311342382341770e-02 2.094956908803920669e+03
4.854365576655684383e-02 2.034829745697032877e+03
5.016670906865677154e-02 1.979080234426813604e+03
5.184402902990837420e-02 1.927508737842473010e+03
5.357743005178047802e-02 1.879759235554427960e+03
5.536878720011212396e-02 1.835310565468296545e+03
5.722003823342062395e-02 1.793482733387631470e+03
5.913318569902666078e-02 1.753446567478596990e+03
6.111029909926251474e-02 1.714246085196272588e+03
6.315351713010779189e-02 1.674835589718805750e+03
6.526504999467336310e-02 1.634133556624293988e+03
6.744718179403717817e-02 1.591090131441103040e+03
6.970227299801623477e-02 1.544772114054006352e+03
7.203276299854979858e-02 1.494454770542998631e+03
7.444117274845411802e-02 1.439714638901910348e+03
7.693010748840443946e-02 1.380512419340301449e+03
7.950225956509210379e-02 1.317246130887840764e+03
8.216041134360790865e-02 1.250770653616955997e+03
8.490743821719984319e-02 1.182362262948218586e+03
8.774631171766281157e-02 1.113629124592929202e+03
9.068010272972255870e-02 1.046377065786437697e+03
9.371198481289348681e-02 9.824340257069293330e+02
9.684523763440215649e-02 9.234613825354049368e+02
1.000832505168899600e-01 8.707725619440012679e+02
1.034295261047340625e-01 8.251780742609156505e+02
1.068876841529496080e-01 7.868732035537365164e+02
1.104614654427753945e-01 7.553751136493619924e+02
1.141547358281756464e-01 7.295208891897809735e+02
1.179714904176376727e-01 7.075414014804564431e+02
1.219158578957853512e-01 6.872346704690282877e+02
1.259921049894874856e-01 6.662520110331557817e+02
1.302046410832891354e-01 6.424944692252960294e+02
1.345580229891604751e-01 6.145489831799814056e+02
1.390569598757198100e-01 5.820585191983802815e+02
1.437063183622670492e-01 5.458797351029435276e+02
1.485111277831346888e-01 5.079371358493202138e+02
1.534765856280515817e-01 4.707691224505757077e+02
1.586080631644066208e-01 4.368908857192647588e+02
1.639111112474894438e-01 4.081618178464361222e+02
1.693914663249987407e-01 3.853277421755954038e+02
1.750550566423093313e-01 3.678366089710590927e+02
1.809080086552135869e-01 3.539619316026413003e+02
1.869566536570689830e-01 3.412507731213743796e+02
1.932075346275276828e-01 3.272683578267767643e+02
1.996674133102498971e-01 3.104617029024102521e+02
2.063432775272630582e-01 2.907811857330485736e+02
2.132423487378718452e-01 2.696822887922612040e+02
2.203720898503036263e-01 2.494228050442388565e+02
2.277402132945338109e-01 2.319949716134133553e+02
2.353546893650253491e-01 2.182365539657587874e+02
2.432237548424092122e-01 2.075193535427834775e+02
2.513559219034258718e-01 1.981317091789488813e+02
2.597599873287743666e-01 1.882176654619855469e+02
2.684450420188219666e-01 1.768336003914168657e+02
2.774204808274743361e-01 1.644517831685516001e+02
2.866960127248350254e-01 1.524948152742022671e+02
2.962816712996577673e-01 1.422371200245522971e+02
3.061878256129444420e-01 1.339190355046916636e+02
3.164251914144354805e-01 1.267008038063918605e+02
3.270048427341168962e-01 1.194392903332319946e+02
3.379382238612947953e-01 1.116521076921451510e+02
3.492371617241852855e-01 1.038140364935808293e+02
3.609138786834163448e-01 9.672759491457497916e+01
3.729810057532814693e-01 9.067124742918224456e+01
3.854515962650386651e-01 8.521220776089786852e+01
3.983391399870480631e-01 7.979299733529674654e+01
4.116575777170102257e-01 7.435348449333586984e+01
4.254213163620995108e-01 6.925723845574162851e+01
4.396452445232932327e-01 6.471895805573767291e+01
4.543447486007690661e-01 6.055427013677771697e+01
4.695357294377799362e-01 5.651764187612338475e+01
4.852346195210218704e-01 5.263758705418295136e+01
5.014584007560848322e-01 4.906559524381967208e+01
5.182246228372336949e-01 4.578680880232803219e+01
5.355514222313770833e-01 4.268159319222458237e+01
5.534575417967635413e-01 3.973690580870342615e+01
5.719623510576314906e-01 3.700598485047312636e+01
5.910858671567322808e-01 3.446895041259462289e+01
6.108487765084068544e-01 3.207988418774431949e+01
6.312724571756275216e-01 2.984404378123796775e+01
6.523790019952193653e-01 2.776551329778693500e+01
6.741912424762606104e-01 2.582160223450108916e+01
6.967327734975364839e-01 2.400427490946708176e+01
7.200279788307419881e-01 2.231041067561459101e+01
7.441020575170596008e-01 2.073145790550175960e+01
7.689810511256225389e-01 1.925914426750374986e+01
7.946918719233755368e-01 1.788624341164981502e+01
8.212623319867858873e-01 1.660661710250062484e+01
8.487211732869031078e-01 1.541449880195099986e+01
8.770980987803161932e-01 1.430437646097635529e+01
9.064238045396205701e-01 1.327096409474198246e+01
9.367300129581793700e-01 1.230927569703749391e+01
9.680495070650749767e-01 1.141459674768749011e+01
1.000416165987385808e+00 1.058245303626061151e+01
1.033865001598128330e+00 9.808649962287825375e+00
1.068432196389532240e+00 9.089285868781175282e+00
1.104155142612600837e+00 8.420757338868776642e+00
1.141072482725305592e+00 7.799684282117903322e+00
1.179224151193147607e+00 7.222873991314225250e+00
1.218651417687333982e+00 6.687291907982989336e+00
1.259396931727273516e+00 6.190096309737094238e+00
1.301504768815691548e+00 5.728643016824476852e+00
1.345020478116276896e+00 5.300487195018265041e+00
1.389991131725407447e+00 4.903343747896716565e+00
1.436465375591293947e+00 4.535067117911880885e+00
1.484493482135585296e+00 4.193632698810290549e+00
1.534127404634392455e+00 3.877148402711109387e+00
1.585420833417506836e+00 3.583853157840352299e+00
1.638429253946665609e+00 3.312114427276872775e+00
1.693210006835640158e+00 3.060410539698981136e+00
1.749822349877109051e+00 2.827320389262111711e+00
1.808327522143368116e+00 2.611514740569980120e+00
1.868788810230267217e+00 2.411754141200762813e+00
1.931271616715998229e+00 2.226884305315974810e+00
1.995843530908793184e+00 2.055830588698681627e+00
2.062574401960084458e+00 1.897592777471706293e+00
2.131536414422164238e+00 1.751240243995938917e+00
2.202804166332139602e+00 1.615907531335976088e+00
2.276454749906602792e+00 1.490789823812298520e+00
2.352567834934338631e+00 1.375138785467088676e+00
2.431225754957225149e+00 1.268258599887256644e+00
2.512513596332623944e+00 1.169502664501047562e+00
2.596519290273538783e+00 1.078270377003147207e+00
2.683333707966161441e+00 9.940040237278405799e-01
2.773050758867611432e+00 9.161858386960034517e-01
2.865767492290306695e+00 8.443352396423734474e-01
2.961584202382770314e+00 7.780061529066889525e-01
3.060604536620467719e+00 7.167847401448128597e-01
3.162935607924048931e+00 6.602872319657895339e-01
3.268688110526199786e+00 6.081578051464279211e-01
3.377976439712552459e+00 5.600666407104005762e-01
3.490918815566087297e+00 5.157081066204778352e-01
3.607637410848952619e+00 4.747990379951702034e-01
3.728258483159945236e+00 4.370771501379638879e-01
3.852912511510727001e+00 4.022995588249104748e-01
3.981734337468417539e+00 3.702413935939251610e-01
4.114863311017320058e+00 3.406945060602913355e-01
4.252443441297450555e+00 3.134662627629666298e-01
4.394623552383071896e+00 2.883783734991335890e-01
4.541557444269631816e+00 2.652658842162690100e-01
4.693404059243289517e+00 2.439762563155589148e-01
4.850327653813030437e+00 2.243684778215229436e-01
5.012497976391239618e+00 2.063122087656502346e-01
5.180090450915090017e+00 1.896869778515485050e-01
5.353286366607249214e+00 1.743814425052875594e-01
5.532273074081278885e+00 1.602927205562238167e-01
5.717244188003695271e+00 1.473257780745022560e-01
5.908399796532135539e+00 1.353928428057840916e-01
6.105946677756002750e+00 1.244128642350136732e-01
6.310098523373801171e+00 1.143110156820887208e-01
6.521076169849157722e+00 1.050182208410253143e-01
6.739107837295406966e+00 9.647072326762040628e-02
6.964429376347387013e+00 8.860969544070596005e-02
7.197284523287298619e+00 8.138087035935685776e-02
7.437925163700752407e+00 7.473419582742442391e-02
7.686611604948010879e+00 6.862350922303833700e-02
7.943612857745410594e+00 6.300623665511721760e-02
8.209206927161357470e+00 5.784311930467078700e-02
8.483681113341843272e+00 5.309796805454573138e-02
8.767332322290526392e+00 4.873742763952885332e-02
9.060467387039910392e+00 4.473075876276619289e-02
9.363403399560734641e+00 4.104963891900037520e-02
9.676468053768756405e+00 3.766797923800178916e-02
1.000000000000001243e+01 3.456175307552626641e-02
