2.000000000000000164e-05 3.354278907898022055e+01
2.066869842267550072e-05 3.462141341413131812e+01
2.135975472437544027e-05 3.573472672920285476e+01
2.207391643902171255e-05 3.688382917986380960e+01
2.281195609427394449e-05 3.806988277440201784e+01
2.357467204719313169e-05 3.929407050014209801e+01
2.436288934784564352e-05 4.055761761589413084e+01
2.517746063178175121e-05 4.186180050422697008e+01
2.601926704235410016e-05 4.320791267096256405e+01
2.688921918387384303e-05 4.459730263407734441e+01
2.778825810663545582e-05 4.603136174298133199e+01
2.871735632487579741e-05 4.751152862157741197e+01
2.967751886876853870e-05 4.903928757151050633e+01
3.066978437159193627e-05 5.061616544638591364e+01
3.169522619324599853e-05 5.224374348087422248e+01
3.275495358133433647e-05 5.392364232509178379e+01
3.385011287106671010e-05 5.565755024050312016e+01
3.498188872528021299e-05 5.744720314904177627e+01
3.615150541592045298e-05 5.929438017196674338e+01
3.736022814836899319e-05 6.120095102569534617e+01
3.860936443004954884e-05 6.316880734113655649e+01
3.990026548479344494e-05 6.519990859090997048e+01
4.123432771449419843e-05 6.729631442580442524e+01
4.261299420963254024e-05 6.946010346682928116e+01
4.403775631030562105e-05 7.169344517150865670e+01
4.551015521944909301e-05 7.399856542116766889e+01
4.703178366999723984e-05 7.637778057878644233e+01
4.860428764778435972e-05 7.883346765730522065e+01
5.022936817205134787e-05 8.136807504817872427e+01
5.190878313548323190e-05 8.398412455995084258e+01
5.364434920576834987e-05 8.668425637899011349e+01
5.543794379073590958e-05 8.947116894755545502e+01
5.729150706919781900e-05 9.234759674867562751e+01
5.920704408969155763e-05 9.531649542610804815e+01
6.118662693939432690e-05 9.838075604215818259e+01
6.323239698555469304e-05 1.015434470782787031e+02
6.534656719186627638e-05 1.048077565033103440e+02
6.753142451228926792e-05 1.081769296026065490e+02
6.978933236490913268e-05 1.116543152681027777e+02
7.212273318850868345e-05 1.152434038867044990e+02
7.453415108461877573e-05 1.189477544848056567e+02
7.702619454790587906e-05 1.227710565843378845e+02
7.960155928784993205e-05 1.267171248610095944e+02
8.226303114476471348e-05 1.307898882214888658e+02
8.501348910331518868e-05 1.349933993850086438e+02
8.785590840679157983e-05 1.393318495524283662e+02
9.079336377550881697e-05 1.438095306332196230e+02
9.382903273281309529e-05 1.484309176185789454e+02
9.696619904229312483e-05 1.532006012957873793e+02
1.002082562599141270e-04 1.581232897669626993e+02
1.035587114049174785e-04 1.632038728991398955e+02
1.070211887534562421e-04 1.684474067897130851e+02
1.105994337590709140e-04 1.738590836768494512e+02
1.142973171042456330e-04 1.794442572630472910e+02
1.181188388874281471e-04 1.852084094273180881e+02
1.220681329500424115e-04 1.911573334277111087e+02
1.261494713481742377e-04 1.972968330791190112e+02
1.303672689737678670e-04 2.036329606516847548e+02
1.347260883303314362e-04 2.101719825799436023e+02
1.392306444683180742e-04 2.169203086924208037e+02
1.438858100855209437e-04 2.238846462897556648e+02
1.486966207979997041e-04 2.310717437525455580e+02
1.536682805872396744e-04 2.384887157936472590e+02
1.588061674294368483e-04 2.461427515418621397e+02
1.641158391129971276e-04 2.540413712130741999e+02
1.696030392505434848e-04 2.621923280517816579e+02
1.752737034919339915e-04 2.706035030370961181e+02
1.811339659450114388e-04 2.792830910951347505e+02
1.871901658110307874e-04 2.882394924134115399e+02
1.934488542419408646e-04 2.974813984004592839e+02
1.999168014269393128e-04 3.070177358526521516e+02
2.066010039159656652e-04 3.168577302234509716e+02
2.135086921880547338e-04 3.270106989754661981e+02
2.206473384727377968e-04 3.374865608548065552e+02
2.280246648329511538e-04 3.482952307830658469e+02
2.356486515181963309e-04 3.594468697213385440e+02
2.435275455969876748e-04 3.709522621807020641e+02
2.516698698779247295e-04 3.828222150616567774e+02
2.600844321290405573e-04 3.950678131030922486e+02
2.687803346053976817e-04 4.077005405438356433e+02
2.777669838952388651e-04 4.207323212010404632e+02
2.870541010953427292e-04 4.341751419768441451e+02
2.966517323265922064e-04 4.480414766709632772e+02
3.065702596011295341e-04 4.623440438089555755e+02
3.168204120528543403e-04 4.770958310571573406e+02
3.274132775434116785e-04 4.923104557696063353e+02
3.383603146562264279e-04 5.080013370550416880e+02
3.496733650915567022e-04 5.241827136129816154e+02
3.613646664759745386e-04 5.408688123744419727e+02
3.734468656001317080e-04 5.580743617373467487e+02
3.859330320991275886e-04 5.758144236476460947e+02
3.988366725902805230e-04 5.941043197274925660e+02
4.121717452835938129e-04 6.129595883345680249e+02
4.259526750807212541e-04 6.323961041907367644e+02
4.401943691787655547e-04 6.524303854218394463e+02
4.549122331957894719e-04 6.730787925908422267e+02
4.701221878354804149e-04 6.943578705732163598e+02
4.858406861089974399e-04 7.162852028970964966e+02
5.020847311326308640e-04 7.388776851450708136e+02
5.188718945205230424e-04 7.621530784068460207e+02
5.362203353923492141e-04 7.861288029369026162e+02
5.541488200165187389e-04 8.108231562396906611e+02
5.726767421101455150e-04 8.362538517572343153e+02
5.918241438177454907e-04 8.624390268916328068e+02
6.116117373913557359e-04 8.893971936665225257e+02
6.320609275955268004e-04 9.171492164648775542e+02
6.531938348614238542e-04 9.457091581349754961e+02
6.750333192150836329e-04 9.750961210063971976e+02
6.976030050057104547e-04 1.005329012062564630e+03
7.209273064607610694e-04 1.036425701543285868e+03
7.450314540954613768e-04 1.068403711062914226e+03
7.699415220053250396e-04 1.101280989379451967e+03
7.956844560711916160e-04 1.135074036628725480e+03
8.222881031073025473e-04 1.169799483957762277e+03
8.497812409839368810e-04 1.205473548141440915e+03
8.781936097571961097e-04 1.242111253248823232e+03
9.075559438396131216e-04 1.279727946132565876e+03
9.379000052463793693e-04 1.318336474829060307e+03
9.692586179531593148e-04 1.357949989904280073e+03
1.001665703402655023e-03 1.398579511506697827e+03
1.035156317198330069e-03 1.440235847104553841e+03
1.069766687024985286e-03 1.482927468607698984e+03
1.105534251837205851e-03 1.526661617433046786e+03
1.142497702358069404e-03 1.571443956119386939e+03
1.180697022931930960e-03 1.617277864130305943e+03
1.220173534776542454e-03 1.664164903832274376e+03
1.260969940681316284e-03 1.712104067493467710e+03
1.303130371200056587e-03 1.761091925202515540e+03
1.346700432388157767e-03 1.811122239768740428e+03
1.391727255135877424e-03 1.862186661772078651e+03
1.438259546151070007e-03 1.914272665617548000e+03
1.486347640646530459e-03 1.967365237983388170e+03
1.536043556788919398e-03 2.021444697309345884e+03
1.587401051968200579e-03 2.076489860628585575e+03
1.640475680948428249e-03 2.132473820861473541e+03
1.695324855962815390e-03 2.189366679599118470e+03
1.752007908818060174e-03 2.247133894648629393e+03
1.810586155075142928e-03 2.305736973985230179e+03
1.871122960375984270e-03 2.365134074166523533e+03
1.933683808987751848e-03 2.425276795528619914e+03
1.998336374638913938e-03 2.486115432114630494e+03
2.065150593723721201e-03 2.547593089776172746e+03
2.134198740954243185e-03 2.609650947642865503e+03
2.205555507541849362e-03 2.672225103766872508e+03
2.279298081992675151e-03 2.735245867826126414e+03
2.355506233604463730e-03 2.798643735948974609e+03
2.434262398755145627e-03 2.862341061887712840e+03
2.515651770076436904e-03 2.926259720618125812e+03
2.599762388608985089e-03 2.990317114551168743e+03
2.686685239038679764e-03 3.054426782986313356e+03
2.776514348117217236e-03 3.118500566726228044e+03
2.869346886373309435e-03 3.182448143821556187e+03
2.965283273224645581e-03 3.246174242943453010e+03
3.064427285604211931e-03 3.309583687517070302e+03
3.166886170218578649e-03 3.372575776107114962e+03
3.272770759559481216e-03 3.435050889270843527e+03
3.382195591794276077e-03 3.496901991134536729e+03
3.495279034664920681e-03 3.558022527520588483e+03
3.612143413529477973e-03 3.618300009328644137e+03
3.732915143684721951e-03 3.677617104550949534e+03
3.857724867112893516e-03 3.735853573608849274e+03
3.986707593800617976e-03 3.792879785543371781e+03
4.120002847782761740e-03 3.848563628189295741e+03
4.257754818069308354e-03 3.902762600158242549e+03
4.400112514618404608e-03 3.955327282283946715e+03
4.547229929524409554e-03 4.006100834782335369e+03
4.699266203595197679e-03 4.054916294000915514e+03
4.856385798499019031e-03 4.101600643263101119e+03
5.018758674667020935e-03 4.145972771933245895e+03
5.186560475143959549e-03 4.187845533863144738e+03
5.359972715585955248e-03 4.227026185662584794e+03
5.539182980610755057e-03 4.263319072304048859e+03
5.724385126713026593e-03 4.296529277526502483e+03
5.915779491964028892e-03 4.326460704072283079e+03
6.113573112722652143e-03 4.352921164853295522e+03
6.317979947592099882e-03 4.375731173357946318e+03
6.529221108864616957e-03 4.394707805773045948e+03
6.747525101704480652e-03 4.409688690325222524e+03
6.973128071328140755e-03 4.420516970243972537e+03
7.206274058448705437e-03 4.427049763977203838e+03
7.447215263261310406e-03 4.429159132289003537e+03
7.696212318254701257e-03 4.426726796539226598e+03
7.953534570144332738e-03 4.419649882624883503e+03
8.219460371231864307e-03 4.407837411684907238e+03
8.494277380506187053e-03 4.391213325147993601e+03
8.778282874811823774e-03 4.369713436848845959e+03
9.071784070421121463e-03 4.343287950802598971e+03
9.375098455358292851e-03 4.311903951447140571e+03
9.688554132834568261e-03 4.275542537321681266e+03
1.001249017616620725e-02 4.234202081386158170e+03
1.034725699555901803e-02 4.187900647901568846e+03
1.069321671715643858e-02 4.136672799325880078e+03
1.105074357476093505e-02 4.080571484830472855e+03
1.142022431465263173e-02 4.019672526899623790e+03
1.180205861394306721e-02 3.954070426777204830e+03
1.219665951291643881e-02 3.883879545542522010e+03
1.260445386182631328e-02 3.809238831968455997e+03
1.302588278263077520e-02 3.730304548320375943e+03
1.346140214616583890e-02 3.647254715987824056e+03
1.391148306527291781e-02 3.560289506771867309e+03
1.437661240441416924e-02 3.469629250658591445e+03
1.485729330632660182e-02 3.375513776383778350e+03
1.535404573628500365e-02 3.278203268574831782e+03
1.586740704456205894e-02 3.177975334697556264e+03
1.639793254769450481e-02 3.075126518711929293e+03
1.694619612918364313e-02 2.969969299859801140e+03
1.751279086028037155e-02 2.862831382184363065e+03
1.809832964152614798e-02 2.754056469167413070e+03
1.870344586574363213e-02 2.643997300480778449e+03
1.932879410319460894e-02 2.533020691793630249e+03
1.997505080964588620e-02 2.421499218973830466e+03
2.064291505810955316e-02 2.309811523432498689e+03
2.133310929504865505e-02 2.198342358690719720e+03
2.204638012186681956e-02 2.087474504590213655e+03
2.278349910252664909e-02 1.977590821942078719e+03
2.354526359817107548e-02 1.869067860190092688e+03
2.433249762964985810e-02 1.762272150488204261e+03
2.514605276888498206e-02 1.657561527769126315e+03
2.598680906003840441e-02 1.555275751696049610e+03
2.685567597147924673e-02 1.455738236905005579e+03
2.775359337957988490e-02 1.359250239652783193e+03
2.868153258540498754e-02 1.266088370114433474e+03
2.964049736539381419e-02 1.176501517029216075e+03
3.063152505717161092e-02 1.090706714513915813e+03
3.165568768166540647e-02 1.008885866885214909e+03
3.271409310273729054e-02 9.311833786460022111e+02
3.380788622559029871e-02 8.577058095498208559e+02
3.493825023524253087e-02 7.885198320966277379e+02
3.610640787640997940e-02 7.236533553657596940e+02
3.731362277618164441e-02 6.630958481188171163e+02
3.856120081091872487e-02 6.067987236490876057e+02
3.985049151885547425e-02 5.546761334823138441e+02
4.118288955993056055e-02 5.066074405418775086e+02
4.255983622442782027e-02 4.624391113746704605e+02
4.398282099205792772e-02 4.219877981354896406e+02
4.545338314316834522e-02 3.850455268862431240e+02
4.697311342382341770e-02 3.513856031509405966e+02
4.854365576655684383e-02 3.207695041857672322e+02
5.016670906865677154e-02 2.929502912971947808e+02
5.184402902990837420e-02 2.676707082328596243e+02
5.357743005178047802e-02 2.446683896217115546e+02
5.536878720011212396e-02 2.236906942701923811e+02
5.722003823342062395e-02 2.045035788503689105e+02
5.913318569902666078e-02 1.868798298718829187e+02
6.111029909926251474e-02 1.706026248025710288e+02
6.315351713010779189e-02 1.554929825117148425e+02
6.526504999467336310e-02 1.413979492642603475e+02
6.744718179403717817e-02 1.281819284559007883e+02
6.970227299801623477e-02 1.157593097540728877e+02
7.203276299854979858e-02 1.040640612722574474e+02
7.444117274845411802e-02 9.306406835558959756e+01
7.693010748840443946e-02 8.275789142167475632e+01
7.950225956509210379e-02 7.315816350145024671e+01
8.216041134360790865e-02 6.429526015705162934e+01
8.490743821719984319e-02 5.620116135972453719e+01
8.774631171766281157e-02 4.889931464958325336e+01
9.068010272972255870e-02 4.240887337331830764e+01
9.371198481289348681e-02 3.671780371985681057e+01
9.684523763440215649e-02 3.180207485008316226e+01
1.000832505168899600e-01 2.761017221689703405e+01
1.034295261047340625e-01 2.407204805766487254e+01
1.068876841529496080e-01 2.110428270584806398e+01
1.104614654427753945e-01 1.861286298279360452e+01
1.141547358281756464e-01 1.650303043582438178e+01
1.179714904176376727e-01 1.468288504689855678e+01
1.219158578957853512e-01 1.307200215135050314e+01
1.259921049894874856e-01 1.160565661330048570e+01
1.302046410832891354e-01 1.023951586405047465e+01
1.345580229891604751e-01 8.952000788110712648e+00
1.390569598757198100e-01 7.742265881638549452e+00
1.437063183622670492e-01 6.623808106007516017e+00
1.485111277831346888e-01 5.617465251188511033e+00
1.534765856280515817e-01 4.741382776633146889e+00
1.586080631644066208e-01 4.004381365054999087e+00
1.639111112474894438e-01 3.402536168523009774e+00
1.693914663249987407e-01 2.920016410483534219e+00
1.750550566423093313e-01 2.532652096859392632e+00
1.809080086552135869e-01 2.212983089099453515e+00
1.869566536570689830e-01 1.935905285875406889e+00
1.932075346275276828e-01 1.683230953419343479e+00
1.996674133102498971e-01 1.446328321949698736e+00
2.063432775272630582e-01 1.225859238481933344e+00
2.132423487378718452e-01 1.027972806208967693e+00
2.203720898503036263e-01 8.590486668883003940e-01
2.277402132945338109e-01 7.215792871770211336e-01
2.353546893650253491e-01 6.127499698429661468e-01
2.432237548424092122e-01 5.257308994235462274e-01
2.513559219034258718e-01 4.526427038168689965e-01
2.597599873287743666e-01 3.874655936224887243e-01
2.684450420188219666e-01 3.277521313930246705e-01
2.774204808274743361e-01 2.742122588353306245e-01
2.866960127248350254e-01 2.286127826539462171e-01
2.962816712996577673e-01 1.916280412015405887e-01
3.061878256129444420e-01 1.620766410360784948e-01
3.164251914144354805e-01 1.376769229894346802e-01
3.270048427341168962e-01 1.164552062677787908e-01
3.379382238612947953e-01 9.760930054032390668e-02
3.492371617241852855e-01 8.132747447317383027e-02
3.609138786834163448e-01 6.786912553077403820e-02
3.729810057532814693e-01 5.695846499037280491e-02
3.854515962650386651e-01 4.790032587108451756e-02
3.983391399870480631e-01 4.011565705613714949e-02
4.116575777170102257e-01 3.341083168942390880e-02
4.254213163620995108e-01 2.780313827149523756e-02
4.396452445232932327e-01 2.320176930546769684e-02
4.543447486007690661e-01 1.937725505644167720e-02
4.695357294377799362e-01 1.613514955623491023e-02
4.852346195210218704e-01 1.340028339315261705e-02
5.014584007560848322e-01 1.113362613178046044e-02
5.182246228372336949e-01 9.256826904693258792e-03
5.355514222313770833e-01 7.684572811059280258e-03
5.534575417967635413e-01 6.368485018833709883e-03
5.719623510576314906e-01 5.277310263775216413e-03
5.910858671567322808e-01 4.372123794271714700e-03
6.108487765084068544e-01 3.617777416356720340e-03
6.312724571756275216e-01 2.991139250564921973e-03
6.523790019952193653e-01 2.472294778544684764e-03
6.741912424762606104e-01 2.041896955834048271e-03
6.967327734975364839e-01 1.685016852500084315e-03
7.200279788307419881e-01 1.389781873751470571e-03
7.441020575170596008e-01 1.145643397135772627e-03
7.689810511256225389e-01 9.438159915044826587e-04
7.946918719233755368e-01 7.770483414086457302e-04
8.212623319867858873e-01 6.393546919540169437e-04
8.487211732869031078e-01 5.257523969651689512e-04
8.770980987803161932e-01 4.320919782102044149e-04
9.064238045396205701e-01 3.549210890683105737e-04
9.367300129581793700e-01 2.913752367181044497e-04
9.680495070650749767e-01 2.390796768732030551e-04
1.000416165987385808e+00 1.960669977785574520e-04
1.033865001598128330e+00 1.607091556011391062e-04
1.068432196389532240e+00 1.316602490245086384e-04
1.104155142612600837e+00 1.078085388687779637e-04
1.141072482725305592e+00 8.823542920675235839e-05
1.179224151193147607e+00 7.218216907713263287e-05
1.218651417687333982e+00 5.902234411447549931e-05
1.259396931727273516e+00 4.823969560724346078e-05
1.301504768815691548e+00 3.940913957463983847e-05
1.345020478116276896e+00 3.218092783101463537e-05
1.389991131725407447e+00 2.626725727426993995e-05
1.436465375591293947e+00 2.143138814254780489e-05
1.484493482135585296e+00 1.747867236393288212e-05
1.534127404634392455e+00 1.424924794578632403e-05
1.585420833417506836e+00 1.161191601841935334e-05
1.638429253946665609e+00 9.459070002044844483e-06
1.693210006835640158e+00 7.702470379411421441e-06
1.749822349877109051e+00 6.269787611165497259e-06
1.808327522143368116e+00 5.101756595398413171e-06
1.868788810230267217e+00 4.149858930077935244e-06
1.931271616715998229e+00 3.374398394679431529e-06
1.995843530908793184e+00 2.742914452402421904e-06
2.062574401960084458e+00 2.228870015041932076e-06
2.131536414422164238e+00 1.810578654569304971e-06
2.202804166332139602e+00 1.470325070175303019e-06
2.276454749906602792e+00 1.193646187166906608e-06
2.352567834934338631e+00 9.687396745282959974e-07
2.431225754957225149e+00 7.859780937146310223e-07
2.512513596332623944e+00 6.375118210308546943e-07
2.596519290273538783e+00 5.169435259751516542e-07
2.683333707966161441e+00 4.190617383113594645e-07
2.773050758867611432e+00 3.396222450041139967e-07
2.865767492290306695e+00 2.751696350678467512e-07
2.961584202382770314e+00 2.228914067080653049e-07
3.060604536620467719e+00 1.804996349030966592e-07
3.162935607924048931e+00 1.461340281042267945e-07
3.268688110526199786e+00 1.182826762938857080e-07
3.377976439712552459e+00 9.571696348717810098e-08
3.490918815566087297e+00 7.743865515468396766e-08
3.607637410848952619e+00 6.263685392015742379e-08
3.728258483159945236e+00 5.065319238079291792e-08
3.852912511510727001e+00 4.095340249914609196e-08
3.981734337468417539e+00 3.310406955680286042e-08
4.114863311017320058e+00 2.675366211794121566e-08
4.252443441297450555e+00 2.161711715482415148e-08
4.394623552383071896e+00 1.746333505312624048e-08
4.541557444269631816e+00 1.410501720975778160e-08
4.693404059243289517e+00 1.139040576866088944e-08
4.850327653813030437e+00 9.196561001506342468e-09
5.012497976391239618e+00 7.423923034944601768e-09
5.180090450915090017e+00 5.991896236208880043e-09
5.353286366607249214e+00 4.835257477585487557e-09
5.532273074081278885e+00 3.901231069524697253e-09
5.717244188003695271e+00 3.147115930956912777e-09
5.908399796532135539e+00 2.538367660310960883e-09
6.105946677756002750e+00 2.047048788588430828e-09
6.310098523373801171e+00 1.650573563322372953e-09
6.521076169849157722e+00 1.330686616175956974e-09
6.739107837295406966e+00 1.072635460161336171e-09
6.964429376347387013e+00 8.645004436131776054e-10
7.197284523287298619e+00 6.966528150389642354e-10
7.437925163700752407e+00 5.613157931875441543e-10
7.686611604948010879e+00 4.522092105239098121e-10
7.943612857745410594e+00 3.642620782837362513e-10
8.209206927161357470e+00 2.933806238098568431e-10
8.483681113341843272e+00 2.362611189098570621e-10
8.767332322290526392e+00 1.902380999595352766e-10
9.060467387039910392e+00 1.531613444848877607e-10
9.363403399560734641e+00 1.232961052255671097e-10
9.676468053768756405e+00 9.924288943626123796e-11
1.000000000000001243e+01 7.987286924088043542e-11
