k_long[1/Mpc]	 Pmm	 Pmh	 Phh 
8.9004e-03	 7.7088e+04	 1.4474e+05	 2.7177e+05 
1.1205e-02	 7.8606e+04	 1.4773e+05	 2.7762e+05 
1.1205e-02	 7.8606e+04	 1.4773e+05	 2.7762e+05 
1.1205e-02	 7.8606e+04	 1.4773e+05	 2.7762e+05 
1.1205e-02	 7.8606e+04	 1.4773e+05	 2.7762e+05 
1.1205e-02	 7.8606e+04	 1.4773e+05	 2.7762e+05 
1.4106e-02	 7.5862e+04	 1.4272e+05	 2.6849e+05 
1.4106e-02	 7.5862e+04	 1.4272e+05	 2.6849e+05 
1.4106e-02	 7.5862e+04	 1.4272e+05	 2.6849e+05 
1.4106e-02	 7.5862e+04	 1.4272e+05	 2.6849e+05 
1.7758e-02	 6.8403e+04	 1.2882e+05	 2.4259e+05 
1.7758e-02	 6.8403e+04	 1.2882e+05	 2.4259e+05 
1.7758e-02	 6.8403e+04	 1.2882e+05	 2.4259e+05 
1.7758e-02	 6.8403e+04	 1.2882e+05	 2.4259e+05 
1.7758e-02	 6.8403e+04	 1.2882e+05	 2.4259e+05 
2.2344e-02	 5.7387e+04	 1.0818e+05	 2.0392e+05 
2.2344e-02	 5.7387e+04	 1.0818e+05	 2.0392e+05 
2.2344e-02	 5.7387e+04	 1.0818e+05	 2.0392e+05 
2.2344e-02	 5.7387e+04	 1.0818e+05	 2.0392e+05 
2.2344e-02	 5.7387e+04	 1.0818e+05	 2.0392e+05 
2.7740e-02	 4.6538e+04	 8.7806e+04	 1.6567e+05 
2.7740e-02	 4.6538e+04	 8.7806e+04	 1.6567e+05 
2.7740e-02	 4.6538e+04	 8.7806e+04	 1.6567e+05 
2.7740e-02	 4.6538e+04	 8.7806e+04	 1.6567e+05 
3.2274e-02	 4.0369e+04	 7.6212e+04	 1.4388e+05 
3.2274e-02	 4.0369e+04	 7.6212e+04	 1.4388e+05 
3.2274e-02	 4.0369e+04	 7.6212e+04	 1.4388e+05 
3.5564e-02	 3.7320e+04	 7.0483e+04	 1.3311e+05 
3.8281e-02	 3.5407e+04	 6.6890e+04	 1.2636e+05 
3.8281e-02	 3.5407e+04	 6.6890e+04	 1.2636e+05 
4.0707e-02	 3.3957e+04	 6.4158e+04	 1.2122e+05 
4.2971e-02	 3.2689e+04	 6.1773e+04	 1.1673e+05 
4.5139e-02	 3.1461e+04	 5.9464e+04	 1.1239e+05 
4.7252e-02	 3.0199e+04	 5.7083e+04	 1.0790e+05 
4.9337e-02	 2.8867e+04	 5.4571e+04	 1.0316e+05 
5.1412e-02	 2.7456e+04	 5.1914e+04	 9.8159e+04 
5.3492e-02	 2.5978e+04	 4.9125e+04	 9.2897e+04 
5.5587e-02	 2.4458e+04	 4.6253e+04	 8.7469e+04 
5.9857e-02	 2.1447e+04	 4.0569e+04	 7.6739e+04 
6.2046e-02	 2.0038e+04	 3.7904e+04	 7.1699e+04 
6.4279e-02	 1.8744e+04	 3.5458e+04	 6.7079e+04 
6.8899e-02	 1.6601e+04	 3.1410e+04	 5.9430e+04 
7.1296e-02	 1.5773e+04	 2.9844e+04	 5.6470e+04 
7.3756e-02	 1.5096e+04	 2.8567e+04	 5.4059e+04 
7.8885e-02	 1.4089e+04	 2.6664e+04	 5.0465e+04 
8.1563e-02	 1.3676e+04	 2.5883e+04	 4.8984e+04 
8.4322e-02	 1.3261e+04	 2.5099e+04	 4.7505e+04 
9.0098e-02	 1.2259e+04	 2.3204e+04	 4.3924e+04 
9.3124e-02	 1.1630e+04	 2.2014e+04	 4.1672e+04 
9.9473e-02	 1.0180e+04	 1.9273e+04	 3.6488e+04 
1.0280e-01	 9.4432e+03	 1.7879e+04	 3.3851e+04 
1.0980e-01	 8.1814e+03	 1.5490e+04	 2.9329e+04 
1.1347e-01	 7.7135e+03	 1.4605e+04	 2.7652e+04 
1.1727e-01	 7.3531e+03	 1.3923e+04	 2.6362e+04 
1.2524e-01	 6.8165e+03	 1.2907e+04	 2.4441e+04 
1.2943e-01	 6.5459e+03	 1.2396e+04	 2.3474e+04 
1.3823e-01	 5.8367e+03	 1.1054e+04	 2.0933e+04 
1.4285e-01	 5.4207e+03	 1.0266e+04	 1.9442e+04 
1.4763e-01	 5.0161e+03	 9.5000e+03	 1.7992e+04 
1.5767e-01	 4.3790e+03	 8.2939e+03	 1.5709e+04 
1.6294e-01	 4.1583e+03	 7.8755e+03	 1.4916e+04 
1.7403e-01	 3.7760e+03	 7.1522e+03	 1.3547e+04 
1.7986e-01	 3.5543e+03	 6.7320e+03	 1.2751e+04 
1.9213e-01	 3.0681e+03	 5.8115e+03	 1.1008e+04 
1.9859e-01	 2.8583e+03	 5.4142e+03	 1.0256e+04 
2.0528e-01	 2.6877e+03	 5.0911e+03	 9.6435e+03 
2.1941e-01	 2.3955e+03	 4.5378e+03	 8.5960e+03 
2.2688e-01	 2.2386e+03	 4.2403e+03	 8.0319e+03 
2.4272e-01	 1.9333e+03	 3.6623e+03	 6.9377e+03 
2.5114e-01	 1.8084e+03	 3.4257e+03	 6.4895e+03 
2.5992e-01	 1.6946e+03	 3.2101e+03	 6.0810e+03 
2.7874e-01	 1.4653e+03	 2.7758e+03	 5.2585e+03 
2.8886e-01	 1.3581e+03	 2.5728e+03	 4.8740e+03 
2.9953e-01	 1.2613e+03	 2.3894e+03	 4.5266e+03 
3.1083e-01	 1.1695e+03	 2.2155e+03	 4.1971e+03 
3.3567e-01	 9.9197e+02	 1.8793e+03	 3.5602e+03 
3.4948e-01	 9.1149e+02	 1.7268e+03	 3.2714e+03 
3.6446e-01	 8.3315e+02	 1.5784e+03	 2.9903e+03 
3.8087e-01	 7.5732e+02	 1.4348e+03	 2.7182e+03 
3.9908e-01	 6.8476e+02	 1.2973e+03	 2.4578e+03 
