2.000000000000000164e-05 8.786417784303459655e-01
2.066869842267550072e-05 8.786364603359525516e-01
2.135975472437544027e-05 8.786402107230056879e-01
2.207391643902171255e-05 8.786375529089957004e-01
2.281195609427394449e-05 8.786384673351351760e-01
2.357467204719313169e-05 8.786363640808042552e-01
2.436288934784564352e-05 8.786377785520586015e-01
2.517746063178175121e-05 8.786422354263464518e-01
2.601926704235410016e-05 8.786360596627481589e-01
2.688921918387384303e-05 8.786406034220346495e-01
2.778825810663545582e-05 8.786404847439178711e-01
2.871735632487579741e-05 8.786403719869788631e-01
2.967751886876853870e-05 8.786368980897646397e-01
3.066978437159193627e-05 8.786363385738130694e-01
3.169522619324599853e-05 8.786374536606170738e-01
3.275495358133433647e-05 8.786392243526117696e-01
3.385011287106671010e-05 8.786361679787814127e-01
3.498188872528021299e-05 8.786381788250119396e-01
3.615150541592045298e-05 8.786376483250917246e-01
3.736022814836899319e-05 8.786373430428430220e-01
3.860936443004954884e-05 8.786352957246699180e-01
3.990026548479344494e-05 8.786377499454530726e-01
4.123432771449419843e-05 8.786389369201024202e-01
4.261299420963254024e-05 8.786373484049895266e-01
4.403775631030562105e-05 8.786349741065047070e-01
4.551015521944909301e-05 8.786392353756072859e-01
4.703178366999723984e-05 8.786355446755650389e-01
4.860428764778435972e-05 8.786374840043501555e-01
5.022936817205134787e-05 8.786357190830559327e-01
5.190878313548323190e-05 8.786367645541428573e-01
5.364434920576834987e-05 8.786339358722811133e-01
5.543794379073590958e-05 8.786375534005645971e-01
5.729150706919781900e-05 8.786370249690736989e-01
5.920704408969155763e-05 8.786326832432377332e-01
6.118662693939432690e-05 8.786381991953206017e-01
6.323239698555469304e-05 8.786293280825311358e-01
6.534656719186627638e-05 8.786360024314959771e-01
6.753142451228926792e-05 8.786324581771695064e-01
6.978933236490913268e-05 8.786351494174674537e-01
7.212273318850868345e-05 8.786280922481302103e-01
7.453415108461877573e-05 8.786340124495658488e-01
7.702619454790587906e-05 8.786343981290809513e-01
7.960155928784993205e-05 8.786276943197581790e-01
8.226303114476471348e-05 8.786269493715532786e-01
8.501348910331518868e-05 8.786293394984437954e-01
8.785590840679157983e-05 8.786301659665779473e-01
9.079336377550881697e-05 8.786269388418683768e-01
9.382903273281309529e-05 8.786227945981051057e-01
9.696619904229312483e-05 8.786228367179013121e-01
1.002082562599141270e-04 8.786233061326489402e-01
1.035587114049174785e-04 8.786191772895823870e-01
1.070211887534562421e-04 8.786210038128026145e-01
1.105994337590709140e-04 8.786224713557017063e-01
1.142973171042456330e-04 8.786176731451768029e-01
1.181188388874281471e-04 8.786149919854584489e-01
1.220681329500424115e-04 8.786142927306186401e-01
1.261494713481742377e-04 8.786144494786898296e-01
1.303672689737678670e-04 8.786126435314941530e-01
1.347260883303314362e-04 8.786109146887988164e-01
1.392306444683180742e-04 8.786091296720754951e-01
1.438858100855209437e-04 8.786037721179863480e-01
1.486966207979997041e-04 8.786016538314020963e-01
1.536682805872396744e-04 8.786028151730840285e-01
1.588061674294368483e-04 8.786023295155509505e-01
1.641158391129971276e-04 8.785954630831266376e-01
1.696030392505434848e-04 8.785940613918258313e-01
1.752737034919339915e-04 8.785857971143540279e-01
1.811339659450114388e-04 8.785850623404528603e-01
1.871901658110307874e-04 8.785826318249078115e-01
1.934488542419408646e-04 8.785799486982230899e-01
1.999168014269393128e-04 8.785732160526344980e-01
2.066010039159656652e-04 8.785705458213984853e-01
2.135086921880547338e-04 8.785660459123844079e-01
2.206473384727377968e-04 8.785603761070367446e-01
2.280246648329511538e-04 8.785542199948679354e-01
2.356486515181963309e-04 8.785488083087820144e-01
2.435275455969876748e-04 8.785445847924443497e-01
2.516698698779247295e-04 8.785404897716642125e-01
2.600844321290405573e-04 8.785330549825385305e-01
2.687803346053976817e-04 8.785250975382326022e-01
2.777669838952388651e-04 8.785149659760208563e-01
2.870541010953427292e-04 8.785073622035198815e-01
2.966517323265922064e-04 8.785003831363528137e-01
3.065702596011295341e-04 8.784906288929466012e-01
3.168204120528543403e-04 8.784867905476565486e-01
3.274132775434116785e-04 8.784745766446170334e-01
3.383603146562264279e-04 8.784590368412612538e-01
3.496733650915567022e-04 8.784545704394473020e-01
3.613646664759745386e-04 8.784427094866008590e-01
3.734468656001317080e-04 8.784261846558419906e-01
3.859330320991275886e-04 8.784143506660340162e-01
3.988366725902805230e-04 8.784004216050979030e-01
4.121717452835938129e-04 8.783873676449808210e-01
4.259526750807212541e-04 8.783743941751082085e-01
4.401943691787655547e-04 8.783550881881884154e-01
4.549122331957894719e-04 8.783418634665498548e-01
4.701221878354804149e-04 8.783228000260083768e-01
4.858406861089974399e-04 8.782972558074740865e-01
5.020847311326308640e-04 8.782818038418892526e-01
5.188718945205230424e-04 8.782611407779200574e-01
5.362203353923492141e-04 8.782404387042653804e-01
5.541488200165187389e-04 8.782193803377207342e-01
5.726767421101455150e-04 8.781977436194768893e-01
5.918241438177454907e-04 8.781731002182202594e-01
6.116117373913557359e-04 8.781466176567147564e-01
6.320609275955268004e-04 8.781293729196176789e-01
6.531938348614238542e-04 8.780982793455411883e-01
6.750333192150836329e-04 8.780724003265488742e-01
6.976030050057104547e-04 8.780440592661996613e-01
7.209273064607610694e-04 8.780189630282573265e-01
7.450314540954613768e-04 8.779927881621555352e-01
7.699415220053250396e-04 8.779608362749127259e-01
7.956844560711916160e-04 8.779311737703860974e-01
8.222881031073025473e-04 8.778997470956440008e-01
8.497812409839368810e-04 8.778718263366227514e-01
8.781936097571961097e-04 8.778408617844165596e-01
9.075559438396131216e-04 8.778091414333223375e-01
9.379000052463793693e-04 8.777794143352649625e-01
9.692586179531593148e-04 8.777459862940018009e-01
1.001665703402655023e-03 8.777130968382448328e-01
1.035156317198330069e-03 8.776890926928310188e-01
1.069766687024985286e-03 8.776549073801672707e-01
1.105534251837205851e-03 8.776221317251247100e-01
1.142497702358069404e-03 8.775917845551558516e-01
1.180697022931930960e-03 8.775598755052741451e-01
1.220173534776542454e-03 8.775260542074602155e-01
1.260969940681316284e-03 8.774983451589406513e-01
1.303130371200056587e-03 8.774653012873199209e-01
1.346700432388157767e-03 8.774332450442007270e-01
1.391727255135877424e-03 8.774042513338899951e-01
1.438259546151070007e-03 8.773743761511145767e-01
1.486347640646530459e-03 8.773453510714042114e-01
1.536043556788919398e-03 8.773134613332832510e-01
1.587401051968200579e-03 8.772806397810517520e-01
1.640475680948428249e-03 8.772536452205236257e-01
1.695324855962815390e-03 8.772243133265535953e-01
1.752007908818060174e-03 8.771882160468841283e-01
1.810586155075142928e-03 8.771617084149697652e-01
1.871122960375984270e-03 8.771288166660961005e-01
1.933683808987751848e-03 8.770974187838764813e-01
1.998336374638913938e-03 8.770711096962302555e-01
2.065150593723721201e-03 8.770398831671414319e-01
2.134198740954243185e-03 8.770069432928120357e-01
2.205555507541849362e-03 8.769839009784726747e-01
2.279298081992675151e-03 8.769521670672837388e-01
2.355506233604463730e-03 8.769267602887270696e-01
2.434262398755145627e-03 8.768970586145652391e-01
2.515651770076436904e-03 8.768751629735332953e-01
2.599762388608985089e-03 8.768399934631505577e-01
2.686685239038679764e-03 8.768166338430700701e-01
2.776514348117217236e-03 8.767906513938513724e-01
2.869346886373309435e-03 8.767652286327318745e-01
2.965283273224645581e-03 8.767374900198366960e-01
3.064427285604211931e-03 8.767156798679855978e-01
3.166886170218578649e-03 8.766888446990850348e-01
3.272770759559481216e-03 8.766604603353104208e-01
3.382195591794276077e-03 8.766365593197739114e-01
3.495279034664920681e-03 8.766106969204594535e-01
3.612143413529477973e-03 8.765818060468132389e-01
3.732915143684721951e-03 8.765602816557712673e-01
3.857724867112893516e-03 8.765309292703845623e-01
3.986707593800617976e-03 8.765083900303739517e-01
4.120002847782761740e-03 8.764817579490085109e-01
4.257754818069308354e-03 8.764575023652148023e-01
4.400112514618404608e-03 8.764278787857765485e-01
4.547229929524409554e-03 8.764035176850433206e-01
4.699266203595197679e-03 8.763797463977771596e-01
4.856385798499019031e-03 8.763504399136845535e-01
5.018758674667020935e-03 8.763291647361726167e-01
5.186560475143959549e-03 8.763046511922535364e-01
5.359972715585955248e-03 8.762792525932538990e-01
5.539182980610755057e-03 8.762569994202098478e-01
5.724385126713026593e-03 8.762349411218623985e-01
5.915779491964028892e-03 8.762076418816577839e-01
6.113573112722652143e-03 8.761861368146662832e-01
6.317979947592099882e-03 8.761602581427018199e-01
6.529221108864616957e-03 8.761381474621204868e-01
6.747525101704480652e-03 8.761123939086798984e-01
6.973128071328140755e-03 8.760915342183660526e-01
7.206274058448705437e-03 8.760678288372687472e-01
7.447215263261310406e-03 8.760418825222064942e-01
7.696212318254701257e-03 8.760241933608593490e-01
7.953534570144332738e-03 8.760046788929123363e-01
8.219460371231864307e-03 8.759866200776178502e-01
8.494277380506187053e-03 8.759652105402471189e-01
8.778282874811823774e-03 8.759448493309659467e-01
9.071784070421121463e-03 8.759216796578332964e-01
9.375098455358292851e-03 8.758995441760407674e-01
9.688554132834568261e-03 8.758827912352455947e-01
1.001249017616620725e-02 8.758643878280967243e-01
1.034725699555901803e-02 8.758459721177774826e-01
1.069321671715643858e-02 8.758310810380226519e-01
1.105074357476093505e-02 8.758108932755637177e-01
1.142022431465263173e-02 8.757939034366227782e-01
1.180205861394306721e-02 8.757792086222984107e-01
1.219665951291643881e-02 8.757590391329432844e-01
1.260445386182631328e-02 8.757461442508452931e-01
1.302588278263077520e-02 8.757310636921106228e-01
1.346140214616583890e-02 8.757113431851865082e-01
1.391148306527291781e-02 8.757011198868086543e-01
1.437661240441416924e-02 8.756880936407711591e-01
1.485729330632660182e-02 8.756698092071784068e-01
1.535404573628500365e-02 8.756604886735191995e-01
1.586740704456205894e-02 8.756440545660980623e-01
1.639793254769450481e-02 8.756280328906944632e-01
1.694619612918364313e-02 8.756211091583303574e-01
1.751279086028037155e-02 8.756069616369898112e-01
1.809832964152614798e-02 8.755973627545229343e-01
1.870344586574363213e-02 8.755838754764053711e-01
1.932879410319460894e-02 8.755744017451704275e-01
1.997505080964588620e-02 8.755634047169688072e-01
2.064291505810955316e-02 8.755486362465959571e-01
2.133310929504865505e-02 8.755464206449132814e-01
2.204638012186681956e-02 8.755355912245235128e-01
2.278349910252664909e-02 8.755239733965958226e-01
2.354526359817107548e-02 8.755176641327140352e-01
2.433249762964985810e-02 8.755056071702805864e-01
2.514605276888498206e-02 8.754998231108578333e-01
2.598680906003840441e-02 8.754930090705523860e-01
2.685567597147924673e-02 8.754817614367326195e-01
2.775359337957988490e-02 8.754748464008270670e-01
2.868153258540498754e-02 8.754712328125295873e-01
2.964049736539381419e-02 8.754630120108412017e-01
3.063152505717161092e-02 8.754494867388640245e-01
3.165568768166540647e-02 8.754501398610587959e-01
3.271409310273729054e-02 8.754460686765962452e-01
3.380788622559029871e-02 8.754382286790075574e-01
3.493825023524253087e-02 8.754324534137790659e-01
3.610640787640997940e-02 8.754233302472508305e-01
3.731362277618164441e-02 8.754218425455968511e-01
3.856120081091872487e-02 8.754194363453140504e-01
3.985049151885547425e-02 8.754131983888085999e-01
4.118288955993056055e-02 8.754082893946260047e-01
4.255983622442782027e-02 8.754045957684504220e-01
4.398282099205792772e-02 8.753988180105809480e-01
4.545338314316834522e-02 8.753957927276444506e-01
4.697311342382341770e-02 8.753931370518972521e-01
4.854365576655684383e-02 8.753902155970479937e-01
5.016670906865677154e-02 8.753864663106020183e-01
5.184402902990837420e-02 8.753843742203063494e-01
5.357743005178047802e-02 8.753777353751166501e-01
5.536878720011212396e-02 8.753746374467340496e-01
5.722003823342062395e-02 8.753744730630699245e-01
5.913318569902666078e-02 8.753723381027317396e-01
6.111029909926251474e-02 8.753696023152355288e-01
6.315351713010779189e-02 8.753677066168317200e-01
6.526504999467336310e-02 8.753662981743048910e-01
6.744718179403717817e-02 8.753635337187593013e-01
6.970227299801623477e-02 8.753607253171103997e-01
7.203276299854979858e-02 8.753559199945347702e-01
7.444117274845411802e-02 8.753567415814694774e-01
7.693010748840443946e-02 8.753541277212234517e-01
7.950225956509210379e-02 8.753520155872929198e-01
8.216041134360790865e-02 8.753521571719633521e-01
8.490743821719984319e-02 8.753528290617793584e-01
8.774631171766281157e-02 8.753488628346853817e-01
9.068010272972255870e-02 8.753466274657799584e-01
9.371198481289348681e-02 8.753459860176679985e-01
9.684523763440215649e-02 8.753464344872529113e-01
1.000832505168899600e-01 8.753418311202815216e-01
1.034295261047340625e-01 8.753404751728998123e-01
1.068876841529496080e-01 8.753430688300256612e-01
1.104614654427753945e-01 8.753396207531998208e-01
1.141547358281756464e-01 8.753409840956847265e-01
1.179714904176376727e-01 8.753398179651548094e-01
1.219158578957853512e-01 8.753343805592405102e-01
1.259921049894874856e-01 8.753404795173835851e-01
1.302046410832891354e-01 8.753354227646640284e-01
1.345580229891604751e-01 8.753363772442148694e-01
1.390569598757198100e-01 8.753361045169404386e-01
1.437063183622670492e-01 8.753379582120598412e-01
1.485111277831346888e-01 8.753333759815221660e-01
1.534765856280515817e-01 8.753342578893369419e-01
1.586080631644066208e-01 8.753350356506850449e-01
1.639111112474894438e-01 8.753315861357793271e-01
1.693914663249987407e-01 8.753299525543555282e-01
1.750550566423093313e-01 8.753304425309688108e-01
1.809080086552135869e-01 8.753320423716216547e-01
1.869566536570689830e-01 8.753305629576164648e-01
1.932075346275276828e-01 8.753289125661247727e-01
1.996674133102498971e-01 8.753315243273505075e-01
2.063432775272630582e-01 8.753327453560648674e-01
2.132423487378718452e-01 8.753320820434769001e-01
2.203720898503036263e-01 8.753313106579890812e-01
2.277402132945338109e-01 8.753342665853388604e-01
2.353546893650253491e-01 8.753301990845905323e-01
2.432237548424092122e-01 8.753300311384227816e-01
2.513559219034258718e-01 8.753323900013897374e-01
2.597599873287743666e-01 8.753292019569216542e-01
2.684450420188219666e-01 8.753274209595592881e-01
2.774204808274743361e-01 8.753299592416835528e-01
2.866960127248350254e-01 8.753313957249571065e-01
2.962816712996577673e-01 8.753261989663873033e-01
3.061878256129444420e-01 8.753269537676056089e-01
3.164251914144354805e-01 8.753299743652928067e-01
3.270048427341168962e-01 8.753289232552063925e-01
3.379382238612947953e-01 8.753247601724705174e-01
3.492371617241852855e-01 8.753259493177740769e-01
3.609138786834163448e-01 8.753299118295260195e-01
3.729810057532814693e-01 8.753262625078925829e-01
3.854515962650386651e-01 8.753280583697342632e-01
3.983391399870480631e-01 8.753260095565590371e-01
4.116575777170102257e-01 8.753283001719381895e-01
4.254213163620995108e-01 8.753264759545981155e-01
4.396452445232932327e-01 8.753272046518613125e-01
4.543447486007690661e-01 8.753305472766259587e-01
4.695357294377799362e-01 8.753286251540232099e-01
4.852346195210218704e-01 8.753295230733035837e-01
5.014584007560848322e-01 8.753273221982962315e-01
5.182246228372336949e-01 8.753301352600156848e-01
5.355514222313770833e-01 8.753267188564114454e-01
5.534575417967635413e-01 8.753259435301934399e-01
5.719623510576314906e-01 8.753266579903659084e-01
5.910858671567322808e-01 8.753275965799189873e-01
6.108487765084068544e-01 8.753244334589247444e-01
6.312724571756275216e-01 8.753308697359759583e-01
6.523790019952193653e-01 8.753262853912413544e-01
6.741912424762606104e-01 8.753400237044733911e-01
6.967327734975364839e-01 8.753224125475019823e-01
7.200279788307419881e-01 8.753158081553074066e-01
7.441020575170596008e-01 8.753182439842028817e-01
7.689810511256225389e-01 8.753226495872330482e-01
7.946918719233755368e-01 8.753247548122934374e-01
8.212623319867858873e-01 8.753253173826790468e-01
8.487211732869031078e-01 8.753256147791433905e-01
8.770980987803161932e-01 8.753263179193624399e-01
9.064238045396205701e-01 8.753268805392585561e-01
9.367300129581793700e-01 8.753266131931882743e-01
9.680495070650749767e-01 8.753253268748601990e-01
1.000416165987385808e+00 8.753239568900919032e-01
1.033865001598128330e+00 8.753235903009243257e-01
1.068432196389532240e+00 8.753246865481243422e-01
1.104155142612600837e+00 8.753261231701786604e-01
1.141072482725305592e+00 8.753265331019404183e-01
1.179224151193147607e+00 8.753252035859888647e-01
1.218651417687333982e+00 8.753232756966458084e-01
1.259396931727273516e+00 8.753222163552148993e-01
1.301504768815691548e+00 8.753229115764388224e-01
1.345020478116276896e+00 8.753243934026830875e-01
1.389991131725407447e+00 8.753253248312459212e-01
1.436465375591293947e+00 8.753248190526191630e-01
1.484493482135585296e+00 8.753236104333355083e-01
1.534127404634392455e+00 8.753227981328093321e-01
1.585420833417506836e+00 8.753231783918501430e-01
1.638429253946665609e+00 8.753243155259661235e-01
1.693210006835640158e+00 8.753254607219467243e-01
1.749822349877109051e+00 8.753259872393238661e-01
1.808327522143368116e+00 8.753258292295099663e-01
1.868788810230267217e+00 8.753250818363225161e-01
1.931271616715998229e+00 8.753238953491875307e-01
1.995843530908793184e+00 8.753227064482962394e-01
2.062574401960084458e+00 8.753220445202393174e-01
2.131536414422164238e+00 8.753223067082421815e-01
2.202804166332139602e+00 8.753231119796504034e-01
2.276454749906602792e+00 8.753237957017425686e-01
2.352567834934338631e+00 8.753237980885699709e-01
2.431225754957225149e+00 8.753232620241220285e-01
2.512513596332623944e+00 8.753226181176879672e-01
2.596519290273538783e+00 8.753222270477429845e-01
2.683333707966161441e+00 8.753219115998507327e-01
2.773050758867611432e+00 8.753212476174793144e-01
2.865767492290306695e+00 8.753199129189469518e-01
2.961584202382770314e+00 8.753184817589193534e-01
3.060604536620467719e+00 8.753179889485109832e-01
3.162935607924048931e+00 8.753193083275354613e-01
3.268688110526199786e+00 8.753216722884331613e-01
3.377976439712552459e+00 8.753233712022427948e-01
3.490918815566087297e+00 8.753228587219947787e-01
3.607637410848952619e+00 8.753205954885463491e-01
3.728258483159945236e+00 8.753183269257345245e-01
3.852912511510727001e+00 8.753176912840193724e-01
3.981734337468417539e+00 8.753186132083313753e-01
4.114863311017320058e+00 8.753197952459096376e-01
4.252443441297450555e+00 8.753199894806426018e-01
4.394623552383071896e+00 8.753191369382792297e-01
4.541557444269631816e+00 8.753181223220659612e-01
4.693404059243289517e+00 8.753178093786464498e-01
4.850327653813030437e+00 8.753181906423035397e-01
5.012497976391239618e+00 8.753184895190897485e-01
5.180090450915090017e+00 8.753179365439818227e-01
5.353286366607249214e+00 8.753165087074300521e-01
5.532273074081278885e+00 8.753149156681849785e-01
5.717244188003695271e+00 8.753138809471878723e-01
5.908399796532135539e+00 8.753136696282464158e-01
6.105946677756002750e+00 8.753140465088664612e-01
6.310098523373801171e+00 8.753147458930448099e-01
6.521076169849157722e+00 8.753153291089421639e-01
6.739107837295406966e+00 8.753151475614722177e-01
6.964429376347387013e+00 8.753135526584058246e-01
7.197284523287298619e+00 8.753104327679923635e-01
7.437925163700752407e+00 8.753064013182799696e-01
7.686611604948010879e+00 8.753021221387142781e-01
7.943612857745410594e+00 8.752982070200979736e-01
8.209206927161357470e+00 8.752951894818015166e-01
8.483681113341843272e+00 8.752935898117489844e-01
8.767332322290526392e+00 8.752934216672397794e-01
9.060467387039910392e+00 8.752938493715022306e-01
9.363403399560734641e+00 8.752939584892488467e-01
9.676468053768756405e+00 8.752930844862927273e-01
1.000000000000001243e+01 8.752910306101868709e-01
