2.000000000000000164e-05 1.052064859915817774e+00
2.066869842267550072e-05 1.052065610675633200e+00
2.135975472437544027e-05 1.052063350790550578e+00
2.207391643902171255e-05 1.052066564864070131e+00
2.281195609427394449e-05 1.052066266536620054e+00
2.357467204719313169e-05 1.052065605863684361e+00
2.436288934784564352e-05 1.052062970752773552e+00
2.517746063178175121e-05 1.052068049221339008e+00
2.601926704235410016e-05 1.052061570757576447e+00
2.688921918387384303e-05 1.052064765203690522e+00
2.778825810663545582e-05 1.052065040971914112e+00
2.871735632487579741e-05 1.052063859912607979e+00
2.967751886876853870e-05 1.052062255997107787e+00
3.066978437159193627e-05 1.052066856958450591e+00
3.169522619324599853e-05 1.052066908964742087e+00
3.275495358133433647e-05 1.052064798855493644e+00
3.385011287106671010e-05 1.052064789548883716e+00
3.498188872528021299e-05 1.052063121153873126e+00
3.615150541592045298e-05 1.052065016494185379e+00
3.736022814836899319e-05 1.052059989213064650e+00
3.860936443004954884e-05 1.052064580883539602e+00
3.990026548479344494e-05 1.052062361867078355e+00
4.123432771449419843e-05 1.052062883846866415e+00
4.261299420963254024e-05 1.052062514077723110e+00
4.403775631030562105e-05 1.052063045858353307e+00
4.551015521944909301e-05 1.052064100701066263e+00
4.703178366999723984e-05 1.052062287374763594e+00
4.860428764778435972e-05 1.052062662767652368e+00
5.022936817205134787e-05 1.052064756703716686e+00
5.190878313548323190e-05 1.052060385358399408e+00
5.364434920576834987e-05 1.052063844391597947e+00
5.543794379073590958e-05 1.052062926691482714e+00
5.729150706919781900e-05 1.052062335131761062e+00
5.920704408969155763e-05 1.052057418718508774e+00
6.118662693939432690e-05 1.052062066393832040e+00
6.323239698555469304e-05 1.052058554953784197e+00
6.534656719186627638e-05 1.052060188755341796e+00
6.753142451228926792e-05 1.052059574650510143e+00
6.978933236490913268e-05 1.052058251726206706e+00
7.212273318850868345e-05 1.052061858832590069e+00
7.453415108461877573e-05 1.052060260806366498e+00
7.702619454790587906e-05 1.052061119671738210e+00
7.960155928784993205e-05 1.052055146066788405e+00
8.226303114476471348e-05 1.052057308081725262e+00
8.501348910331518868e-05 1.052054579332895479e+00
8.785590840679157983e-05 1.052056452450832680e+00
9.079336377550881697e-05 1.052053884170643494e+00
9.382903273281309529e-05 1.052053095745330680e+00
9.696619904229312483e-05 1.052055675608360330e+00
1.002082562599141270e-04 1.052054058183602425e+00
1.035587114049174785e-04 1.052050648031167990e+00
1.070211887534562421e-04 1.052047646113225543e+00
1.105994337590709140e-04 1.052048798905648397e+00
1.142973171042456330e-04 1.052048120051600755e+00
1.181188388874281471e-04 1.052046496563945333e+00
1.220681329500424115e-04 1.052045633802829894e+00
1.261494713481742377e-04 1.052046003111340999e+00
1.303672689737678670e-04 1.052041814792802565e+00
1.347260883303314362e-04 1.052037007486003040e+00
1.392306444683180742e-04 1.052040652643866370e+00
1.438858100855209437e-04 1.052032637288238925e+00
1.486966207979997041e-04 1.052034061595196857e+00
1.536682805872396744e-04 1.052030147058480747e+00
1.588061674294368483e-04 1.052028039379726332e+00
1.641158391129971276e-04 1.052022676225164322e+00
1.696030392505434848e-04 1.052023252829857869e+00
1.752737034919339915e-04 1.052022481623035688e+00
1.811339659450114388e-04 1.052016260308075379e+00
1.871901658110307874e-04 1.052012527339057479e+00
1.934488542419408646e-04 1.052008751973688927e+00
1.999168014269393128e-04 1.052003909542089000e+00
2.066010039159656652e-04 1.052003797488717973e+00
2.135086921880547338e-04 1.051995830202042015e+00
2.206473384727377968e-04 1.051993517727839222e+00
2.280246648329511538e-04 1.051985811854062591e+00
2.356486515181963309e-04 1.051983164772567925e+00
2.435275455969876748e-04 1.051975457316170592e+00
2.516698698779247295e-04 1.051970457055211305e+00
2.600844321290405573e-04 1.051963431532430215e+00
2.687803346053976817e-04 1.051958866688295524e+00
2.777669838952388651e-04 1.051951948412573667e+00
2.870541010953427292e-04 1.051944172693873192e+00
2.966517323265922064e-04 1.051936108188622043e+00
3.065702596011295341e-04 1.051927582801679861e+00
3.168204120528543403e-04 1.051912425268118234e+00
3.274132775434116785e-04 1.051904855456787802e+00
3.383603146562264279e-04 1.051896390770589607e+00
3.496733650915567022e-04 1.051878924239846524e+00
3.613646664759745386e-04 1.051868347001255311e+00
3.734468656001317080e-04 1.051856579800542368e+00
3.859330320991275886e-04 1.051841814122129071e+00
3.988366725902805230e-04 1.051823137500710104e+00
4.121717452835938129e-04 1.051810487836919883e+00
4.259526750807212541e-04 1.051794612150202424e+00
4.401943691787655547e-04 1.051773132502652475e+00
4.549122331957894719e-04 1.051748967334619866e+00
4.701221878354804149e-04 1.051734160616691449e+00
4.858406861089974399e-04 1.051710132483369753e+00
5.020847311326308640e-04 1.051684527164055361e+00
5.188718945205230424e-04 1.051660304954498582e+00
5.362203353923492141e-04 1.051630119894291227e+00
5.541488200165187389e-04 1.051602836405156172e+00
5.726767421101455150e-04 1.051571100409519621e+00
5.918241438177454907e-04 1.051535549444492457e+00
6.116117373913557359e-04 1.051500623279328916e+00
6.320609275955268004e-04 1.051463878534523610e+00
6.531938348614238542e-04 1.051422870650924546e+00
6.750333192150836329e-04 1.051381420300657066e+00
6.976030050057104547e-04 1.051333938850833372e+00
7.209273064607610694e-04 1.051285263136433556e+00
7.450314540954613768e-04 1.051232619669066448e+00
7.699415220053250396e-04 1.051174272628995210e+00
7.956844560711916160e-04 1.051119418750503298e+00
8.222881031073025473e-04 1.051055732533356935e+00
8.497812409839368810e-04 1.050982981458814747e+00
8.781936097571961097e-04 1.050910045836572326e+00
9.075559438396131216e-04 1.050830998860175836e+00
9.379000052463793693e-04 1.050747113101173635e+00
9.692586179531593148e-04 1.050660365971111787e+00
1.001665703402655023e-03 1.050566212755944751e+00
1.035156317198330069e-03 1.050462534817314886e+00
1.069766687024985286e-03 1.050358939707932038e+00
1.105534251837205851e-03 1.050241154093218165e+00
1.142497702358069404e-03 1.050120895372894214e+00
1.180697022931930960e-03 1.049992920104006133e+00
1.220173534776542454e-03 1.049851136597775625e+00
1.260969940681316284e-03 1.049703992289695575e+00
1.303130371200056587e-03 1.049544200886617151e+00
1.346700432388157767e-03 1.049380331483482864e+00
1.391727255135877424e-03 1.049199797043893767e+00
1.438259546151070007e-03 1.049011329341697385e+00
1.486347640646530459e-03 1.048807691572809953e+00
1.536043556788919398e-03 1.048592485612398928e+00
1.587401051968200579e-03 1.048362636308201479e+00
1.640475680948428249e-03 1.048119286131632633e+00
1.695324855962815390e-03 1.047860881798052146e+00
1.752007908818060174e-03 1.047583076106902711e+00
1.810586155075142928e-03 1.047288246561273173e+00
1.871122960375984270e-03 1.046974216086252962e+00
1.933683808987751848e-03 1.046643574935260057e+00
1.998336374638913938e-03 1.046290953727805118e+00
2.065150593723721201e-03 1.045916183754625362e+00
2.134198740954243185e-03 1.045522360513183369e+00
2.205555507541849362e-03 1.045105713450289242e+00
2.279298081992675151e-03 1.044652526146049976e+00
2.355506233604463730e-03 1.044184846788133614e+00
2.434262398755145627e-03 1.043680934752846179e+00
2.515651770076436904e-03 1.043154791394184766e+00
2.599762388608985089e-03 1.042597101352569444e+00
2.686685239038679764e-03 1.042006811718455550e+00
2.776514348117217236e-03 1.041377515255286212e+00
2.869346886373309435e-03 1.040715207212986382e+00
2.965283273224645581e-03 1.040021802455008970e+00
3.064427285604211931e-03 1.039292292096268389e+00
3.166886170218578649e-03 1.038514816535272001e+00
3.272770759559481216e-03 1.037704433140012483e+00
3.382195591794276077e-03 1.036856607639517591e+00
3.495279034664920681e-03 1.035958800747003306e+00
3.612143413529477973e-03 1.035024044698110046e+00
3.732915143684721951e-03 1.034043163536820353e+00
3.857724867112893516e-03 1.033020538549185074e+00
3.986707593800617976e-03 1.031948226327852769e+00
4.120002847782761740e-03 1.030834932007579363e+00
4.257754818069308354e-03 1.029682032324901186e+00
4.400112514618404608e-03 1.028478386458892446e+00
4.547229929524409554e-03 1.027231330928030539e+00
4.699266203595197679e-03 1.025946933772465153e+00
4.856385798499019031e-03 1.024622498720648034e+00
5.018758674667020935e-03 1.023257772388320941e+00
5.186560475143959549e-03 1.021858261121784128e+00
5.359972715585955248e-03 1.020429183940093854e+00
5.539182980610755057e-03 1.018965867418656357e+00
5.724385126713026593e-03 1.017489226798239166e+00
5.915779491964028892e-03 1.015989122421279145e+00
6.113573112722652143e-03 1.014476026578499779e+00
6.317979947592099882e-03 1.012953592147539883e+00
6.529221108864616957e-03 1.011438731799612745e+00
6.747525101704480652e-03 1.009925545512281753e+00
6.973128071328140755e-03 1.008430424020720695e+00
7.206274058448705437e-03 1.006958201869214475e+00
7.447215263261310406e-03 1.005510947162327140e+00
7.696212318254701257e-03 1.004106692858693695e+00
7.953534570144332738e-03 1.002749831897991273e+00
8.219460371231864307e-03 1.001443103584152228e+00
8.494277380506187053e-03 1.000201327951537600e+00
8.778282874811823774e-03 9.990191005391946266e-01
9.071784070421121463e-03 9.979067609117289184e-01
9.375098455358292851e-03 9.968718661504621936e-01
9.688554132834568261e-03 9.959109885842322152e-01
1.001249017616620725e-02 9.950163017960627077e-01
1.034725699555901803e-02 9.942000456719587431e-01
1.069321671715643858e-02 9.934465630378508383e-01
1.105074357476093505e-02 9.927643820239513417e-01
1.142022431465263173e-02 9.921257237646805560e-01
1.180205861394306721e-02 9.915440338044950730e-01
1.219665951291643881e-02 9.909892078728702591e-01
1.260445386182631328e-02 9.904735307495595720e-01
1.302588278263077520e-02 9.899744386031809062e-01
1.346140214616583890e-02 9.894925718915346113e-01
1.391148306527291781e-02 9.890243864548278196e-01
1.437661240441416924e-02 9.885644527482794208e-01
1.485729330632660182e-02 9.881082055902610239e-01
1.535404573628500365e-02 9.876561884782130152e-01
1.586740704456205894e-02 9.872234918622173616e-01
1.639793254769450481e-02 9.868058575662770338e-01
1.694619612918364313e-02 9.864084666456875983e-01
1.751279086028037155e-02 9.860398136896014742e-01
1.809832964152614798e-02 9.856920254848069440e-01
1.870344586574363213e-02 9.853723532299759613e-01
1.932879410319460894e-02 9.850814333251806110e-01
1.997505080964588620e-02 9.848059783755658270e-01
2.064291505810955316e-02 9.845445194694004698e-01
2.133310929504865505e-02 9.842939119514972912e-01
2.204638012186681956e-02 9.840431772221049922e-01
2.278349910252664909e-02 9.838000615703954566e-01
2.354526359817107548e-02 9.835631530372158648e-01
2.433249762964985810e-02 9.833308575156298748e-01
2.514605276888498206e-02 9.831062997828243777e-01
2.598680906003840441e-02 9.828935562725691355e-01
2.685567597147924673e-02 9.827029695144925414e-01
2.775359337957988490e-02 9.825128386815065173e-01
2.868153258540498754e-02 9.823336333412249211e-01
2.964049736539381419e-02 9.821682866392363875e-01
3.063152505717161092e-02 9.819968822228044569e-01
3.165568768166540647e-02 9.818369646137288242e-01
3.271409310273729054e-02 9.816812693621400632e-01
3.380788622559029871e-02 9.815356014730204359e-01
3.493825023524253087e-02 9.814033125401080415e-01
3.610640787640997940e-02 9.812809708706018430e-01
3.731362277618164441e-02 9.811625294778627548e-01
3.856120081091872487e-02 9.810564401036669935e-01
3.985049151885547425e-02 9.809567406690460345e-01
4.118288955993056055e-02 9.808713284078134365e-01
4.255983622442782027e-02 9.807949789188076251e-01
4.398282099205792772e-02 9.807334464632291304e-01
4.545338314316834522e-02 9.806866027069507386e-01
4.697311342382341770e-02 9.806500354629682503e-01
4.854365576655684383e-02 9.806261137720426735e-01
5.016670906865677154e-02 9.806052054412786045e-01
5.184402902990837420e-02 9.806045744237773532e-01
5.357743005178047802e-02 9.806068789330038005e-01
5.536878720011212396e-02 9.806114993706124272e-01
5.722003823342062395e-02 9.806210932079639786e-01
5.913318569902666078e-02 9.806400627210359877e-01
6.111029909926251474e-02 9.806491813137774294e-01
6.315351713010779189e-02 9.806527755317490103e-01
6.526504999467336310e-02 9.806488214777425716e-01
6.744718179403717817e-02 9.806356312358491811e-01
6.970227299801623477e-02 9.806088219336211997e-01
7.203276299854979858e-02 9.805689769735942418e-01
7.444117274845411802e-02 9.805110683159571350e-01
7.693010748840443946e-02 9.804382316274213860e-01
7.950225956509210379e-02 9.803499815179324006e-01
8.216041134360790865e-02 9.802579126610225790e-01
8.490743821719984319e-02 9.801505611880508839e-01
8.774631171766281157e-02 9.800414516515418839e-01
9.068010272972255870e-02 9.799364575569047275e-01
9.371198481289348681e-02 9.798500769181579528e-01
9.684523763440215649e-02 9.797881884024698396e-01
1.000832505168899600e-01 9.797522342616493685e-01
1.034295261047340625e-01 9.797591697600159799e-01
1.068876841529496080e-01 9.797998115900284910e-01
1.104614654427753945e-01 9.798672747928564020e-01
1.141547358281756464e-01 9.799639425928665659e-01
1.179714904176376727e-01 9.800639474413394003e-01
1.219158578957853512e-01 9.801576639766974575e-01
1.259921049894874856e-01 9.802226693010493985e-01
1.302046410832891354e-01 9.802419714782359961e-01
1.345580229891604751e-01 9.802254093177652505e-01
1.390569598757198100e-01 9.801550910673118011e-01
1.437063183622670492e-01 9.800531500866818124e-01
1.485111277831346888e-01 9.799297285230250676e-01
1.534765856280515817e-01 9.798138382925012380e-01
1.586080631644066208e-01 9.797199770536560992e-01
1.639111112474894438e-01 9.796896296257934234e-01
1.693914663249987407e-01 9.797259495001578999e-01
1.750550566423093313e-01 9.798068509547008809e-01
1.809080086552135869e-01 9.799133285874873645e-01
1.869566536570689830e-01 9.800146613728228928e-01
1.932075346275276828e-01 9.800627673362964920e-01
1.996674133102498971e-01 9.800467282609711672e-01
2.063432775272630582e-01 9.799747410698639305e-01
2.132423487378718452e-01 9.798795402051313497e-01
2.203720898503036263e-01 9.797865678036103976e-01
2.277402132945338109e-01 9.797441279791525570e-01
2.353546893650253491e-01 9.797671909200037499e-01
2.432237548424092122e-01 9.798422270539446366e-01
2.513559219034258718e-01 9.799185035624734530e-01
2.597599873287743666e-01 9.799461817936869767e-01
2.684450420188219666e-01 9.799273212467531913e-01
2.774204808274743361e-01 9.798590866685203959e-01
2.866960127248350254e-01 9.798024347635116982e-01
2.962816712996577673e-01 9.797861820168541902e-01
3.061878256129444420e-01 9.798204575113732551e-01
3.164251914144354805e-01 9.798648521827348912e-01
3.270048427341168962e-01 9.798835510339403143e-01
3.379382238612947953e-01 9.798572377083527574e-01
3.492371617241852855e-01 9.798204156791884278e-01
3.609138786834163448e-01 9.798081198954086135e-01
3.729810057532814693e-01 9.798195910960705302e-01
3.854515962650386651e-01 9.798431597809458271e-01
3.983391399870480631e-01 9.798434951661167958e-01
4.116575777170102257e-01 9.798263775076039295e-01
4.254213163620995108e-01 9.798132643919065243e-01
4.396452445232932327e-01 9.798189079695454051e-01
4.543447486007690661e-01 9.798274139131212257e-01
4.695357294377799362e-01 9.798247687488187418e-01
4.852346195210218704e-01 9.798150001005170306e-01
5.014584007560848322e-01 9.798131415103310538e-01
5.182246228372336949e-01 9.798184842053198063e-01
5.355514222313770833e-01 9.798149473946554666e-01
5.534575417967635413e-01 9.798122857125476370e-01
5.719623510576314906e-01 9.798150116167954060e-01
5.910858671567322808e-01 9.798110741847455563e-01
6.108487765084068544e-01 9.798058541680273459e-01
6.312724571756275216e-01 9.798055910223951726e-01
6.523790019952193653e-01 9.798072051520880787e-01
6.741912424762606104e-01 9.798058729233258823e-01
6.967327734975364839e-01 9.798041151448200203e-01
7.200279788307419881e-01 9.798040430947809742e-01
7.441020575170596008e-01 9.798047201371041792e-01
7.689810511256225389e-01 9.798048019109788509e-01
7.946918719233755368e-01 9.798036235897853441e-01
8.212623319867858873e-01 9.798017367062117344e-01
8.487211732869031078e-01 9.797998172001604056e-01
8.770980987803161932e-01 9.797982852430680012e-01
9.064238045396205701e-01 9.797970479370498031e-01
9.367300129581793700e-01 9.797959516564045401e-01
9.680495070650749767e-01 9.797949602832123350e-01
1.000416165987385808e+00 9.797943015385267573e-01
1.033865001598128330e+00 9.797942384481197475e-01
1.068432196389532240e+00 9.797947765432616363e-01
1.104155142612600837e+00 9.797952723977984002e-01
1.141072482725305592e+00 9.797949823531301172e-01
1.179224151193147607e+00 9.797935175398095886e-01
1.218651417687333982e+00 9.797914942592985676e-01
1.259396931727273516e+00 9.797897055210129658e-01
1.301504768815691548e+00 9.797887558477245129e-01
1.345020478116276896e+00 9.797886482463675772e-01
1.389991131725407447e+00 9.797892659890721223e-01
1.436465375591293947e+00 9.797904136211007531e-01
1.484493482135585296e+00 9.797916121521835775e-01
1.534127404634392455e+00 9.797923187838899484e-01
1.585420833417506836e+00 9.797921162132836592e-01
1.638429253946665609e+00 9.797910975370774933e-01
1.693210006835640158e+00 9.797894855901418953e-01
1.749822349877109051e+00 9.797875263698978543e-01
1.808327522143368116e+00 9.797855722786534827e-01
1.868788810230267217e+00 9.797840062570920550e-01
1.931271616715998229e+00 9.797831478686692686e-01
1.995843530908793184e+00 9.797829874490006086e-01
2.062574401960084458e+00 9.797834087627665944e-01
2.131536414422164238e+00 9.797842784194374932e-01
2.202804166332139602e+00 9.797853624315215892e-01
2.276454749906602792e+00 9.797863901504973994e-01
2.352567834934338631e+00 9.797870859143166244e-01
2.431225754957225149e+00 9.797871409468830173e-01
2.512513596332623944e+00 9.797862329134201520e-01
2.596519290273538783e+00 9.797841472986891231e-01
2.683333707966161441e+00 9.797814890641530772e-01
2.773050758867611432e+00 9.797792393816238121e-01
2.865767492290306695e+00 9.797782591505214134e-01
2.961584202382770314e+00 9.797783481459059196e-01
3.060604536620467719e+00 9.797787609828396693e-01
3.162935607924048931e+00 9.797787958010472087e-01
3.268688110526199786e+00 9.797782288694538710e-01
3.377976439712552459e+00 9.797771108478972035e-01
3.490918815566087297e+00 9.797755279058416589e-01
3.607637410848952619e+00 9.797739372182827644e-01
3.728258483159945236e+00 9.797730334639866978e-01
3.852912511510727001e+00 9.797734350197246922e-01
3.981734337468417539e+00 9.797746880661619695e-01
4.114863311017320058e+00 9.797755741249086769e-01
4.252443441297450555e+00 9.797749528897661264e-01
4.394623552383071896e+00 9.797731674088400178e-01
4.541557444269631816e+00 9.797717380792700936e-01
4.693404059243289517e+00 9.797721252736039110e-01
4.850327653813030437e+00 9.797740737373334952e-01
5.012497976391239618e+00 9.797758136311017774e-01
5.180090450915090017e+00 9.797755977724370569e-01
5.353286366607249214e+00 9.797733403668326124e-01
5.532273074081278885e+00 9.797705863035988116e-01
5.717244188003695271e+00 9.797689025991593859e-01
5.908399796532135539e+00 9.797686001844843062e-01
6.105946677756002750e+00 9.797686192645923553e-01
6.310098523373801171e+00 9.797678571189731844e-01
6.521076169849157722e+00 9.797660985280146617e-01
6.739107837295406966e+00 9.797642053436694809e-01
6.964429376347387013e+00 9.797630880133536557e-01
7.197284523287298619e+00 9.797629673398887684e-01
7.437925163700752407e+00 9.797631329119742549e-01
7.686611604948010879e+00 9.797628154645122711e-01
7.943612857745410594e+00 9.797616370747114223e-01
8.209206927161357470e+00 9.797598082998333346e-01
8.483681113341843272e+00 9.797575879825316525e-01
8.767332322290526392e+00 9.797552140810511512e-01
9.060467387039910392e+00 9.797528895420919426e-01
9.363403399560734641e+00 9.797508134566895732e-01
9.676468053768756405e+00 9.797491304696915870e-01
1.000000000000001243e+01 9.797478833181840763e-01
