2.000000000000000164e-05 9.837782265131026493e-01
2.066869842267550072e-05 9.837817081317418166e-01
2.135975472437544027e-05 9.837834472359783256e-01
2.207391643902171255e-05 9.837787178806671751e-01
2.281195609427394449e-05 9.837816627188180618e-01
2.357467204719313169e-05 9.837800577616740982e-01
2.436288934784564352e-05 9.837825297333683272e-01
2.517746063178175121e-05 9.837795225371898100e-01
2.601926704235410016e-05 9.837799702643753585e-01
2.688921918387384303e-05 9.837774881910760216e-01
2.778825810663545582e-05 9.837821803675005361e-01
2.871735632487579741e-05 9.837745409928568829e-01
2.967751886876853870e-05 9.837817245451879744e-01
3.066978437159193627e-05 9.837793774774882261e-01
3.169522619324599853e-05 9.837803094627294298e-01
3.275495358133433647e-05 9.837800964354481703e-01
3.385011287106671010e-05 9.837828001749066020e-01
3.498188872528021299e-05 9.837788983745100468e-01
3.615150541592045298e-05 9.837819933849791809e-01
3.736022814836899319e-05 9.837794538094981611e-01
3.860936443004954884e-05 9.837815459086136638e-01
3.990026548479344494e-05 9.837745016625371042e-01
4.123432771449419843e-05 9.837745901503313073e-01
4.261299420963254024e-05 9.837799829566229448e-01
4.403775631030562105e-05 9.837782471135975149e-01
4.551015521944909301e-05 9.837786862645336861e-01
4.703178366999723984e-05 9.837764678423788212e-01
4.860428764778435972e-05 9.837789100079628035e-01
5.022936817205134787e-05 9.837766508235664675e-01
5.190878313548323190e-05 9.837786369907037809e-01
5.364434920576834987e-05 9.837777598936429113e-01
5.543794379073590958e-05 9.837771637857721796e-01
5.729150706919781900e-05 9.837780060284009309e-01
5.920704408969155763e-05 9.837733399327157624e-01
6.118662693939432690e-05 9.837775604995407930e-01
6.323239698555469304e-05 9.837766584886343812e-01
6.534656719186627638e-05 9.837740614473865497e-01
6.753142451228926792e-05 9.837759608034359893e-01
6.978933236490913268e-05 9.837748447595556778e-01
7.212273318850868345e-05 9.837726231271669564e-01
7.453415108461877573e-05 9.837729405119505222e-01
7.702619454790587906e-05 9.837735391443835908e-01
7.960155928784993205e-05 9.837727495598099781e-01
8.226303114476471348e-05 9.837693612548797928e-01
8.501348910331518868e-05 9.837666247812587583e-01
8.785590840679157983e-05 9.837643323793462402e-01
9.079336377550881697e-05 9.837665388508874953e-01
9.382903273281309529e-05 9.837664824112291040e-01
9.696619904229312483e-05 9.837688345225340525e-01
1.002082562599141270e-04 9.837669398676150978e-01
1.035587114049174785e-04 9.837618532552349082e-01
1.070211887534562421e-04 9.837573182164066621e-01
1.105994337590709140e-04 9.837598509396789925e-01
1.142973171042456330e-04 9.837575187114950825e-01
1.181188388874281471e-04 9.837560487091480121e-01
1.220681329500424115e-04 9.837537626299087679e-01
1.261494713481742377e-04 9.837546275019117825e-01
1.303672689737678670e-04 9.837497585377434905e-01
1.347260883303314362e-04 9.837496408784418556e-01
1.392306444683180742e-04 9.837450245788300629e-01
1.438858100855209437e-04 9.837437877222585669e-01
1.486966207979997041e-04 9.837479321986655201e-01
1.536682805872396744e-04 9.837362593194688420e-01
1.588061674294368483e-04 9.837400177866939543e-01
1.641158391129971276e-04 9.837356297613716327e-01
1.696030392505434848e-04 9.837294991930467525e-01
1.752737034919339915e-04 9.837263494871354430e-01
1.811339659450114388e-04 9.837218367855470325e-01
1.871901658110307874e-04 9.837167050579700422e-01
1.934488542419408646e-04 9.837118566431410915e-01
1.999168014269393128e-04 9.837103558265158920e-01
2.066010039159656652e-04 9.837040648956313360e-01
2.135086921880547338e-04 9.836990076988332277e-01
2.206473384727377968e-04 9.836937487156266480e-01
2.280246648329511538e-04 9.836870822991417018e-01
2.356486515181963309e-04 9.836820295384466339e-01
2.435275455969876748e-04 9.836751556231421167e-01
2.516698698779247295e-04 9.836715341726263162e-01
2.600844321290405573e-04 9.836623593873392579e-01
2.687803346053976817e-04 9.836536807999758381e-01
2.777669838952388651e-04 9.836489767633522785e-01
2.870541010953427292e-04 9.836395214438856671e-01
2.966517323265922064e-04 9.836319443937929785e-01
3.065702596011295341e-04 9.836188756144044198e-01
3.168204120528543403e-04 9.836087702435500901e-01
3.274132775434116785e-04 9.835970211160182108e-01
3.383603146562264279e-04 9.835877450063512661e-01
3.496733650915567022e-04 9.835687007418785210e-01
3.613646664759745386e-04 9.835611300515800792e-01
3.734468656001317080e-04 9.835473530134934972e-01
3.859330320991275886e-04 9.835321793453061234e-01
3.988366725902805230e-04 9.835157771035124563e-01
4.121717452835938129e-04 9.834999177237522261e-01
4.259526750807212541e-04 9.834820186562784894e-01
4.401943691787655547e-04 9.834579544650128291e-01
4.549122331957894719e-04 9.834431168392226974e-01
4.701221878354804149e-04 9.834218301106651960e-01
4.858406861089974399e-04 9.834003018592203382e-01
5.020847311326308640e-04 9.833748915618815145e-01
5.188718945205230424e-04 9.833511750803104468e-01
5.362203353923492141e-04 9.833223430672636267e-01
5.541488200165187389e-04 9.832987533932244784e-01
5.726767421101455150e-04 9.832674528065693531e-01
5.918241438177454907e-04 9.832376093560151187e-01
6.116117373913557359e-04 9.832067019333501356e-01
6.320609275955268004e-04 9.831786679380463134e-01
6.531938348614238542e-04 9.831384003037473285e-01
6.750333192150836329e-04 9.831043132074951396e-01
6.976030050057104547e-04 9.830690563355864997e-01
7.209273064607610694e-04 9.830218917417505864e-01
7.450314540954613768e-04 9.829848949585138218e-01
7.699415220053250396e-04 9.829438334816307243e-01
7.956844560711916160e-04 9.829040369157617807e-01
8.222881031073025473e-04 9.828567890935808737e-01
8.497812409839368810e-04 9.828137479749965433e-01
8.781936097571961097e-04 9.827680141763843746e-01
9.075559438396131216e-04 9.827203908926648301e-01
9.379000052463793693e-04 9.826700688326359678e-01
9.692586179531593148e-04 9.826186309333680979e-01
1.001665703402655023e-03 9.825701202594794292e-01
1.035156317198330069e-03 9.825188167059881739e-01
1.069766687024985286e-03 9.824612474245557614e-01
1.105534251837205851e-03 9.824151669318100799e-01
1.142497702358069404e-03 9.823608745175071988e-01
1.180697022931930960e-03 9.823109846227131570e-01
1.220173534776542454e-03 9.822590274341174155e-01
1.260969940681316284e-03 9.822034400341036475e-01
1.303130371200056587e-03 9.821660191127188355e-01
1.346700432388157767e-03 9.821116120903654600e-01
1.391727255135877424e-03 9.820627704788090773e-01
1.438259546151070007e-03 9.820203426656367585e-01
1.486347640646530459e-03 9.819754716100513869e-01
1.536043556788919398e-03 9.819299401594469012e-01
1.587401051968200579e-03 9.818889621171503768e-01
1.640475680948428249e-03 9.818485554286654482e-01
1.695324855962815390e-03 9.818067206484050180e-01
1.752007908818060174e-03 9.817675511231799268e-01
1.810586155075142928e-03 9.817370698810301555e-01
1.871122960375984270e-03 9.817028681268898938e-01
1.933683808987751848e-03 9.816635698854251357e-01
1.998336374638913938e-03 9.816361121093757358e-01
2.065150593723721201e-03 9.815982547531891811e-01
2.134198740954243185e-03 9.815631580719853533e-01
2.205555507541849362e-03 9.815304683519870954e-01
2.279298081992675151e-03 9.814954115727319017e-01
2.355506233604463730e-03 9.814634399771384743e-01
2.434262398755145627e-03 9.814285976818690749e-01
2.515651770076436904e-03 9.813886632463770798e-01
2.599762388608985089e-03 9.813561877662053679e-01
2.686685239038679764e-03 9.813215112798093775e-01
2.776514348117217236e-03 9.812857437349745693e-01
2.869346886373309435e-03 9.812473412273102769e-01
2.965283273224645581e-03 9.812091303688307287e-01
3.064427285604211931e-03 9.811728172145672833e-01
3.166886170218578649e-03 9.811381131133797284e-01
3.272770759559481216e-03 9.811040466686904438e-01
3.382195591794276077e-03 9.810632789082318617e-01
3.495279034664920681e-03 9.810213856078466854e-01
3.612143413529477973e-03 9.809860871967194251e-01
3.732915143684721951e-03 9.809550051819860839e-01
3.857724867112893516e-03 9.809195175677133394e-01
3.986707593800617976e-03 9.808905419205865561e-01
4.120002847782761740e-03 9.808500428274430361e-01
4.257754818069308354e-03 9.808156427126852872e-01
4.400112514618404608e-03 9.807806842627707633e-01
4.547229929524409554e-03 9.807455874755190983e-01
4.699266203595197679e-03 9.807133329715606029e-01
4.856385798499019031e-03 9.806805247372982759e-01
5.018758674667020935e-03 9.806434548141694796e-01
5.186560475143959549e-03 9.806095143346735821e-01
5.359972715585955248e-03 9.805760933320870620e-01
5.539182980610755057e-03 9.805436749634713900e-01
5.724385126713026593e-03 9.805105516012901923e-01
5.915779491964028892e-03 9.804722735904837227e-01
6.113573112722652143e-03 9.804411165840015707e-01
6.317979947592099882e-03 9.804057944343497200e-01
6.529221108864616957e-03 9.803764776255488034e-01
6.747525101704480652e-03 9.803445453409027621e-01
6.973128071328140755e-03 9.803096362521289686e-01
7.206274058448705437e-03 9.802772831957166089e-01
7.447215263261310406e-03 9.802475291609284991e-01
7.696212318254701257e-03 9.802172434651994504e-01
7.953534570144332738e-03 9.801814038389989880e-01
8.219460371231864307e-03 9.801495405057792931e-01
8.494277380506187053e-03 9.801223734799977549e-01
8.778282874811823774e-03 9.800948159059060805e-01
9.071784070421121463e-03 9.800612807605798560e-01
9.375098455358292851e-03 9.800321698645771962e-01
9.688554132834568261e-03 9.800027500979490158e-01
1.001249017616620725e-02 9.799774432056368445e-01
1.034725699555901803e-02 9.799471720022241428e-01
1.069321671715643858e-02 9.799160918550601229e-01
1.105074357476093505e-02 9.798905852572482589e-01
1.142022431465263173e-02 9.798653408591164737e-01
1.180205861394306721e-02 9.798378945621534220e-01
1.219665951291643881e-02 9.798155578097061946e-01
1.260445386182631328e-02 9.797860551825182673e-01
1.302588278263077520e-02 9.797645995346848657e-01
1.346140214616583890e-02 9.797432127648207922e-01
1.391148306527291781e-02 9.797168228221363462e-01
1.437661240441416924e-02 9.796909574884447025e-01
1.485729330632660182e-02 9.796677135215117183e-01
1.535404573628500365e-02 9.796484872995678828e-01
1.586740704456205894e-02 9.796264510225832778e-01
1.639793254769450481e-02 9.796048133271247904e-01
1.694619612918364313e-02 9.795875442718754433e-01
1.751279086028037155e-02 9.795634769035131972e-01
1.809832964152614798e-02 9.795469092923210219e-01
1.870344586574363213e-02 9.795293948340746404e-01
1.932879410319460894e-02 9.795066093491122672e-01
1.997505080964588620e-02 9.794933412695003838e-01
2.064291505810955316e-02 9.794730075138459169e-01
2.133310929504865505e-02 9.794610240810203150e-01
2.204638012186681956e-02 9.794412567621242349e-01
2.278349910252664909e-02 9.794265333572306220e-01
2.354526359817107548e-02 9.794131709585787160e-01
2.433249762964985810e-02 9.793937303654404181e-01
2.514605276888498206e-02 9.793820779854909286e-01
2.598680906003840441e-02 9.793732401933964438e-01
2.685567597147924673e-02 9.793543007055524052e-01
2.775359337957988490e-02 9.793459609078071226e-01
2.868153258540498754e-02 9.793316234162560141e-01
2.964049736539381419e-02 9.793209290430451297e-01
3.063152505717161092e-02 9.793059183524889244e-01
3.165568768166540647e-02 9.792945296374538922e-01
3.271409310273729054e-02 9.792872793616951288e-01
3.380788622559029871e-02 9.792720577586072617e-01
3.493825023524253087e-02 9.792635731995945614e-01
3.610640787640997940e-02 9.792587194195468969e-01
3.731362277618164441e-02 9.792524008988263695e-01
3.856120081091872487e-02 9.792414549699507420e-01
3.985049151885547425e-02 9.792312690920259577e-01
4.118288955993056055e-02 9.792249201098035538e-01
4.255983622442782027e-02 9.792136032036341531e-01
4.398282099205792772e-02 9.792109971507472199e-01
4.545338314316834522e-02 9.792015211688848142e-01
4.697311342382341770e-02 9.791922627147860991e-01
4.854365576655684383e-02 9.791908591760826175e-01
5.016670906865677154e-02 9.791825202096776648e-01
5.184402902990837420e-02 9.791761075025098293e-01
5.357743005178047802e-02 9.791712793529877557e-01
5.536878720011212396e-02 9.791696538274974326e-01
5.722003823342062395e-02 9.791577816815596469e-01
5.913318569902666078e-02 9.791556344122634981e-01
6.111029909926251474e-02 9.791533277059715212e-01
6.315351713010779189e-02 9.791464994094677410e-01
6.526504999467336310e-02 9.791459962753126245e-01
6.744718179403717817e-02 9.791420358695284154e-01
6.970227299801623477e-02 9.791406681797473199e-01
7.203276299854979858e-02 9.791301328173845908e-01
7.444117274845411802e-02 9.791334078805401520e-01
7.693010748840443946e-02 9.791334119614530929e-01
7.950225956509210379e-02 9.791211004892531600e-01
8.216041134360790865e-02 9.791213745007361080e-01
8.490743821719984319e-02 9.791198798640559087e-01
8.774631171766281157e-02 9.791168211644508679e-01
9.068010272972255870e-02 9.791138769599250224e-01
9.371198481289348681e-02 9.791116268969463077e-01
9.684523763440215649e-02 9.791063458784761142e-01
1.000832505168899600e-01 9.791072304463639409e-01
1.034295261047340625e-01 9.791026235253834642e-01
1.068876841529496080e-01 9.791017078772007443e-01
1.104614654427753945e-01 9.791005377450378022e-01
1.141547358281756464e-01 9.791020763640519986e-01
1.179714904176376727e-01 9.790964880796315661e-01
1.219158578957853512e-01 9.790999156525269642e-01
1.259921049894874856e-01 9.790930850118476636e-01
1.302046410832891354e-01 9.790961250621961209e-01
1.345580229891604751e-01 9.790917000801223624e-01
1.390569598757198100e-01 9.790920704201498959e-01
1.437063183622670492e-01 9.790931692232440753e-01
1.485111277831346888e-01 9.790895544043995979e-01
1.534765856280515817e-01 9.790871691696324541e-01
1.586080631644066208e-01 9.790855773013995567e-01
1.639111112474894438e-01 9.790905883420449873e-01
1.693914663249987407e-01 9.790848790531821999e-01
1.750550566423093313e-01 9.790805322254831911e-01
1.809080086552135869e-01 9.790825256596141779e-01
1.869566536570689830e-01 9.790809239019538923e-01
1.932075346275276828e-01 9.790771924441443730e-01
1.996674133102498971e-01 9.790839392222137061e-01
2.063432775272630582e-01 9.790808162000181891e-01
2.132423487378718452e-01 9.790806017894815305e-01
2.203720898503036263e-01 9.790791123651637617e-01
2.277402132945338109e-01 9.790777828804685390e-01
2.353546893650253491e-01 9.790789758354500050e-01
2.432237548424092122e-01 9.790763600748588757e-01
2.513559219034258718e-01 9.790785970205112543e-01
2.597599873287743666e-01 9.790769749118410914e-01
2.684450420188219666e-01 9.790765181078276980e-01
2.774204808274743361e-01 9.790774951446765684e-01
2.866960127248350254e-01 9.790775562257711950e-01
2.962816712996577673e-01 9.790761554346419926e-01
3.061878256129444420e-01 9.790724901779220835e-01
3.164251914144354805e-01 9.790769296635918328e-01
3.270048427341168962e-01 9.790713622324489496e-01
3.379382238612947953e-01 9.790721786290880191e-01
3.492371617241852855e-01 9.790724470870523222e-01
3.609138786834163448e-01 9.790766110971788061e-01
3.729810057532814693e-01 9.790788022977278127e-01
3.854515962650386651e-01 9.790738530420587393e-01
3.983391399870480631e-01 9.790744754108809955e-01
4.116575777170102257e-01 9.790762154345606927e-01
4.254213163620995108e-01 9.790740201923480157e-01
4.396452445232932327e-01 9.790704388135109681e-01
4.543447486007690661e-01 9.790692444059168054e-01
4.695357294377799362e-01 9.790789455892429105e-01
4.852346195210218704e-01 9.790711298548702146e-01
5.014584007560848322e-01 9.790743174884949385e-01
5.182246228372336949e-01 9.790743980071936470e-01
5.355514222313770833e-01 9.790748278718719444e-01
5.534575417967635413e-01 9.790771671635664086e-01
5.719623510576314906e-01 9.790744366803478815e-01
5.910858671567322808e-01 9.790738408075809751e-01
6.108487765084068544e-01 9.790697858659486164e-01
6.312724571756275216e-01 9.790739419088368978e-01
6.523790019952193653e-01 9.790740740804463327e-01
6.741912424762606104e-01 9.790716210518175533e-01
6.967327734975364839e-01 9.790701482645902676e-01
7.200279788307419881e-01 9.790710708887033764e-01
7.441020575170596008e-01 9.790729330679165399e-01
7.689810511256225389e-01 9.790739816212464808e-01
7.946918719233755368e-01 9.790734300986866367e-01
8.212623319867858873e-01 9.790722277974960308e-01
8.487211732869031078e-01 9.790715005316885655e-01
8.770980987803161932e-01 9.790717663255673608e-01
9.064238045396205701e-01 9.790723235608963515e-01
9.367300129581793700e-01 9.790723273161081597e-01
9.680495070650749767e-01 9.790714708838497149e-01
1.000416165987385808e+00 9.790706567393658855e-01
1.033865001598128330e+00 9.790709506438194376e-01
1.068432196389532240e+00 9.790727729788195610e-01
1.104155142612600837e+00 9.790749174642027208e-01
1.141072482725305592e+00 9.790759262906558735e-01
1.179224151193147607e+00 9.790750116057003183e-01
1.218651417687333982e+00 9.790732837253712795e-01
1.259396931727273516e+00 9.790721866168374810e-01
1.301504768815691548e+00 9.790726035241477110e-01
1.345020478116276896e+00 9.790736281328976665e-01
1.389991131725407447e+00 9.790739979048452835e-01
1.436465375591293947e+00 9.790728704237972035e-01
1.484493482135585296e+00 9.790709161591385490e-01
1.534127404634392455e+00 9.790691460055163109e-01
1.585420833417506836e+00 9.790683806937091616e-01
1.638429253946665609e+00 9.790686675854581855e-01
1.693210006835640158e+00 9.790698574690263056e-01
1.749822349877109051e+00 9.790717296873181485e-01
1.808327522143368116e+00 9.790737353122288544e-01
1.868788810230267217e+00 9.790752311925412510e-01
1.931271616715998229e+00 9.790757065369279921e-01
1.995843530908793184e+00 9.790753381702544944e-01
2.062574401960084458e+00 9.790745255002355485e-01
2.131536414422164238e+00 9.790736225416384331e-01
2.202804166332139602e+00 9.790727156246096241e-01
2.276454749906602792e+00 9.790717935244296344e-01
2.352567834934338631e+00 9.790708172113579133e-01
2.431225754957225149e+00 9.790695629883189310e-01
2.512513596332623944e+00 9.790677315411487891e-01
2.596519290273538783e+00 9.790651803467846914e-01
2.683333707966161441e+00 9.790629598531257471e-01
2.773050758867611432e+00 9.790626681910549189e-01
2.865767492290306695e+00 9.790655818941116362e-01
2.961584202382770314e+00 9.790701609244282233e-01
3.060604536620467719e+00 9.790734181943425707e-01
3.162935607924048931e+00 9.790726944411090038e-01
3.268688110526199786e+00 9.790687148620439428e-01
3.377976439712552459e+00 9.790641469814774789e-01
3.490918815566087297e+00 9.790614827031702827e-01
3.607637410848952619e+00 9.790609283386191297e-01
3.728258483159945236e+00 9.790612270725428390e-01
3.852912511510727001e+00 9.790611845456657081e-01
3.981734337468417539e+00 9.790607608683981056e-01
4.114863311017320058e+00 9.790607394823942489e-01
4.252443441297450555e+00 9.790618511160270598e-01
4.394623552383071896e+00 9.790637224043062803e-01
4.541557444269631816e+00 9.790651036569327781e-01
4.693404059243289517e+00 9.790647936274133878e-01
4.850327653813030437e+00 9.790629379617524775e-01
5.012497976391239618e+00 9.790608713661411722e-01
5.180090450915090017e+00 9.790599064480386415e-01
5.353286366607249214e+00 9.790599555806541732e-01
5.532273074081278885e+00 9.790595567801035903e-01
5.717244188003695271e+00 9.790572546842568613e-01
5.908399796532135539e+00 9.790533364375542114e-01
6.105946677756002750e+00 9.790499907279748282e-01
6.310098523373801171e+00 9.790494354568551882e-01
6.521076169849157722e+00 9.790516403564092363e-01
6.739107837295406966e+00 9.790538467808752587e-01
6.964429376347387013e+00 9.790531857930804271e-01
7.197284523287298619e+00 9.790490793680995951e-01
7.437925163700752407e+00 9.790440428547573237e-01
7.686611604948010879e+00 9.790407788782911069e-01
7.943612857745410594e+00 9.790402344990826178e-01
8.209206927161357470e+00 9.790407168462260667e-01
8.483681113341843272e+00 9.790403279451393992e-01
8.767332322290526392e+00 9.790381247535563380e-01
9.060467387039910392e+00 9.790347651172467414e-01
9.363403399560734641e+00 9.790310575142266991e-01
9.676468053768756405e+00 9.790275738118315862e-01
1.000000000000001243e+01 9.790244429996883824e-01
