2.000000000000000164e-05 5.295375841667371297e-01
2.066869842267550072e-05 5.295403595630064908e-01
2.135975472437544027e-05 5.295319000982349200e-01
2.207391643902171255e-05 5.295341626515798206e-01
2.281195609427394449e-05 5.295410011065407874e-01
2.357467204719313169e-05 5.295352880642303361e-01
2.436288934784564352e-05 5.295371777242159350e-01
2.517746063178175121e-05 5.295463255958382520e-01
2.601926704235410016e-05 5.295414413453182201e-01
2.688921918387384303e-05 5.295475887329829101e-01
2.778825810663545582e-05 5.295481738061349475e-01
2.871735632487579741e-05 5.295436645836079093e-01
2.967751886876853870e-05 5.295430024554853565e-01
3.066978437159193627e-05 5.295492332328116669e-01
3.169522619324599853e-05 5.295670827932081881e-01
3.275495358133433647e-05 5.295413920791174345e-01
3.385011287106671010e-05 5.295648926574971771e-01
3.498188872528021299e-05 5.295659835843046226e-01
3.615150541592045298e-05 5.295543341397048742e-01
3.736022814836899319e-05 5.295654889653924613e-01
3.860936443004954884e-05 5.295681008538730694e-01
3.990026548479344494e-05 5.295704145272160934e-01
4.123432771449419843e-05 5.295773931111487087e-01
4.261299420963254024e-05 5.295804468074685190e-01
4.403775631030562105e-05 5.295818734373031189e-01
4.551015521944909301e-05 5.295682210574513826e-01
4.703178366999723984e-05 5.295958440576944426e-01
4.860428764778435972e-05 5.295907318707512301e-01
5.022936817205134787e-05 5.295977289627281648e-01
5.190878313548323190e-05 5.296078674342952208e-01
5.364434920576834987e-05 5.296082019596014545e-01
5.543794379073590958e-05 5.296238418447160035e-01
5.729150706919781900e-05 5.296214668234705547e-01
5.920704408969155763e-05 5.296264610151902863e-01
6.118662693939432690e-05 5.296301511933172446e-01
6.323239698555469304e-05 5.296520432006330825e-01
6.534656719186627638e-05 5.296438315413665165e-01
6.753142451228926792e-05 5.296518667565218719e-01
6.978933236490913268e-05 5.296641254483672734e-01
7.212273318850868345e-05 5.296772435631402764e-01
7.453415108461877573e-05 5.296953598817150111e-01
7.702619454790587906e-05 5.297022139856718548e-01
7.960155928784993205e-05 5.297075377601523360e-01
8.226303114476471348e-05 5.297156848545327978e-01
8.501348910331518868e-05 5.297422256381519867e-01
8.785590840679157983e-05 5.297650157167836937e-01
9.079336377550881697e-05 5.297676567320054319e-01
9.382903273281309529e-05 5.297781530131814298e-01
9.696619904229312483e-05 5.298038324836441548e-01
1.002082562599141270e-04 5.298187041763225968e-01
1.035587114049174785e-04 5.298447265383654514e-01
1.070211887534562421e-04 5.298563981712595128e-01
1.105994337590709140e-04 5.298949322398343043e-01
1.142973171042456330e-04 5.299180440623252331e-01
1.181188388874281471e-04 5.299296844251256688e-01
1.220681329500424115e-04 5.299697871088077106e-01
1.261494713481742377e-04 5.299942440410989608e-01
1.303672689737678670e-04 5.300228793624091050e-01
1.347260883303314362e-04 5.300584481748469301e-01
1.392306444683180742e-04 5.300921827670336262e-01
1.438858100855209437e-04 5.301368625598658069e-01
1.486966207979997041e-04 5.301711335400554059e-01
1.536682805872396744e-04 5.302212601893833144e-01
1.588061674294368483e-04 5.302693486795476696e-01
1.641158391129971276e-04 5.303047678642935914e-01
1.696030392505434848e-04 5.303590837108539402e-01
1.752737034919339915e-04 5.304342227010002686e-01
1.811339659450114388e-04 5.304931651881575894e-01
1.871901658110307874e-04 5.305486791684146386e-01
1.934488542419408646e-04 5.306279581553482450e-01
1.999168014269393128e-04 5.306962417414234912e-01
2.066010039159656652e-04 5.307757507461455804e-01
2.135086921880547338e-04 5.308545655873815328e-01
2.206473384727377968e-04 5.309460787781699054e-01
2.280246648329511538e-04 5.310511343729713563e-01
2.356486515181963309e-04 5.311482223719495854e-01
2.435275455969876748e-04 5.312574544664280252e-01
2.516698698779247295e-04 5.313765752253821750e-01
2.600844321290405573e-04 5.315108662086879265e-01
2.687803346053976817e-04 5.316212962659575547e-01
2.777669838952388651e-04 5.317813316104066379e-01
2.870541010953427292e-04 5.319304922375388545e-01
2.966517323265922064e-04 5.320892425496417388e-01
3.065702596011295341e-04 5.322738631877048654e-01
3.168204120528543403e-04 5.324464952066038093e-01
3.274132775434116785e-04 5.326511134594456021e-01
3.383603146562264279e-04 5.328635852238823301e-01
3.496733650915567022e-04 5.331018920445641518e-01
3.613646664759745386e-04 5.333385173154043812e-01
3.734468656001317080e-04 5.335865220235500583e-01
3.859330320991275886e-04 5.338543408749222285e-01
3.988366725902805230e-04 5.341414003465752014e-01
4.121717452835938129e-04 5.344629196761258028e-01
4.259526750807212541e-04 5.347956823145613159e-01
4.401943691787655547e-04 5.351440928979621647e-01
4.549122331957894719e-04 5.355085999463332636e-01
4.701221878354804149e-04 5.359096133522769367e-01
4.858406861089974399e-04 5.363412162521813409e-01
5.020847311326308640e-04 5.367991185858379533e-01
5.188718945205230424e-04 5.372855984511241134e-01
5.362203353923492141e-04 5.377940870419049002e-01
5.541488200165187389e-04 5.383498305890906943e-01
5.726767421101455150e-04 5.389316540394953892e-01
5.918241438177454907e-04 5.395554287833550511e-01
6.116117373913557359e-04 5.402219521601051566e-01
6.320609275955268004e-04 5.409072957903051648e-01
6.531938348614238542e-04 5.416465484946954012e-01
6.750333192150836329e-04 5.424490124143563907e-01
6.976030050057104547e-04 5.432845784776354492e-01
7.209273064607610694e-04 5.441645623879060034e-01
7.450314540954613768e-04 5.451111373963326567e-01
7.699415220053250396e-04 5.461076280230484636e-01
7.956844560711916160e-04 5.471646064382439389e-01
8.222881031073025473e-04 5.482864471323601885e-01
8.497812409839368810e-04 5.494717972265239503e-01
8.781936097571961097e-04 5.507070688281622273e-01
9.075559438396131216e-04 5.520271311565844163e-01
9.379000052463793693e-04 5.534086691868702612e-01
9.692586179531593148e-04 5.548683253067544507e-01
1.001665703402655023e-03 5.563983471962017369e-01
1.035156317198330069e-03 5.579945612566927782e-01
1.069766687024985286e-03 5.596821063397409146e-01
1.105534251837205851e-03 5.614430124229057295e-01
1.142497702358069404e-03 5.632842475492307877e-01
1.180697022931930960e-03 5.651963329045294193e-01
1.220173534776542454e-03 5.671923494816153433e-01
1.260969940681316284e-03 5.692527180816104870e-01
1.303130371200056587e-03 5.714095957399552006e-01
1.346700432388157767e-03 5.736194125926686871e-01
1.391727255135877424e-03 5.758977872954296195e-01
1.438259546151070007e-03 5.782486690709002231e-01
1.486347640646530459e-03 5.806408387782043823e-01
1.536043556788919398e-03 5.831109646772205668e-01
1.587401051968200579e-03 5.856144683573231147e-01
1.640475680948428249e-03 5.881655138137901195e-01
1.695324855962815390e-03 5.907515539176330099e-01
1.752007908818060174e-03 5.933642545672446200e-01
1.810586155075142928e-03 5.959990217480252150e-01
1.871122960375984270e-03 5.986464206189987536e-01
1.933683808987751848e-03 6.012995781791414807e-01
1.998336374638913938e-03 6.039377638602496656e-01
2.065150593723721201e-03 6.066059423627435665e-01
2.134198740954243185e-03 6.092424176001666192e-01
2.205555507541849362e-03 6.119059399562584156e-01
2.279298081992675151e-03 6.145430554063561202e-01
2.355506233604463730e-03 6.171895119857530032e-01
2.434262398755145627e-03 6.198286125673719837e-01
2.515651770076436904e-03 6.224898520549901892e-01
2.599762388608985089e-03 6.251662939460417290e-01
2.686685239038679764e-03 6.278750067132015111e-01
2.776514348117217236e-03 6.306091042187494944e-01
2.869346886373309435e-03 6.334008026124492430e-01
2.965283273224645581e-03 6.362543653386533160e-01
3.064427285604211931e-03 6.391616806624274005e-01
3.166886170218578649e-03 6.421441901151706544e-01
3.272770759559481216e-03 6.451849302193185531e-01
3.382195591794276077e-03 6.483122874561384474e-01
3.495279034664920681e-03 6.514972104080107851e-01
3.612143413529477973e-03 6.547650464943503001e-01
3.732915143684721951e-03 6.581073593531813204e-01
3.857724867112893516e-03 6.615076588596848772e-01
3.986707593800617976e-03 6.649649497225280648e-01
4.120002847782761740e-03 6.684885741698574080e-01
4.257754818069308354e-03 6.720619050360837621e-01
4.400112514618404608e-03 6.757026566337087647e-01
4.547229929524409554e-03 6.793904461927701144e-01
4.699266203595197679e-03 6.831387915839932656e-01
4.856385798499019031e-03 6.869529398500147099e-01
5.018758674667020935e-03 6.908087107014221351e-01
5.186560475143959549e-03 6.947261551465210294e-01
5.359972715585955248e-03 6.987093945635733938e-01
5.539182980610755057e-03 7.027456312462373456e-01
5.724385126713026593e-03 7.068368267932018112e-01
5.915779491964028892e-03 7.109894444088330490e-01
6.113573112722652143e-03 7.152032132326591185e-01
6.317979947592099882e-03 7.194492556758161905e-01
6.529221108864616957e-03 7.237592757174889924e-01
6.747525101704480652e-03 7.281293816188154633e-01
6.973128071328140755e-03 7.325553891957862218e-01
7.206274058448705437e-03 7.370397984692217408e-01
7.447215263261310406e-03 7.415738210182667434e-01
7.696212318254701257e-03 7.461523118706699931e-01
7.953534570144332738e-03 7.507950162295896623e-01
8.219460371231864307e-03 7.554734949200946348e-01
8.494277380506187053e-03 7.602161061639062245e-01
8.778282874811823774e-03 7.650112625421809920e-01
9.071784070421121463e-03 7.698391185916838575e-01
9.375098455358292851e-03 7.747408471875130154e-01
9.688554132834568261e-03 7.796776696958201969e-01
1.001249017616620725e-02 7.846784775441753013e-01
1.034725699555901803e-02 7.897138237703790198e-01
1.069321671715643858e-02 7.947954048613982136e-01
1.105074357476093505e-02 7.999239918195434340e-01
1.142022431465263173e-02 8.051006826976446762e-01
1.180205861394306721e-02 8.103309014810422539e-01
1.219665951291643881e-02 8.155991740341820284e-01
1.260445386182631328e-02 8.209025931909879059e-01
1.302588278263077520e-02 8.262721540498736417e-01
1.346140214616583890e-02 8.316613603051665748e-01
1.391148306527291781e-02 8.371028852245441243e-01
1.437661240441416924e-02 8.425843969870737693e-01
1.485729330632660182e-02 8.481083004747804743e-01
1.535404573628500365e-02 8.536694942742911740e-01
1.586740704456205894e-02 8.592750775560975551e-01
1.639793254769450481e-02 8.649240823382732257e-01
1.694619612918364313e-02 8.705946774222492746e-01
1.751279086028037155e-02 8.763175185457261485e-01
1.809832964152614798e-02 8.820675277640003253e-01
1.870344586574363213e-02 8.878340071575473447e-01
1.932879410319460894e-02 8.936599161559746207e-01
1.997505080964588620e-02 8.995034014491354313e-01
2.064291505810955316e-02 9.053999278924205196e-01
2.133310929504865505e-02 9.113119113493409751e-01
2.204638012186681956e-02 9.172481811619526137e-01
2.278349910252664909e-02 9.232150658210234173e-01
2.354526359817107548e-02 9.292187967545783023e-01
2.433249762964985810e-02 9.352674947461386834e-01
2.514605276888498206e-02 9.413120001806196679e-01
2.598680906003840441e-02 9.473667253480764217e-01
2.685567597147924673e-02 9.535037915613470139e-01
2.775359337957988490e-02 9.596323291946339262e-01
2.868153258540498754e-02 9.657342630457989019e-01
2.964049736539381419e-02 9.719360104057261918e-01
3.063152505717161092e-02 9.781353117789494123e-01
3.165568768166540647e-02 9.842815024706298432e-01
3.271409310273729054e-02 9.905596285600325457e-01
3.380788622559029871e-02 9.967318539095135765e-01
3.493825023524253087e-02 1.003036852189792771e+00
3.610640787640997940e-02 1.009227001583927752e+00
3.731362277618164441e-02 1.015585153456656231e+00
3.856120081091872487e-02 1.021783852403677306e+00
3.985049151885547425e-02 1.028127304563316358e+00
4.118288955993056055e-02 1.034420651687097958e+00
4.255983622442782027e-02 1.040659629419780297e+00
4.398282099205792772e-02 1.047018177311899834e+00
4.545338314316834522e-02 1.053333372316877625e+00
4.697311342382341770e-02 1.059571621223482918e+00
4.854365576655684383e-02 1.065884907754899746e+00
5.016670906865677154e-02 1.072180882699497628e+00
5.184402902990837420e-02 1.078467603210066628e+00
5.357743005178047802e-02 1.084764462474835156e+00
5.536878720011212396e-02 1.091013259892297915e+00
5.722003823342062395e-02 1.097293086834841391e+00
5.913318569902666078e-02 1.103583519527434609e+00
6.111029909926251474e-02 1.109825808343413156e+00
6.315351713010779189e-02 1.116023898435609674e+00
6.526504999467336310e-02 1.122241242633481795e+00
6.744718179403717817e-02 1.128469097783837194e+00
6.970227299801623477e-02 1.134667040631322843e+00
7.203276299854979858e-02 1.140828078986715566e+00
7.444117274845411802e-02 1.146956905907361657e+00
7.693010748840443946e-02 1.153075915815370500e+00
7.950225956509210379e-02 1.159190396898073017e+00
8.216041134360790865e-02 1.165230253512575143e+00
8.490743821719984319e-02 1.171218367658790394e+00
8.774631171766281157e-02 1.177369080866883078e+00
9.068010272972255870e-02 1.183285003468273588e+00
9.371198481289348681e-02 1.188988450018334975e+00
9.684523763440215649e-02 1.194951269323850429e+00
1.000832505168899600e-01 1.201056062158120552e+00
1.034295261047340625e-01 1.206904083451659782e+00
1.068876841529496080e-01 1.212657924647149166e+00
1.104614654427753945e-01 1.218203598350693806e+00
1.141547358281756464e-01 1.224032861373909986e+00
1.179714904176376727e-01 1.229505057500188681e+00
1.219158578957853512e-01 1.235266518461133112e+00
1.259921049894874856e-01 1.240884851518947674e+00
1.302046410832891354e-01 1.246419250339768192e+00
1.345580229891604751e-01 1.251821261030990451e+00
1.390569598757198100e-01 1.257391928283088101e+00
1.437063183622670492e-01 1.262900743255457536e+00
1.485111277831346888e-01 1.268162065089481150e+00
1.534765856280515817e-01 1.273271135753791361e+00
1.586080631644066208e-01 1.278520524998156160e+00
1.639111112474894438e-01 1.283780614543945209e+00
1.693914663249987407e-01 1.288960442753504854e+00
1.750550566423093313e-01 1.293678784070627419e+00
1.809080086552135869e-01 1.298822768134225036e+00
1.869566536570689830e-01 1.303876622012362763e+00
1.932075346275276828e-01 1.308646600119620862e+00
1.996674133102498971e-01 1.313698938148101014e+00
2.063432775272630582e-01 1.318257010999161372e+00
2.132423487378718452e-01 1.322898538758825016e+00
2.203720898503036263e-01 1.327690292801437577e+00
2.277402132945338109e-01 1.332029040633383676e+00
2.353546893650253491e-01 1.336719487517607163e+00
2.432237548424092122e-01 1.341245712946915969e+00
2.513559219034258718e-01 1.345280752630100052e+00
2.597599873287743666e-01 1.350103398800771570e+00
2.684450420188219666e-01 1.354221272689218880e+00
2.774204808274743361e-01 1.358546699397320534e+00
2.866960127248350254e-01 1.362551799502486061e+00
2.962816712996577673e-01 1.366470458856027470e+00
3.061878256129444420e-01 1.370700674444425005e+00
3.164251914144354805e-01 1.374539678689422173e+00
3.270048427341168962e-01 1.378390353013709158e+00
3.379382238612947953e-01 1.382503909664916542e+00
3.492371617241852855e-01 1.385894968244906211e+00
3.609138786834163448e-01 1.389672870121661630e+00
3.729810057532814693e-01 1.393122800414213103e+00
3.854515962650386651e-01 1.396582563343433225e+00
3.983391399870480631e-01 1.400395395765581918e+00
4.116575777170102257e-01 1.403333730782829303e+00
4.254213163620995108e-01 1.407192147682152950e+00
4.396452445232932327e-01 1.410358913970091610e+00
4.543447486007690661e-01 1.413469671627522573e+00
4.695357294377799362e-01 1.416751921551283155e+00
4.852346195210218704e-01 1.419830967959786916e+00
5.014584007560848322e-01 1.422697744727232205e+00
5.182246228372336949e-01 1.425887268951529174e+00
5.355514222313770833e-01 1.428732020788371138e+00
5.534575417967635413e-01 1.431851476242498755e+00
5.719623510576314906e-01 1.434588290682368150e+00
5.910858671567322808e-01 1.437439138618224588e+00
6.108487765084068544e-01 1.440027175078831156e+00
6.312724571756275216e-01 1.442525696426517845e+00
6.523790019952193653e-01 1.445134717957598181e+00
6.741912424762606104e-01 1.447554360328767498e+00
6.967327734975364839e-01 1.449876410720031927e+00
7.200279788307419881e-01 1.452169055039122636e+00
7.441020575170596008e-01 1.454446417673522340e+00
7.689810511256225389e-01 1.456721259521303713e+00
7.946918719233755368e-01 1.458981933822562249e+00
8.212623319867858873e-01 1.461172970282917705e+00
8.487211732869031078e-01 1.463234680154811063e+00
8.770980987803161932e-01 1.465155244596958450e+00
9.064238045396205701e-01 1.467018904658704326e+00
9.367300129581793700e-01 1.468921076278471682e+00
9.680495070650749767e-01 1.470890317092445221e+00
1.000416165987385808e+00 1.472804977364815304e+00
1.033865001598128330e+00 1.474523145112933475e+00
1.068432196389532240e+00 1.475991637529325606e+00
1.104155142612600837e+00 1.477380911350853143e+00
1.141072482725305592e+00 1.478896002526353115e+00
1.179224151193147607e+00 1.480648145403360205e+00
1.218651417687333982e+00 1.482482809273305779e+00
1.259396931727273516e+00 1.484198743456623726e+00
1.301504768815691548e+00 1.485659028969401163e+00
1.345020478116276896e+00 1.486932062381723485e+00
1.389991131725407447e+00 1.488127110853284307e+00
1.436465375591293947e+00 1.489333939271199281e+00
1.484493482135585296e+00 1.490572083580141705e+00
1.534127404634392455e+00 1.491845277005311665e+00
1.585420833417506836e+00 1.493138697252085922e+00
1.638429253946665609e+00 1.494362059469308557e+00
1.693210006835640158e+00 1.495405897881943336e+00
1.749822349877109051e+00 1.496213736675493511e+00
1.808327522143368116e+00 1.496972573432486575e+00
1.868788810230267217e+00 1.497939289704160348e+00
1.931271616715998229e+00 1.499291309717334819e+00
1.995843530908793184e+00 1.500793268496377175e+00
2.062574401960084458e+00 1.502076180127060123e+00
2.131536414422164238e+00 1.502843424100364977e+00
2.202804166332139602e+00 1.503224458339828429e+00
2.276454749906602792e+00 1.503504021427784387e+00
2.352567834934338631e+00 1.503933450847419362e+00
2.431225754957225149e+00 1.504539607262369127e+00
2.512513596332623944e+00 1.505257433838739001e+00
2.596519290273538783e+00 1.506026330984874706e+00
2.683333707966161441e+00 1.506821666302850637e+00
2.773050758867611432e+00 1.507635319616593916e+00
2.865767492290306695e+00 1.508449349227435565e+00
2.961584202382770314e+00 1.509159805472072735e+00
3.060604536620467719e+00 1.509618550999428210e+00
3.162935607924048931e+00 1.509708847645718777e+00
3.268688110526199786e+00 1.509630409669452389e+00
3.377976439712552459e+00 1.509764562025887713e+00
3.490918815566087297e+00 1.510453363773908597e+00
3.607637410848952619e+00 1.511562385630805805e+00
3.728258483159945236e+00 1.512652173193180127e+00
3.852912511510727001e+00 1.513307090356896367e+00
3.981734337468417539e+00 1.513496570122798257e+00
4.114863311017320058e+00 1.513464665049773616e+00
4.252443441297450555e+00 1.513452257565742753e+00
4.394623552383071896e+00 1.513557875745656700e+00
4.541557444269631816e+00 1.513767060013409438e+00
4.693404059243289517e+00 1.514061223284076885e+00
4.850327653813030437e+00 1.514402892183157823e+00
5.012497976391239618e+00 1.514737920190207365e+00
5.180090450915090017e+00 1.515013883728346888e+00
5.353286366607249214e+00 1.515229428279836865e+00
5.532273074081278885e+00 1.515433324588703723e+00
5.717244188003695271e+00 1.515673901119325429e+00
5.908399796532135539e+00 1.515930499828676226e+00
6.105946677756002750e+00 1.516107179898651403e+00
6.310098523373801171e+00 1.516106908393697994e+00
6.521076169849157722e+00 1.515923819447444476e+00
6.739107837295406966e+00 1.515662687537883357e+00
6.964429376347387013e+00 1.515435550149268895e+00
7.197284523287298619e+00 1.515380064905617052e+00
7.437925163700752407e+00 1.515668483800606259e+00
7.686611604948010879e+00 1.516470740415030383e+00
7.943612857745410594e+00 1.517692794372759169e+00
8.209206927161357470e+00 1.518843654324079306e+00
8.483681113341843272e+00 1.519403531827470122e+00
8.767332322290526392e+00 1.519149191108855712e+00
9.060467387039910392e+00 1.518354549528263764e+00
9.363403399560734641e+00 1.517341071244969086e+00
9.676468053768756405e+00 1.516438385975498848e+00
1.000000000000001243e+01 1.515991407350283593e+00
