2.000000000000000164e-05 1.613825230603099570e+01
2.066869842267550072e-05 1.665721533721453085e+01
2.135975472437544027e-05 1.719286151558918618e+01
2.207391643902171255e-05 1.774573757764665061e+01
2.281195609427394449e-05 1.831638713290100995e+01
2.357467204719313169e-05 1.890539036785669680e+01
2.436288934784564352e-05 1.951333344895310873e+01
2.517746063178175121e-05 2.014082189607436746e+01
2.601926704235410016e-05 2.078849175506459090e+01
2.688921918387384303e-05 2.145698175795611817e+01
2.778825810663545582e-05 2.214697169268871590e+01
2.871735632487579741e-05 2.285914592397182687e+01
2.967751886876853870e-05 2.359422090817374595e+01
3.066978437159193627e-05 2.435293334236287777e+01
3.169522619324599853e-05 2.513603938986033626e+01
3.275495358133433647e-05 2.594432238893727671e+01
3.385011287106671010e-05 2.677860052491191212e+01
3.498188872528021299e-05 2.763969955146521684e+01
3.615150541592045298e-05 2.852848512637885747e+01
3.736022814836899319e-05 2.944585275228270405e+01
3.860936443004954884e-05 3.039271279351033428e+01
3.990026548479344494e-05 3.137001323839702494e+01
4.123432771449419843e-05 3.237873722834541468e+01
4.261299420963254024e-05 3.341989189495553347e+01
4.403775631030562105e-05 3.449452764330442989e+01
4.551015521944909301e-05 3.560370509894737978e+01
4.703178366999723984e-05 3.674854386994472577e+01
4.860428764778435972e-05 3.793018984855790166e+01
5.022936817205134787e-05 3.914982487990741333e+01
5.190878313548323190e-05 4.040866456664697637e+01
5.364434920576834987e-05 4.170798098748421978e+01
5.543794379073590958e-05 4.304906019043194476e+01
5.729150706919781900e-05 4.443324675362004683e+01
5.920704408969155763e-05 4.586193534578340092e+01
6.118662693939432690e-05 4.733654153828850042e+01
6.323239698555469304e-05 4.885854907278478265e+01
6.534656719186627638e-05 5.042947299024777408e+01
6.753142451228926792e-05 5.205089627848050782e+01
6.978933236490913268e-05 5.372443561292919156e+01
7.212273318850868345e-05 5.545175321866323515e+01
7.453415108461877573e-05 5.723457982842037950e+01
7.702619454790587906e-05 5.907470328350343181e+01
7.960155928784993205e-05 6.097395517023745271e+01
8.226303114476471348e-05 6.293424193690274393e+01
8.501348910331518868e-05 6.495750922489021661e+01
8.785590840679157983e-05 6.704578685094676871e+01
9.079336377550881697e-05 6.920116641749717701e+01
9.382903273281309529e-05 7.142577467893271148e+01
9.696619904229312483e-05 7.372185659216222575e+01
1.002082562599141270e-04 7.609168458549470415e+01
1.035587114049174785e-04 7.853763373992779862e+01
1.070211887534562421e-04 8.106213763147422924e+01
1.105994337590709140e-04 8.366770939179292554e+01
1.142973171042456330e-04 8.635695023227975753e+01
1.181188388874281471e-04 8.913253440371958902e+01
1.220681329500424115e-04 9.199722855277347833e+01
1.261494713481742377e-04 9.495387818140977743e+01
1.303672689737678670e-04 9.800541824179727257e+01
1.347260883303314362e-04 1.011548992310818704e+02
1.392306444683180742e-04 1.044054302659695281e+02
1.438858100855209437e-04 1.077602637974932236e+02
1.486966207979997041e-04 1.112227045808562025e+02
1.536682805872396744e-04 1.147961902279571262e+02
1.588061674294368483e-04 1.184842855742502650e+02
1.641158391129971276e-04 1.222906011593181290e+02
1.696030392505434848e-04 1.262189315721628446e+02
1.752737034919339915e-04 1.302731589429833150e+02
1.811339659450114388e-04 1.344572971392657621e+02
1.871901658110307874e-04 1.387754321118363521e+02
1.934488542419408646e-04 1.432318612348503564e+02
1.999168014269393128e-04 1.478309677099960879e+02
2.066010039159656652e-04 1.525772770520711674e+02
2.135086921880547338e-04 1.574754052247959919e+02
2.206473384727377968e-04 1.625302510281599950e+02
2.280246648329511538e-04 1.677466561179769258e+02
2.356486515181963309e-04 1.731297990559684479e+02
2.435275455969876748e-04 1.786849116648511995e+02
2.516698698779247295e-04 1.844174136129897761e+02
2.600844321290405573e-04 1.903328853525696616e+02
2.687803346053976817e-04 1.964370508480495232e+02
2.777669838952388651e-04 2.027358694014328080e+02
2.870541010953427292e-04 2.092354255368522615e+02
2.966517323265922064e-04 2.159419089233393549e+02
3.065702596011295341e-04 2.228618878423727097e+02
3.168204120528543403e-04 2.300019383568871376e+02
3.274132775434116785e-04 2.373689165040875935e+02
3.383603146562264279e-04 2.449698195545971373e+02
3.496733650915567022e-04 2.528119127860002493e+02
3.613646664759745386e-04 2.609026164101100562e+02
3.734468656001317080e-04 2.692495727164197206e+02
3.859330320991275886e-04 2.778606739536958230e+02
3.988366725902805230e-04 2.867439056018914698e+02
4.121717452835938129e-04 2.959076183500922070e+02
4.259526750807212541e-04 3.053602858497083048e+02
4.401943691787655547e-04 3.151106766466724594e+02
4.549122331957894719e-04 3.251677413635749758e+02
4.701221878354804149e-04 3.355406819216570966e+02
4.858406861089974399e-04 3.462388780216545570e+02
5.020847311326308640e-04 3.572720130948144970e+02
5.188718945205230424e-04 3.686500242010769739e+02
5.362203353923492141e-04 3.803830075405670073e+02
5.541488200165187389e-04 3.924814124696840167e+02
5.726767421101455150e-04 4.049557471191372429e+02
5.918241438177454907e-04 4.178169394380029757e+02
6.116117373913557359e-04 4.310760194493742574e+02
6.320609275955268004e-04 4.447444202605429950e+02
6.531938348614238542e-04 4.588335548163148587e+02
6.750333192150836329e-04 4.733554792903439079e+02
6.976030050057104547e-04 4.883219466131984063e+02
7.209273064607610694e-04 5.037453511257385799e+02
7.450314540954613768e-04 5.196382162115038454e+02
7.699415220053250396e-04 5.360132386233112811e+02
7.956844560711916160e-04 5.528831869068779952e+02
8.222881031073025473e-04 5.702613248545134184e+02
8.497812409839368810e-04 5.881609204740531140e+02
8.781936097571961097e-04 6.065954484953800829e+02
9.075559438396131216e-04 6.255788010672092696e+02
9.379000052463793693e-04 6.451245431470217682e+02
9.692586179531593148e-04 6.652466530935641913e+02
1.001665703402655023e-03 6.859595828328073139e+02
1.035156317198330069e-03 7.072773863726588388e+02
1.069766687024985286e-03 7.292146084692645900e+02
1.105534251837205851e-03 7.517855483851747067e+02
1.142497702358069404e-03 7.750047945535956160e+02
1.180697022931930960e-03 7.988871330330227920e+02
1.220173534776542454e-03 8.234471039993537715e+02
1.260969940681316284e-03 8.486994841262046521e+02
1.303130371200056587e-03 8.746586641481575271e+02
1.346700432388157767e-03 9.013394473563724887e+02
1.391727255135877424e-03 9.287565009831897669e+02
1.438259546151070007e-03 9.569238505116544502e+02
1.486347640646530459e-03 9.858562852582463165e+02
1.536043556788919398e-03 1.015567300426424822e+03
1.587401051968200579e-03 1.046071342610080592e+03
1.640475680948428249e-03 1.077381671078334193e+03
1.695324855962815390e-03 1.109511551229358702e+03
1.752007908818060174e-03 1.142474221173213664e+03
1.810586155075142928e-03 1.176281916643712748e+03
1.871122960375984270e-03 1.210946818803731503e+03
1.933683808987751848e-03 1.246480445730125894e+03
1.998336374638913938e-03 1.282893873969215292e+03
2.065150593723721201e-03 1.320197113859468118e+03
2.134198740954243185e-03 1.358400320247018726e+03
2.205555507541849362e-03 1.397511750116241501e+03
2.279298081992675151e-03 1.437539933179845320e+03
2.355506233604463730e-03 1.478491710297323607e+03
2.434262398755145627e-03 1.520373349524454397e+03
2.515651770076436904e-03 1.563189814055727311e+03
2.599762388608985089e-03 1.606944875574916296e+03
2.686685239038679764e-03 1.651641344088788401e+03
2.776514348117217236e-03 1.697279980527458292e+03
2.869346886373309435e-03 1.743860574280188985e+03
2.965283273224645581e-03 1.791380981544675024e+03
3.064427285604211931e-03 1.839837295288372388e+03
3.166886170218578649e-03 1.889223105256838153e+03
3.272770759559481216e-03 1.939531741968211236e+03
3.382195591794276077e-03 1.990751927917518515e+03
3.495279034664920681e-03 2.042871738239816295e+03
3.612143413529477973e-03 2.095876505678857029e+03
3.732915143684721951e-03 2.149748895242462822e+03
3.857724867112893516e-03 2.204468729007342063e+03
3.986707593800617976e-03 2.260012505009711276e+03
4.120002847782761740e-03 2.316354995209564549e+03
4.257754818069308354e-03 2.373466715548924640e+03
4.400112514618404608e-03 2.431314768915333389e+03
4.547229929524409554e-03 2.489864505861462021e+03
4.699266203595197679e-03 2.549075286685274932e+03
4.856385798499019031e-03 2.608904684614615689e+03
5.018758674667020935e-03 2.669304956693004442e+03
5.186560475143959549e-03 2.730225157692187622e+03
5.359972715585955248e-03 2.791610487646727961e+03
5.539182980610755057e-03 2.853400485384191143e+03
5.724385126713026593e-03 2.915530961496092004e+03
5.915779491964028892e-03 2.977932196193394248e+03
6.113573112722652143e-03 3.040530683241115185e+03
6.317979947592099882e-03 3.103245984115783358e+03
6.529221108864616957e-03 3.165994462102547004e+03
6.747525101704480652e-03 3.228683996570755426e+03
6.973128071328140755e-03 3.291219844833037769e+03
7.206274058448705437e-03 3.353501354542526769e+03
7.447215263261310406e-03 3.415419402816834918e+03
7.696212318254701257e-03 3.476860042303319915e+03
7.953534570144332738e-03 3.537704104602886218e+03
8.219460371231864307e-03 3.597825916455352399e+03
8.494277380506187053e-03 3.657091537306571354e+03
8.778282874811823774e-03 3.715362307701830105e+03
9.071784070421121463e-03 3.772491968476768307e+03
9.375098455358292851e-03 3.828328561449599874e+03
9.688554132834568261e-03 3.882711309448498923e+03
1.001249017616620725e-02 3.935477304905986330e+03
1.034725699555901803e-02 3.986452695134335499e+03
1.069321671715643858e-02 4.035459799983669654e+03
1.105074357476093505e-02 4.082313523695325330e+03
1.142022431465263173e-02 4.126824938446929082e+03
1.180205861394306721e-02 4.168797481318725659e+03
1.219665951291643881e-02 4.208029880485998547e+03
1.260445386182631328e-02 4.244319533746870547e+03
1.302588278263077520e-02 4.277456327770868484e+03
1.346140214616583890e-02 4.307231411787515754e+03
1.391148306527291781e-02 4.333429468369358801e+03
1.437661240441416924e-02 4.355839301721978700e+03
1.485729330632660182e-02 4.374247733286515540e+03
1.535404573628500365e-02 4.388447048925932904e+03
1.586740704456205894e-02 4.398230291762479283e+03
1.639793254769450481e-02 4.403400040613985766e+03
1.694619612918364313e-02 4.403766106772908643e+03
1.751279086028037155e-02 4.399151114498680727e+03
1.809832964152614798e-02 4.389390145209731600e+03
1.870344586574363213e-02 4.374337498061717270e+03
1.932879410319460894e-02 4.353867723544785804e+03
1.997505080964588620e-02 4.327878937360259442e+03
2.064291505810955316e-02 4.296297904655104503e+03
2.133310929504865505e-02 4.259083436122031344e+03
2.204638012186681956e-02 4.216231381868523385e+03
2.278349910252664909e-02 4.167776092377152963e+03
2.354526359817107548e-02 4.113797291400356698e+03
2.433249762964985810e-02 4.054419559919683707e+03
2.514605276888498206e-02 3.989821658558610125e+03
2.598680906003840441e-02 3.920234991994216216e+03
2.685567597147924673e-02 3.845945518587313472e+03
2.775359337957988490e-02 3.767299484519872749e+03
2.868153258540498754e-02 3.684696615205833950e+03
2.964049736539381419e-02 3.598597599488918604e+03
3.063152505717161092e-02 3.509513555896479374e+03
3.165568768166540647e-02 3.418008617560565654e+03
3.271409310273729054e-02 3.324689587893416956e+03
3.380788622559029871e-02 3.230200976717447247e+03
3.493825023524253087e-02 3.135217706283287043e+03
3.610640787640997940e-02 3.040429160885301371e+03
3.731362277618164441e-02 2.946530576703178212e+03
3.856120081091872487e-02 2.854207335911260088e+03
3.985049151885547425e-02 2.764119466502655087e+03
4.118288955993056055e-02 2.676884824501842104e+03
4.255983622442782027e-02 2.593058293069559113e+03
4.398282099205792772e-02 2.513121923055820389e+03
4.545338314316834522e-02 2.437455823242175029e+03
4.697311342382341770e-02 2.366326885777757070e+03
4.854365576655684383e-02 2.299869493098701241e+03
5.016670906865677154e-02 2.238068344386824265e+03
5.184402902990837420e-02 2.180745672167573503e+03
5.357743005178047802e-02 2.127551001605178044e+03
5.536878720011212396e-02 2.077949727740548042e+03
5.722003823342062395e-02 2.031233549095420813e+03
5.913318569902666078e-02 1.986524604051016695e+03
6.111029909926251474e-02 1.942800279668339499e+03
6.315351713010779189e-02 1.898931535139992320e+03
6.526504999467336310e-02 1.853738878447674779e+03
6.744718179403717817e-02 1.806065572713976053e+03
6.970227299801623477e-02 1.754867267401552226e+03
7.203276299854979858e-02 1.699313969114501560e+03
7.444117274845411802e-02 1.638891496572191045e+03
7.693010748840443946e-02 1.573494108152158105e+03
7.950225956509210379e-02 1.503492760596571543e+03
8.216041134360790865e-02 1.429758842802133131e+03
8.490743821719984319e-02 1.353636597230891539e+03
8.774631171766281157e-02 1.276855971402975229e+03
9.068010272972255870e-02 1.201390677142062486e+03
9.371198481289348681e-02 1.129269142936904927e+03
9.684523763440215649e-02 1.062370155288319438e+03
1.000832505168899600e-01 1.002216989483741372e+03
1.034295261047340625e-01 9.497995906157583477e+02
1.068876841529496080e-01 9.054412236907146507e+02
1.104614654427753945e-01 8.687176354841800503e+02
1.141547358281756464e-01 8.384455933659577340e+02
1.179714904176376727e-01 8.127504764585011117e+02
1.219158578957853512e-01 7.892446741723169907e+02
1.259921049894874856e-01 7.653298933744902115e+02
1.302046410832891354e-01 7.386217158614147138e+02
1.345580229891604751e-01 7.074333305758035522e+02
1.390569598757198100e-01 6.712014785907060741e+02
1.437063183622670492e-01 6.307005799087487503e+02
1.485111277831346888e-01 5.879278140689890506e+02
1.534765856280515817e-01 5.456441506410707234e+02
1.586080631644066208e-01 5.066860134242266440e+02
1.639111112474894438e-01 4.732506056352937094e+02
1.693914663249987407e-01 4.463513282759515164e+02
1.750550566423093313e-01 4.255646544023551314e+02
1.809080086552135869e-01 4.091203490707786159e+02
1.869566536570689830e-01 3.943550452949074838e+02
1.932075346275276828e-01 3.785057126189510086e+02
1.996674133102498971e-01 3.596725621275195408e+02
2.063432775272630582e-01 3.375685584642279196e+02
2.132423487378718452e-01 3.136248838691935816e+02
2.203720898503036263e-01 2.903010643550599639e+02
2.277402132945338109e-01 2.699182175161294026e+02
2.353546893650253491e-01 2.536116259758101990e+02
2.432237548424092122e-01 2.408835340413054382e+02
2.513559219034258718e-01 2.299320271173875199e+02
2.597599873287743666e-01 2.186393660871087832e+02
2.684450420188219666e-01 2.057729723263756227e+02
2.774204808274743361e-01 1.916634644204801816e+02
2.866960127248350254e-01 1.778225663231011993e+02
2.962816712996577673e-01 1.657617940971982762e+02
3.061878256129444420e-01 1.559220557733585224e+02
3.164251914144354805e-01 1.474860041878228003e+02
3.270048427341168962e-01 1.391553674875321178e+02
3.379382238612947953e-01 1.302562065453739990e+02
3.492371617241852855e-01 1.212034515715657506e+02
3.609138786834163448e-01 1.129052816638190251e+02
3.729810057532814693e-01 1.057798733360491497e+02
3.854515962650386651e-01 9.942081351578463000e+01
3.983391399870480631e-01 9.317415941013122449e+01
4.116575777170102257e-01 8.688715313564347298e+01
4.254213163620995108e-01 8.093798899158660731e+01
4.396452445232932327e-01 7.561807376840090456e+01
4.543447486007690661e-01 7.076646262715081548e+01
4.695357294377799362e-01 6.608756878886623554e+01
4.852346195210218704e-01 6.157224924193720739e+01
5.014584007560848322e-01 5.739427459782657337e+01
5.182246228372336949e-01 5.356588325824154140e+01
5.355514222313770833e-01 4.995227073172085142e+01
5.534575417967635413e-01 4.651886610000849487e+01
5.719623510576314906e-01 4.332639534326504815e+01
5.910858671567322808e-01 4.036435136518900890e+01
6.108487765084068544e-01 3.757730833171857654e+01
6.312724571756275216e-01 3.496467425671324492e+01
6.523790019952193653e-01 3.253509718663270434e+01
6.741912424762606104e-01 3.026394763000205401e+01
6.967327734975364839e-01 2.813986027991538208e+01
7.200279788307419881e-01 2.615917078679478180e+01
7.441020575170596008e-01 2.431223248949111237e+01
7.689810511256225389e-01 2.258964955204974601e+01
7.946918719233755368e-01 2.098310451141758648e+01
8.212623319867858873e-01 1.948541714341943987e+01
8.487211732869031078e-01 1.808984220454220448e+01
8.770980987803161932e-01 1.678995390167884949e+01
9.064238045396205701e-01 1.557961536633039401e+01
9.367300129581793700e-01 1.445303662072699424e+01
9.680495070650749767e-01 1.340473886524454450e+01
1.000416165987385808e+00 1.242951577174853028e+01
1.033865001598128330e+00 1.152248358725252153e+01
1.068432196389532240e+00 1.067909676650400108e+01
1.104155142612600837e+00 9.895156047237859909e+00
1.141072482725305592e+00 9.166721876311520134e+00
1.179224151193147607e+00 8.490073291753361673e+00
1.218651417687333982e+00 7.861673286252889525e+00
1.259396931727273516e+00 7.278207973942802944e+00
1.301504768815691548e+00 6.736591834707371440e+00
1.345020478116276896e+00 6.233970259278899029e+00
1.389991131725407447e+00 5.767674654358610375e+00
1.436465375591293947e+00 5.335199164431990937e+00
1.484493482135585296e+00 4.934178754774346309e+00
1.534127404634392455e+00 4.562402353666205279e+00
1.585420833417506836e+00 4.217811278004568010e+00
1.638429253946665609e+00 3.898496632934616013e+00
1.693210006835640158e+00 3.602678842709685192e+00
1.749822349877109051e+00 3.328695543971089688e+00
1.808327522143368116e+00 3.074991373254094995e+00
1.868788810230267217e+00 2.840115592750953599e+00
1.931271616715998229e+00 2.622716852444464841e+00
1.995843530908793184e+00 2.421536824102402452e+00
2.062574401960084458e+00 2.235404072412755738e+00
2.131536414422164238e+00 2.063228377258579105e+00
2.202804166332139602e+00 1.903995527771957796e+00
2.276454749906602792e+00 1.756762160734820721e+00
2.352567834934338631e+00 1.620650969325174939e+00
2.431225754957225149e+00 1.494846149172602834e+00
2.512513596332623944e+00 1.378589461622607759e+00
2.596519290273538783e+00 1.271176447319687819e+00
2.683333707966161441e+00 1.171952750216030736e+00
2.773050758867611432e+00 1.080310748810481725e+00
2.865767492290306695e+00 9.956863723051880832e-01
2.961584202382770314e+00 9.175560105296576285e-01
3.060604536620467719e+00 8.454338186175578418e-01
3.162935607924048931e+00 7.788691632836233225e-01
3.268688110526199786e+00 7.174441198579561974e-01
3.377976439712552459e+00 6.607712271974029994e-01
3.490918815566087297e+00 6.084913866769885438e-01
3.607637410848952619e+00 5.602718714685973600e-01
3.728258483159945236e+00 5.158044519016548035e-01
3.852912511510727001e+00 4.748036445736974476e-01
3.981734337468417539e+00 4.370050616966162926e-01
4.114863311017320058e+00 4.021639222710845507e-01
4.252443441297450555e+00 3.700536691928413835e-01
4.394623552383071896e+00 3.404646341648915886e-01
4.541557444269631816e+00 3.132028289490267903e-01
4.693404059243289517e+00 2.880888275122759357e-01
4.850327653813030437e+00 2.649566878705406081e-01
5.012497976391239618e+00 2.436529751855076587e-01
5.180090450915090017e+00 2.240358640325688100e-01
5.353286366607249214e+00 2.059742956303376726e-01
5.532273074081278885e+00 1.893471793330365194e-01
5.717244188003695271e+00 1.740426421743304919e-01
5.908399796532135539e+00 1.599573292260206836e-01
6.105946677756002750e+00 1.469957751166569848e-01
6.310098523373801171e+00 1.350698362658520613e-01
6.521076169849157722e+00 1.240981383881585021e-01
6.739107837295406966e+00 1.140055694093363436e-01
6.964429376347387013e+00 1.047228161448699457e-01
7.197284523287298619e+00 9.618593319282602028e-02
7.437925163700752407e+00 8.833593694200830848e-02
7.686611604948010879e+00 8.111842047516081011e-02
7.943612857745410594e+00 7.448319632474867391e-02
8.209206927161357470e+00 6.838397452751550365e-02
8.483681113341843272e+00 6.277808126331464733e-02
8.767332322290526392e+00 5.762618437181644265e-02
9.060467387039910392e+00 5.289203723429429516e-02
9.363403399560734641e+00 4.854223943792383700e-02
9.676468053768756405e+00 4.454602049863794905e-02
1.000000000000001243e+01 4.087503843628770284e-02
