2.000000000000000164e-05 5.393013338021852832e+01
2.066869842267550072e-05 5.566437011158736681e+01
2.135975472437544027e-05 5.745437413337521804e+01
2.207391643902171255e-05 5.930195048971902594e+01
2.281195609427394449e-05 6.120892133904814614e+01
2.357467204719313169e-05 6.317721209203286037e+01
2.436288934784564352e-05 6.520881142557422550e+01
2.517746063178175121e-05 6.730571751824349747e+01
2.601926704235410016e-05 6.947005933039234549e+01
2.688921918387384303e-05 7.170398917936850580e+01
2.778825810663545582e-05 7.400976089991515039e+01
2.871735632487579741e-05 7.638965855116478565e+01
2.967751886876853870e-05 7.884608316737408984e+01
3.066978437159193627e-05 8.138149673646837812e+01
3.169522619324599853e-05 8.399843540219667659e+01
3.275495358133433647e-05 8.669951910406813056e+01
3.385011287106671010e-05 8.948743624297023302e+01
3.498188872528021299e-05 9.236500778902676245e+01
3.615150541592045298e-05 9.533510377707737860e+01
3.736022814836899319e-05 9.840067686818615300e+01
3.860936443004954884e-05 1.015648244390397679e+02
3.990026548479344494e-05 1.048307023671085290e+02
4.123432771449419843e-05 1.082015766160018870e+02
4.261299420963254024e-05 1.116808331673593813e+02
4.403775631030562105e-05 1.152719381168729740e+02
4.551015521944909301e-05 1.189785129705232691e+02
4.703178366999723984e-05 1.228042349190960181e+02
4.860428764778435972e-05 1.267529423719134911e+02
5.022936817205134787e-05 1.308286028061644686e+02
5.190878313548323190e-05 1.350352490891545187e+02
5.364434920576834987e-05 1.393771664988290127e+02
5.543794379073590958e-05 1.438586372691763415e+02
5.729150706919781900e-05 1.484841631049885962e+02
5.920704408969155763e-05 1.532583744906317520e+02
6.118662693939432690e-05 1.581860238615010985e+02
6.323239698555469304e-05 1.632720795034411196e+02
6.534656719186627638e-05 1.685215887949278226e+02
6.753142451228926792e-05 1.739398119786839914e+02
6.978933236490913268e-05 1.795321876458596364e+02
7.212273318850868345e-05 1.853042588207193262e+02
7.453415108461877573e-05 1.912618375915429283e+02
7.702619454790587906e-05 1.974108233640673689e+02
7.960155928784993205e-05 2.037574005344763464e+02
8.226303114476471348e-05 2.103078913421500999e+02
8.501348910331518868e-05 2.170688241903477547e+02
8.785590840679157983e-05 2.240470078330448587e+02
9.079336377550881697e-05 2.312493360893701890e+02
9.382903273281309529e-05 2.386830072374065992e+02
9.696619904229312483e-05 2.463554999566155743e+02
1.002082562599141270e-04 2.542742947474656887e+02
1.035587114049174785e-04 2.624474974375462466e+02
1.070211887534562421e-04 2.708830698865650675e+02
1.105994337590709140e-04 2.795896083965594130e+02
1.142973171042456330e-04 2.885755481854521918e+02
1.181188388874281471e-04 2.978500123067248069e+02
1.220681329500424115e-04 3.074221736156242173e+02
1.261494713481742377e-04 3.173014462850310906e+02
1.303672689737678670e-04 3.274978388385993071e+02
1.347260883303314362e-04 3.380213336240364015e+02
1.392306444683180742e-04 3.488824262794899482e+02
1.438858100855209437e-04 3.600918739131986968e+02
1.486966207979997041e-04 3.716607854286303905e+02
1.536682805872396744e-04 3.836006378493488569e+02
1.588061674294368483e-04 3.959232229868774766e+02
1.641158391129971276e-04 4.086407298852209919e+02
1.696030392505434848e-04 4.217657392139783497e+02
1.752737034919339915e-04 4.353111612651826476e+02
1.811339659450114388e-04 4.492903854187028969e+02
1.871901658110307874e-04 4.637172522921351288e+02
1.934488542419408646e-04 4.786058894845336908e+02
1.999168014269393128e-04 4.939709406287169600e+02
2.066010039159656652e-04 5.098273607431502796e+02
2.135086921880547338e-04 5.261908354466818309e+02
2.206473384727377968e-04 5.430773643345246455e+02
2.280246648329511538e-04 5.605035127193377775e+02
2.356486515181963309e-04 5.784861517542523188e+02
2.435275455969876748e-04 5.970427852537426361e+02
2.516698698779247295e-04 6.161915412525183910e+02
2.600844321290405573e-04 6.359510575710525018e+02
2.687803346053976817e-04 6.563402252712874088e+02
2.777669838952388651e-04 6.773790062878737217e+02
2.870541010953427292e-04 6.990874480612785646e+02
2.966517323265922064e-04 7.214865133214176467e+02
3.065702596011295341e-04 7.445975558783192128e+02
3.168204120528543403e-04 7.684429898756000057e+02
3.274132775434116785e-04 7.930452906915506901e+02
3.383603146562264279e-04 8.184278063391631122e+02
3.496733650915567022e-04 8.446146348644532509e+02
3.613646664759745386e-04 8.716304401742429491e+02
3.734468656001317080e-04 8.995007545381070031e+02
3.859330320991275886e-04 9.282513748481090943e+02
3.988366725902805230e-04 9.579093517989396105e+02
4.121717452835938129e-04 9.885020830326766372e+02
4.259526750807212541e-04 1.020057744502306718e+03
4.401943691787655547e-04 1.052605420016183643e+03
4.549122331957894719e-04 1.086174662421025687e+03
4.701221878354804149e-04 1.120796241273001215e+03
4.858406861089974399e-04 1.156501310462238735e+03
5.020847311326308640e-04 1.193321683878728663e+03
5.188718945205230424e-04 1.231290592542215336e+03
5.362203353923492141e-04 1.270441284473564792e+03
5.541488200165187389e-04 1.310808369906818371e+03
5.726767421101455150e-04 1.352426639670954273e+03
5.918241438177454907e-04 1.395332556153685346e+03
6.116117373913557359e-04 1.439562879334812123e+03
6.320609275955268004e-04 1.485154604130821781e+03
6.531938348614238542e-04 1.532146796279817863e+03
6.750333192150836329e-04 1.580578192003907816e+03
6.976030050057104547e-04 1.630488567573936962e+03
7.209273064607610694e-04 1.681919168950816584e+03
7.450314540954613768e-04 1.734910751016463109e+03
7.699415220053250396e-04 1.789505886614796282e+03
7.956844560711916160e-04 1.845747504984504531e+03
8.222881031073025473e-04 1.903678985704565321e+03
8.497812409839368810e-04 1.963344598395399998e+03
8.781936097571961097e-04 2.024789127084566417e+03
9.075559438396131216e-04 2.088058286654783842e+03
9.379000052463793693e-04 2.153198413378845999e+03
9.692586179531593148e-04 2.220255700742195131e+03
1.001665703402655023e-03 2.289277396967976983e+03
1.035156317198330069e-03 2.360311020226093660e+03
1.069766687024985286e-03 2.433404614120718634e+03
1.105534251837205851e-03 2.508605904826191363e+03
1.142497702358069404e-03 2.585963647951566600e+03
1.180697022931930960e-03 2.665526914681784547e+03
1.220173534776542454e-03 2.747343556268815064e+03
1.260969940681316284e-03 2.831462814945009086e+03
1.303130371200056587e-03 2.917933266151666430e+03
1.346700432388157767e-03 3.006803383647461942e+03
1.391727255135877424e-03 3.098120864790231735e+03
1.438259546151070007e-03 3.191934038730903012e+03
1.486347640646530459e-03 3.288290001981761634e+03
1.536043556788919398e-03 3.387236013038658712e+03
1.587401051968200579e-03 3.488816380049346208e+03
1.640475680948428249e-03 3.593078299456689365e+03
1.695324855962815390e-03 3.700064226713868266e+03
1.752007908818060174e-03 3.809817532979222051e+03
1.810586155075142928e-03 3.922381029259459410e+03
1.871122960375984270e-03 4.037793481822236572e+03
1.933683808987751848e-03 4.156093938482154954e+03
1.998336374638913938e-03 4.277318689057680785e+03
2.065150593723721201e-03 4.401503049732954423e+03
2.134198740954243185e-03 4.528679374030709369e+03
2.205555507541849362e-03 4.658875759835161261e+03
2.279298081992675151e-03 4.792119824318014253e+03
2.355506233604463730e-03 4.928434434963237436e+03
2.434262398755145627e-03 5.067841385885442833e+03
2.515651770076436904e-03 5.210355892959517405e+03
2.599762388608985089e-03 5.355989480079224450e+03
2.686685239038679764e-03 5.504752820620694365e+03
2.776514348117217236e-03 5.656644632306806670e+03
2.869346886373309435e-03 5.811666621362360274e+03
2.965283273224645581e-03 5.969808313651315984e+03
3.064427285604211931e-03 6.131058212800348883e+03
3.166886170218578649e-03 6.295395107745576752e+03
3.272770759559481216e-03 6.462791349468740918e+03
3.382195591794276077e-03 6.633215749690574739e+03
3.495279034664920681e-03 6.806623904851948282e+03
3.612143413529477973e-03 6.982965269417320997e+03
3.732915143684721951e-03 7.162185368740258127e+03
3.857724867112893516e-03 7.344213219391845996e+03
3.986707593800617976e-03 7.528974159202528426e+03
4.120002847782761740e-03 7.716379919602444716e+03
4.257754818069308354e-03 7.906334900926941373e+03
4.400112514618404608e-03 8.098727775579290210e+03
4.547229929524409554e-03 8.293444527605806798e+03
4.699266203595197679e-03 8.490346493583567280e+03
4.856385798499019031e-03 8.689296673556307724e+03
5.018758674667020935e-03 8.890133758553396547e+03
5.186560475143959549e-03 9.092687507163182090e+03
5.359972715585955248e-03 9.296774305381164595e+03
5.539182980610755057e-03 9.502196786927612266e+03
5.724385126713026593e-03 9.708736008658139326e+03
5.915779491964028892e-03 9.916164745981237502e+03
6.113573112722652143e-03 1.012423385862536816e+04
6.317979947592099882e-03 1.033267801976750889e+04
6.529221108864616957e-03 1.054121618958658109e+04
6.747525101704480652e-03 1.074954540756846291e+04
6.973128071328140755e-03 1.095734981658301513e+04
7.206274058448705437e-03 1.116428493533423170e+04
7.447215263261310406e-03 1.136999552098595814e+04
7.696212318254701257e-03 1.157410871724736717e+04
7.953534570144332738e-03 1.177621371124857978e+04
8.219460371231864307e-03 1.197590173735228018e+04
8.494277380506187053e-03 1.217272248740894611e+04
8.778282874811823774e-03 1.236621835350018409e+04
9.071784070421121463e-03 1.255589541413362531e+04
9.375098455358292851e-03 1.274125260316944332e+04
9.688554132834568261e-03 1.292175834356061387e+04
1.001249017616620725e-02 1.309685993429274640e+04
1.034725699555901803e-02 1.326598761290739458e+04
1.069321671715643858e-02 1.342854666953205196e+04
1.105074357476093505e-02 1.358392505879084456e+04
1.142022431465263173e-02 1.373148464492604762e+04
1.180205861394306721e-02 1.387057320494327541e+04
1.219665951291643881e-02 1.400053238723638970e+04
1.260445386182631328e-02 1.412067529099343483e+04
1.302588278263077520e-02 1.423031007017642514e+04
1.346140214616583890e-02 1.432873426848381132e+04
1.391148306527291781e-02 1.441523864633891208e+04
1.437661240441416924e-02 1.448911837568501142e+04
1.485729330632660182e-02 1.454966400436600270e+04
1.535404573628500365e-02 1.459618322124274346e+04
1.586740704456205894e-02 1.462799119980363866e+04
1.639793254769450481e-02 1.464442933998496301e+04
1.694619612918364313e-02 1.464486924947485204e+04
1.751279086028037155e-02 1.462872071527853768e+04
1.809832964152614798e-02 1.459543220561205817e+04
1.870344586574363213e-02 1.454452895665908363e+04
1.932879410319460894e-02 1.447558835871639894e+04
1.997505080964588620e-02 1.438827969030631175e+04
2.064291505810955316e-02 1.428235876811735761e+04
2.133310929504865505e-02 1.415769991605216819e+04
2.204638012186681956e-02 1.401428435777221239e+04
2.278349910252664909e-02 1.385223281854729248e+04
2.354526359817107548e-02 1.367181637134567427e+04
2.433249762964985810e-02 1.347346007424541676e+04
2.514605276888498206e-02 1.325776301890299874e+04
2.598680906003840441e-02 1.302549535133612153e+04
2.685567597147924673e-02 1.277762147983702926e+04
2.775359337957988490e-02 1.251529903792249206e+04
2.868153258540498754e-02 1.223987085204621872e+04
2.964049736539381419e-02 1.195286514445270222e+04
3.063152505717161092e-02 1.165600345242234653e+04
3.165568768166540647e-02 1.135115925417417384e+04
3.271409310273729054e-02 1.104036280516039187e+04
3.380788622559029871e-02 1.072576880113104744e+04
3.493825023524253087e-02 1.040962420581947299e+04
3.610640787640997940e-02 1.009422358433377303e+04
3.731362277618164441e-02 9.781891825922386488e+03
3.856120081091872487e-02 9.474908575901810764e+03
3.985049151885547425e-02 9.175466708914558694e+03
4.118288955993056055e-02 8.885623394932457813e+03
4.255983622442782027e-02 8.607228698665114280e+03
4.398282099205792772e-02 8.341871612238111993e+03
4.545338314316834522e-02 8.090817117461735506e+03
4.697311342382341770e-02 7.854946473534776487e+03
4.854365576655684383e-02 7.634692130537997400e+03
5.016670906865677154e-02 7.429996120221480851e+03
5.184402902990837420e-02 7.240248942444670320e+03
5.357743005178047802e-02 7.064267649335391070e+03
5.536878720011212396e-02 6.900258708266488611e+03
5.722003823342062395e-02 6.745842778336340416e+03
5.913318569902666078e-02 6.598073820170213367e+03
6.111029909926251474e-02 6.453529583176137749e+03
6.315351713010779189e-02 6.308425424127237420e+03
6.526504999467336310e-02 6.158815536448032617e+03
6.744718179403717817e-02 6.000829290072301774e+03
6.970227299801623477e-02 5.830974773347761584e+03
7.203276299854979858e-02 5.646483437601816149e+03
7.444117274845411802e-02 5.445641609933997643e+03
7.693010748840443946e-02 5.228109704482404595e+03
7.950225956509210379e-02 4.995142373818483065e+03
8.216041134360790865e-02 4.749671148620936947e+03
8.490743821719984319e-02 4.496210415509302038e+03
8.774631171766281157e-02 4.240557658298134811e+03
9.068010272972255870e-02 3.989325788526717133e+03
9.371198481289348681e-02 3.749302698579949720e+03
9.684523763440215649e-02 3.526766159810610588e+03
1.000832505168899600e-01 3.326804541444973893e+03
1.034295261047340625e-01 3.152715566351143480e+03
1.068876841529496080e-01 3.005564129958553622e+03
1.104614654427753945e-01 2.883917825495398574e+03
1.141547358281756464e-01 2.783804793556236291e+03
1.179714904176376727e-01 2.698944175637653643e+03
1.219158578957853512e-01 2.621339223043080437e+03
1.259921049894874856e-01 2.542292610403508661e+03
1.302046410832891354e-01 2.453825053021839267e+03
1.345580229891604751e-01 2.350299531336738255e+03
1.390569598757198100e-01 2.229844691294218137e+03
1.437063183622670492e-01 2.095070273815125347e+03
1.485111277831346888e-01 1.952678317706437156e+03
1.534765856280515817e-01 1.811920906854431223e+03
1.586080631644066208e-01 1.682292729746073974e+03
1.639111112474894438e-01 1.571139716061902845e+03
1.693914663249987407e-01 1.481840300071218053e+03
1.750550566423093313e-01 1.412964147763802430e+03
1.809080086552135869e-01 1.358577531253919005e+03
1.869566536570689830e-01 1.309762579027891888e+03
1.932075346275276828e-01 1.257272553886839660e+03
1.996674133102498971e-01 1.194755183259282376e+03
2.063432775272630582e-01 1.121261526107158488e+03
2.132423487378718452e-01 1.041595439364164577e+03
2.203720898503036263e-01 9.639960745556135180e+02
2.277402132945338109e-01 8.962306371910063945e+02
2.353546893650253491e-01 8.420906642557905570e+02
2.432237548424092122e-01 7.999013080114721106e+02
2.513559219034258718e-01 7.636275013092417794e+02
2.597599873287743666e-01 7.261824565461485008e+02
2.684450420188219666e-01 6.834467271900216474e+02
2.774204808274743361e-01 6.365354559921943292e+02
2.866960127248350254e-01 5.905134665863981809e+02
2.962816712996577673e-01 5.504386817724381444e+02
3.061878256129444420e-01 5.177818465766861209e+02
3.164251914144354805e-01 4.898035580633035693e+02
3.270048427341168962e-01 4.621588048235412884e+02
3.379382238612947953e-01 4.325965369927899360e+02
3.492371617241852855e-01 4.025098582362176671e+02
3.609138786834163448e-01 3.749396252747593508e+02
3.729810057532814693e-01 3.512831318694181846e+02
3.854515962650386651e-01 3.301782472727111895e+02
3.983391399870480631e-01 3.094371320078412282e+02
4.116575777170102257e-01 2.885513706091581412e+02
4.254213163620995108e-01 2.687884027598333887e+02
4.396452445232932327e-01 2.511228247599994461e+02
4.543447486007690661e-01 2.350152455158162468e+02
4.695357294377799362e-01 2.194771455971103649e+02
4.852346195210218704e-01 2.044791989586535408e+02
5.014584007560848322e-01 1.906036601981540173e+02
5.182246228372336949e-01 1.778911703924347307e+02
5.355514222313770833e-01 1.658908563353270722e+02
5.534575417967635413e-01 1.544877710527937325e+02
5.719623510576314906e-01 1.438855749048007340e+02
5.910858671567322808e-01 1.340491789019096132e+02
6.108487765084068544e-01 1.247933845464156377e+02
6.312724571756275216e-01 1.161166981712468953e+02
6.523790019952193653e-01 1.080482757593786118e+02
6.741912424762606104e-01 1.005057719458245060e+02
6.967327734975364839e-01 9.345179731138637180e+01
7.200279788307419881e-01 8.687399999955557917e+01
7.441020575170596008e-01 8.074035539407900330e+01
7.689810511256225389e-01 7.501968927628632855e+01
7.946918719233755368e-01 6.968439283761254899e+01
8.212623319867858873e-01 6.471061610295146238e+01
8.487211732869031078e-01 6.007595328461674455e+01
8.770980987803161932e-01 5.575906127036468263e+01
9.064238045396205701e-01 5.173955836009569964e+01
9.367300129581793700e-01 4.799821542540972530e+01
9.680495070650749767e-01 4.451683836993143473e+01
1.000416165987385808e+00 4.127814054827999968e+01
1.033865001598128330e+00 3.826590602632207805e+01
1.068432196389532240e+00 3.546503984816354915e+01
1.104155142612600837e+00 3.286159358217096838e+01
1.141072482725305592e+00 3.044248152984215139e+01
1.179224151193147607e+00 2.819534566617340232e+01
1.218651417687333982e+00 2.610844183954560194e+01
1.259396931727273516e+00 2.417076675592133128e+01
1.301504768815691548e+00 2.237207416595935783e+01
1.345020478116276896e+00 2.070288216580788188e+01
1.389991131725407447e+00 1.915432665410989799e+01
1.436465375591293947e+00 1.771808487705945723e+01
1.484493482135585296e+00 1.638630334929579035e+01
1.534127404634392455e+00 1.515164001220549572e+01
1.585420833417506836e+00 1.400725866908950223e+01
1.638429253946665609e+00 1.294682037121278917e+01
1.693210006835640158e+00 1.196441549370868351e+01
1.749822349877109051e+00 1.105452340273074263e+01
1.808327522143368116e+00 1.021197809553104463e+01
1.868788810230267217e+00 9.431961024704909491e+00
1.931271616715998229e+00 8.709984049077265311e+00
1.995843530908793184e+00 8.041868755882846997e+00
2.062574401960084458e+00 7.423725390962663262e+00
2.131536414422164238e+00 6.851933666872057849e+00
2.202804166332139602e+00 6.323125141118416614e+00
2.276454749906602792e+00 5.834166558552137616e+00
2.352567834934338631e+00 5.382144180779029341e+00
2.431225754957225149e+00 4.964348848267911229e+00
2.512513596332623944e+00 4.578262650747828566e+00
2.596519290273538783e+00 4.221546210275286093e+00
2.683333707966161441e+00 3.892026380515924977e+00
2.773050758867611432e+00 3.587685176994896530e+00
2.865767492290306695e+00 3.306649282409210411e+00
2.961584202382770314e+00 3.047179856276385657e+00
3.060604536620467719e+00 2.807663503920871939e+00
3.162935607924048931e+00 2.586603729048397415e+00
3.268688110526199786e+00 2.382612524452722536e+00
3.377976439712552459e+00 2.194403012828384458e+00
3.490918815566087297e+00 2.020782561045971537e+00
3.607637410848952619e+00 1.860646294858828265e+00
3.728258483159945236e+00 1.712970757495323681e+00
3.852912511510727001e+00 1.576807971124540186e+00
3.981734337468417539e+00 1.451279827485698615e+00
4.114863311017320058e+00 1.335573251356898750e+00
4.252443441297450555e+00 1.228935742204201986e+00
4.394623552383071896e+00 1.130671040802686989e+00
4.541557444269631816e+00 1.040135038376787557e+00
4.693404059243289517e+00 9.567319501005192572e-01
4.850327653813030437e+00 8.799106718099639624e-01
5.012497976391239618e+00 8.091615778785873347e-01
5.180090450915090017e+00 7.440136168167755804e-01
5.353286366607249214e+00 6.840315396854284025e-01
5.532273074081278885e+00 6.288132322442540056e-01
5.717244188003695271e+00 5.779871864615785393e-01
5.908399796532135539e+00 5.312101734234365713e-01
6.105946677756002750e+00 4.881651583418764040e-01
6.310098523373801171e+00 4.485594200503773554e-01
6.521076169849157722e+00 4.121227121257851622e-01
6.739107837295406966e+00 3.786055801389776598e-01
6.964429376347387013e+00 3.477778296261904156e-01
7.197284523287298619e+00 3.194270924873996997e-01
7.437925163700752407e+00 2.933574784697571269e-01
7.686611604948010879e+00 2.693882989839915809e-01
7.943612857745410594e+00 2.473528882894498460e-01
8.209206927161357470e+00 2.270975342997577362e-01
8.483681113341843272e+00 2.084805301932221577e-01
8.767332322290526392e+00 1.913712559683976022e-01
9.060467387039910392e+00 1.756493272566448105e-01
9.363403399560734641e+00 1.612038136823745471e-01
9.676468053768756405e+00 1.479325230425829474e-01
1.000000000000001243e+01 1.357413325657884917e-01
