1.0561809e-05 724.52904
1.132117e-05 724.52904
1.2135126e-05 724.52903
1.3007603e-05 724.52903
1.3942808e-05 724.52902
1.4945252e-05 724.52901
1.6019768e-05 724.52901
1.7171538e-05 724.529
1.8406117e-05 724.52899
1.9729459e-05 724.52897
2.1147944e-05 724.52896
2.2668414e-05 724.52894
2.4298201e-05 724.52892
2.6045165e-05 724.5289
2.791773e-05 724.52888
2.9924926e-05 724.52885
3.2076433e-05 724.52882
3.4382627e-05 724.52878
3.6854629e-05 724.52873
3.9504359e-05 724.52868
4.2344597e-05 724.52863
4.5389039e-05 724.52856
4.8652367e-05 724.52849
5.2150318e-05 724.5284
5.589976e-05 724.5283
5.9918776e-05 724.52818
6.4226746e-05 724.52805
6.8844445e-05 724.5279
7.3794142e-05 724.52773
7.9099706e-05 724.52753
8.4786724e-05 724.5273
9.088262e-05 724.52703
9.7416792e-05 724.52673
0.00010442075 724.52638
0.00011192827 724.52598
0.00011997556 724.52552
0.00012860142 724.525
0.00013784745 724.52439
0.00014775825 724.52369
0.0001583816 724.52289
0.00016976873 724.52198
0.00018197456 724.52092
0.00019505796 724.51971
0.00020908201 724.51832
0.00022411434 724.51672
0.00024022745 724.51488
0.00025749904 724.51277
0.0002760124 724.51035
0.00029585682 724.50756
0.00031712798 724.50437
0.00033992848 724.5007
0.00036436826 724.49648
0.00039056518 724.49165
0.00041864558 724.48609
0.00044874486 724.47971
0.0004810082 724.47238
0.00051559116 724.46397
0.00055266053 724.45431
0.00059239506 724.44323
0.00063498639 724.4305
0.00068063989 724.41589
0.00072957574 724.39913
0.00078202992 724.37989
0.00083825539 724.35781
0.00089852329 724.33247
0.00096312427 724.3034
0.0010323698 724.27005
0.001106594 724.2318
0.0011861546 724.18792
0.0012714353 724.13759
0.0013628475 724.07989
0.0014608319 724.01373
0.001565861 723.9379
0.0016784415 723.85098
0.0017991161 723.75138
0.0019284668 723.63727
0.0020671175 723.50656
0.0022157367 723.35689
0.0023750411 723.18553
0.002545799 722.98939
0.0027288339 722.76498
0.0029250284 722.50828
0.0031353286 722.21475
0.0033607488 721.87923
0.003602376 721.49589
0.0038613754 721.05808
0.004138996 720.55831
0.0044365767 719.98811
0.0047555525 719.33792
0.0050974616 718.59697
0.0054639529 717.75316
0.0058567938 716.79291
0.0062778786 715.70103
0.0067292382 714.46059
0.007213049 713.05272
0.0077316444 711.45653
0.0082875251 709.649
0.0088833718 707.60483
0.009522058 705.29652
0.010206664 702.69441
0.010940491 699.76678
0.011727077 696.48006
0.012570217 692.79909
0.013473975 688.68762
0.014442711 684.10876
0.015481097 679.02555
0.016594138 673.40121
0.017787204 667.19968
0.019066048 660.38663
0.020436836 652.93066
0.02190618 644.80418
0.023481164 635.98345
0.025169385 626.4485
0.026978984 616.1833
0.028918688 605.17576
0.03099785 593.41665
0.033226497 580.89825
0.035615376 567.61323
0.038176009 553.55427
0.040920743 538.71432
0.043862814 523.08881
0.047016411 506.68052
0.050396742 489.50684
0.054020108 471.60924
0.057903982 453.0632
0.062067094 433.98562
0.066529521 414.53553
0.071312783 394.90253
0.076439946 375.28063
0.081935735 355.83051
0.087826654 336.64283
0.094141112 317.72097
0.10090956 299.00164
0.10816464 280.41913
0.11594133 261.99202
0.12427714 243.88055
0.13321228 226.35263
0.14278982 209.64466
0.15305595 193.81074
0.16406019 178.71471
0.17585559 164.20863
0.18849905 150.32382
0.20205154 137.24151
0.2165784 125.0652
0.2321497 113.71083
0.24884053 103.06965
0.26673137 93.156588
0.28590851 84.016992
0.30646442 75.61167
0.32849824 67.874206
0.35211622 60.787777
0.37743226 54.336349
0.40456844 48.467352
0.43365563 43.147086
0.46483409 38.34226
0.49825419 34.01158
0.53407709 30.119933
0.57247553 26.631279
0.61363471 23.513023
0.65775309 20.733279
0.70504345 18.26107
0.75573384 16.066896
0.8100687 14.123778
0.86831007 12.406649
0.93073881 10.891883
0.99765598 9.5582688
1.0693843 8.3867072
1.1462696 7.3590169
1.2286828 6.4581067
1.3170211 5.6690678
1.4117108 4.979085
1.5132083 4.3764875
1.6220032 3.8506554
1.7386201 3.3922308
1.8636213 2.9926548
1.9976098 2.6437145
2.1412316 2.3382456
2.2951793 2.0707332
2.4601955 1.8366151
2.6370757 1.6315548
2.8266731 1.4516
3.0299019 1.2932641
3.2477422 1.1534563
3.4812446 1.0293704
3.731535 0.91879388
3.9998205 0.82002405
4.2873949 0.73157583
4.595645 0.65177799
4.9260573 0.5791026
5.2802252 0.51173835
5.6598566 0.44862871
6.0667823 0.38532086
6.5029647 0.30545796
6.9705073 0.19613159
7.4716646 0.068103836
8.0088536 -0.063620495
8.5846647 -0.19067086
9.2018749 -0.317849
9.8634605 -0.41607547
10.572612 -0.36640564
