1.0561809e-05 33.269188
1.132117e-05 33.269187
1.2135126e-05 33.269187
1.3007603e-05 33.269186
1.3942808e-05 33.269185
1.4945252e-05 33.269184
1.6019768e-05 33.269183
1.7171538e-05 33.269181
1.8406117e-05 33.26918
1.9729459e-05 33.269178
2.1147944e-05 33.269176
2.2668414e-05 33.269174
2.4298201e-05 33.269171
2.6045165e-05 33.269168
2.791773e-05 33.269164
2.9924926e-05 33.26916
3.2076433e-05 33.269156
3.4382627e-05 33.26915
3.6854629e-05 33.269144
3.9504359e-05 33.269137
4.2344597e-05 33.269128
4.5389039e-05 33.269119
4.8652367e-05 33.269108
5.2150318e-05 33.269096
5.589976e-05 33.269081
5.9918776e-05 33.269065
6.4226746e-05 33.269046
6.8844445e-05 33.269024
7.3794142e-05 33.268999
7.9099706e-05 33.268971
8.4786724e-05 33.268938
9.088262e-05 33.2689
9.7416792e-05 33.268857
0.00010442075 33.268807
0.00011192827 33.268749
0.00011997556 33.268684
0.00012860142 33.268608
0.00013784745 33.268521
0.00014775825 33.268421
0.0001583816 33.268307
0.00016976873 33.268175
0.00018197456 33.268024
0.00019505796 33.267851
0.00020908201 33.267652
0.00022411434 33.267423
0.00024022745 33.267161
0.00025749904 33.266859
0.0002760124 33.266513
0.00029585682 33.266116
0.00031712798 33.265659
0.00033992848 33.265136
0.00036436826 33.264535
0.00039056518 33.263845
0.00041864558 33.263053
0.00044874486 33.262144
0.0004810082 33.261102
0.00051559116 33.259906
0.00055266053 33.258533
0.00059239506 33.256959
0.00063498639 33.255154
0.00068063989 33.253083
0.00072957574 33.250709
0.00078202992 33.247987
0.00083825539 33.244866
0.00089852329 33.24129
0.00096312427 33.237192
0.0010323698 33.232497
0.001106594 33.227119
0.0011861546 33.22096
0.0012714353 33.213909
0.0013628475 33.205838
0.0014608319 33.196604
0.001565861 33.18604
0.0016784415 33.173961
0.0017991161 33.160153
0.0019284668 33.144375
0.0020671175 33.126355
0.0022157367 33.105782
0.0023750411 33.082307
0.002545799 33.055536
0.0027288339 33.025022
0.0029250284 32.990265
0.0031353286 32.950703
0.0033607488 32.905704
0.003602376 32.854564
0.0038613754 32.796495
0.004138996 32.730623
0.0044365767 32.655979
0.0047555525 32.571491
0.0050974616 32.475981
0.0054639529 32.36816
0.0058567938 32.246624
0.0062778786 32.10985
0.0067292382 31.956203
0.007213049 31.783935
0.0077316444 31.591194
0.0082875251 31.376035
0.0088833718 31.136413
0.009522058 30.870175
0.010206664 30.575071
0.010940491 30.248788
0.011727077 29.888962
0.012570217 29.493164
0.013473975 29.058887
0.014442711 28.583582
0.015481097 28.064831
0.016594138 27.500494
0.017787204 26.888571
0.019066048 26.227003
0.020436836 25.513757
0.02190618 24.747243
0.023481164 23.926696
0.025169385 23.052052
0.026978984 22.123725
0.028918688 21.143015
0.03099785 20.112629
0.033226497 19.036691
0.035615376 17.92041
0.038176009 16.770144
0.040920743 15.593204
0.043862814 14.396886
0.047016411 13.188021
0.050396742 11.972337
0.054020108 10.754058
0.057903982 9.536242
0.062067094 8.321423
0.066529521 7.1136338
0.071312783 5.9213607
0.076439946 4.7602754
0.081935735 3.6531704
0.087826654 2.6255867
0.094141112 1.6983522
0.10090956 0.87904782
0.10816464 0.15684496
0.11594133 -0.49478578
0.12427714 -1.1043947
0.13321228 -1.6793516
0.14278982 -2.1917087
0.15305595 -2.5969041
0.16406019 -2.8763075
0.17585559 -3.0602096
0.18849905 -3.2026022
0.20205154 -3.3261386
0.2165784 -3.3987774
0.2321497 -3.3860992
0.24884053 -3.3128274
0.26673137 -3.2283399
0.28590851 -3.1269941
0.30646442 -2.9795912
0.32849824 -2.8110606
0.35211622 -2.6422582
0.37743226 -2.4560257
0.40456844 -2.2644526
0.43365563 -2.0745477
0.46483409 -1.8843517
0.49825419 -1.6999677
0.53407709 -1.5219526
0.57247553 -1.3525604
0.61363471 -1.192644
0.65775309 -1.0431962
0.70504345 -0.90489606
0.75573384 -0.77805209
0.8100687 -0.66263742
0.86831007 -0.55843998
0.93073881 -0.46508973
0.99765598 -0.3819766
1.0693843 -0.30857462
1.1462696 -0.24451439
1.2286828 -0.18916802
1.3170211 -0.14156179
1.4117108 -0.10082406
1.5132083 -0.06632894
1.6220032 -0.037445922
1.7386201 -0.013600442
1.8636213 0.0055123849
1.9976098 0.020237119
2.1412316 0.031400073
2.2951793 0.039899538
2.4601955 0.046141201
2.6370757 0.050286609
2.8266731 0.052557633
3.0299019 0.053163313
3.2477422 0.052228197
3.4812446 0.04994387
3.731535 0.046646198
3.9998205 0.042500814
4.2873949 0.037345355
4.595645 0.030952483
4.9260573 0.023106217
5.2802252 0.013468977
5.6598566 0.001289201
6.0667823 -0.022026373
6.5029647 -0.064040272
6.9705073 -0.10729187
7.4716646 -0.13137141
8.0088536 -0.13828859
8.5846647 -0.13426269
9.2018749 -0.12082845
9.8634605 -0.0050370306
10.572612 0.21351861
