1.0561809e-05 3584.9157
1.132117e-05 3584.9157
1.2135126e-05 3584.9157
1.3007603e-05 3584.9157
1.3942808e-05 3584.9157
1.4945252e-05 3584.9157
1.6019768e-05 3584.9157
1.7171538e-05 3584.9157
1.8406117e-05 3584.9157
1.9729459e-05 3584.9157
2.1147944e-05 3584.9157
2.2668414e-05 3584.9157
2.4298201e-05 3584.9157
2.6045165e-05 3584.9157
2.791773e-05 3584.9157
2.9924926e-05 3584.9157
3.2076433e-05 3584.9157
3.4382627e-05 3584.9157
3.6854629e-05 3584.9157
3.9504359e-05 3584.9157
4.2344597e-05 3584.9157
4.5389039e-05 3584.9157
4.8652367e-05 3584.9157
5.2150318e-05 3584.9157
5.589976e-05 3584.9157
5.9918776e-05 3584.9156
6.4226746e-05 3584.9156
6.8844445e-05 3584.9156
7.3794142e-05 3584.9156
7.9099706e-05 3584.9156
8.4786724e-05 3584.9155
9.088262e-05 3584.9155
9.7416792e-05 3584.9155
0.00010442075 3584.9154
0.00011192827 3584.9154
0.00011997556 3584.9154
0.00012860142 3584.9153
0.00013784745 3584.9152
0.00014775825 3584.9152
0.0001583816 3584.9151
0.00016976873 3584.915
0.00018197456 3584.9149
0.00019505796 3584.9147
0.00020908201 3584.9146
0.00022411434 3584.9144
0.00024022745 3584.9142
0.00025749904 3584.914
0.0002760124 3584.9137
0.00029585682 3584.9134
0.00031712798 3584.9131
0.00033992848 3584.9127
0.00036436826 3584.9123
0.00039056518 3584.9118
0.00041864558 3584.9112
0.00044874486 3584.9105
0.0004810082 3584.9097
0.00051559116 3584.9088
0.00055266053 3584.9078
0.00059239506 3584.9066
0.00063498639 3584.9053
0.00068063989 3584.9037
0.00072957574 3584.9019
0.00078202992 3584.8999
0.00083825539 3584.8975
0.00089852329 3584.8948
0.00096312427 3584.8917
0.0010323698 3584.8882
0.001106594 3584.8841
0.0011861546 3584.8794
0.0012714353 3584.8741
0.0013628475 3584.8679
0.0014608319 3584.8608
0.001565861 3584.8527
0.0016784415 3584.8435
0.0017991161 3584.8328
0.0019284668 3584.8206
0.0020671175 3584.8066
0.0022157367 3584.7906
0.0023750411 3584.7723
0.002545799 3584.7513
0.0027288339 3584.7272
0.0029250284 3584.6996
0.0031353286 3584.6681
0.0033607488 3584.632
0.003602376 3584.5907
0.0038613754 3584.5435
0.004138996 3584.4896
0.0044365767 3584.4279
0.0047555525 3584.3575
0.0050974616 3584.2771
0.0054639529 3584.1854
0.0058567938 3584.0808
0.0062778786 3583.9615
0.0067292382 3583.8256
0.007213049 3583.6706
0.0077316444 3583.4953
0.0082875251 3583.298
0.0088833718 3583.0637
0.009522058 3645.4632
0.010206664 3714.0685
0.010940491 3787.5747
0.011727077 3866.3287
0.012570217 3950.6985
0.013473975 4041.0732
0.014442711 4137.895
0.015481097 4192.3771
0.016594138 4167.1345
0.017787204 4140.0767
0.019066048 4111.0245
0.020436836 4079.8538
0.02190618 4022.2925
0.023481164 3903.4586
0.025169385 3776.1641
0.026978984 3639.7843
0.028918688 3482.3572
0.03099785 3304.1382
0.033226497 3113.2807
0.035615376 2924.6739
0.038176009 2737.7613
0.040920743 2546.455
0.043862814 2391.3711
0.047016411 2229.3864
0.050396742 2109.0966
0.054020108 1990.3744
0.057903982 1894.7877
0.062067094 1801.8485
0.066529521 1707.5364
0.071312783 1602.0227
0.076439946 1476.7925
0.081935735 1335.9443
0.087826654 1187.0601
0.094141112 1044.3187
0.10090956 922.92329
0.10816464 831.36746
0.11594133 767.09027
0.12427714 717.54344
0.13321228 661.50446
0.14278982 589.66909
0.15305595 509.65092
0.16406019 442.24752
0.17585559 396.21056
0.18849905 363.60157
0.20205154 327.3722
0.2165784 284.12631
0.2321497 247.32849
0.24884053 222.0737
0.26673137 198.71778
0.28590851 172.9311
0.30646442 152.40137
0.32849824 135.87356
0.35211622 118.95395
0.37743226 104.97888
0.40456844 92.814722
0.43365563 81.543936
0.46483409 72.098973
0.49825419 63.470141
0.53407709 56.049013
0.57247553 49.430768
0.61363471 43.644743
0.65775309 38.54094
0.70504345 34.048118
0.75573384 30.091134
0.8100687 26.602209
0.86831007 23.527359
0.93073881 20.812601
0.99765598 18.414121
1.0693843 16.299619
1.1462696 14.432004
1.2286828 12.77631
1.3170211 11.30783
1.4117108 10.009438
1.5132083 8.8602014
1.6220032 7.8410466
1.7386201 6.9386157
1.8636213 6.1421537
1.9976098 5.4330907
2.1412316 4.7991622
2.2951793 4.23604
2.4601955 3.7403894
2.6370757 3.3017418
2.8266731 2.9131895
3.0299019 2.5689058
3.2477422 2.2649289
3.4812446 1.9935463
3.731535 1.7527277
3.9998205 1.5398112
4.2873949 1.3550249
4.595645 1.1896285
4.9260573 1.0472576
5.2802252 0.91334056
5.6598566 0.81511093
6.0667823 0.81400667
6.5029647 0.75759971
6.9705073 0.51377299
7.4716646 0.31916096
8.0088536 0.2202738
8.5846647 0.26285701
9.2018749 0.088364903
9.8634605 -0.81932775
10.572612 -0.17270471
