-23.962703 -19.941246 -6.7696189 0.02104316
1.8958651 -0.35304677 -3.2014307 0.023055339
8.8302387 5.7862352 -2.2005601 0.030617989
5.1650238 3.0462143 -3.2333943 0.038723556
2.714941 1.1019074 -4.2107527 0.04774651
0.3117776 -0.699467 -5.1627833 0.059580297
-2.349807 -2.6678278 -6.1858087 0.074600984
-5.2840061 -4.7872678 -7.269482 0.093846747
-8.4987226 -7.060989 -8.4145365 0.11854389
-11.992585 -9.4700628 -9.611066 0.15035766
-15.750955 -11.986981 -10.845987 0.19145142
-19.751546 -14.569679 -12.098082 0.24468592
-23.954884 -17.157304 -13.336994 0.31382615
-28.305306 -19.665037 -14.519202 0.40385753
-32.717096 -21.969112 -15.580718 0.52181279
-37.110723 -23.953427 -16.459521 0.67350531
-41.51685 -25.656963 -17.174034 0.85327487
-45.927338 -27.066603 -17.720022 1.0589146
-50.276705 -28.093077 -18.055389 1.2934342
-54.495781 -28.645002 -18.137333 1.5595564
-58.508397 -28.624547 -17.92032 1.8599832
-62.232489 -27.928477 -17.356408 2.1973421
-65.581235 -26.451543 -16.396866 2.5740754
-68.47511 -24.104779 -14.998971 2.9923062
-70.839693 -20.810602 -13.124461 3.4536848
-72.606261 -16.500489 -10.738792 3.9592264
-73.714158 -11.117204 -7.8123418 4.5091503
-74.115393 -4.6225068 -4.3238377 5.1027301
-73.806473 2.9575598 -0.27657384 5.7381774
-72.817025 11.552985 4.3086058 6.4126009
-71.202415 21.06487 9.3985668 7.1220496
-69.04465 31.366114 14.947918 7.861623
-66.452315 42.302216 20.899115 8.625708
-63.560067 53.692116 27.183033 9.4084406
-60.526307 65.331977 33.721041 10.204371
-57.522575 77.010886 40.431474 11.009245
-54.648139 88.62495 47.268636 11.820935
-51.950936 100.14334 54.212837 12.640544
-49.354105 111.69894 61.301864 13.473621
-46.625343 123.6188 68.642452 14.331251
-43.316744 136.49111 76.432946 15.23073
-38.750305 151.16908 84.964453 16.195535
-32.029571 168.74203 94.61006 17.254206
-22.117381 190.42363 105.78552 18.437654
-7.9931426 217.34739 118.87826 19.774576
11.110122 250.27226 134.14608 21.285029
35.414333 289.23795 151.59936 22.972758
64.32448 333.26161 170.89753 24.81779
96.264884 380.18733 191.29724 26.771418
128.72678 426.80209 211.68955 28.756344
158.58635 469.28358 230.74689 30.674008
182.66459 503.91531 247.15837 32.420073
198.45102 527.97389 259.91745 33.906333
204.89766 540.6376 268.61189 35.085037
202.9221 543.51422 273.57189 35.968536
195.61127 540.7079 275.85153 36.633316
186.36321 536.45252 276.36402 37.205269
177.6808 533.09155 275.15622 37.799785
177.41259 537.26104 274.34367 38.784589
193.7281 553.7971 277.80729 41.607869
