-33.098883 -23.431469 -6.7842684 0.02101508
9.5043563 1.5312245 -3.1962454 0.023025401
21.457835 9.5489868 -2.1852453 0.030577062
16.188309 6.3363169 -3.2145028 0.038671108
12.938867 4.1504553 -4.1853731 0.04768149
9.8353699 2.1843509 -5.1284335 0.059498552
6.3770119 0.044814076 -6.1394406 0.074497874
2.5448152 -2.2429669 -7.2070783 0.093716055
-1.672432 -4.6788387 -8.3308062 0.11837755
-6.270229 -7.2334315 -9.4990516 0.15014508
-11.223281 -9.8660575 -10.696557 0.19117872
-16.493982 -12.5166 -11.899279 0.24433483
-22.017351 -15.100263 -13.073187 0.31337262
-27.702606 -17.500788 -14.169998 0.40326983
-33.410609 -19.550915 -15.11922 0.52104845
-39.014333 -21.095668 -15.853051 0.67251201
-44.571709 -22.190402 -16.392836 0.85200447
-50.076567 -22.820158 -16.734981 1.0573192
-55.427958 -22.867784 -16.834191 1.2914594
-60.519838 -22.214366 -16.644699 1.5571416
-65.235655 -20.733517 -16.118051 1.8570614
-69.450063 -18.292755 -15.203476 2.1938394
-73.030223 -14.757737 -13.849575 2.5699117
-75.852786 -10.01455 -12.0112 2.9873954
-77.801666 -3.9641367 -9.6480042 3.4479354
-78.769911 3.4802659 -6.723798 3.9525428
-78.663551 12.390328 -3.2078335 4.5014342
-77.40799 22.813402 0.92170521 5.093882
-74.994313 34.717432 5.6614991 5.7280989
-71.464418 48.015582 10.990095 6.4011969
-66.901335 62.584993 16.87325 7.1092308
-61.430781 78.268197 23.264087 7.8473083
-55.22094 94.874861 30.103392 8.6098262
-48.481329 112.18373 37.320502 9.3909318
-41.459229 129.94802 44.835742 10.185186
-34.424091 147.91504 52.567238 10.988343
-27.537988 165.96755 60.470152 11.798282
-20.884842 184.08218 68.527102 12.616102
-14.356382 202.44163 76.779866 13.447343
-7.6024662 221.47123 85.340816 14.30307
0.063813922 241.91974 94.415089 15.200543
9.6926022 264.86226 104.30122 16.163195
22.680144 291.65888 115.37879 17.219505
40.651556 323.81395 128.06829 18.400323
65.212693 362.7153 142.75797 19.734285
97.571678 409.26068 159.70003 21.241408
138.07395 463.42688 178.89177 22.925431
185.76478 523.8945 199.97188 24.766421
238.11199 587.85979 222.16774 26.715772
291.07772 651.19787 244.33664 28.696346
339.62634 709.04726 265.11876 30.609787
378.60566 756.70985 283.17479 32.351975
403.93157 790.79638 297.4843 33.834888
413.86649 810.36017 307.63692 35.010875
409.83983 817.54471 313.98028 35.892263
396.7887 817.62362 317.58883 36.555383
380.12036 815.92573 319.38161 37.125865
363.77036 815.1283 319.32362 37.718818
360.62771 822.8539 319.30725 38.70111
384.10626 843.59475 323.1883 41.518018
