-40.725282 -35.472542 -11.681399 0.040923526
8.2453397 0.44353192 -3.3875175 0.044840812
21.714969 11.741141 -0.75731986 0.059544151
15.296 6.8705274 -2.6068541 0.075304463
11.194227 3.4750633 -4.2957626 0.092849924
7.223278 0.33645437 -5.8862339 0.11586011
2.8098332 -3.104841 -7.5914276 0.14506656
-2.0702125 -6.82321 -9.3872813 0.18248752
-7.4298645 -10.826347 -11.275355 0.23050704
-13.264644 -15.083293 -13.234547 0.29236243
-19.545466 -19.547891 -15.238099 0.37225932
-26.22903 -24.148689 -17.242953 0.47575892
-33.240054 -28.781028 -19.188087 0.61018023
-40.473183 -33.298049 -20.986412 0.78521461
-47.766978 -37.483694 -22.510065 1.0145336
-54.972512 -41.13471 -23.634934 1.3094344
-62.149804 -44.321463 -24.397155 1.6588967
-69.285639 -47.023186 -24.788185 2.0586172
-76.258748 -49.084659 -24.724342 2.5144388
-82.941433 -50.34664 -24.120681 3.0316456
-89.193334 -50.638185 -22.88712 3.6154804
-94.863481 -49.778439 -20.92916 4.2710391
-99.79227 -47.582454 -18.150751 5.0030575
-103.83337 -43.893254 -14.465922 5.8156497
-106.84995 -38.573293 -9.7964933 6.7120108
-108.71598 -31.500596 -4.0713377 7.6941018
-109.32074 -22.572815 2.7712187 8.7623372
-108.5771 -11.720873 10.777501 9.915294
-106.47983 1.011039 19.951136 11.149487
-103.08519 15.500733 30.264843 12.459288
-98.497762 31.57395 41.669201 13.837014
-92.87221 49.005051 54.092941 15.273136
-86.413189 67.517978 67.443706 16.756746
-79.374351 86.787399 81.610104 18.27645
-72.054254 106.44486 96.466342 19.82166
-64.777121 126.10615 111.88411 21.384119
-57.735451 145.57272 127.79902 22.959695
-51.028243 164.77259 144.19494 24.550534
-44.524509 183.92244 161.15775 26.167417
-37.805858 203.5838 178.89454 27.831876
-30.054263 224.78451 197.76991 29.577496
-20.025908 249.02723 218.30393 31.449868
-6.069228 278.24518 241.14965 33.504405
13.731134 314.60713 267.01918 35.801126
41.260992 360.1549 296.55473 38.395747
77.934793 416.28004 330.14868 41.327206
124.15161 483.10752 367.73901 44.602772
178.78902 558.9516 408.63523 48.183655
238.8866 640.02555 451.43613 51.975282
299.74169 720.64435 494.11402 55.827574
355.49541 793.99972 534.28299 59.549175
400.17794 853.42347 569.62028 62.937526
429.06641 893.97188 598.35709 65.821399
440.16715 914.05054 619.75667 68.108119
435.16412 916.38588 634.28771 69.821689
419.79358 908.17304 643.51259 71.110628
400.3715 896.92247 648.2978 72.219342
381.5125 886.92318 647.74131 73.37164
377.97268 890.70542 646.58906 75.281003
405.18066 918.61494 654.40746 80.759399
