-47.392272 -28.002883 -6.8310152 0.021043221
24.510355 4.3769328 -3.2027313 0.023055404
45.395563 15.022417 -2.1743957 0.030618078
37.53254 11.219051 -3.203077 0.038723669
33.102775 8.7703024 -4.1693286 0.047746651
29.011771 6.6576983 -5.1044237 0.059580473
24.417028 4.3759322 -6.1037365 0.074601207
19.29247 1.9649897 -7.1546134 0.093847029
13.621564 -0.56790157 -8.2548105 0.11854425
7.4149176 -3.1762355 -9.3904829 0.15035812
0.7167929 -5.7979921 -10.543404 0.19145201
-6.4081638 -8.3445662 -11.685654 0.24468668
-13.850384 -10.694041 -12.77815 0.31382713
-21.457945 -12.68212 -13.76603 0.4038588
-28.998896 -14.076042 -14.569804 0.52181444
-36.264292 -14.662622 -15.113627 0.67350746
-43.361824 -14.520851 -15.422768 0.85327761
-50.290783 -13.632381 -15.494411 1.0589181
-56.890117 -11.838321 -15.278744 1.2934385
-62.991473 -8.978885 -14.725787 1.5595616
-68.410118 -4.8856664 -13.782913 1.8599895
-72.9477 0.6164321 -12.395283 2.1973496
-76.393683 7.7037312 -10.507646 2.5740844
-78.550025 16.525972 -8.0713419 2.9923168
-79.229281 27.212847 -5.0429684 3.4536972
-78.259039 39.876831 -1.3838732 3.9592408
-75.488325 54.609625 2.938433 4.509167
-70.796851 71.470848 7.9466691 5.1027492
-64.164869 90.419613 13.6375 5.7381992
-55.653155 111.34558 19.988617 6.4126255
-45.390205 134.09295 26.964184 7.1220773
-33.574967 158.46321 34.515151 7.8616539
-20.476333 184.21858 42.579802 8.6257423
-6.4308785 211.08585 51.08505 9.4084784
8.1628494 238.76438 59.949402 10.204412
22.86825 266.95153 69.090289 11.00929
37.41436 295.52143 78.463856 11.820984
51.65335 324.47231 88.055768 12.640597
65.743234 354.06703 97.913299 13.473678
80.230757 384.8768 108.15681 14.331312
96.206822 417.87964 119.00162 15.230795
115.35356 454.45841 130.7576 16.195605
139.92199 496.34282 143.81558 17.254281
172.5417 545.42053 158.60427 18.437735
215.82034 603.4007 175.51465 19.774663
271.72459 671.3348 194.79311 21.285122
340.81172 749.06722 216.41965 22.972858
421.50142 834.7643 240.00266 24.817898
509.60606 924.68991 264.72694 26.771535
598.44077 1013.442 289.39953 28.756472
679.63577 1094.716 312.60755 30.674146
744.62004 1162.5045 332.96959 32.42022
786.55842 1212.5554 349.43995 33.906487
802.49778 1243.8261 361.60821 35.085196
794.73907 1259.2744 369.84708 35.968698
771.42596 1265.8337 375.26515 36.633483
741.41818 1270.3105 378.79257 37.205444
711.11997 1275.6819 380.28729 37.799971
702.24545 1290.3289 381.35103 38.784787
737.3766 1317.1288 385.82185 41.608083
