8.899641366532215839e-03 2.091581595552884755e+04 1.300000000000000000e+01
1.507912288335236557e-02 2.477885174005681984e+04 3.300000000000000000e+01
2.144790238028840279e-02 2.412618905755538071e+04 7.900000000000000000e+01
2.783660839001337803e-02 2.141947480969551179e+04 1.170000000000000000e+02
3.435099897224728333e-02 1.819235572599085208e+04 2.050000000000000000e+02
4.047886852888350762e-02 1.556907689494680926e+04 2.350000000000000000e+02
4.676716823161133213e-02 1.360407721989329184e+04 3.690000000000000000e+02
5.308225183095997834e-02 1.226273898040560016e+04 4.330000000000000000e+02
5.945362628270418198e-02 1.132676764823717895e+04 5.850000000000000000e+02
6.576224888327897311e-02 1.054261998630798917e+04 6.790000000000000000e+02
7.196633099849814030e-02 9.731788341789668266e+03 8.130000000000000000e+02
7.827861083643085360e-02 8.801000114014910650e+03 9.850000000000000000e+02
8.470399068733039383e-02 7.793147554218618097e+03 1.183000000000000000e+03
9.096854837087310630e-02 6.855947018598551949e+03 1.269000000000000000e+03
9.720789911631415314e-02 6.063257752139923468e+03 1.537000000000000000e+03
1.034763067582125246e-01 5.453832188988770213e+03 1.653000000000000000e+03
1.097576477722859295e-01 5.027459240330887042e+03 1.963000000000000000e+03
1.160543097296395099e-01 4.735107045477147949e+03 2.121000000000000000e+03
1.223669711375355018e-01 4.509938902923293426e+03 2.413000000000000000e+03
1.286817294313966353e-01 4.290024802649134472e+03 2.635000000000000000e+03
1.349500825432468076e-01 4.038016282321265862e+03 2.877000000000000000e+03
1.411949598984825194e-01 3.746021631367840655e+03 3.169000000000000000e+03
1.475133603331979515e-01 3.428584511501550423e+03 3.507000000000000000e+03
1.537865113128315253e-01 3.124635301541828994e+03 3.685000000000000000e+03
1.600657585574513098e-01 2.860240027749381170e+03 4.165000000000000000e+03
1.663991183124232387e-01 2.649007461098140993e+03 4.377000000000000000e+03
1.727195676550437875e-01 2.493169040404141924e+03 4.855000000000000000e+03
1.789765243151531793e-01 2.379737811988835347e+03 4.929000000000000000e+03
1.852353737358977681e-01 2.287597135422499377e+03 5.581000000000000000e+03
1.914806840710078228e-01 2.197672477419894221e+03 5.679000000000000000e+03
1.977889912499052050e-01 2.096604381874939008e+03 6.385000000000000000e+03
2.040937762760341168e-01 1.982356216745014308e+03 6.553000000000000000e+03
2.103939340553785675e-01 1.859757332236842103e+03 7.125000000000000000e+03
2.166909768415070381e-01 1.738354161055180612e+03 7.447000000000000000e+03
2.229700342773534294e-01 1.628213852915942425e+03 7.929000000000000000e+03
2.292620082907971812e-01 1.533870174766457467e+03 8.353000000000000000e+03
2.355141554174260132e-01 1.457938423477564129e+03 8.775000000000000000e+03
2.417910667859329010e-01 1.397866222380363070e+03 9.313000000000000000e+03
2.480856600621526575e-01 1.346324490254420198e+03 9.841000000000000000e+03
2.543492296933776986e-01 1.298088226902298857e+03 1.019100000000000000e+04
2.606334330713551140e-01 1.248586765543806450e+03 1.089700000000000000e+04
2.669257423685943431e-01 1.195656056508671099e+03 1.130100000000000000e+04
2.732423402688111680e-01 1.139982992910277972e+03 1.202500000000000000e+04
2.795529764247268734e-01 1.084281661047678654e+03 1.242300000000000000e+04
2.858366371208178047e-01 1.031162680886434600e+03 1.302100000000000000e+04
2.920876345653135586e-01 9.837113209947459609e+02 1.340500000000000000e+04
2.983449910233763047e-01 9.419316275028912742e+02 1.424700000000000000e+04
3.046382692007175153e-01 9.055417948862652793e+02 1.471300000000000000e+04
3.109279206077096291e-01 8.740190031061609943e+02 1.548900000000000000e+04
3.172168249548444341e-01 8.445191569422099747e+02 1.591300000000000000e+04
3.235187638557397438e-01 8.159357522155049764e+02 1.687900000000000000e+04
3.298168281540781455e-01 7.871467880065310965e+02 1.719300000000000000e+04
3.361176499784954697e-01 7.578572868056816105e+02 1.815700000000000000e+04
3.423700432242688940e-01 7.289416486832781175e+02 1.833900000000000000e+04
3.486478282721584554e-01 7.006918189521828708e+02 1.957300000000000000e+04
3.549411678217364030e-01 6.739943138135184881e+02 1.994100000000000000e+04
3.611917028618862324e-01 6.495730531971640858e+02 2.062900000000000000e+04
3.674767166795864792e-01 6.272094483098320552e+02 2.165500000000000000e+04
3.737647869486350194e-01 6.067030417980938637e+02 2.211300000000000000e+04
3.800654123961629827e-01 5.877160421161269142e+02 2.318500000000000000e+04
3.863539965316843960e-01 5.695436161141353750e+02 2.366700000000000000e+04
3.926140268183350712e-01 5.520208788041284151e+02 2.438500000000000000e+04
3.989264585714052402e-01 5.345558443235014465e+02 2.574900000000000000e+04
4.052073321741767042e-01 5.175093223635665254e+02 2.567500000000000000e+04
4.114916561031216058e-01 5.006794067458524751e+02 2.740900000000000000e+04
4.177814351677177074e-01 4.847895161779578075e+02 2.740500000000000000e+04
4.240400734774502078e-01 4.695281006713786383e+02 2.871700000000000000e+04
4.303425767158289839e-01 4.551756178038530152e+02 2.959500000000000000e+04
4.366358654408017403e-01 4.418076780665483625e+02 3.030100000000000000e+04
4.428996297022272377e-01 4.290439391807246352e+02 3.110100000000000000e+04
4.491634546846772214e-01 4.171003900067004793e+02 3.202300000000000000e+04
4.554414216830138806e-01 4.054850493452867681e+02 3.297700000000000000e+04
4.617634586244367401e-01 3.941229532891778149e+02 3.444900000000000000e+04
4.680644339618229011e-01 3.831173414888249340e+02 3.454900000000000000e+04
4.743485343043289393e-01 3.724543669744119256e+02 3.611100000000000000e+04
4.806356229933411717e-01 3.620308125399005803e+02 3.654100000000000000e+04
4.869019348941476255e-01 3.521629513711386039e+02 3.771700000000000000e+04
4.931697216584374210e-01 3.426571296899920185e+02 3.861900000000000000e+04
4.994506893203705666e-01 3.334193521317223485e+02 3.966100000000000000e+04
5.057159170899795386e-01 3.248598101199224288e+02 4.054500000000000000e+04
5.119924112995831722e-01 3.165247910456353679e+02 4.181500000000000000e+04
5.183126200344251311e-01 3.083413860733695628e+02 4.312500000000000000e+04
5.246089766776097507e-01 3.006973411640577751e+02 4.368100000000000000e+04
5.308757393302815375e-01 2.931965808090151313e+02 4.462900000000000000e+04
5.371573631137898097e-01 2.858273997218010436e+02 4.622700000000000000e+04
5.434579693678205370e-01 2.788451388637046193e+02 4.690900000000000000e+04
5.497430800183124022e-01 2.719986359103786526e+02 4.823700000000000000e+04
5.559937532006536953e-01 2.653394900996185015e+02 4.858300000000000000e+04
5.622854803132901758e-01 2.590501531684768111e+02 5.099700000000000000e+04
5.686011663807025718e-01 2.528907256257124061e+02 5.139700000000000000e+04
5.748804726504169738e-01 2.469049982295746588e+02 5.248900000000000000e+04
5.811550348899043872e-01 2.412501871710181547e+02 5.378700000000000000e+04
5.874394618980551819e-01 2.357283556118118781e+02 5.491300000000000000e+04
5.937176309436124066e-01 2.303574082043222120e+02 5.597700000000000000e+04
5.999972067258815267e-01 2.251721100735849177e+02 5.741500000000000000e+04
6.062679241142834297e-01 2.201202417688621722e+02 5.810500000000000000e+04
6.125469718145756248e-01 2.152611863706894724e+02 6.003300000000000000e+04
6.188477867230408602e-01 2.104841784841013066e+02 6.094900000000000000e+04
6.251310732428440042e-01 2.058558371705013599e+02 6.223500000000000000e+04
6.314027615222762568e-01 2.014205200369549686e+02 6.322900000000000000e+04
6.377003718199972804e-01 1.971101073670555195e+02 6.513300000000000000e+04
6.439857930550499931e-01 1.929118010623273562e+02 6.570700000000000000e+04
6.502685530156656624e-01 1.887924282662149835e+02 6.756100000000000000e+04
6.565586246988928121e-01 1.849096005019824247e+02 6.850500000000000000e+04
6.628369424596141091e-01 1.810897752088189065e+02 6.994300000000000000e+04
6.691185559465481214e-01 1.773224548857505454e+02 7.109700000000000000e+04
6.754070310799917820e-01 1.736681860784035223e+02 7.302100000000000000e+04
6.816835621456999172e-01 1.702342846204422813e+02 7.331700000000000000e+04
6.879592682977492268e-01 1.668244841086738575e+02 7.579900000000000000e+04
6.942344479254694001e-01 1.634389851186845704e+02 7.602100000000000000e+04
7.005175563849601605e-01 1.602067778085528005e+02 7.875300000000000000e+04
7.068125114371639484e-01 1.571262222095481889e+02 7.929100000000000000e+04
7.131019140896182051e-01 1.540770214797256585e+02 8.112900000000000000e+04
7.193918372712783116e-01 1.510523071124334820e+02 8.244100000000000000e+04
7.256833943957551325e-01 1.481614653251955360e+02 8.394900000000000000e+04
7.319652850879165840e-01 1.453874385470702464e+02 8.512300000000000000e+04
7.382508135613710110e-01 1.426536438771503299e+02 8.692900000000000000e+04
7.445266028199800656e-01 1.399633603530267010e+02 8.778900000000000000e+04
7.507871253111656484e-01 1.373638461624710203e+02 8.962300000000000000e+04
7.570758611164480900e-01 1.348571751754569732e+02 9.134100000000000000e+04
7.633641360200108528e-01 1.323875194718221451e+02 9.284500000000000000e+04
7.696463136717470732e-01 1.299857491429337415e+02 9.408700000000000000e+04
7.759395055689795040e-01 1.276157801227380162e+02 9.633300000000000000e+04
7.822329304664709104e-01 1.253457155193436421e+02 9.724900000000000000e+04
7.885315090900385515e-01 1.230969456365492505e+02 9.950100000000000000e+04
7.947896741918292207e-01 1.209526001055251641e+02 9.928300000000000000e+04
8.010491271689893500e-01 1.188260333409634910e+02 1.025370000000000000e+05
8.073364249441802309e-01 1.167612924242083636e+02 1.034770000000000000e+05
8.136229646920474234e-01 1.147215382054498463e+02 1.057510000000000000e+05
8.199153172706454829e-01 1.127528160441528513e+02 1.068690000000000000e+05
8.261952811458017631e-01 1.108489235440420231e+02 1.086970000000000000e+05
8.324897258535074451e-01 1.089593861053962769e+02 1.105770000000000000e+05
8.387959526007869870e-01 1.071121041074607660e+02 1.125550000000000000e+05
8.450634854070663282e-01 1.052903911784406006e+02 1.125930000000000000e+05
8.513283072836113075e-01 1.035759412288174843e+02 1.155730000000000000e+05
8.576198447667759961e-01 1.018786703495348149e+02 1.172830000000000000e+05
8.639058656535316683e-01 1.002031423578521157e+02 1.185810000000000000e+05
8.701838914466027974e-01 9.854737677090501791e+01 1.206250000000000000e+05
8.764641314096036639e-01 9.691911754572959126e+01 1.219350000000000000e+05
8.827504037439891649e-01 9.539987208428415499e+01 1.244410000000000000e+05
8.890332963462141969e-01 9.389275671909848597e+01 1.255170000000000000e+05
8.953084452997464027e-01 9.239973807253466020e+01 1.273570000000000000e+05
9.015956726019704881e-01 9.091090005884692005e+01 1.298950000000000000e+05
9.078833512098413161e-01 8.945147308556950350e+01 1.307010000000000000e+05
9.141744272906558999e-01 8.809588991815280679e+01 1.339210000000000000e+05
9.204630999074844278e-01 8.674991077570723519e+01 1.341870000000000000e+05
9.267434610459841515e-01 8.541817774672668406e+01 1.371250000000000000e+05
9.330324406249552727e-01 8.409335807734665025e+01 1.384570000000000000e+05
9.393266003063709402e-01 8.278157493175402237e+01 1.409370000000000000e+05
9.455975031471062220e-01 8.155884403749908529e+01 1.413670000000000000e+05
9.518660226057367169e-01 8.035066946690201917e+01 1.443810000000000000e+05
9.581413475697029281e-01 7.915356356138916283e+01 1.455490000000000000e+05
9.644351135439162004e-01 7.797435638889368192e+01 1.491390000000000000e+05
9.707355840191599361e-01 7.679545387431573999e+01 1.496410000000000000e+05
9.770081029620610868e-01 7.567711819831374953e+01 1.518250000000000000e+05
9.832823530967786940e-01 7.458848225888388583e+01 1.534530000000000000e+05
9.895569905468067917e-01 7.350381744716004562e+01 1.558870000000000000e+05
9.958456514499454126e-01 7.244966111172401213e+01 1.581210000000000000e+05
1.002136232779608838e+00 7.140245087526027135e+01 1.598410000000000000e+05
1.008404851598815100e+00 7.037221351264963687e+01 1.611750000000000000e+05
1.014694174576919794e+00 6.938592554842932714e+01 1.646770000000000000e+05
1.020992581151014100e+00 6.840234679005116902e+01 1.660570000000000000e+05
1.027274002250675000e+00 6.743850662095783832e+01 1.677030000000000000e+05
1.033559203584765163e+00 6.650803417421806785e+01 1.702690000000000000e+05
1.039847580169829699e+00 6.557802581202471970e+01 1.722570000000000000e+05
1.046126998403850594e+00 6.466926583353382796e+01 1.736530000000000000e+05
1.052403458101502931e+00 6.378720736748608289e+01 1.766190000000000000e+05
1.058680726296697738e+00 6.290515545620610993e+01 1.775650000000000000e+05
1.064964357561877906e+00 6.205053584156183177e+01 1.812850000000000000e+05
1.071256798566221358e+00 6.122421456590106459e+01 1.825470000000000000e+05
1.077544071354557431e+00 6.039857325893337503e+01 1.849930000000000000e+05
1.083824845094000233e+00 5.958941723309740723e+01 1.867770000000000000e+05
1.090108045700157291e+00 5.879527078269521922e+01 1.890730000000000000e+05
1.096389688798609985e+00 5.800132120211343789e+01 1.914910000000000000e+05
1.102681157973254944e+00 5.723503695001434721e+01 1.938450000000000000e+05
1.108963073020351908e+00 5.650293602616222444e+01 1.951810000000000000e+05
1.115225453612966655e+00 5.577314934794254953e+01 1.973190000000000000e+05
1.121502150378710372e+00 5.504852347638703947e+01 2.002330000000000000e+05
1.127792598432213689e+00 5.433346832986260466e+01 2.030370000000000000e+05
1.134089574740247297e+00 5.361782610720209163e+01 2.048710000000000000e+05
1.140364073342102547e+00 5.292154984389992478e+01 2.062210000000000000e+05
1.146639207245351288e+00 5.227050282444046303e+01 2.095290000000000000e+05
1.152942436437851992e+00 5.161901512312012130e+01 2.125450000000000000e+05
1.159228931282626940e+00 5.097043144581301988e+01 2.132070000000000000e+05
1.165508749916801978e+00 5.032905399280571856e+01 2.165770000000000000e+05
1.171793104463751956e+00 4.968821096346203348e+01 2.181930000000000000e+05
1.178087463769067478e+00 4.904856548771844160e+01 2.221510000000000000e+05
1.184367680775410436e+00 4.845453149826676054e+01 2.216410000000000000e+05
1.190634666438431077e+00 4.787917599034991412e+01 2.261730000000000000e+05
1.196912235146298853e+00 4.730284892109142447e+01 2.269810000000000000e+05
1.203201604007285042e+00 4.672909829090397693e+01 2.319030000000000000e+05
1.209486869999778058e+00 4.616033123916241010e+01 2.314930000000000000e+05
1.215763929540806032e+00 4.559232197487195748e+01 2.360410000000000000e+05
1.222049780172183464e+00 4.503148640794800883e+01 2.372310000000000000e+05
1.228340637371898136e+00 4.450778203728511784e+01 2.409250000000000000e+05
1.234633015923105148e+00 4.398873303921570255e+01 2.427690000000000000e+05
1.240902278141391646e+00 4.347170202502145031e+01 2.437570000000000000e+05
1.247174864338172373e+00 4.296291171107706219e+01 2.479830000000000000e+05
1.253465485011332481e+00 4.245798736461424738e+01 2.502730000000000000e+05
1.259749980798759106e+00 4.195355457811469790e+01 2.523730000000000000e+05
1.266032170905827758e+00 4.145699725457775742e+01 2.554470000000000000e+05
1.272316320759243613e+00 4.098868989419005970e+01 2.570890000000000000e+05
1.278604180880545282e+00 4.052277031322005030e+01 2.612370000000000000e+05
1.284886614385056358e+00 4.005730028830399903e+01 2.616670000000000000e+05
1.291175450242393996e+00 3.960180708404287486e+01 2.668890000000000000e+05
1.297465753684127421e+00 3.915415283312031391e+01 2.670490000000000000e+05
1.303741854869400862e+00 3.870750937136550363e+01 2.705770000000000000e+05
1.310017351600176516e+00 3.826383763742893507e+01 2.726430000000000000e+05
1.316301474270663796e+00 3.784128549726726476e+01 2.762050000000000000e+05
1.322586786137195158e+00 3.742305228165650277e+01 2.781690000000000000e+05
1.328865520948248502e+00 3.700525658219427072e+01 2.808190000000000000e+05
1.335144831823233069e+00 3.659377368708997125e+01 2.836290000000000000e+05
1.341440542598177910e+00 3.619612079839204455e+01 2.877370000000000000e+05
1.347730895708934895e+00 3.579941994111671733e+01 2.882290000000000000e+05
1.354001621712590531e+00 3.540395868652013434e+01 2.915190000000000000e+05
1.360282639593320075e+00 3.501855584652219733e+01 2.946970000000000000e+05
1.366565714589564218e+00 3.464321973017566592e+01 2.968170000000000000e+05
1.372851534424878173e+00 3.426771956553795206e+01 3.007390000000000000e+05
1.379135407129832958e+00 3.389279916556922956e+01 3.019210000000000000e+05
1.385409599148118120e+00 3.353444905688925104e+01 3.054570000000000000e+05
1.391698675215097714e+00 3.318315457104397836e+01 3.088390000000000000e+05
1.397984478543130127e+00 3.283204272002733148e+01 3.106410000000000000e+05
1.404267912261491391e+00 3.248174540103974550e+01 3.144850000000000000e+05
1.410554812563175942e+00 3.214132769521364708e+01 3.161130000000000000e+05
1.416837860492211609e+00 3.180446526415220987e+01 3.202750000000000000e+05
1.423118207853388384e+00 3.146774741793689145e+01 3.211090000000000000e+05
1.429397832052551998e+00 3.113274534610540911e+01 3.261210000000000000e+05
1.435686950784322180e+00 3.081631571211033105e+01 3.277270000000000000e+05
1.441977152768831871e+00 3.050525391480459092e+01 3.318210000000000000e+05
1.448253698195793193e+00 3.019486743243780680e+01 3.324970000000000000e+05
1.454532379242246209e+00 2.988484716109672590e+01 3.373530000000000000e+05
1.460819348021602515e+00 2.958051623421092557e+01 3.395590000000000000e+05
1.467110398447264430e+00 2.927786434985583242e+01 3.433090000000000000e+05
1.473392938716745260e+00 2.897562188994041321e+01 3.447570000000000000e+05
1.479669997165725226e+00 2.867442773002809986e+01 3.487030000000000000e+05
1.485956181246867347e+00 2.839144652361417087e+01 3.512610000000000000e+05
1.492233645368827855e+00 2.811673186662571311e+01 3.540610000000000000e+05
1.498502502070437004e+00 2.784239397471136002e+01 3.561150000000000000e+05
1.504785781106828813e+00 2.756743439511890870e+01 3.616690000000000000e+05
1.511076018870604054e+00 2.729431792077352270e+01 3.628930000000000000e+05
1.517361672018678886e+00 2.702303559263388522e+01 3.671010000000000000e+05
1.523648603665754386e+00 2.675169816260487821e+01 3.694390000000000000e+05
1.529938073783499997e+00 2.648025110462575427e+01 3.732570000000000000e+05
1.536230209894147603e+00 2.621842606581741109e+01 3.759490000000000000e+05
1.542510753688646874e+00 2.597492082135454794e+01 3.780430000000000000e+05
1.548783993959166105e+00 2.573208073570002696e+01 3.811170000000000000e+05
1.555073106620426415e+00 2.548862629603514662e+01 3.864490000000000000e+05
1.561357360437646280e+00 2.524577578887134877e+01 3.863970000000000000e+05
1.567629155977046107e+00 2.500573724626043060e+01 3.913150000000000000e+05
1.573913727838968546e+00 2.476556942888568358e+01 3.943050000000000000e+05
1.580203583051146721e+00 2.452519975409432007e+01 3.980770000000000000e+05
1.586485424495109431e+00 2.428530834035334962e+01 3.999190000000000000e+05
1.592760048351496094e+00 2.405909554384223270e+01 4.031130000000000000e+05
1.599046473644109678e+00 2.384088209059566310e+01 4.082290000000000000e+05
1.605342170892531284e+00 2.362234678352873019e+01 4.103130000000000000e+05
1.611619901400826782e+00 2.340443516122603640e+01 4.126870000000000000e+05
1.617897637173894232e+00 2.318772489010219218e+01 4.165890000000000000e+05
1.624183273274892869e+00 2.297479302769128395e+01 4.199410000000000000e+05
1.630464632448940909e+00 2.276233588015675835e+01 4.229950000000000000e+05
1.636749016518817434e+00 2.254977635455641405e+01 4.264410000000000000e+05
1.643030957649984414e+00 2.233739703772045004e+01 4.296730000000000000e+05
1.649309215673383511e+00 2.213526598299408832e+01 4.319670000000000000e+05
1.655593672372293934e+00 2.193970423725718177e+01 4.375090000000000000e+05
1.661879609228423593e+00 2.174409648188200705e+01 4.387050000000000000e+05
1.668169397756880334e+00 2.154836886728205414e+01 4.445530000000000000e+05
1.674450194602470354e+00 2.135378249008832441e+01 4.443910000000000000e+05
1.680722754511547734e+00 2.116507844086276435e+01 4.497330000000000000e+05
1.687013924332251280e+00 2.097683188826364642e+01 4.541290000000000000e+05
1.693309023567647342e+00 2.078846775260092272e+01 4.569030000000000000e+05
1.699582184529626838e+00 2.060076004621380719e+01 4.575370000000000000e+05
1.705863782629779113e+00 2.041657896572829145e+01 4.652170000000000000e+05
1.712154468807867591e+00 2.024078453607253536e+01 4.655250000000000000e+05
1.718438413236833551e+00 2.006552560786380823e+01 4.712350000000000000e+05
1.724721302022623304e+00 1.989029614669884793e+01 4.721250000000000000e+05
1.730997481727017506e+00 1.971525379714719861e+01 4.769410000000000000e+05
1.737287110698811921e+00 1.954412005756709192e+01 4.815630000000000000e+05
1.743568019711331685e+00 1.937792726622398476e+01 4.820410000000000000e+05
1.749840724610719489e+00 1.921195398947019939e+01 4.876690000000000000e+05
1.756128585426761868e+00 1.904557963899314998e+01 4.911990000000000000e+05
1.762413576290274841e+00 1.887932409269038558e+01 4.940890000000000000e+05
1.768696225545751233e+00 1.871855135685633797e+01 4.983090000000000000e+05
1.774979392258164257e+00 1.856152864290097071e+01 5.007370000000000000e+05
1.781265588076748063e+00 1.840443018018118337e+01 5.063670000000000000e+05
1.787549469556652282e+00 1.824738958276465084e+01 5.070610000000000000e+05
1.793834152714548491e+00 1.809041971926743031e+01 5.140570000000000000e+05
1.800115088640694028e+00 1.793973393109627068e+01 5.135430000000000000e+05
1.806393949240306718e+00 1.779288650675807304e+01 5.205010000000000000e+05
1.812674134744620469e+00 1.764600807980955111e+01 5.215290000000000000e+05
1.818956961763506408e+00 1.749906792173715786e+01 5.276890000000000000e+05
1.825244201089838203e+00 1.735204428419023159e+01 5.300710000000000000e+05
1.831527291831864357e+00 1.720871492693629889e+01 5.339130000000000000e+05
1.837811334526000762e+00 1.706802415366165704e+01 5.375170000000000000e+05
1.844100755274497239e+00 1.692721302633225733e+01 5.425110000000000000e+05
1.850384858444586333e+00 1.678652096136422500e+01 5.438890000000000000e+05
1.856666102272343855e+00 1.664589293278227089e+01 5.492610000000000000e+05
1.862947772291545290e+00 1.651002852773119045e+01 5.513410000000000000e+05
1.869229368732079566e+00 1.638020860639796084e+01 5.569630000000000000e+05
1.875517658880313743e+00 1.625026998314070781e+01 5.600370000000000000e+05
1.881800808623774079e+00 1.612043759931301778e+01 5.631370000000000000e+05
1.888078904859593399e+00 1.599070965035873648e+01 5.669070000000000000e+05
1.894354016602919799e+00 1.586199443396136388e+01 5.701810000000000000e+05
1.900642754540889712e+00 1.573572016612943081e+01 5.770050000000000000e+05
1.906933539732843963e+00 1.560957178322293082e+01 5.780110000000000000e+05
1.913207609481020421e+00 1.548375855617657493e+01 5.814730000000000000e+05
1.919490932642516468e+00 1.535775979524466095e+01 5.877810000000000000e+05
1.925776897892065298e+00 1.523252545930892232e+01 5.891770000000000000e+05
1.932064493267848349e+00 1.511560879276396996e+01 5.961390000000000000e+05
1.938342653881060640e+00 1.500103854018777660e+01 5.949130000000000000e+05
1.944618386308852642e+00 1.488651261276379500e+01 6.033930000000000000e+05
1.950906299252908260e+00 1.477176439450687440e+01 6.053710000000000000e+05
1.957194595870784370e+00 1.465700918240345274e+01 6.107410000000000000e+05
1.963479659683463385e+00 1.454316071251521691e+01 6.131130000000000000e+05
1.969760406545119746e+00 1.443037516264907616e+01 6.172810000000000000e+05
1.976048408206027229e+00 1.431746064953871311e+01 6.227790000000000000e+05
1.982338029498461829e+00 1.420451703057099024e+01 6.253570000000000000e+05
1.988617535379774592e+00 1.409175506308420189e+01 6.286690000000000000e+05
1.994896368707261614e+00 1.398016386030975333e+01 6.334350000000000000e+05
2.001179636839495402e+00 1.387716764175733353e+01 6.370090000000000000e+05
2.007459803210732918e+00 1.377599543607348132e+01 6.414090000000000000e+05
2.013737463117888815e+00 1.367486361312980492e+01 6.441310000000000000e+05
2.020017269399334570e+00 1.357369720602659413e+01 6.499650000000000000e+05
2.026310292142863734e+00 1.347231789930652113e+01 6.549250000000000000e+05
2.032600589499427457e+00 1.337144641411740231e+01 6.576010000000000000e+05
2.038873908624716513e+00 1.327169421734915034e+01 6.596430000000000000e+05
2.045154131583326151e+00 1.317185034972447077e+01 6.668650000000000000e+05
2.051444750083316837e+00 1.307184118091878844e+01 6.701370000000000000e+05
2.057730477518978418e+00 1.297190979531668020e+01 6.742630000000000000e+05
2.064013981613451065e+00 1.287208534924111980e+01 6.776970000000000000e+05
2.070299933408402904e+00 1.277798392648753101e+01 6.831370000000000000e+05
2.076589765890210160e+00 1.268746785494953500e+01 6.865810000000000000e+05
2.082865529781856129e+00 1.259715420009237619e+01 6.886950000000000000e+05
2.089134541001091083e+00 1.250693772749046673e+01 6.934330000000000000e+05
2.095424255017540816e+00 1.241642332542807559e+01 7.011570000000000000e+05
2.101707164431554808e+00 1.232611053952159175e+01 7.007830000000000000e+05
2.107986518825044175e+00 1.223740575879258330e+01 7.084530000000000000e+05
2.114271853468083773e+00 1.214913620921289272e+01 7.110370000000000000e+05
2.120552760513600532e+00 1.206092891178264104e+01 7.153330000000000000e+05
2.126836977385017757e+00 1.197267511486845848e+01 7.203510000000000000e+05
2.133122092119955848e+00 1.188440870485568723e+01 7.245250000000000000e+05
2.139411756043959834e+00 1.179665152372944270e+01 7.293210000000000000e+05
2.145697120571732786e+00 1.171436281009754055e+01 7.327030000000000000e+05
2.151973595051769994e+00 1.163352837667281747e+01 7.352410000000000000e+05
2.158259954480660436e+00 1.155256666671492205e+01 7.440810000000000000e+05
2.164545449823881640e+00 1.147161608325935234e+01 7.435750000000000000e+05
2.170830747891504764e+00 1.139066802689365510e+01 7.523850000000000000e+05
2.177114189543003508e+00 1.130995485797071076e+01 7.523290000000000000e+05
2.183387692501795208e+00 1.123157515002804452e+01 7.580970000000000000e+05
2.189670320506250434e+00 1.115366653897399551e+01 7.639510000000000000e+05
2.195960199497599685e+00 1.107566803989969095e+01 7.680850000000000000e+05
2.202242604819257377e+00 1.099776217655790234e+01 7.710450000000000000e+05
2.208521704064293267e+00 1.091989735155840258e+01 7.761550000000000000e+05
2.214804678516886227e+00 1.084215468768792157e+01 7.806930000000000000e+05
2.221092631939611373e+00 1.076813652919010522e+01 7.865170000000000000e+05
2.227372944257140830e+00 1.069576523686536973e+01 7.874610000000000000e+05
2.233657210814539607e+00 1.062334836053464926e+01 7.964230000000000000e+05
2.239943529128351152e+00 1.055090784734629672e+01 7.970410000000000000e+05
2.246224227644831206e+00 1.047853209248795636e+01 8.037690000000000000e+05
2.252506429437830970e+00 1.040613927882809975e+01 8.067310000000000000e+05
2.258783468156008389e+00 1.033566832296799909e+01 8.110050000000000000e+05
2.265069132598043211e+00 1.026686916839029529e+01 8.182210000000000000e+05
2.271350422959666826e+00 1.019811786144589583e+01 8.191390000000000000e+05
2.277634048433214708e+00 1.012934104477034047e+01 8.274210000000000000e+05
2.283922467648721533e+00 1.006051175092572336e+01 8.300170000000000000e+05
2.290202920535420184e+00 9.991769632234911214e+00 8.339010000000000000e+05
2.296490831598927862e+00 9.923844677716898488e+00 8.418790000000000000e+05
2.302771826763311935e+00 9.858875977749631758e+00 8.406570000000000000e+05
2.309051414366779742e+00 9.794141747427612898e+00 8.509570000000000000e+05
2.315338554641302338e+00 9.729329648419447807e+00 8.519350000000000000e+05
2.321627389952595433e+00 9.664500073632256161e+00 8.603850000000000000e+05
2.327911925020047512e+00 9.599714833589487739e+00 8.607130000000000000e+05
2.334186289560127303e+00 9.535126428269864007e+00 8.661090000000000000e+05
2.340468027992998135e+00 9.473192390814272557e+00 8.726590000000000000e+05
2.346756988659871812e+00 9.412459250097963803e+00 8.772330000000000000e+05
2.353044496806751873e+00 9.351740134984575903e+00 8.815930000000000000e+05
2.359327707923070339e+00 9.291062529291282956e+00 8.857990000000000000e+05
2.365603101336412717e+00 9.230460438534310086e+00 8.882130000000000000e+05
2.371885967127894013e+00 9.169786087445700673e+00 8.980330000000000000e+05
2.378173348421294353e+00 9.109632814277784263e+00 8.985150000000000000e+05
2.384454069732529380e+00 9.051548150788129021e+00 9.058810000000000000e+05
2.390736502803425090e+00 8.993623110093444950e+00 9.086130000000000000e+05
2.397014190536873812e+00 8.935741856388503379e+00 9.134650000000000000e+05
2.403295543543093604e+00 8.877826802446231014e+00 9.200110000000000000e+05
2.409585096780960001e+00 8.819836138084813371e+00 9.251730000000000000e+05
2.415871762874253648e+00 8.761872090685155712e+00 9.287890000000000000e+05
2.422160705283573190e+00 8.705903336829150518e+00 9.355710000000000000e+05
2.428440218767722314e+00 8.652416536822771675e+00 9.355210000000000000e+05
2.434717525377141811e+00 8.598953048527633314e+00 9.450490000000000000e+05
2.441002511295388810e+00 8.545424118038971173e+00 9.470250000000000000e+05
2.447290035663344909e+00 8.491873626403844355e+00 9.557350000000000000e+05
2.453571889273430617e+00 8.438371402533507037e+00 9.555210000000000000e+05
2.459852758822840268e+00 8.384896724751715880e+00 9.646210000000000000e+05
2.466139282850015046e+00 8.332445786970961166e+00 9.677190000000000000e+05
2.472422017268737005e+00 8.280644820190309119e+00 9.724810000000000000e+05
2.478698567770654115e+00 8.228894841203851840e+00 9.765370000000000000e+05
2.484980892560527010e+00 8.177097222764245998e+00 9.838530000000000000e+05
2.491269378498083054e+00 8.125248838397213902e+00 9.882910000000000000e+05
2.497548563126016141e+00 8.073477120298456100e+00 9.911130000000000000e+05
2.503831717117992017e+00 8.021788636482973800e+00 9.990610000000000000e+05
2.510117988996658056e+00 7.973190330054166886e+00 1.003023000000000000e+06
2.516400792721253499e+00 7.926016419550789394e+00 1.007017000000000000e+06
2.522688289015427188e+00 7.878807277142028553e+00 1.015189000000000000e+06
2.528971755404220367e+00 7.831628382067758132e+00 1.015659000000000000e+06
2.535252098348438121e+00 7.784472929735136937e+00 1.024297000000000000e+06
2.541537567337918357e+00 7.737279014952984646e+00 1.027545000000000000e+06
2.547823062981965592e+00 7.690098354116016388e+00 1.034173000000000000e+06
2.554100722003804336e+00 7.643530476415235420e+00 1.035639000000000000e+06
2.560376844179065525e+00 7.597265853912657185e+00 1.043377000000000000e+06
2.566667577722153926e+00 7.550893535335289286e+00 1.051105000000000000e+06
2.572955111598495659e+00 7.504544784090281695e+00 1.052487000000000000e+06
2.579233828959529351e+00 7.458261044641056436e+00 1.058257000000000000e+06
2.585520219328450331e+00 7.411920736322858971e+00 1.065633000000000000e+06
2.591805190434158135e+00 7.365590912260089773e+00 1.067869000000000000e+06
2.598084128067277732e+00 7.321690568764728901e+00 1.074235000000000000e+06
2.604360463213065913e+00 7.280162696804441502e+00 1.077393000000000000e+06
2.610647242103097287e+00 7.238565733869129382e+00 1.087621000000000000e+06
2.616931922960255008e+00 7.196982634386365874e+00 1.087923000000000000e+06
2.623206163747393127e+00 7.155468642708860294e+00 1.093945000000000000e+06
2.629491680348758020e+00 7.113880026688599756e+00 1.102629000000000000e+06
2.635778568352333817e+00 7.072282337623542858e+00 1.104619000000000000e+06
2.642061088527428936e+00 7.030851892764170330e+00 1.111669000000000000e+06
2.648343898035611765e+00 6.989816289674235072e+00 1.116021000000000000e+06
2.654631896353765175e+00 6.948771541372818383e+00 1.122973000000000000e+06
2.660919063847193122e+00 6.907732226012416099e+00 1.127175000000000000e+06
2.667198583931860600e+00 6.866742819864058767e+00 1.130377000000000000e+06
2.673484364536813818e+00 6.825712555327775100e+00 1.140669000000000000e+06
2.679773443507671438e+00 6.784660754921539194e+00 1.142023000000000000e+06
2.686058274112265387e+00 6.743791099070877593e+00 1.149277000000000000e+06
2.692338799749068201e+00 6.705754687961524851e+00 1.152213000000000000e+06
2.698618084087729407e+00 6.668775024603236901e+00 1.158781000000000000e+06
2.704895510636926126e+00 6.631806314651060852e+00 1.162875000000000000e+06
2.711175740452461014e+00 6.594821081229731874e+00 1.169989000000000000e+06
2.717459894448289059e+00 6.557812746720112607e+00 1.175577000000000000e+06
2.723745791186213960e+00 6.520794141544103084e+00 1.181755000000000000e+06
2.730038477978619760e+00 6.483735553105072213e+00 1.188433000000000000e+06
2.736318047316759650e+00 6.446968065406026405e+00 1.188297000000000000e+06
2.742591921096126928e+00 6.410820559727866907e+00 1.196761000000000000e+06
2.748879812449644522e+00 6.374625769902015016e+00 1.204935000000000000e+06
2.755163468419708828e+00 6.338455352086359795e+00 1.206061000000000000e+06
2.761447012931416811e+00 6.302285577423817564e+00 1.215613000000000000e+06
2.767732147456675396e+00 6.266106652359961338e+00 1.218267000000000000e+06
2.774015514492576440e+00 6.229937897955831971e+00 1.225501000000000000e+06
2.780298689845027926e+00 6.193771032854194836e+00 1.229565000000000000e+06
2.786577539972491024e+00 6.159246699961482108e+00 1.235035000000000000e+06
2.792858038411352606e+00 6.126196215194092964e+00 1.240689000000000000e+06
2.799143850794739485e+00 6.093117766008767866e+00 1.249249000000000000e+06
2.805430119179285420e+00 6.060036914644735262e+00 1.251241000000000000e+06
2.811715118473283592e+00 6.026962749861153767e+00 1.260723000000000000e+06
2.817989334345457397e+00 5.993945332691882122e+00 1.257637000000000000e+06
2.824269232441467103e+00 5.960898003669774070e+00 1.274037000000000000e+06
2.830563075103315729e+00 5.927799441587448648e+00 1.275475000000000000e+06
2.836848813429708294e+00 5.895518949934703379e+00 1.281105000000000000e+06
2.843130086469376039e+00 5.863645510686579243e+00 1.285969000000000000e+06
2.849413958227453136e+00 5.831758876014290216e+00 1.292461000000000000e+06
2.855697532180278664e+00 5.799873762525772136e+00 1.298067000000000000e+06
2.861978850248864337e+00 5.768000095494713264e+00 1.302997000000000000e+06
2.868262533068496989e+00 5.736114424638513398e+00 1.309605000000000000e+06
2.874547416099068275e+00 5.704222657664190343e+00 1.315999000000000000e+06
2.880831174591305999e+00 5.672396663426623853e+00 1.319869000000000000e+06
2.887113279437215851e+00 5.642159513603804299e+00 1.327641000000000000e+06
2.893394569048360232e+00 5.612627905721727650e+00 1.330255000000000000e+06
2.899673726387354655e+00 5.583106307763699760e+00 1.338453000000000000e+06
2.905954021090237038e+00 5.553579395378537065e+00 1.342849000000000000e+06
2.912241182269578843e+00 5.524020161700748055e+00 1.352361000000000000e+06
2.918526058974273418e+00 5.494471677798323128e+00 1.354147000000000000e+06
2.924809097082689213e+00 5.464931843116779042e+00 1.362613000000000000e+06
2.931095983635962909e+00 5.435383946798098442e+00 1.368069000000000000e+06
2.937378245530036125e+00 5.406729853637238570e+00 1.372087000000000000e+06
2.943660031210097561e+00 5.378640838752479780e+00 1.379481000000000000e+06
2.949946518919881466e+00 5.350530802092909433e+00 1.386229000000000000e+06
2.956227718241893676e+00 5.322444408971736429e+00 1.388517000000000000e+06
2.962510546714387516e+00 5.294350730360020130e+00 1.399267000000000000e+06
2.968796596523099129e+00 5.266242647383664988e+00 1.401733000000000000e+06
2.975077721900432515e+00 5.238156592600189398e+00 1.408377000000000000e+06
2.981359927244304320e+00 5.210065694781102152e+00 1.414855000000000000e+06
2.987646820670367465e+00 5.182594186950748139e+00 1.421757000000000000e+06
2.993929101123868453e+00 5.156195167114357325e+00 1.425493000000000000e+06
3.000206276886535406e+00 5.129833046237108896e+00 1.430859000000000000e+06
3.006486239034605212e+00 5.103459194126534371e+00 1.438525000000000000e+06
3.012769879570174059e+00 5.077069948696567359e+00 1.445293000000000000e+06
3.019053210639523588e+00 5.050681986698041470e+00 1.449561000000000000e+06
3.025337452591450926e+00 5.024290186348067344e+00 1.458919000000000000e+06
3.031623803940588058e+00 4.997889530365746680e+00 1.461273000000000000e+06
3.037909031772950019e+00 4.971673696877854987e+00 1.471645000000000000e+06
3.044195133629906014e+00 4.946681516522066779e+00 1.473643000000000000e+06
3.050475616239108234e+00 4.921943740797231293e+00 1.480653000000000000e+06
3.056755022708220526e+00 4.897210206644932562e+00 1.485901000000000000e+06
3.063040606532740462e+00 4.872452333868797503e+00 1.495089000000000000e+06
3.069323763138021466e+00 4.847704021685825815e+00 1.498099000000000000e+06
3.075610766610869629e+00 4.822940560439871405e+00 1.508373000000000000e+06
3.081893869363402594e+00 4.798192470652783648e+00 1.508617000000000000e+06
3.088174616923589078e+00 4.773453645956773350e+00 1.519927000000000000e+06
3.094458703431333557e+00 4.749203936498603618e+00 1.522125000000000000e+06
3.100744051441370885e+00 4.725625538311674312e+00 1.533337000000000000e+06
3.107028178643414407e+00 4.702055161909119541e+00 1.533597000000000000e+06
3.113309368712601000e+00 4.678495805653446027e+00 1.544503000000000000e+06
3.119590738250844986e+00 4.654935764432194922e+00 1.546305000000000000e+06
3.125874073938257336e+00 4.631368352511997522e+00 1.557601000000000000e+06
3.132159317663777198e+00 4.607793786833585870e+00 1.559959000000000000e+06
3.138439243763281095e+00 4.584239171950431846e+00 1.567305000000000000e+06
3.144723936107064688e+00 4.560711759911769470e+00 1.575241000000000000e+06
3.151004019145131618e+00 4.538397303098044233e+00 1.577367000000000000e+06
3.157283728541840251e+00 4.516617529786438823e+00 1.587385000000000000e+06
3.163569387492706220e+00 4.494817118208190188e+00 1.593597000000000000e+06
3.169851727185959867e+00 4.473028225683250980e+00 1.597477000000000000e+06
3.176137773236122452e+00 4.451226481333371510e+00 1.609027000000000000e+06
3.182420991719721481e+00 4.429434536156360736e+00 1.608405000000000000e+06
3.188702878528683282e+00 4.407647212733738051e+00 1.621081000000000000e+06
3.194990591398839452e+00 4.385839683345444051e+00 1.624239000000000000e+06
3.201275397142142154e+00 4.364094751623233570e+00 1.631845000000000000e+06
3.207551426058801614e+00 4.342928195253052515e+00 1.633729000000000000e+06
3.213835290608375583e+00 4.321881796780428608e+00 1.647165000000000000e+06
3.220122662964277183e+00 4.300823642379508094e+00 1.649563000000000000e+06
3.226406812265333546e+00 4.279776265189901174e+00 1.657917000000000000e+06
3.232687851181684113e+00 4.258739321239310094e+00 1.660981000000000000e+06
3.238969729891059579e+00 4.237699561272521898e+00 1.671483000000000000e+06
3.245255350695151364e+00 4.216647268910421964e+00 1.674985000000000000e+06
3.251535085779485801e+00 4.195614684464808342e+00 1.682569000000000000e+06
3.257818074422973442e+00 4.174696428569406592e+00 1.688943000000000000e+06
3.264102290995562594e+00 4.155138419785020965e+00 1.696609000000000000e+06
3.270384365691673345e+00 4.135960460858825627e+00 1.700637000000000000e+06
3.276669733423136943e+00 4.116772410479101474e+00 1.711225000000000000e+06
3.282955023329985345e+00 4.097584629347493568e+00 1.714695000000000000e+06
3.289237477063190251e+00 4.078405500753294888e+00 1.721701000000000000e+06
3.295520162439550482e+00 4.059225672520580197e+00 1.728469000000000000e+06
3.301806826058781397e+00 4.040033689246902426e+00 1.737123000000000000e+06
3.308088288460554693e+00 4.020857588167223717e+00 1.738741000000000000e+06
3.314368333718073600e+00 4.001693707036333869e+00 1.749657000000000000e+06
3.320652514081437801e+00 3.982776708209807115e+00 1.753813000000000000e+06
3.326931865666879151e+00 3.963999750598986349e+00 1.760811000000000000e+06
3.333217230260402619e+00 3.945204813951178391e+00 1.770385000000000000e+06
3.339505355687097499e+00 3.926401619109399110e+00 1.775317000000000000e+06
3.345788106449184784e+00 3.907614496498754697e+00 1.781499000000000000e+06
3.352072289476326628e+00 3.888823092154928940e+00 1.788481000000000000e+06
3.358351786654528937e+00 3.870045696868687379e+00 1.793133000000000000e+06
3.364630974381010553e+00 3.851269233163484351e+00 1.801177000000000000e+06
3.370917172134333395e+00 3.832471801887259222e+00 1.810735000000000000e+06
3.377199727501117188e+00 3.814411604875436623e+00 1.813017000000000000e+06
3.383485084668530263e+00 3.797513199665500050e+00 1.824913000000000000e+06
3.389771516416634878e+00 3.780627545783663113e+00 1.828407000000000000e+06
3.396052413034624795e+00 3.763756763980011577e+00 1.833949000000000000e+06
3.402332020639469157e+00 3.746889446907554877e+00 1.842453000000000000e+06
3.408610953726119330e+00 3.730023936165480336e+00 1.846159000000000000e+06
3.414897504104891013e+00 3.713137967632668790e+00 1.860853000000000000e+06
3.421180896416743611e+00 3.696260485557421926e+00 1.858677000000000000e+06
3.427463557603524169e+00 3.679384958305169206e+00 1.872913000000000000e+06
3.433751076992115792e+00 3.662513086639274107e+00 1.876227000000000000e+06
3.440033705170868039e+00 3.645825472343545481e+00 1.883137000000000000e+06
3.446314675023550489e+00 3.629187172075568846e+00 1.889541000000000000e+06
3.452601747428344137e+00 3.612532706146379891e+00 1.900279000000000000e+06
3.458885091657208033e+00 3.595888122651844654e+00 1.900741000000000000e+06
3.465165456911500019e+00 3.579251415986757667e+00 1.913049000000000000e+06
3.471450265713825090e+00 3.562602950410394431e+00 1.916881000000000000e+06
3.477735428834919595e+00 3.545953538845822539e+00 1.927167000000000000e+06
3.484020525440195470e+00 3.529304305729154656e+00 1.930813000000000000e+06
3.490298514647378614e+00 3.512673901336159421e+00 1.936537000000000000e+06
3.496584149140331110e+00 3.496455978990685054e+00 1.950111000000000000e+06
3.502869800760660901e+00 3.481414167210200805e+00 1.949857000000000000e+06
3.509147235442274138e+00 3.466458855992514021e+00 1.959309000000000000e+06
3.515429374085177194e+00 3.451492336119158288e+00 1.966711000000000000e+06
3.521711098491912217e+00 3.436526800831299244e+00 1.973025000000000000e+06
3.527992464516184423e+00 3.421562116593109160e+00 1.981141000000000000e+06
3.534278285380834550e+00 3.406586823927640673e+00 1.988917000000000000e+06
3.540565941936433703e+00 3.391607159176133646e+00 1.997511000000000000e+06
3.546847474797491184e+00 3.376642078744739983e+00 1.998517000000000000e+06
3.553133228599673288e+00 3.361666948548190703e+00 2.014617000000000000e+06
3.559419469495084698e+00 3.346813787287753250e+00 2.013211000000000000e+06
3.565698734013703408e+00 3.332165046590904733e+00 2.023773000000000000e+06
3.571981065019049773e+00 3.317511135383662157e+00 2.030413000000000000e+06
3.578268216457729523e+00 3.302845979896715800e+00 2.040181000000000000e+06
3.584550470509852094e+00 3.288192252149306771e+00 2.042535000000000000e+06
3.590828673591706544e+00 3.273547961249358984e+00 2.050873000000000000e+06
3.597109107700428243e+00 3.258898480271541498e+00 2.058885000000000000e+06
3.603394733114871240e+00 3.244236884646823249e+00 2.068867000000000000e+06
3.609675885779423332e+00 3.229585721621799355e+00 2.069793000000000000e+06
3.615957480583990691e+00 3.214933528018401709e+00 2.084209000000000000e+06
3.622243106788453737e+00 3.200774206828367774e+00 2.086057000000000000e+06
3.628522080141253436e+00 3.187415954847022448e+00 2.095215000000000000e+06
3.634806558155559308e+00 3.174055245148835080e+00 2.103877000000000000e+06
3.641095413230732269e+00 3.160685229678284358e+00 2.112369000000000000e+06
3.647383076937616320e+00 3.147317746228694535e+00 2.118163000000000000e+06
3.653664885959395203e+00 3.133962712099393588e+00 2.122645000000000000e+06
3.659946654017739665e+00 3.120607766163964403e+00 2.133201000000000000e+06
3.666233887415311088e+00 3.107241193307999083e+00 2.140723000000000000e+06
3.672516271657691345e+00 3.093884936545928888e+00 2.144013000000000000e+06
3.678797006581282059e+00 3.080532183922670253e+00 2.155381000000000000e+06
3.685080895147973212e+00 3.067284146197932770e+00 2.160057000000000000e+06
3.691361622238872986e+00 3.054367795231138771e+00 2.168347000000000000e+06
3.697645362889450560e+00 3.041466030770606288e+00 2.176741000000000000e+06
3.703928278908183103e+00 3.028565957316160073e+00 2.182413000000000000e+06
3.710210582537289969e+00 3.015667145689726159e+00 2.191699000000000000e+06
3.716496382825223765e+00 3.002761147430029087e+00 2.198781000000000000e+06
3.722776577925123842e+00 2.989866662578973600e+00 2.203573000000000000e+06
3.729060500858559557e+00 2.976964520545788417e+00 2.215545000000000000e+06
3.735344225068066848e+00 2.964062788203650545e+00 2.218903000000000000e+06
3.741626286405683732e+00 2.951164471260376398e+00 2.229301000000000000e+06
3.747907918076426981e+00 2.938322214197595983e+00 2.232849000000000000e+06
3.754191400954483004e+00 2.926186571169597794e+00 2.246503000000000000e+06
3.760479403309136437e+00 2.914259058555817905e+00 2.250333000000000000e+06
3.766759232591597062e+00 2.902347048777928151e+00 2.256517000000000000e+06
3.773036971131844997e+00 2.890439002042899386e+00 2.257647000000000000e+06
3.779324580820333956e+00 2.878512233525862829e+00 2.261584000000000000e+06
3.785609690904560676e+00 2.866590206957804643e+00 2.248744000000000000e+06
3.791892061973138883e+00 2.854673380975900621e+00 2.251626000000000000e+06
3.798177313941433209e+00 2.842751087613985206e+00 2.243602000000000000e+06
3.804459541150642998e+00 2.830834520778659602e+00 2.240694000000000000e+06
3.810740699393939224e+00 2.818919991809833103e+00 2.235886000000000000e+06
3.817024291784277601e+00 2.807177805227321521e+00 2.234416000000000000e+06
3.823308353352988576e+00 2.795812134746447519e+00 2.228166000000000000e+06
3.829590045077324145e+00 2.784463283369761566e+00 2.224552000000000000e+06
3.835872183548974856e+00 2.773113634737613076e+00 2.220582000000000000e+06
3.842159839362672358e+00 2.761754017306506270e+00 2.221030000000000000e+06
3.848444579542536825e+00 2.750399661383104544e+00 2.209746000000000000e+06
3.854724686457089877e+00 2.739053678878613951e+00 2.209360000000000000e+06
3.861007427915322587e+00 2.727702939034476692e+00 2.204026000000000000e+06
3.867288463683216548e+00 2.716355277099526955e+00 2.199414000000000000e+06
3.873570956408624699e+00 2.705004988742019556e+00 2.197252000000000000e+06
3.879853785717761294e+00 2.693655300417119758e+00 2.190696000000000000e+06
3.886138863802459653e+00 2.682700364732979903e+00 2.190496000000000000e+06
3.892422312593451394e+00 2.672067613179444301e+00 2.181948000000000000e+06
3.898705823526684267e+00 2.661434757666818918e+00 2.180632000000000000e+06
3.904991106570325776e+00 2.650798897229206030e+00 2.175874000000000000e+06
3.911271999327227356e+00 2.640170471781921879e+00 2.167692000000000000e+06
3.917554826925048861e+00 2.629538768790252057e+00 2.169904000000000000e+06
3.923841069224317302e+00 2.618901287175073644e+00 2.160570000000000000e+06
3.930124562478136241e+00 2.608268465050643581e+00 2.158828000000000000e+06
3.936402427492438516e+00 2.597645160169668177e+00 2.149122000000000000e+06
3.942686825700089770e+00 2.587010798483265539e+00 2.153122000000000000e+06
3.948974970075749269e+00 2.576376136223131219e+00 2.143678000000000000e+06
3.955260428048017474e+00 2.566146408355374664e+00 2.141886000000000000e+06
3.961540565279101589e+00 2.556166322651490130e+00 2.131222000000000000e+06
3.967822870090167875e+00 2.546182788948593956e+00 2.134182000000000000e+06
3.974109415469140316e+00 2.536192518291820353e+00 2.124592000000000000e+06
3.980389200471228239e+00 2.526212991910362415e+00 2.121496000000000000e+06
3.986669378137031927e+00 2.516232838492439949e+00 2.114574000000000000e+06
3.992953153727603954e+00 2.506246969290705451e+00 2.114950000000000000e+06
3.999237688768542132e+00 2.496259893415815334e+00 2.106072000000000000e+06
4.005520669869395256e+00 2.486275288217089763e+00 2.104168000000000000e+06
4.011800513802258550e+00 2.476295666709267262e+00 2.095014000000000000e+06
4.018084103173476862e+00 2.466310219601308695e+00 2.096440000000000000e+06
4.024369047401084920e+00 2.456584095173913962e+00 2.086900000000000000e+06
4.030648702925354598e+00 2.447105857266953954e+00 2.083662000000000000e+06
4.036930992958478015e+00 2.437623646428418667e+00 2.078380000000000000e+06
4.043218071914653322e+00 2.428134203697371873e+00 2.077494000000000000e+06
4.049505046839214195e+00 2.418644921050260521e+00 2.068156000000000000e+06
4.055786093651023272e+00 2.409164583734181075e+00 2.064666000000000000e+06
4.062065797033734604e+00 2.399686273986603169e+00 2.056972000000000000e+06
4.068351472421418258e+00 2.390198951471760758e+00 2.058046000000000000e+06
4.074634163438767054e+00 2.380716134439170961e+00 2.046348000000000000e+06
4.080915619904161851e+00 2.371235180336399129e+00 2.046142000000000000e+06
4.087204289547438307e+00 2.361743335271946354e+00 2.042148000000000000e+06
4.093489318789274023e+00 2.352435024435524991e+00 2.032336000000000000e+06
4.099769172714879062e+00 2.343630808809737953e+00 2.029720000000000000e+06
4.106050606480104115e+00 2.334853529195455302e+00 2.023116000000000000e+06
4.112334518548570017e+00 2.326072786792798830e+00 2.020312000000000000e+06
4.118620506801017100e+00 2.317289148039956448e+00 2.015190000000000000e+06
4.124900209184759525e+00 2.308514291746998737e+00 2.004790000000000000e+06
4.131178772216225425e+00 2.299741028825568190e+00 2.005320000000000000e+06
4.137465651390908938e+00 2.290956142501590964e+00 1.998946000000000000e+06
4.143751729249618876e+00 2.282172375713130030e+00 1.994302000000000000e+06
4.150034936172071198e+00 2.273392619004568349e+00 1.986876000000000000e+06
4.156316952236912776e+00 2.264614532677889702e+00 1.982668000000000000e+06
4.162599664723678039e+00 2.255841874213158516e+00 1.977210000000000000e+06
4.168886221418997451e+00 2.247276490238176105e+00 1.973662000000000000e+06
4.175167755975830453e+00 2.238820993628691802e+00 1.964004000000000000e+06
4.181450311347239435e+00 2.230364120606872280e+00 1.963114000000000000e+06
4.187737932780270178e+00 2.221900429856995984e+00 1.956370000000000000e+06
4.194019198486672373e+00 2.213445290563758050e+00 1.948560000000000000e+06
4.200297227213930285e+00 2.204994511866526175e+00 1.943050000000000000e+06
4.206580254131173646e+00 2.196537005573201196e+00 1.940856000000000000e+06
4.212862421355453080e+00 2.188080652871987386e+00 1.931710000000000000e+06
4.219145845787571680e+00 2.179622613000497200e+00 1.930032000000000000e+06
4.225433121491076527e+00 2.171159392528881682e+00 1.923592000000000000e+06
4.231716058016358417e+00 2.162701999351062554e+00 1.915300000000000000e+06
4.237995779120032225e+00 2.154335938405857576e+00 1.911312000000000000e+06
4.244278153218406402e+00 2.146521439283701316e+00 1.905214000000000000e+06
4.250564954056455846e+00 2.138799836810284738e+00 1.902462000000000000e+06
4.256849775801052616e+00 2.131080665580591393e+00 1.893274000000000000e+06
4.263130927149427762e+00 2.123365996554319679e+00 1.887808000000000000e+06
4.269411842834864856e+00 2.115651627305544569e+00 1.882956000000000000e+06
4.275694124756659775e+00 2.107935573237904592e+00 1.875682000000000000e+06
4.281977755264027685e+00 2.100217866425066138e+00 1.873374000000000000e+06
4.288262256566300223e+00 2.092499081033234010e+00 1.863970000000000000e+06
4.294547506982092422e+00 2.084779386009639524e+00 1.861878000000000000e+06
4.300829814253217087e+00 2.077063303039608400e+00 1.851424000000000000e+06
4.307112935993297143e+00 2.069346218344239929e+00 1.849270000000000000e+06
4.313395895360453203e+00 2.061657250951124176e+00 1.840890000000000000e+06
4.319678031527764084e+00 2.054100171651333628e+00 1.835758000000000000e+06
4.325959539872076043e+00 2.046560525479651726e+00 1.829064000000000000e+06
4.332245069070710386e+00 2.039016051996002332e+00 1.826434000000000000e+06
4.338532059785155326e+00 2.031469821725244707e+00 1.817082000000000000e+06
4.344814178180569364e+00 2.023929440497760801e+00 1.812352000000000000e+06
4.351096190523207063e+00 2.016389186743628770e+00 1.804138000000000000e+06
4.357380223019157839e+00 2.008846506352606642e+00 1.801926000000000000e+06
4.363666946958309367e+00 2.001300602042142440e+00 1.793278000000000000e+06
4.369949956291093507e+00 1.993759148321823771e+00 1.787004000000000000e+06
4.376228048273009819e+00 1.986223602673115485e+00 1.778902000000000000e+06
4.382506941165246417e+00 1.978687092475503118e+00 1.774662000000000000e+06
4.388793478500106815e+00 1.971212401441368112e+00 1.770784000000000000e+06
4.395077144772248978e+00 1.964308003116297385e+00 1.760806000000000000e+06
4.401357697972775540e+00 1.957530045985831801e+00 1.755966000000000000e+06
4.407640388301480527e+00 1.950749782525518228e+00 1.750420000000000000e+06
4.413924155568630603e+00 1.943968354428610379e+00 1.742586000000000000e+06
4.420210932854294228e+00 1.937183680092425808e+00 1.740466000000000000e+06
4.426491482628479801e+00 1.930405725195600830e+00 1.725988000000000000e+06
4.432774054863319435e+00 1.923625587186551522e+00 1.728702000000000000e+06
4.439057910091944059e+00 1.916844065899258043e+00 1.714204000000000000e+06
4.445341389335003335e+00 1.910062948423333795e+00 1.714704000000000000e+06
4.451627588593451534e+00 1.903278899250640865e+00 1.704322000000000000e+06
4.457912366552361227e+00 1.896496380960593697e+00 1.699320000000000000e+06
4.464197750763985617e+00 1.889713559216695149e+00 1.692646000000000000e+06
4.470478854063828500e+00 1.882990671385560866e+00 1.683382000000000000e+06
4.476759406883448200e+00 1.876308363708353077e+00 1.679472000000000000e+06
4.483046145368712487e+00 1.869619475073182713e+00 1.673638000000000000e+06
4.489331174447989348e+00 1.862932405777406819e+00 1.664346000000000000e+06
4.495610744313181861e+00 1.856251143030631656e+00 1.658962000000000000e+06
4.501888853392881806e+00 1.849571434857241625e+00 1.649142000000000000e+06
4.508170535113835697e+00 1.842887926257748887e+00 1.647772000000000000e+06
4.514456837755600027e+00 1.836199501654928179e+00 1.638190000000000000e+06
4.520738544024334615e+00 1.829515966228079105e+00 1.631610000000000000e+06
4.527020905032332898e+00 1.822831734291091799e+00 1.625734000000000000e+06
4.533306183032937753e+00 1.816144399951240995e+00 1.618356000000000000e+06
4.539587796032527045e+00 1.809460965217011053e+00 1.611070000000000000e+06
4.545870518960031248e+00 1.802869519693286904e+00 1.605178000000000000e+06
4.552154564509410584e+00 1.796795025120035083e+00 1.597482000000000000e+06
4.558442448400234603e+00 1.790796694544038781e+00 1.593850000000000000e+06
4.564725544886607977e+00 1.784802929038317387e+00 1.580700000000000000e+06
4.571005305073856384e+00 1.778812347213899692e+00 1.578970000000000000e+06
4.577289838024750424e+00 1.772817211526243053e+00 1.568712000000000000e+06
4.583573547722926023e+00 1.766822859978807836e+00 1.564024000000000000e+06
4.589856555014695694e+00 1.760829180036611152e+00 1.555594000000000000e+06
4.596137353496863476e+00 1.754837607238732389e+00 1.547604000000000000e+06
4.602422483760170380e+00 1.748841902651937286e+00 1.544536000000000000e+06
4.608709827442825535e+00 1.742844086586527785e+00 1.533642000000000000e+06
4.614991289575026912e+00 1.736851879145441480e+00 1.527916000000000000e+06
4.621272593638744652e+00 1.730859824536468583e+00 1.519584000000000000e+06
4.627556127331199143e+00 1.724896610236775096e+00 1.513498000000000000e+06
4.633839563718086474e+00 1.719013583259563882e+00 1.506418000000000000e+06
4.640119062259785210e+00 1.713138310361151495e+00 1.496202000000000000e+06
4.646400604092805864e+00 1.707261127008489865e+00 1.493776000000000000e+06
4.652688221641351873e+00 1.701378258774439933e+00 1.483836000000000000e+06
4.658974026467339158e+00 1.695497085516755931e+00 1.478188000000000000e+06
4.665253447019598987e+00 1.689621887489983987e+00 1.467252000000000000e+06
4.671534271543701600e+00 1.683745375066272532e+00 1.462816000000000000e+06
4.677820053302886194e+00 1.677864224929259462e+00 1.455730000000000000e+06
4.684104602178839727e+00 1.671984225651196310e+00 1.446948000000000000e+06
4.690385550725416408e+00 1.666107598091518094e+00 1.439494000000000000e+06
4.696670237754271504e+00 1.660227471888019224e+00 1.433862000000000000e+06
4.702955952534767725e+00 1.654346383391376296e+00 1.424206000000000000e+06
4.709236443460580013e+00 1.648609392380803840e+00 1.417702000000000000e+06
4.715517855780809064e+00 1.643247520354012003e+00 1.408656000000000000e+06
4.721801589840906921e+00 1.637904693187049343e+00 1.404046000000000000e+06
4.728084863561102580e+00 1.632562258557002322e+00 1.393218000000000000e+06
4.734367403089022375e+00 1.627220448040913370e+00 1.388284000000000000e+06
4.740650632800896602e+00 1.621878049614985162e+00 1.378956000000000000e+06
4.746933372481143110e+00 1.616536066241841763e+00 1.371526000000000000e+06
4.753215042442050731e+00 1.611194996130514534e+00 1.364500000000000000e+06
4.759494670521858595e+00 1.605855659916721301e+00 1.354530000000000000e+06
4.765780472289058878e+00 1.600511075433636465e+00 1.351558000000000000e+06
4.772069246989768310e+00 1.595163961748148784e+00 1.341000000000000000e+06
4.778351037405353274e+00 1.589822786647390407e+00 1.331896000000000000e+06
4.784635097163741690e+00 1.584479682854707638e+00 1.327758000000000000e+06
4.790920697667634620e+00 1.579155145342487909e+00 1.315648000000000000e+06
4.797203987945950487e+00 1.573963410657913009e+00 1.311586000000000000e+06
4.803486029328326801e+00 1.568796455029983550e+00 1.299714000000000000e+06
4.809770008617790360e+00 1.563627910035143787e+00 1.295740000000000000e+06
4.816056202342012149e+00 1.558457541604513885e+00 1.285614000000000000e+06
4.822335283479661783e+00 1.553293023957228680e+00 1.276144000000000000e+06
4.828611881361839053e+00 1.548130548669354400e+00 1.269570000000000000e+06
4.834894930492216858e+00 1.542962766105762995e+00 1.262044000000000000e+06
4.841181848210013072e+00 1.537791801816565274e+00 1.254988000000000000e+06
4.847463167969389808e+00 1.532625441260413224e+00 1.244388000000000000e+06
4.853747178515076754e+00 1.527456869187116206e+00 1.239112000000000000e+06
4.860036267863899084e+00 1.522284118872217817e+00 1.230918000000000000e+06
4.866316939094457616e+00 1.517118291984306921e+00 1.218832000000000000e+06
4.872599495404340786e+00 1.511950916568748582e+00 1.215862000000000000e+06
4.878884930295136257e+00 1.506984831324085006e+00 1.203636000000000000e+06
4.885166423330927543e+00 1.502225109059035280e+00 1.197100000000000000e+06
4.891448960984424943e+00 1.497464596390026159e+00 1.188720000000000000e+06
4.897729754574929650e+00 1.492705404557448379e+00 1.179016000000000000e+06
4.904015556607934201e+00 1.487942418843400505e+00 1.174710000000000000e+06
4.910299327194730168e+00 1.483180969412613459e+00 1.161298000000000000e+06
4.916578592089801525e+00 1.478422936994810755e+00 1.156036000000000000e+06
4.922864794412823208e+00 1.473659646268197898e+00 1.148214000000000000e+06
4.929145966682947133e+00 1.468900167751753472e+00 1.136128000000000000e+06
4.935429526484935714e+00 1.464138880216546701e+00 1.133250000000000000e+06
4.941713645398544408e+00 1.459377168136542613e+00 1.118968000000000000e+06
4.947993107250694855e+00 1.454618984726408160e+00 1.114854000000000000e+06
4.954278912669360047e+00 1.449855995272730569e+00 1.104454000000000000e+06
4.960565700730146688e+00 1.445101293655992380e+00 1.097242000000000000e+06
4.966844850090552654e+00 1.440506666796995017e+00 1.086252000000000000e+06
4.973125153803765741e+00 1.435967244284090283e+00 1.079206000000000000e+06
4.979410494587371616e+00 1.431424179600117252e+00 1.071498000000000000e+06
4.985695629423863018e+00 1.426881264736526544e+00 1.061752000000000000e+06
4.991977447254736688e+00 1.422340746365345465e+00 1.052826000000000000e+06
4.998261439734915434e+00 1.417798657678940533e+00 1.046026000000000000e+06
5.004546067079403748e+00 1.413256108573534453e+00 1.034254000000000000e+06
5.010828118303679801e+00 1.408715423260864519e+00 1.029126000000000000e+06
5.017104789922044006e+00 1.404178625663923041e+00 1.014592000000000000e+06
5.023389826991440543e+00 1.399635781328119943e+00 1.013772000000000000e+06
5.029679147272736017e+00 1.395089840495791877e+00 9.993100000000000000e+05
5.035956736274738610e+00 1.390552380347773953e+00 9.914080000000000000e+05
5.042238978970454255e+00 1.386011554486356934e+00 9.843000000000000000e+05
5.048525421527505941e+00 1.381483729504821456e+00 9.739120000000000000e+05
5.054810144483300682e+00 1.377172683867113667e+00 9.664740000000000000e+05
5.061096501270522907e+00 1.372928218136279632e+00 9.569020000000000000e+05
5.067378742957806104e+00 1.368686529971586907e+00 9.465420000000000000e+05
5.073658297123104788e+00 1.364446656774019884e+00 9.391000000000000000e+05
5.079939759004630240e+00 1.360205496168843897e+00 9.281020000000000000e+05
5.086223431246846616e+00 1.355962840390855240e+00 9.229140000000000000e+05
5.092505761642871498e+00 1.351721092832974369e+00 9.089500000000000000e+05
5.098792587586746805e+00 1.347476310128651100e+00 9.057480000000000000e+05
5.105077179779563323e+00 1.343233035849078938e+00 8.911240000000000000e+05
5.111351777381902828e+00 1.338996507780679801e+00 8.836320000000000000e+05
5.117636561141399199e+00 1.334753103739356073e+00 8.768080000000000000e+05
5.123921747090451895e+00 1.330509429996804327e+00 8.644060000000000000e+05
5.130202404103975766e+00 1.326268810921161556e+00 8.577540000000000000e+05
5.136486717628216070e+00 1.322027615348214447e+00 8.473060000000000000e+05
5.142773088721148689e+00 1.317938598582358845e+00 8.386800000000000000e+05
5.149057590972378584e+00 1.313948075692403128e+00 8.294800000000000000e+05
5.155334650816867814e+00 1.309962281632688352e+00 8.174560000000000000e+05
5.161619173094414315e+00 1.305971744794597766e+00 8.131380000000000000e+05
5.167906296138358613e+00 1.301979558819071237e+00 7.994620000000000000e+05
5.174189699887751459e+00 1.297989733628429843e+00 7.927380000000000000e+05
5.180474288719184806e+00 1.293999157539510225e+00 7.824400000000000000e+05
5.186758961358133746e+00 1.290008525954466023e+00 7.721820000000000000e+05
5.193039356126610606e+00 1.286020611038495298e+00 7.639660000000000000e+05
5.199317021141126816e+00 1.282034431501860361e+00 7.517860000000000000e+05
5.205599366100557290e+00 1.278045278785504557e+00 7.463520000000000000e+05
5.211884775250106294e+00 1.274054181330501967e+00 7.339000000000000000e+05
5.218168299571531499e+00 1.270064282430900748e+00 7.255980000000000000e+05
5.224449744840089060e+00 1.266075699510117669e+00 7.160680000000000000e+05
5.230726555695680347e+00 1.262136456665833961e+00 7.038660000000000000e+05
5.237013255806448164e+00 1.258343076621801337e+00 6.999700000000000000e+05
5.243306576029807431e+00 1.254557334994340412e+00 6.856420000000000000e+05
5.249585071784101054e+00 1.250780511275844775e+00 6.772560000000000000e+05
5.255866379352156059e+00 1.247001994277918024e+00 6.676000000000000000e+05
5.262152685364924309e+00 1.243220470912856035e+00 6.576720000000000000e+05
5.268431065049503204e+00 1.239443716002302853e+00 6.477220000000000000e+05
5.274705774719165241e+00 1.235669170409471773e+00 6.367800000000000000e+05
5.280990880809774524e+00 1.231888369528443716e+00 6.303040000000000000e+05
5.287280056723415278e+00 1.228105118768664239e+00 6.179980000000000000e+05
5.293563590739524649e+00 1.224325264303283589e+00 6.093840000000000000e+05
5.299846481420847688e+00 1.220545796682697137e+00 5.986720000000000000e+05
5.306131487683147796e+00 1.216765054548359926e+00 5.891820000000000000e+05
5.312415028706844566e+00 1.212985195165280139e+00 5.791600000000000000e+05
5.318692120204670637e+00 1.209209215763334511e+00 5.680120000000000000e+05
5.324976629372521586e+00 1.205554783323850909e+00 5.604960000000000000e+05
5.331267093588904160e+00 1.202046745805662065e+00 5.490850000000000000e+05
5.337550562445253277e+00 1.198542854192174545e+00 5.398890000000000000e+05
5.343829976242012947e+00 1.195041222756515920e+00 5.302990000000000000e+05
5.350114058138841777e+00 1.191536988215464499e+00 5.230860000000000000e+05
5.356399194302976952e+00 1.188032164641944499e+00 5.136070000000000000e+05
5.362681836060962048e+00 1.184528733798072109e+00 5.065570000000000000e+05
5.368962293024269528e+00 1.181026519427541333e+00 4.974660000000000000e+05
5.375245961895317670e+00 1.177522515487016364e+00 4.912660000000000000e+05
5.381536085001711101e+00 1.174014910514985521e+00 4.834380000000000000e+05
5.387813154141159799e+00 1.170514586319152839e+00 4.745230000000000000e+05
5.394091672850011676e+00 1.167013453989595995e+00 4.691040000000000000e+05
5.400382314722158128e+00 1.163505560892696078e+00 4.619320000000000000e+05
5.406664503414273071e+00 1.160002382361871476e+00 4.537630000000000000e+05
5.412937647890453619e+00 1.156504246138486014e+00 4.471770000000000000e+05
5.419218450076615845e+00 1.153068028215416874e+00 4.412680000000000000e+05
5.425509864441961483e+00 1.149696641794460739e+00 4.350210000000000000e+05
5.431795460680319820e+00 1.146328384598862549e+00 4.276240000000000000e+05
5.438068789377490830e+00 1.142966700338778452e+00 4.205970000000000000e+05
5.444353173513460931e+00 1.139599090732587028e+00 4.161250000000000000e+05
5.450647757586462028e+00 1.136226018556440343e+00 4.094500000000000000e+05
5.456926207426612940e+00 1.132861589573400884e+00 4.018290000000000000e+05
5.463203313294267005e+00 1.129497881961654571e+00 3.972490000000000000e+05
5.469490718976965482e+00 1.126128654681636254e+00 3.908700000000000000e+05
5.475775385445419197e+00 1.122760895793762259e+00 3.851860000000000000e+05
5.482055297270012062e+00 1.119395685769698945e+00 3.787930000000000000e+05
5.488344926379379984e+00 1.116025264991227006e+00 3.748620000000000000e+05
5.494630057051059779e+00 1.112657256763121216e+00 3.667060000000000000e+05
5.500905168338737106e+00 1.109294617490060419e+00 3.626340000000000000e+05
5.507184139095792297e+00 1.105929910294448426e+00 3.562780000000000000e+05
5.513465618694969983e+00 1.102645309866058909e+00 3.519300000000000000e+05
5.519755159350468787e+00 1.099557084037185106e+00 3.463060000000000000e+05
5.526038946600535517e+00 1.096480903138762342e+00 3.408220000000000000e+05
5.532311359351086644e+00 1.093410288582502110e+00 3.347190000000000000e+05
5.538594006630226829e+00 1.090334666964679844e+00 3.314140000000000000e+05
5.544889364304908419e+00 1.087252820348287408e+00 3.257700000000000000e+05
5.551170345875367396e+00 1.084178011691032895e+00 3.199750000000000000e+05
5.557444519639743064e+00 1.081106536786132111e+00 3.152820000000000000e+05
5.563732833609551953e+00 1.078028140321129147e+00 3.112090000000000000e+05
5.570022288640361197e+00 1.074949183061942648e+00 3.057700000000000000e+05
5.576296741694337200e+00 1.071877570807410418e+00 3.003270000000000000e+05
5.582577145320577472e+00 1.068803045514157946e+00 2.968660000000000000e+05
5.588875933100839077e+00 1.065719521297286532e+00 2.923830000000000000e+05
5.595158583863027779e+00 1.062643895473477595e+00 2.862670000000000000e+05
5.601428669553884632e+00 1.059574421053776527e+00 2.822940000000000000e+05
5.607714990865613203e+00 1.056499281753485731e+00 2.784790000000000000e+05
5.614008597284460222e+00 1.053473342168557148e+00 2.738950000000000000e+05
5.620282656021774237e+00 1.050478753201116389e+00 2.681670000000000000e+05
5.626558581750705557e+00 1.047483272602599547e+00 2.653990000000000000e+05
5.632857267067254092e+00 1.044476926413683948e+00 2.612310000000000000e+05
5.639143849282652887e+00 1.041476366058820879e+00 2.559070000000000000e+05
5.645422801789928613e+00 1.038479435941254803e+00 2.523070000000000000e+05
5.651705025504325519e+00 1.035480950949053236e+00 2.479230000000000000e+05
5.657993762263756388e+00 1.032479355719384984e+00 2.443150000000000000e+05
5.664285253194270453e+00 1.029476445740615809e+00 2.401110000000000000e+05
5.670556590206389913e+00 1.026483153034186691e+00 2.348710000000000000e+05
5.676835202040352968e+00 1.023486391563342313e+00 2.327190000000000000e+05
5.683131948771336539e+00 1.020480974390470807e+00 2.281510000000000000e+05
5.689419402826403349e+00 1.017479990478668439e+00 2.243590000000000000e+05
5.695689229961690359e+00 1.014487420378991978e+00 2.194770000000000000e+05
5.701968798512614178e+00 1.011490202063655586e+00 2.172550000000000000e+05
5.708269141608673714e+00 1.008516133576830676e+00 2.133030000000000000e+05
5.714549769248566946e+00 1.005775592325906853e+00 2.086840000000000000e+05
5.720816452370871552e+00 1.003083313683688749e+00 2.052270000000000000e+05
5.727110955680443816e+00 1.000379082989638846e+00 2.029630000000000000e+05
5.733405809487862825e+00 9.976747027477825824e-01 1.981120000000000000e+05
5.739677351650798620e+00 9.949803365870519833e-01 1.946310000000000000e+05
5.745951504767863760e+00 9.922848489382333215e-01 1.913590000000000000e+05
5.752251738326229713e+00 9.895781565927079804e-01 1.889790000000000000e+05
5.758539164557565648e+00 9.868769667975421100e-01 1.839400000000000000e+05
5.764798552821542188e+00 9.841878217741608648e-01 1.807630000000000000e+05
5.771082224055749776e+00 9.814882453106981153e-01 1.785840000000000000e+05
5.777379936444204667e+00 9.787826363524875228e-01 1.748110000000000000e+05
5.783657046599679497e+00 9.760858778361655164e-01 1.710870000000000000e+05
5.789929916186745018e+00 9.733909416442083629e-01 1.683160000000000000e+05
5.796221950963357905e+00 9.706877713929779050e-01 1.655130000000000000e+05
5.802508483370691472e+00 9.679869666788440963e-01 1.617760000000000000e+05
5.808787618245536244e+00 9.652926085007906831e-01 1.590430000000000000e+05
5.815068155175959319e+00 9.626264910503768979e-01 1.558200000000000000e+05
5.821352069812554042e+00 9.599657387953695054e-01 1.529230000000000000e+05
5.827641478650871676e+00 9.573026593807608675e-01 1.501320000000000000e+05
5.833921072619059345e+00 9.546437361687604151e-01 1.467190000000000000e+05
5.840198783685696782e+00 9.519856104526689400e-01 1.442520000000000000e+05
5.846494164294757212e+00 9.493200028295400994e-01 1.414990000000000000e+05
5.852784308668968372e+00 9.466566129739173441e-01 1.384360000000000000e+05
5.859041664429921248e+00 9.440071058185114383e-01 1.346160000000000000e+05
5.865315713714365664e+00 9.413505302688842669e-01 1.335070000000000000e+05
5.871624642072577949e+00 9.386791856026339698e-01 1.304280000000000000e+05
5.877911738147732379e+00 9.360170864732538787e-01 1.273330000000000000e+05
5.884173167770694768e+00 9.333658544712744032e-01 1.242600000000000000e+05
5.890459140547212868e+00 9.307042305872031962e-01 1.227160000000000000e+05
5.896761767495942053e+00 9.280355555683261759e-01 1.197190000000000000e+05
5.903033785116927668e+00 9.253798397580127455e-01 1.165440000000000000e+05
5.909303360764248225e+00 9.227258001603281246e-01 1.146520000000000000e+05
5.915616456081485453e+00 9.202129483755584483e-01 1.128030000000000000e+05
5.921905101440239072e+00 9.178326346748048037e-01 1.089040000000000000e+05
5.928152243303753899e+00 9.154680296488185709e-01 1.066960000000000000e+05
5.934427792680313729e+00 9.130926725746059125e-01 1.050360000000000000e+05
5.940747485670342165e+00 9.107006071654785151e-01 1.031230000000000000e+05
5.947044119968581732e+00 9.083172689203090622e-01 9.973200000000000000e+04
5.953285452510387543e+00 9.059548636023295742e-01 9.691000000000000000e+04
5.959571090316131858e+00 9.035756877770256823e-01 9.640800000000000000e+04
5.965883963942300916e+00 9.011862035240283397e-01 9.309100000000000000e+04
5.972153662354505954e+00 8.988130600464968589e-01 9.084400000000000000e+04
5.978411943354505098e+00 8.964442384668701580e-01 8.854800000000000000e+04
5.984716221620693055e+00 8.940580089864276214e-01 8.749600000000000000e+04
5.991034023314097290e+00 8.916666581759656873e-01 8.469900000000000000e+04
5.997289265880949571e+00 8.892989880443407102e-01 8.177200000000000000e+04
6.003548611769173426e+00 8.869297641281033151e-01 8.076000000000000000e+04
6.009861210783130403e+00 8.845403833827450990e-01 7.872400000000000000e+04
6.016158858041103841e+00 8.821607195710154947e-01 7.645600000000000000e+04
6.022396420412730933e+00 8.798344323133198142e-01 7.350600000000000000e+04
6.028659661273987780e+00 8.775050762176709318e-01 7.312000000000000000e+04
6.034988423987490691e+00 8.751513519656699547e-01 7.094700000000000000e+04
6.041276481915794250e+00 8.728127653920373374e-01 6.854800000000000000e+04
6.047523611591430814e+00 8.704894000018595923e-01 6.649200000000000000e+04
6.053823192873231562e+00 8.681465297074398846e-01 6.575200000000000000e+04
6.060147356803241792e+00 8.657945150735291140e-01 6.331600000000000000e+04
6.066401303882415164e+00 8.634686149857743187e-01 6.094800000000000000e+04
6.072635118487314188e+00 8.611502025549322425e-01 5.957200000000000000e+04
6.078957357261707273e+00 8.587989040857282319e-01 5.883600000000000000e+04
6.085291088269775273e+00 8.564433326878148067e-01 5.641600000000000000e+04
6.091530132482718685e+00 8.541229749409976479e-01 5.398600000000000000e+04
6.097764520139580924e+00 8.518043493441170844e-01 5.313900000000000000e+04
6.104098832241316330e+00 8.494485604195803896e-01 5.212000000000000000e+04
6.110418488663363235e+00 8.470982227878398607e-01 4.980000000000000000e+04
6.116641452033507065e+00 8.447838469799461292e-01 4.765600000000000000e+04
6.122914029809077618e+00 8.424798096472388975e-01 4.741200000000000000e+04
6.129258339249855858e+00 8.403148824182302690e-01 4.553200000000000000e+04
6.135536637490335288e+00 8.381990570942983165e-01 4.361200000000000000e+04
6.141757031645093790e+00 8.361027472913264980e-01 4.200000000000000000e+04
6.148069643958305797e+00 8.339753575634463179e-01 4.172800000000000000e+04
6.154412262070509954e+00 8.318378579565919306e-01 3.955800000000000000e+04
6.160637979217012727e+00 8.297397521686549204e-01 3.769600000000000000e+04
6.166873769119719739e+00 8.276382528173112929e-01 3.708000000000000000e+04
6.173224345291016490e+00 8.254980693382070189e-01 3.605200000000000000e+04
6.179555215599237705e+00 8.233645268935851913e-01 3.430000000000000000e+04
6.185745740993113806e+00 8.212782822033405372e-01 3.223200000000000000e+04
6.191976029977069196e+00 8.191786364142624732e-01 3.222400000000000000e+04
6.198363717618067703e+00 8.170259461157935998e-01 3.106800000000000000e+04
6.204691535616636777e+00 8.148934339273512517e-01 2.932000000000000000e+04
6.210842498698097458e+00 8.128205206484707679e-01 2.734200000000000000e+04
6.217094097739569669e+00 8.107136949054160047e-01 2.778100000000000000e+04
6.223501556779898358e+00 8.085543420364111888e-01 2.629600000000000000e+04
6.229796093528710443e+00 8.064360169820414814e-01 2.472000000000000000e+04
6.235978779352203460e+00 8.044006568994125361e-01 2.346400000000000000e+04
6.242287315930069802e+00 8.023405583168363719e-01 2.334000000000000000e+04
6.248655462230068736e+00 8.002609936592123274e-01 2.183200000000000000e+04
6.254867041918199533e+00 7.982325566470096501e-01 2.038000000000000000e+04
6.261113461359502530e+00 7.961927432473859811e-01 2.018400000000000000e+04
6.267522385063087675e+00 7.940998628631663614e-01 1.922200000000000000e+04
6.273816218873335515e+00 7.920445645368010545e-01 1.772400000000000000e+04
6.279917773122593694e+00 7.900520575963977388e-01 1.652800000000000000e+04
6.286217543691882348e+00 7.879948211763869725e-01 1.693200000000000000e+04
6.292724257589902059e+00 7.858700067275278256e-01 1.564900000000000000e+04
6.298955900222063420e+00 7.838350177488543347e-01 1.408000000000000000e+04
6.304939239185799238e+00 7.818811145663695505e-01 1.317600000000000000e+04
6.311340903424289550e+00 7.797906051434627672e-01 1.398400000000000000e+04
6.317947664293161125e+00 7.776331181219365840e-01 1.240200000000000000e+04
6.324072032285159572e+00 7.756331620363177137e-01 1.081600000000000000e+04
6.330002218790022006e+00 7.736966154952369390e-01 1.054800000000000000e+04
6.336513936720457707e+00 7.715701672420965940e-01 1.098100000000000000e+04
6.343153736138393839e+00 7.694556679071116179e-01 9.580000000000000000e+03
6.349118758151025332e+00 7.676639310338280175e-01 7.920000000000000000e+03
6.355053476638194532e+00 7.658834209233905677e-01 8.404000000000000000e+03
6.361743945381483023e+00 7.638761720456376247e-01 8.328000000000000000e+03
6.368417330672231813e+00 7.618740498182479115e-01 7.120000000000000000e+03
6.374059871692933754e+00 7.601811963432874020e-01 5.323000000000000000e+03
6.380051140127511289e+00 7.583837176245483702e-01 6.612000000000000000e+03
6.386990312321263907e+00 7.563018538972440252e-01 6.028000000000000000e+03
6.393683224273242871e+00 7.542938723695650216e-01 5.004000000000000000e+03
6.399009705825884353e+00 7.526958393714120454e-01 3.472000000000000000e+03
6.405087469807199341e+00 7.508724124665824284e-01 4.764000000000000000e+03
6.412215562949489467e+00 7.487338725670314998e-01 4.153000000000000000e+03
6.418984348800219841e+00 7.467031259468165372e-01 3.268000000000000000e+03
6.424157757746171704e+00 7.451510173356953315e-01 2.214000000000000000e+03
6.430242829782645053e+00 7.433254009548234675e-01 3.028000000000000000e+03
6.437435061598868913e+00 7.411676148917297757e-01 2.601000000000000000e+03
6.444214918700974515e+00 7.391335488202505077e-01 1.852000000000000000e+03
6.449202715813576958e+00 7.376371258282446997e-01 1.332000000000000000e+03
6.455440851684986825e+00 7.357944027828207112e-01 1.684000000000000000e+03
6.462646603584289551e+00 7.337289022460971033e-01 1.372000000000000000e+03
6.468708236144619761e+00 7.319913618429259028e-01 6.870000000000000000e+02
6.473685549241360526e+00 7.305646397382299373e-01 8.560000000000000000e+02
6.480666903198742723e+00 7.285634643230282093e-01 7.320000000000000000e+02
6.487873625934572175e+00 7.264976864470574780e-01 5.320000000000000000e+02
6.493454805060999036e+00 7.248978623703344892e-01 2.010000000000000000e+02
6.498671551273293545e+00 7.234025146454980959e-01 2.920000000000000000e+02
6.505848546360814666e+00 7.213452562343242169e-01 1.720000000000000000e+02
6.512977838516235352e+00 7.193016835621425242e-01 8.400000000000000000e+01
6.518801789534719227e+00 7.176322529190465316e-01 1.900000000000000000e+01
6.523332715034484863e+00 7.163334935903549194e-01 1.200000000000000000e+01
6.529677867889404297e+00 7.145146727561950684e-01 1.000000000000000000e+00
