2.000000000000000164e-05 8.790125200162819397e-01
2.066869842267550072e-05 8.790154908707489279e-01
2.135975472437544027e-05 8.790153721979764301e-01
2.207391643902171255e-05 8.790139946263793025e-01
2.281195609427394449e-05 8.790154699585736031e-01
2.357467204719313169e-05 8.790173697059479041e-01
2.436288934784564352e-05 8.790153007452086165e-01
2.517746063178175121e-05 8.790144285942614877e-01
2.601926704235410016e-05 8.790189044282546993e-01
2.688921918387384303e-05 8.790181248984049178e-01
2.778825810663545582e-05 8.790182956824245109e-01
2.871735632487579741e-05 8.790168293240169239e-01
2.967751886876853870e-05 8.790181522173508011e-01
3.066978437159193627e-05 8.790204092632910582e-01
3.169522619324599853e-05 8.790157405587842865e-01
3.275495358133433647e-05 8.790181798367768806e-01
3.385011287106671010e-05 8.790139992952737957e-01
3.498188872528021299e-05 8.790131544157562260e-01
3.615150541592045298e-05 8.790163559464136966e-01
3.736022814836899319e-05 8.790121734610409909e-01
3.860936443004954884e-05 8.790080385286864750e-01
3.990026548479344494e-05 8.790155057556439111e-01
4.123432771449419843e-05 8.790134735234964580e-01
4.261299420963254024e-05 8.790116646499267494e-01
4.403775631030562105e-05 8.790138983010534757e-01
4.551015521944909301e-05 8.790093908613560991e-01
4.703178366999723984e-05 8.790108806346053072e-01
4.860428764778435972e-05 8.790133161812522244e-01
5.022936817205134787e-05 8.790144769623889909e-01
5.190878313548323190e-05 8.790120752479760879e-01
5.364434920576834987e-05 8.790075403087596051e-01
5.543794379073590958e-05 8.790070759799111233e-01
5.729150706919781900e-05 8.790099395483219613e-01
5.920704408969155763e-05 8.790077550455559496e-01
6.118662693939432690e-05 8.790070106396538074e-01
6.323239698555469304e-05 8.790088696383387967e-01
6.534656719186627638e-05 8.790089093851612967e-01
6.753142451228926792e-05 8.790080148236404378e-01
6.978933236490913268e-05 8.790036605976535578e-01
7.212273318850868345e-05 8.790023724863298415e-01
7.453415108461877573e-05 8.790027201787439237e-01
7.702619454790587906e-05 8.790046729181449914e-01
7.960155928784993205e-05 8.790071456600514477e-01
8.226303114476471348e-05 8.790016362473864753e-01
8.501348910331518868e-05 8.789982184499565143e-01
8.785590840679157983e-05 8.789983529279976615e-01
9.079336377550881697e-05 8.789973592189300744e-01
9.382903273281309529e-05 8.789954667255513998e-01
9.696619904229312483e-05 8.789957593410435699e-01
1.002082562599141270e-04 8.789953457013733873e-01
1.035587114049174785e-04 8.789964019799230144e-01
1.070211887534562421e-04 8.789946030924170595e-01
1.105994337590709140e-04 8.789913636764821181e-01
1.142973171042456330e-04 8.789899000017626918e-01
1.181188388874281471e-04 8.789868156532296695e-01
1.220681329500424115e-04 8.789822363832677787e-01
1.261494713481742377e-04 8.789817974066560513e-01
1.303672689737678670e-04 8.789797791837661300e-01
1.347260883303314362e-04 8.789755733516072533e-01
1.392306444683180742e-04 8.789739975056798382e-01
1.438858100855209437e-04 8.789722331675962064e-01
1.486966207979997041e-04 8.789708652662484578e-01
1.536682805872396744e-04 8.789678252407523429e-01
1.588061674294368483e-04 8.789634066898098785e-01
1.641158391129971276e-04 8.789600744891193917e-01
1.696030392505434848e-04 8.789560172967658680e-01
1.752737034919339915e-04 8.789473764381409149e-01
1.811339659450114388e-04 8.789464399722360932e-01
1.871901658110307874e-04 8.789424476732806690e-01
1.934488542419408646e-04 8.789372840302243084e-01
1.999168014269393128e-04 8.789363265666209069e-01
2.066010039159656652e-04 8.789296127542506332e-01
2.135086921880547338e-04 8.789177376670740394e-01
2.206473384727377968e-04 8.789116233384465238e-01
2.280246648329511538e-04 8.789062739912754108e-01
2.356486515181963309e-04 8.788990610292748418e-01
2.435275455969876748e-04 8.788938408602517960e-01
2.516698698779247295e-04 8.788877473959668674e-01
2.600844321290405573e-04 8.788773045462537903e-01
2.687803346053976817e-04 8.788672262102772414e-01
2.777669838952388651e-04 8.788572635040162728e-01
2.870541010953427292e-04 8.788452735435908769e-01
2.966517323265922064e-04 8.788332450990181677e-01
3.065702596011295341e-04 8.788231839556527314e-01
3.168204120528543403e-04 8.788108659154950653e-01
3.274132775434116785e-04 8.787976968839271708e-01
3.383603146562264279e-04 8.787865264758508710e-01
3.496733650915567022e-04 8.787729624242975879e-01
3.613646664759745386e-04 8.787542538482079335e-01
3.734468656001317080e-04 8.787417845199902988e-01
3.859330320991275886e-04 8.787266130325485092e-01
3.988366725902805230e-04 8.787120351169710464e-01
4.121717452835938129e-04 8.786946415849440362e-01
4.259526750807212541e-04 8.786731361434304555e-01
4.401943691787655547e-04 8.786577045097129224e-01
4.549122331957894719e-04 8.786356719607603116e-01
4.701221878354804149e-04 8.786108721059985305e-01
4.858406861089974399e-04 8.785890415617131355e-01
5.020847311326308640e-04 8.785688534667688288e-01
5.188718945205230424e-04 8.785451642711036291e-01
5.362203353923492141e-04 8.785173255691829386e-01
5.541488200165187389e-04 8.784931806827791512e-01
5.726767421101455150e-04 8.784667320189901707e-01
5.918241438177454907e-04 8.784406042896600875e-01
6.116117373913557359e-04 8.784124471197427564e-01
6.320609275955268004e-04 8.783770342547182475e-01
6.531938348614238542e-04 8.783514847291167271e-01
6.750333192150836329e-04 8.783275269566520604e-01
6.976030050057104547e-04 8.782990373691750285e-01
7.209273064607610694e-04 8.782667757362158101e-01
7.450314540954613768e-04 8.782353782232984463e-01
7.699415220053250396e-04 8.782077914260657536e-01
7.956844560711916160e-04 8.781783854180735815e-01
8.222881031073025473e-04 8.781476140938443420e-01
8.497812409839368810e-04 8.781194599940879142e-01
8.781936097571961097e-04 8.780915913144132778e-01
9.075559438396131216e-04 8.780633836723505947e-01
9.379000052463793693e-04 8.780410820898398860e-01
9.692586179531593148e-04 8.780147576458743330e-01
1.001665703402655023e-03 8.779904628416123069e-01
1.035156317198330069e-03 8.779662011328360771e-01
1.069766687024985286e-03 8.779416637144779045e-01
1.105534251837205851e-03 8.779224636633137235e-01
1.142497702358069404e-03 8.779031775922917502e-01
1.180697022931930960e-03 8.778850159455732216e-01
1.220173534776542454e-03 8.778667710352853204e-01
1.260969940681316284e-03 8.778488110104316622e-01
1.303130371200056587e-03 8.778359519794555199e-01
1.346700432388157767e-03 8.778271962717758559e-01
1.391727255135877424e-03 8.778103707471134332e-01
1.438259546151070007e-03 8.778019908201222243e-01
1.486347640646530459e-03 8.777913067492201238e-01
1.536043556788919398e-03 8.777771327597244655e-01
1.587401051968200579e-03 8.777689869795943789e-01
1.640475680948428249e-03 8.777587074833371750e-01
1.695324855962815390e-03 8.777505662286959609e-01
1.752007908818060174e-03 8.777421466670337624e-01
1.810586155075142928e-03 8.777354759183286781e-01
1.871122960375984270e-03 8.777273938499126071e-01
1.933683808987751848e-03 8.777161258144905442e-01
1.998336374638913938e-03 8.777131739125849652e-01
2.065150593723721201e-03 8.777054026661839092e-01
2.134198740954243185e-03 8.776986879132957498e-01
2.205555507541849362e-03 8.776928289372485370e-01
2.279298081992675151e-03 8.776840709368521898e-01
2.355506233604463730e-03 8.776788694482939857e-01
2.434262398755145627e-03 8.776795257621207158e-01
2.515651770076436904e-03 8.776750186322390679e-01
2.599762388608985089e-03 8.776669729579548163e-01
2.686685239038679764e-03 8.776639367214922327e-01
2.776514348117217236e-03 8.776613137643876073e-01
2.869346886373309435e-03 8.776512506966711591e-01
2.965283273224645581e-03 8.776549456100196656e-01
3.064427285604211931e-03 8.776512384356558449e-01
3.166886170218578649e-03 8.776467757961474714e-01
3.272770759559481216e-03 8.776457833545281417e-01
3.382195591794276077e-03 8.776398686498972923e-01
3.495279034664920681e-03 8.776397989346698125e-01
3.612143413529477973e-03 8.776354171540222682e-01
3.732915143684721951e-03 8.776346922633756487e-01
3.857724867112893516e-03 8.776361133816501514e-01
3.986707593800617976e-03 8.776332371757135098e-01
4.120002847782761740e-03 8.776296462823068856e-01
4.257754818069308354e-03 8.776280434812117059e-01
4.400112514618404608e-03 8.776241263253712344e-01
4.547229929524409554e-03 8.776231626143753406e-01
4.699266203595197679e-03 8.776246123659290355e-01
4.856385798499019031e-03 8.776241059806774159e-01
5.018758674667020935e-03 8.776238541381278235e-01
5.186560475143959549e-03 8.776235741168426641e-01
5.359972715585955248e-03 8.776207491554643969e-01
5.539182980610755057e-03 8.776166772429174756e-01
5.724385126713026593e-03 8.776166053494131036e-01
5.915779491964028892e-03 8.776196157320497182e-01
6.113573112722652143e-03 8.776175006740039031e-01
6.317979947592099882e-03 8.776162600541346226e-01
6.529221108864616957e-03 8.776141985519680944e-01
6.747525101704480652e-03 8.776153953842298350e-01
6.973128071328140755e-03 8.776145746509416146e-01
7.206274058448705437e-03 8.776067475403690477e-01
7.447215263261310406e-03 8.776112033098587561e-01
7.696212318254701257e-03 8.776103215476107611e-01
7.953534570144332738e-03 8.776099543283156779e-01
8.219460371231864307e-03 8.776114973092595806e-01
8.494277380506187053e-03 8.776097839121042021e-01
8.778282874811823774e-03 8.776085388952273858e-01
9.071784070421121463e-03 8.776067885805994839e-01
9.375098455358292851e-03 8.776064127632675627e-01
9.688554132834568261e-03 8.776081481794182348e-01
1.001249017616620725e-02 8.776066068986794200e-01
1.034725699555901803e-02 8.776023330852769089e-01
1.069321671715643858e-02 8.776048354518206640e-01
1.105074357476093505e-02 8.776051660598329640e-01
1.142022431465263173e-02 8.776071385726919027e-01
1.180205861394306721e-02 8.776078888622090846e-01
1.219665951291643881e-02 8.776042737318539011e-01
1.260445386182631328e-02 8.776040223733569956e-01
1.302588278263077520e-02 8.776109295734101368e-01
1.346140214616583890e-02 8.776044447644774094e-01
1.391148306527291781e-02 8.776027742487477745e-01
1.437661240441416924e-02 8.776052625263246476e-01
1.485729330632660182e-02 8.776030751885615100e-01
1.535404573628500365e-02 8.776039535462279995e-01
1.586740704456205894e-02 8.776011727915483673e-01
1.639793254769450481e-02 8.776034712374746194e-01
1.694619612918364313e-02 8.776039967849058598e-01
1.751279086028037155e-02 8.776023117455247213e-01
1.809832964152614798e-02 8.776030331076878355e-01
1.870344586574363213e-02 8.776017128481410356e-01
1.932879410319460894e-02 8.776046302824417333e-01
1.997505080964588620e-02 8.776028330150875689e-01
2.064291505810955316e-02 8.775998930538198017e-01
2.133310929504865505e-02 8.776004909714493207e-01
2.204638012186681956e-02 8.776016443226514196e-01
2.278349910252664909e-02 8.776042040561035096e-01
2.354526359817107548e-02 8.776063098879615110e-01
2.433249762964985810e-02 8.776020741848562512e-01
2.514605276888498206e-02 8.776011315533449597e-01
2.598680906003840441e-02 8.776027570142067580e-01
2.685567597147924673e-02 8.776014031436178975e-01
2.775359337957988490e-02 8.776051005303314723e-01
2.868153258540498754e-02 8.776077302628033650e-01
2.964049736539381419e-02 8.776036919462256725e-01
3.063152505717161092e-02 8.776064112478721979e-01
3.165568768166540647e-02 8.776002557027873241e-01
3.271409310273729054e-02 8.776055898797352484e-01
3.380788622559029871e-02 8.776045489040581460e-01
3.493825023524253087e-02 8.776068951910768190e-01
3.610640787640997940e-02 8.775971522460155327e-01
3.731362277618164441e-02 8.776029545357648676e-01
3.856120081091872487e-02 8.776025770263345960e-01
3.985049151885547425e-02 8.776017492562933064e-01
4.118288955993056055e-02 8.776017845922809979e-01
4.255983622442782027e-02 8.776071937716672933e-01
4.398282099205792772e-02 8.776017364903921925e-01
4.545338314316834522e-02 8.776036966947252660e-01
4.697311342382341770e-02 8.776015051769494590e-01
4.854365576655684383e-02 8.776021243873993738e-01
5.016670906865677154e-02 8.776041331934181233e-01
5.184402902990837420e-02 8.776011471666055330e-01
5.357743005178047802e-02 8.776020856441536511e-01
5.536878720011212396e-02 8.776015612770197150e-01
5.722003823342062395e-02 8.776015021209798705e-01
5.913318569902666078e-02 8.776080477503526156e-01
6.111029909926251474e-02 8.776035844889813475e-01
6.315351713010779189e-02 8.776035678217399827e-01
6.526504999467336310e-02 8.776019309349757380e-01
6.744718179403717817e-02 8.776042317650615265e-01
6.970227299801623477e-02 8.776026772596730030e-01
7.203276299854979858e-02 8.776041059584930304e-01
7.444117274845411802e-02 8.776007015363784802e-01
7.693010748840443946e-02 8.776014408992061089e-01
7.950225956509210379e-02 8.776037131298760618e-01
8.216041134360790865e-02 8.776001950139811214e-01
8.490743821719984319e-02 8.776001740673632368e-01
8.774631171766281157e-02 8.776007411445567730e-01
9.068010272972255870e-02 8.775996313864766751e-01
9.371198481289348681e-02 8.776055338413706330e-01
9.684523763440215649e-02 8.776073268845668851e-01
1.000832505168899600e-01 8.776076663620263618e-01
1.034295261047340625e-01 8.776008135812257693e-01
1.068876841529496080e-01 8.776026664132975386e-01
1.104614654427753945e-01 8.776028143636881440e-01
1.141547358281756464e-01 8.776003883648679782e-01
1.179714904176376727e-01 8.776017216237623764e-01
1.219158578957853512e-01 8.776031629166048953e-01
1.259921049894874856e-01 8.776000755663475594e-01
1.302046410832891354e-01 8.775992206104717974e-01
1.345580229891604751e-01 8.776056473691991044e-01
1.390569598757198100e-01 8.776066968237702381e-01
1.437063183622670492e-01 8.776016483109936317e-01
1.485111277831346888e-01 8.775999015087684318e-01
1.534765856280515817e-01 8.775992073414928818e-01
1.586080631644066208e-01 8.776010733179931966e-01
1.639111112474894438e-01 8.775999087837186297e-01
1.693914663249987407e-01 8.776004410721205407e-01
1.750550566423093313e-01 8.776021612520896742e-01
1.809080086552135869e-01 8.776020451253937482e-01
1.869566536570689830e-01 8.776018050333144194e-01
1.932075346275276828e-01 8.776024510056709138e-01
1.996674133102498971e-01 8.776027346165767851e-01
2.063432775272630582e-01 8.776020128159353062e-01
2.132423487378718452e-01 8.776015463635464808e-01
2.203720898503036263e-01 8.776007392561955278e-01
2.277402132945338109e-01 8.776015936936872874e-01
2.353546893650253491e-01 8.776032633400336902e-01
2.432237548424092122e-01 8.776043182112851504e-01
2.513559219034258718e-01 8.776037598268405793e-01
2.597599873287743666e-01 8.776061790836241494e-01
2.684450420188219666e-01 8.776005125298627085e-01
2.774204808274743361e-01 8.776020148230198048e-01
2.866960127248350254e-01 8.776005417390734253e-01
2.962816712996577673e-01 8.776008601193679981e-01
3.061878256129444420e-01 8.776037727280673328e-01
3.164251914144354805e-01 8.776039851944426040e-01
3.270048427341168962e-01 8.776040779423940341e-01
3.379382238612947953e-01 8.776009123612935614e-01
3.492371617241852855e-01 8.776032413066622295e-01
3.609138786834163448e-01 8.776036173529927487e-01
3.729810057532814693e-01 8.776006216038255703e-01
3.854515962650386651e-01 8.776023497855824917e-01
3.983391399870480631e-01 8.775990577908124868e-01
4.116575777170102257e-01 8.775985492684762468e-01
4.254213163620995108e-01 8.775991056950733782e-01
4.396452445232932327e-01 8.776016010079153995e-01
4.543447486007690661e-01 8.776034349148227331e-01
4.695357294377799362e-01 8.776056906658860068e-01
4.852346195210218704e-01 8.776029867470758195e-01
5.014584007560848322e-01 8.776017273040852551e-01
5.182246228372336949e-01 8.775972815625572299e-01
5.355514222313770833e-01 8.776008741708555272e-01
5.534575417967635413e-01 8.776025067522962297e-01
5.719623510576314906e-01 8.776005572311064151e-01
5.910858671567322808e-01 8.776016910279544891e-01
6.108487765084068544e-01 8.775998796136280644e-01
6.312724571756275216e-01 8.775996412884818909e-01
6.523790019952193653e-01 8.776031253095105678e-01
6.741912424762606104e-01 8.776351032986828837e-01
6.967327734975364839e-01 8.775875183160543047e-01
7.200279788307419881e-01 8.775738359500780961e-01
7.441020575170596008e-01 8.775864219555130630e-01
7.689810511256225389e-01 8.776020264652730773e-01
7.946918719233755368e-01 8.776068490613379014e-01
8.212623319867858873e-01 8.776047787785524745e-01
8.487211732869031078e-01 8.776016337589649385e-01
8.770980987803161932e-01 8.776010132875221581e-01
9.064238045396205701e-01 8.776018711856758969e-01
9.367300129581793700e-01 8.776025800096256546e-01
9.680495070650749767e-01 8.776022057976387014e-01
1.000416165987385808e+00 8.776014412541651710e-01
1.033865001598128330e+00 8.776012112296438517e-01
1.068432196389532240e+00 8.776020186079153129e-01
1.104155142612600837e+00 8.776032549817206485e-01
1.141072482725305592e+00 8.776041313777640518e-01
1.179224151193147607e+00 8.776041421542155607e-01
1.218651417687333982e+00 8.776036210947331107e-01
1.259396931727273516e+00 8.776030566870757221e-01
1.301504768815691548e+00 8.776028196227149136e-01
1.345020478116276896e+00 8.776028872035888106e-01
1.389991131725407447e+00 8.776031547071249106e-01
1.436465375591293947e+00 8.776034728559169995e-01
1.484493482135585296e+00 8.776035243988909995e-01
1.534127404634392455e+00 8.776029525083504090e-01
1.585420833417506836e+00 8.776016202654862708e-01
1.638429253946665609e+00 8.776003271614546408e-01
1.693210006835640158e+00 8.776001218877258481e-01
1.749822349877109051e+00 8.776016715037675553e-01
1.808327522143368116e+00 8.776038066783817815e-01
1.868788810230267217e+00 8.776048064110291147e-01
1.931271616715998229e+00 8.776034065696781683e-01
1.995843530908793184e+00 8.776008302746107770e-01
2.062574401960084458e+00 8.775991427742766415e-01
2.131536414422164238e+00 8.775999592802208316e-01
2.202804166332139602e+00 8.776021150590523900e-01
2.276454749906602792e+00 8.776033864861266798e-01
2.352567834934338631e+00 8.776019398451023745e-01
2.431225754957225149e+00 8.775986880277962809e-01
2.512513596332623944e+00 8.775957184733057526e-01
2.596519290273538783e+00 8.775948682850125415e-01
2.683333707966161441e+00 8.775959401788611114e-01
2.773050758867611432e+00 8.775977622072798079e-01
2.865767492290306695e+00 8.775992295417154310e-01
2.961584202382770314e+00 8.775999066340769428e-01
3.060604536620467719e+00 8.775997165273567990e-01
3.162935607924048931e+00 8.775986252407694810e-01
3.268688110526199786e+00 8.775970146845742947e-01
3.377976439712552459e+00 8.775955155263476248e-01
3.490918815566087297e+00 8.775947135687413025e-01
3.607637410848952619e+00 8.775946080961303242e-01
3.728258483159945236e+00 8.775948072683921186e-01
3.852912511510727001e+00 8.775949302918537587e-01
3.981734337468417539e+00 8.775948540004432363e-01
4.114863311017320058e+00 8.775946465521196060e-01
4.252443441297450555e+00 8.775943794025323763e-01
4.394623552383071896e+00 8.775941033555190174e-01
4.541557444269631816e+00 8.775938521505540768e-01
4.693404059243289517e+00 8.775936561663819635e-01
4.850327653813030437e+00 8.775934892675507637e-01
5.012497976391239618e+00 8.775932733889658666e-01
5.180090450915090017e+00 8.775929325486505617e-01
5.353286366607249214e+00 8.775924866815320025e-01
5.532273074081278885e+00 8.775920537040485803e-01
5.717244188003695271e+00 8.775917443658526329e-01
5.908399796532135539e+00 8.775913301826320234e-01
6.105946677756002750e+00 8.775901973585675808e-01
6.310098523373801171e+00 8.775877367439627319e-01
6.521076169849157722e+00 8.775842710646261091e-01
6.739107837295406966e+00 8.775813003426394809e-01
6.964429376347387013e+00 8.775803699424631343e-01
7.197284523287298619e+00 8.775816180633090324e-01
7.437925163700752407e+00 8.775832043094591306e-01
7.686611604948010879e+00 8.775831616079152742e-01
7.943612857745410594e+00 8.775808745155949664e-01
8.209206927161357470e+00 8.775778449325057906e-01
8.483681113341843272e+00 8.775757473057089753e-01
8.767332322290526392e+00 8.775752166646352270e-01
9.060467387039910392e+00 8.775750718540142881e-01
9.363403399560734641e+00 8.775739539363152097e-01
9.676468053768756405e+00 8.775711417703241368e-01
1.000000000000001243e+01 8.775671592651206332e-01
