2.000000000000000164e-05 9.136291365191591751e+01
2.066869842267550072e-05 9.430087584801084688e+01
2.135975472437544027e-05 9.733331988199184082e+01
2.207391643902171255e-05 1.004632576290878774e+02
2.281195609427394449e-05 1.036938264937958536e+02
2.357467204719313169e-05 1.070283097342833116e+02
2.436288934784564352e-05 1.104700049959085391e+02
2.517746063178175121e-05 1.140223406223814919e+02
2.601926704235410016e-05 1.176889231047786950e+02
2.688921918387384303e-05 1.214734019460400276e+02
2.778825810663545582e-05 1.253795480430219698e+02
2.871735632487579741e-05 1.294113189383008091e+02
2.967751886876853870e-05 1.335727166565548032e+02
3.066978437159193627e-05 1.378678917216841171e+02
3.169522619324599853e-05 1.423012076858736066e+02
3.275495358133433647e-05 1.468770519235307290e+02
3.385011287106671010e-05 1.516000224558366085e+02
3.498188872528021299e-05 1.564748226699322800e+02
3.615150541592045298e-05 1.615063469346225418e+02
3.736022814836899319e-05 1.666996664247740227e+02
3.860936443004954884e-05 1.720599557450113082e+02
3.990026548479344494e-05 1.775925906087640556e+02
4.123432771449419843e-05 1.833030768530612988e+02
4.261299420963254024e-05 1.891971433037296890e+02
4.403775631030562105e-05 1.952806903630410886e+02
4.551015521944909301e-05 2.015598141346548289e+02
4.703178366999723984e-05 2.080408482825887972e+02
4.860428764778435972e-05 2.147301374353832557e+02
5.022936817205134787e-05 2.216344897526707882e+02
5.190878313548323190e-05 2.287608057803535644e+02
5.364434920576834987e-05 2.361161543533780218e+02
5.543794379073590958e-05 2.437079525551986876e+02
5.729150706919781900e-05 2.515437595089238130e+02
5.920704408969155763e-05 2.596313860611441555e+02
6.118662693939432690e-05 2.679789315364214985e+02
6.323239698555469304e-05 2.765948043209374418e+02
6.534656719186627638e-05 2.854875891649508048e+02
6.753142451228926792e-05 2.946660662704304627e+02
6.978933236490913268e-05 3.041395209405134210e+02
7.212273318850868345e-05 3.139173585761081426e+02
7.453415108461877573e-05 3.240094216826000775e+02
7.702619454790587906e-05 3.344257585844112555e+02
7.960155928784993205e-05 3.451766368288141393e+02
8.226303114476471348e-05 3.562728894324864086e+02
8.501348910331518868e-05 3.677256738647187717e+02
8.785590840679157983e-05 3.795463006308457921e+02
9.079336377550881697e-05 3.917465277936652228e+02
9.382903273281309529e-05 4.043385977742622117e+02
9.696619904229312483e-05 4.173350683752317991e+02
1.002082562599141270e-04 4.307487930883826834e+02
1.035587114049174785e-04 4.445931715790771364e+02
1.070211887534562421e-04 4.588819533672038915e+02
1.105994337590709140e-04 4.736294304601541967e+02
1.142973171042456330e-04 4.888502739396364518e+02
1.181188388874281471e-04 5.045594796335386718e+02
1.220681329500424115e-04 5.207728252689267947e+02
1.261494713481742377e-04 5.375063001759057215e+02
1.303672689737678670e-04 5.547764490718200250e+02
1.347260883303314362e-04 5.726004845062120694e+02
1.392306444683180742e-04 5.909960671028611614e+02
1.438858100855209437e-04 6.099812995580783763e+02
1.486966207979997041e-04 6.295751769580732571e+02
1.536682805872396744e-04 6.497968381903848467e+02
1.588061674294368483e-04 6.706663431344713899e+02
1.641158391129971276e-04 6.922044442943760032e+02
1.696030392505434848e-04 7.144321275097559010e+02
1.752737034919339915e-04 7.373710877869999649e+02
1.811339659450114388e-04 7.610444545633849884e+02
1.871901658110307874e-04 7.854752161625832514e+02
1.934488542419408646e-04 8.106872027148547204e+02
1.999168014269393128e-04 8.367051989400265484e+02
2.066010039159656652e-04 8.635545429003078652e+02
2.135086921880547338e-04 8.912615979517014466e+02
2.206473384727377968e-04 9.198533529127927295e+02
2.280246648329511538e-04 9.493577157731160696e+02
2.356486515181963309e-04 9.798032978270094873e+02
2.435275455969876748e-04 1.011219458801832047e+03
2.516698698779247295e-04 1.043636651623851549e+03
2.600844321290405573e-04 1.077086344061435057e+03
2.687803346053976817e-04 1.111600630521522817e+03
2.777669838952388651e-04 1.147212517082629347e+03
2.870541010953427292e-04 1.183956218781863981e+03
2.966517323265922064e-04 1.221867053027073098e+03
3.065702596011295341e-04 1.260981049221491503e+03
3.168204120528543403e-04 1.301334995903844629e+03
3.274132775434116785e-04 1.342967490058221074e+03
3.383603146562264279e-04 1.385917765187355826e+03
3.496733650915567022e-04 1.430226021967435599e+03
3.613646664759745386e-04 1.475933947474951992e+03
3.734468656001317080e-04 1.523083945306366331e+03
3.859330320991275886e-04 1.571719876049792219e+03
3.988366725902805230e-04 1.621886693138284954e+03
4.121717452835938129e-04 1.673630832726036033e+03
4.259526750807212541e-04 1.726999594733348658e+03
4.401943691787655547e-04 1.782041003822856283e+03
4.549122331957894719e-04 1.838805582409283943e+03
4.701221878354804149e-04 1.897344312573951129e+03
4.858406861089974399e-04 1.957710090862427478e+03
5.020847311326308640e-04 2.019956202809989463e+03
5.188718945205230424e-04 2.084137197461028336e+03
5.362203353923492141e-04 2.150310815504311904e+03
5.541488200165187389e-04 2.218533728153747234e+03
5.726767421101455150e-04 2.288865709588777918e+03
5.918241438177454907e-04 2.361367415765568694e+03
6.116117373913557359e-04 2.436099886843985132e+03
6.320609275955268004e-04 2.513126609727792584e+03
6.531938348614238542e-04 2.592513750764719589e+03
6.750333192150836329e-04 2.674325666466534585e+03
6.976030050057104547e-04 2.758630462030019771e+03
7.209273064607610694e-04 2.845497450411478894e+03
7.450314540954613768e-04 2.934996381267619199e+03
7.699415220053250396e-04 3.027199194072715727e+03
7.956844560711916160e-04 3.122179066311309271e+03
8.222881031073025473e-04 3.220009479110342909e+03
8.497812409839368810e-04 3.320767302457636561e+03
8.781936097571961097e-04 3.424529226216227926e+03
9.075559438396131216e-04 3.531371978167501766e+03
9.379000052463793693e-04 3.641375679623269662e+03
9.692586179531593148e-04 3.754620368072978636e+03
1.001665703402655023e-03 3.871189329644103964e+03
1.035156317198330069e-03 3.991163477544000671e+03
1.069766687024985286e-03 4.114624550675865066e+03
1.105534251837205851e-03 4.241658060761116758e+03
1.142497702358069404e-03 4.372349345944458946e+03
1.180697022931930960e-03 4.506782605658635475e+03
1.220173534776542454e-03 4.645034959938954671e+03
1.260969940681316284e-03 4.787199292423191764e+03
1.303130371200056587e-03 4.933369272701910631e+03
1.346700432388157767e-03 5.083622353153251424e+03
1.391727255135877424e-03 5.238044259026911277e+03
1.438259546151070007e-03 5.396720056839536483e+03
1.486347640646530459e-03 5.559734458540360720e+03
1.536043556788919398e-03 5.727170364381159743e+03
1.587401051968200579e-03 5.899109808536727542e+03
1.640475680948428249e-03 6.075634524729670375e+03
1.695324855962815390e-03 6.256821220637122678e+03
1.752007908818060174e-03 6.442748462390724853e+03
1.810586155075142928e-03 6.633491158651637306e+03
1.871122960375984270e-03 6.829120305685441053e+03
1.933683808987751848e-03 7.029704703596529725e+03
1.998336374638913938e-03 7.235309557274163126e+03
2.065150593723721201e-03 7.445995333470378682e+03
2.134198740954243185e-03 7.661820174604129534e+03
2.205555507541849362e-03 7.882836441170296894e+03
2.279298081992675151e-03 8.109090957601199079e+03
2.355506233604463730e-03 8.340626105451516196e+03
2.434262398755145627e-03 8.577478036084605264e+03
2.515651770076436904e-03 8.819678326416629716e+03
2.599762388608985089e-03 9.067247372751598959e+03
2.686685239038679764e-03 9.320199173236254865e+03
2.776514348117217236e-03 9.578544516250396555e+03
2.869346886373309435e-03 9.842284688116616962e+03
2.965283273224645581e-03 1.011140417127927140e+04
3.064427285604211931e-03 1.038588590663654941e+04
3.166886170218578649e-03 1.066570286119888078e+04
3.272770759559481216e-03 1.095081082899629473e+04
3.382195591794276077e-03 1.124115532214183986e+04
3.495279034664920681e-03 1.153667385758268392e+04
3.612143413529477973e-03 1.183727832538621442e+04
3.732915143684721951e-03 1.214291457597234694e+04
3.857724867112893516e-03 1.245343115796486200e+04
3.986707593800617976e-03 1.276866749032125699e+04
4.120002847782761740e-03 1.308851902435256306e+04
4.257754818069308354e-03 1.341280682440054443e+04
4.400112514618404608e-03 1.374134524018105549e+04
4.547229929524409554e-03 1.407393622064535703e+04
4.699266203595197679e-03 1.441035208927847816e+04
4.856385798499019031e-03 1.475034281848324827e+04
5.018758674667020935e-03 1.509364437527948394e+04
5.186560475143959549e-03 1.543996390802534916e+04
5.359972715585955248e-03 1.578899077139075780e+04
5.539182980610755057e-03 1.614038911302806628e+04
5.724385126713026593e-03 1.649378730845468817e+04
5.915779491964028892e-03 1.684878880234878670e+04
6.113573112722652143e-03 1.720497349635763385e+04
6.317979947592099882e-03 1.756186000248702476e+04
6.529221108864616957e-03 1.791898239334776372e+04
6.747525101704480652e-03 1.827582667400075297e+04
6.973128071328140755e-03 1.863182676720018935e+04
7.206274058448705437e-03 1.898639686016695487e+04
7.447215263261310406e-03 1.933892897128748518e+04
7.696212318254701257e-03 1.968877160584705052e+04
7.953534570144332738e-03 2.003524179651135273e+04
8.219460371231864307e-03 2.037760942186691318e+04
8.494277380506187053e-03 2.071511112130117181e+04
8.778282874811823774e-03 2.104695065746520413e+04
9.071784070421121463e-03 2.137226280895827222e+04
9.375098455358292851e-03 2.169017434741896068e+04
9.688554132834568261e-03 2.199978433411301012e+04
1.001249017616620725e-02 2.230014198857228985e+04
1.034725699555901803e-02 2.259025528807468800e+04
1.069321671715643858e-02 2.286910253529848342e+04
1.105074357476093505e-02 2.313561237230054394e+04
1.142022431465263173e-02 2.338868024317406889e+04
1.180205861394306721e-02 2.362718892611048068e+04
1.219665951291643881e-02 2.384999619925110528e+04
1.260445386182631328e-02 2.405592433057938979e+04
1.302588278263077520e-02 2.424377039836249241e+04
1.346140214616583890e-02 2.441231542072794036e+04
1.391148306527291781e-02 2.456034154821410266e+04
1.437661240441416924e-02 2.468663131780804906e+04
1.485729330632660182e-02 2.478996676993771689e+04
1.535404573628500365e-02 2.486914309884260729e+04
1.586740704456205894e-02 2.492298768150374599e+04
1.639793254769450481e-02 2.495035609915842360e+04
1.694619612918364313e-02 2.495018236110966973e+04
1.751279086028037155e-02 2.492145049215862309e+04
1.809832964152614798e-02 2.486321739865148993e+04
1.870344586574363213e-02 2.477466609879309908e+04
1.932879410319460894e-02 2.465509515709495099e+04
1.997505080964588620e-02 2.450393423441534469e+04
2.064291505810955316e-02 2.432078191981862255e+04
2.133310929504865505e-02 2.410543416572347269e+04
2.204638012186681956e-02 2.385789206375474168e+04
2.278349910252664909e-02 2.357837940660512686e+04
2.354526359817107548e-02 2.326739839124448190e+04
2.433249762964985810e-02 2.292570617112098262e+04
2.514605276888498206e-02 2.255436738637740564e+04
2.598680906003840441e-02 2.215474895630836909e+04
2.685567597147924673e-02 2.172855090045999896e+04
2.775359337957988490e-02 2.127780320811965066e+04
2.868153258540498754e-02 2.080485386795555314e+04
2.964049736539381419e-02 2.031239762653957223e+04
3.063152505717161092e-02 1.980342798545280675e+04
3.165568768166540647e-02 1.928121178459741350e+04
3.271409310273729054e-02 1.874928381811216605e+04
3.380788622559029871e-02 1.821139048346189520e+04
3.493825023524253087e-02 1.767142753078431997e+04
3.610640787640997940e-02 1.713338341315751313e+04
3.731362277618164441e-02 1.660126272855763091e+04
3.856120081091872487e-02 1.607901150602349298e+04
3.985049151885547425e-02 1.557041265803807437e+04
4.118288955993056055e-02 1.507899234330084983e+04
4.255983622442782027e-02 1.460792232105878975e+04
4.398282099205792772e-02 1.415990619588088339e+04
4.545338314316834522e-02 1.373709264065491334e+04
4.697311342382341770e-02 1.334093890288715374e+04
4.854365576655684383e-02 1.297213097401849518e+04
5.016670906865677154e-02 1.263048699278815548e+04
5.184402902990837420e-02 1.231486769335450299e+04
5.357743005178047802e-02 1.202311780703552904e+04
5.536878720011212396e-02 1.175202564225333299e+04
5.722003823342062395e-02 1.149733545101395066e+04
5.913318569902666078e-02 1.125380274229010320e+04
6.111029909926251474e-02 1.101534199555259147e+04
6.315351713010779189e-02 1.077523793601885700e+04
6.526504999467336310e-02 1.052647880092922424e+04
6.744718179403717817e-02 1.026220500562511734e+04
6.970227299801623477e-02 9.976236617259197374e+03
7.203276299854979858e-02 9.663675224909989993e+03
7.444117274845411802e-02 9.321511781990362579e+03
7.693010748840443946e-02 8.949190267087034954e+03
7.950225956509210379e-02 8.548994482004834936e+03
8.216041134360790865e-02 8.126191114050204305e+03
8.490743821719984319e-02 7.688857977970829779e+03
8.774631171766281157e-02 7.247350488297740412e+03
9.068010272972255870e-02 6.813435535072317180e+03
9.371198481289348681e-02 6.399190274740395580e+03
9.684523763440215649e-02 6.015757140846369111e+03
1.000832505168899600e-01 5.672145167991090602e+03
1.034295261047340625e-01 5.374194303763211792e+03
1.068876841529496080e-01 5.123783927367395336e+03
1.104614654427753945e-01 4.918383228103037254e+03
1.141547358281756464e-01 4.750964061937743281e+03
1.179714904176376727e-01 4.610402005654225832e+03
1.219158578957853512e-01 4.482497870067317308e+03
1.259921049894874856e-01 4.351764521656455145e+03
1.302046410832891354e-01 4.203942338776490033e+03
1.345580229891604751e-01 4.028895779069236596e+03
1.390569598757198100e-01 3.823186844784644109e+03
1.437063183622670492e-01 3.591380965748057861e+03
1.485111277831346888e-01 3.345384715592382236e+03
1.534765856280515817e-01 3.101699183914131936e+03
1.586080631644066208e-01 2.877303400049017000e+03
1.639111112474894438e-01 2.685383353572379747e+03
1.693914663249987407e-01 2.532090360520467129e+03
1.750550566423093313e-01 2.415035604126838280e+03
1.809080086552135869e-01 2.323798785917390433e+03
1.869566536570689830e-01 2.242564075063528435e+03
1.932075346275276828e-01 2.154751034246162817e+03
1.996674133102498971e-01 2.049005262200534617e+03
2.063432775272630582e-01 1.923188174657868785e+03
2.132423487378718452e-01 1.785884009621139967e+03
2.203720898503036263e-01 1.651635900193688030e+03
2.277402132945338109e-01 1.534469577066506190e+03
2.353546893650253491e-01 1.441342780421808584e+03
2.432237548424092122e-01 1.369494371153202337e+03
2.513559219034258718e-01 1.308315300013442084e+03
2.597599873287743666e-01 1.245122931440140519e+03
2.684450420188219666e-01 1.172356697550599165e+03
2.774204808274743361e-01 1.091813184386723151e+03
2.866960127248350254e-01 1.012392969027145455e+03
2.962816712996577673e-01 9.432840466488203219e+02
3.061878256129444420e-01 8.872717612931101030e+02
3.164251914144354805e-01 8.396541824030269936e+02
3.270048427341168962e-01 7.926852198351126617e+02
3.379382238612947953e-01 7.421641393745177311e+02
3.492371617241852855e-01 6.904473638558722541e+02
3.609138786834163448e-01 6.429810767675683110e+02
3.729810057532814693e-01 6.023847443616630244e+02
3.854515962650386651e-01 5.663368663814852653e+02
3.983391399870480631e-01 5.309155404330281272e+02
4.116575777170102257e-01 4.951111281275893248e+02
4.254213163620995108e-01 4.611457359973320536e+02
4.396452445232932327e-01 4.308254681425824515e+02
4.543447486007690661e-01 4.032559667452881627e+02
4.695357294377799362e-01 3.766561194952593610e+02
4.852346195210218704e-01 3.509227326891516441e+02
5.014584007560848322e-01 3.271009532545807588e+02
5.182246228372336949e-01 3.053070834783864598e+02
5.355514222313770833e-01 2.847428375206714009e+02
5.534575417967635413e-01 2.651798596211366998e+02
5.719623510576314906e-01 2.469855776472595892e+02
5.910858671567322808e-01 2.301177214125573585e+02
6.108487765084068544e-01 2.142431133157559202e+02
6.312724571756275216e-01 1.993531595973597916e+02
6.523790019952193653e-01 1.855100668051026673e+02
6.741912424762606104e-01 1.725703976243247837e+02
6.967327734975364839e-01 1.604657364855096375e+02
7.200279788307419881e-01 1.491776382011939575e+02
7.441020575170596008e-01 1.386514275459129237e+02
7.689810511256225389e-01 1.288335283977777408e+02
7.946918719233755368e-01 1.196764768563194679e+02
8.212623319867858873e-01 1.111393659571099164e+02
8.487211732869031078e-01 1.031837985893980942e+02
8.770980987803161932e-01 9.577323245346848068e+01
9.064238045396205701e-01 8.887281202973102268e+01
9.367300129581793700e-01 8.244963936689325124e+01
9.680495070650749767e-01 7.647254835600593026e+01
1.000416165987385808e+00 7.091185454997589943e+01
1.033865001598128330e+00 6.573970904276053773e+01
1.068432196389532240e+00 6.093020984440106957e+01
1.104155142612600837e+00 5.645947406629934306e+01
1.141072482725305592e+00 5.230509823495807353e+01
1.179224151193147607e+00 4.844590941326855216e+01
1.218651417687333982e+00 4.486175106233298493e+01
1.259396931727273516e+00 4.153373270951664153e+01
1.301504768815691548e+00 3.844426953546488335e+01
1.345020478116276896e+00 3.557710752328900838e+01
1.389991131725407447e+00 3.291705365140166606e+01
1.436465375591293947e+00 3.044983729852484089e+01
1.484493482135585296e+00 2.816197809311638167e+01
1.534127404634392455e+00 2.604087017661426984e+01
1.585420833417506836e+00 2.407477821332804879e+01
1.638429253946665609e+00 2.225282771194734011e+01
1.693210006835640158e+00 2.056488192505359436e+01
1.749822349877109051e+00 1.900146974780455622e+01
1.808327522143368116e+00 1.755372561170274182e+01
1.868788810230267217e+00 1.621337869243122398e+01
1.931271616715998229e+00 1.497272443412454912e+01
1.995843530908793184e+00 1.382458798572419312e+01
2.062574401960084458e+00 1.276228970541650298e+01
2.131536414422164238e+00 1.177961302080649020e+01
2.202804166332139602e+00 1.087077509115006713e+01
2.276454749906602792e+00 1.003039697435050925e+01
2.352567834934338631e+00 9.253476216004045796e+00
2.431225754957225149e+00 8.535361365290970781e+00
2.512513596332623944e+00 7.871729024241441941e+00
2.596519290273538783e+00 7.258561972360497272e+00
2.683333707966161441e+00 6.692127753587683081e+00
2.773050758867611432e+00 6.168960074481161904e+00
2.865767492290306695e+00 5.685841035303822011e+00
2.961584202382770314e+00 5.239783472409995646e+00
3.060604536620467719e+00 4.828015596970472778e+00
3.162935607924048931e+00 4.447966502148405610e+00
3.268688110526199786e+00 4.097252166946647733e+00
3.377976439712552459e+00 3.773662391569039709e+00
3.490918815566087297e+00 3.475148596021878866e+00
3.607637410848952619e+00 3.199812381491233371e+00
3.728258483159945236e+00 2.945894952135175604e+00
3.852912511510727001e+00 2.711767229090042530e+00
3.981734337468417539e+00 2.495920305874736567e+00
4.114863311017320058e+00 2.296957052710678848e+00
4.252443441297450555e+00 2.113584374059188420e+00
4.394623552383071896e+00 1.944605710530354026e+00
4.541557444269631816e+00 1.788914054113501129e+00
4.693404059243289517e+00 1.645485441190600806e+00
4.850327653813030437e+00 1.513372767559840959e+00
5.012497976391239618e+00 1.391700238683308832e+00
5.180090450915090017e+00 1.279658300124985271e+00
5.353286366607249214e+00 1.176498810232791348e+00
5.532273074081278885e+00 1.081530496493551485e+00
5.717244188003695271e+00 9.941146998122755152e-01
5.908399796532135539e+00 9.136614092870954940e-01
6.105946677756002750e+00 8.396256624683712255e-01
6.310098523373801171e+00 7.715042706941843687e-01
6.521076169849157722e+00 7.088326250004828299e-01
6.739107837295406966e+00 6.511818105866697959e-01
6.964429376347387013e+00 5.981560291464819157e-01
7.197284523287298619e+00 5.493901534786879148e-01
7.437925163700752407e+00 5.045474082451533171e-01
7.686611604948010879e+00 4.633171440272835784e-01
7.943612857745410594e+00 4.254128006551537444e-01
8.209206927161357470e+00 3.905700671508722244e-01
8.483681113341843272e+00 3.585452711573273721e-01
8.767332322290526392e+00 3.291137915737206709e-01
9.060467387039910392e+00 3.020685917611866111e-01
9.363403399560734641e+00 2.772188955174625380e-01
9.676468053768756405e+00 2.543889657064494769e-01
1.000000000000001243e+01 2.334169586899305926e-01
