2.000000000000000164e-05 5.307841083074958988e+01
2.066869842267550072e-05 5.478525383543185256e+01
2.135975472437544027e-05 5.654698206746412836e+01
2.207391643902171255e-05 5.836537238090298985e+01
2.281195609427394449e-05 6.024222628527358125e+01
2.357467204719313169e-05 6.217943467181166284e+01
2.436288934784564352e-05 6.417892655266432200e+01
2.517746063178175121e-05 6.624270533493363189e+01
2.601926704235410016e-05 6.837285783303158837e+01
2.688921918387384303e-05 7.057150037701940448e+01
2.778825810663545582e-05 7.284083407564480694e+01
2.871735632487579741e-05 7.518314708306903071e+01
2.967751886876853870e-05 7.760077173175899645e+01
3.066978437159193627e-05 8.009611973490022763e+01
3.169522619324599853e-05 8.267170720904331915e+01
3.275495358133433647e-05 8.533010552399620963e+01
3.385011287106671010e-05 8.807399037037295386e+01
3.498188872528021299e-05 9.090608890177502133e+01
3.615150541592045298e-05 9.382922830046295815e+01
3.736022814836899319e-05 9.684635557858878485e+01
3.860936443004954884e-05 9.996050094093237703e+01
3.990026548479344494e-05 1.031747691292620175e+02
4.123432771449419843e-05 1.064923646667381689e+02
4.261299420963254024e-05 1.099166222830686621e+02
4.403775631030562105e-05 1.134509714731381109e+02
4.551015521944909301e-05 1.170989349254723351e+02
4.703178366999723984e-05 1.208641676822942799e+02
4.860428764778435972e-05 1.247504321223658934e+02
5.022936817205134787e-05 1.287616565150057113e+02
5.190878313548323190e-05 1.329018301063533727e+02
5.364434920576834987e-05 1.371750522749388779e+02
5.543794379073590958e-05 1.415856236264091592e+02
5.729150706919781900e-05 1.461379906786833942e+02
5.920704408969155763e-05 1.508366621338986420e+02
6.118662693939432690e-05 1.556863501131273040e+02
6.323239698555469304e-05 1.606919174963672958e+02
6.534656719186627638e-05 1.658583448468624226e+02
6.753142451228926792e-05 1.711907937323225610e+02
6.978933236490913268e-05 1.766946380728582540e+02
7.212273318850868345e-05 1.823753278973458976e+02
7.453415108461877573e-05 1.882385522014965034e+02
7.702619454790587906e-05 1.942901577506366380e+02
7.960155928784993205e-05 2.005361651288382348e+02
8.226303114476471348e-05 2.069828724145556293e+02
8.501348910331518868e-05 2.136366660970690816e+02
8.785590840679157983e-05 2.205041841104497564e+02
9.079336377550881697e-05 2.275923063812447822e+02
9.382903273281309529e-05 2.349080730502067524e+02
9.696619904229312483e-05 2.424587405468895724e+02
1.002082562599141270e-04 2.502519040503517544e+02
1.035587114049174785e-04 2.582953065605535130e+02
1.070211887534562421e-04 2.665969436820437863e+02
1.105994337590709140e-04 2.751650926254996534e+02
1.142973171042456330e-04 2.840082702037734066e+02
1.181188388874281471e-04 2.931352261355555697e+02
1.220681329500424115e-04 3.025550290629302594e+02
1.261494713481742377e-04 3.122771098162606904e+02
1.303672689737678670e-04 3.223110674168430023e+02
1.347260883303314362e-04 3.326668440917903240e+02
1.392306444683180742e-04 3.433547665801547737e+02
1.438858100855209437e-04 3.543853884759564039e+02
1.486966207979997041e-04 3.657695735525295504e+02
1.536682805872396744e-04 3.775186415384259817e+02
1.588061674294368483e-04 3.896441918159539455e+02
1.641158391129971276e-04 4.021581619980383380e+02
1.696030392505434848e-04 4.150729293362775820e+02
1.752737034919339915e-04 4.284012388959582154e+02
1.811339659450114388e-04 4.421561493011958532e+02
1.871901658110307874e-04 4.563512178547314306e+02
1.934488542419408646e-04 4.710003790732342281e+02
1.999168014269393128e-04 4.861180131636731403e+02
2.066010039159656652e-04 5.017189392591254204e+02
2.135086921880547338e-04 5.178182414021425757e+02
2.206473384727377968e-04 5.344318502576777519e+02
2.280246648329511538e-04 5.515758678220818183e+02
2.356486515181963309e-04 5.692668997612065596e+02
2.435275455969876748e-04 5.875222238164806186e+02
2.516698698779247295e-04 6.063595003137482990e+02
2.600844321290405573e-04 6.257968530762317414e+02
2.687803346053976817e-04 6.458532203059093035e+02
2.777669838952388651e-04 6.665476751582619954e+02
2.870541010953427292e-04 6.879000485098345052e+02
2.966517323265922064e-04 7.099310451393718040e+02
3.065702596011295341e-04 7.326615126475529678e+02
3.168204120528543403e-04 7.561131202997243008e+02
3.274132775434116785e-04 7.803080416290639505e+02
3.383603146562264279e-04 8.052691612644507586e+02
3.496733650915567022e-04 8.310200576548306799e+02
3.613646664759745386e-04 8.575848648903295270e+02
3.734468656001317080e-04 8.849883305380768661e+02
3.859330320991275886e-04 9.132558306675065296e+02
3.988366725902805230e-04 9.424136853867671562e+02
4.121717452835938129e-04 9.724888541924502761e+02
4.259526750807212541e-04 1.003508841018537851e+03
4.401943691787655547e-04 1.035501888422983484e+03
4.549122331957894719e-04 1.068497035750368923e+03
4.701221878354804149e-04 1.102524267211222195e+03
4.858406861089974399e-04 1.137613813964958808e+03
5.020847311326308640e-04 1.173796938319060018e+03
5.188718945205230424e-04 1.211105994313578549e+03
5.362203353923492141e-04 1.249573626364421898e+03
5.541488200165187389e-04 1.289233496739284647e+03
5.726767421101455150e-04 1.330119869364893248e+03
5.918241438177454907e-04 1.372267818565556126e+03
6.116117373913557359e-04 1.415713380049169700e+03
6.320609275955268004e-04 1.460493431536938715e+03
6.531938348614238542e-04 1.506645536884384910e+03
6.750333192150836329e-04 1.554208051891775085e+03
6.976030050057104547e-04 1.603219975528362966e+03
7.209273064607610694e-04 1.653721445348911857e+03
7.450314540954613768e-04 1.705753375289634960e+03
7.699415220053250396e-04 1.759357004529078722e+03
7.956844560711916160e-04 1.814574596534195507e+03
8.222881031073025473e-04 1.871449463430229798e+03
8.497812409839368810e-04 1.930025371618086183e+03
8.781936097571961097e-04 1.990347130298305274e+03
9.075559438396131216e-04 2.052460021286204210e+03
9.379000052463793693e-04 2.116409332827680828e+03
9.692586179531593148e-04 2.182242693977993895e+03
1.001665703402655023e-03 2.250007332389509884e+03
1.035156317198330069e-03 2.319750227198271659e+03
1.069766687024985286e-03 2.391520067260817541e+03
1.105534251837205851e-03 2.465366333299018152e+03
1.142497702358069404e-03 2.541337358133488578e+03
1.180697022931930960e-03 2.619484372615333086e+03
1.220173534776542454e-03 2.699850441345036415e+03
1.260969940681316284e-03 2.782489842304690228e+03
1.303130371200056587e-03 2.867458510857510646e+03
1.346700432388157767e-03 2.954800342549216111e+03
1.391727255135877424e-03 3.044565388995223657e+03
1.438259546151070007e-03 3.136803779541715357e+03
1.486347640646530459e-03 3.231563801246390994e+03
1.536043556788919398e-03 3.328894106970797111e+03
1.587401051968200579e-03 3.428842543204462345e+03
1.640475680948428249e-03 3.531454856655357617e+03
1.695324855962815390e-03 3.636778957432696188e+03
1.752007908818060174e-03 3.744858172039344481e+03
1.810586155075142928e-03 3.855735421902864346e+03
1.871122960375984270e-03 3.969452819979257583e+03
1.933683808987751848e-03 4.086050128856210449e+03
1.998336374638913938e-03 4.205565619691816210e+03
2.065150593723721201e-03 4.328034869987646744e+03
2.134198740954243185e-03 4.453490331787536888e+03
2.205555507541849362e-03 4.581962841310447402e+03
2.279298081992675151e-03 4.713479860804027339e+03
2.355506233604463730e-03 4.848065166413673069e+03
2.434262398755145627e-03 4.985741174681973462e+03
2.515651770076436904e-03 5.126522628721620094e+03
2.599762388608985089e-03 5.270423405864058623e+03
2.686685239038679764e-03 5.417453183581889789e+03
2.776514348117217236e-03 5.567616110820140420e+03
2.869346886373309435e-03 5.720912264678392603e+03
2.965283273224645581e-03 5.877334854169044775e+03
3.064427285604211931e-03 6.036872703091648873e+03
3.166886170218578649e-03 6.199508986474607809e+03
3.272770759559481216e-03 6.365219341647337387e+03
3.382195591794276077e-03 6.533973215317452741e+03
3.495279034664920681e-03 6.705732137025713200e+03
3.612143413529477973e-03 6.880443788393646173e+03
3.732915143684721951e-03 7.058081150484618774e+03
3.857724867112893516e-03 7.238554160084785508e+03
3.986707593800617976e-03 7.421766626965154501e+03
4.120002847782761740e-03 7.607659624057696419e+03
4.257754818069308354e-03 7.796127809525604789e+03
4.400112514618404608e-03 7.987065330833904227e+03
4.547229929524409554e-03 8.180351225340289602e+03
4.699266203595197679e-03 8.375854671854247499e+03
4.856385798499019031e-03 8.573434166305612962e+03
5.018758674667020935e-03 8.772931634321792444e+03
5.186560475143959549e-03 8.974178505599242271e+03
5.359972715585955248e-03 9.176992922758801797e+03
5.539182980610755057e-03 9.381177216684569430e+03
5.724385126713026593e-03 9.586518509224733862e+03
5.915779491964028892e-03 9.792788311303585942e+03
6.113573112722652143e-03 9.999735656602082599e+03
6.317979947592099882e-03 1.020708178112867608e+04
6.529221108864616957e-03 1.041455788029362884e+04
6.747525101704480652e-03 1.062186183378446185e+04
6.973128071328140755e-03 1.082866261932969246e+04
7.206274058448705437e-03 1.103462149081427015e+04
7.447215263261310406e-03 1.123938309903384834e+04
7.696212318254701257e-03 1.144256731900618979e+04
7.953534570144332738e-03 1.164377644943053929e+04
8.219460371231864307e-03 1.184258558153276863e+04
8.494277380506187053e-03 1.203854983880087275e+04
8.778282874811823774e-03 1.223120426316457451e+04
9.071784070421121463e-03 1.242004480703694571e+04
9.375098455358292851e-03 1.260456701064831213e+04
9.688554132834568261e-03 1.278423928064459687e+04
1.001249017616620725e-02 1.295850956387212682e+04
1.034725699555901803e-02 1.312680579754296014e+04
1.069321671715643858e-02 1.328852512873172782e+04
1.105074357476093505e-02 1.344304440530815009e+04
1.142022431465263173e-02 1.358972168873441660e+04
1.180205861394306721e-02 1.372790564576218640e+04
1.219665951291643881e-02 1.385693266035600027e+04
1.260445386182631328e-02 1.397611777319265639e+04
1.302588278263077520e-02 1.408475660557208539e+04
1.346140214616583890e-02 1.418214479839925662e+04
1.391148306527291781e-02 1.426756747586007987e+04
1.437661240441416924e-02 1.434031574953918062e+04
1.485729330632660182e-02 1.439968624406868184e+04
1.535404573628500365e-02 1.444497664672776591e+04
1.586740704456205894e-02 1.447550012451131624e+04
1.639793254769450481e-02 1.449059899703268457e+04
1.694619612918364313e-02 1.448965370130992596e+04
1.751279086028037155e-02 1.447207146062636093e+04
1.809832964152614798e-02 1.443730725388928840e+04
1.870344586574363213e-02 1.438488948247323060e+04
1.932879410319460894e-02 1.431440714612855845e+04
1.997505080964588620e-02 1.422553870419624945e+04
2.064291505810955316e-02 1.411805361178124076e+04
2.133310929504865505e-02 1.399183891306222540e+04
2.204638012186681956e-02 1.384690393719973508e+04
2.278349910252664909e-02 1.368337872722069733e+04
2.354526359817107548e-02 1.350156598437221328e+04
2.433249762964985810e-02 1.330191405785503957e+04
2.514605276888498206e-02 1.308505292981072671e+04
2.598680906003840441e-02 1.285178939293465555e+04
2.685567597147924673e-02 1.260311829636373659e+04
2.775359337957988490e-02 1.234023286443142752e+04
2.868153258540498754e-02 1.206451455601634916e+04
2.964049736539381419e-02 1.177753350850586321e+04
3.063152505717161092e-02 1.148104361745763890e+04
3.165568768166540647e-02 1.117696454185468610e+04
3.271409310273729054e-02 1.086735604239329950e+04
3.380788622559029871e-02 1.055440438209179229e+04
3.493825023524253087e-02 1.024038835760158508e+04
3.610640787640997940e-02 9.927632634180181412e+03
3.731362277618164441e-02 9.618474137932535086e+03
3.856120081091872487e-02 9.315209289241440274e+03
3.985049151885547425e-02 9.020039050092953403e+03
4.118288955993056055e-02 8.735014558071925421e+03
4.255983622442782027e-02 8.461975017706121434e+03
4.398282099205792772e-02 8.202490467764400819e+03
4.545338314316834522e-02 7.957797486394510997e+03
4.697311342382341770e-02 7.728735152433137955e+03
4.854365576655684383e-02 7.515686635553337510e+03
5.016670906865677154e-02 7.318528053552999154e+03
5.184402902990837420e-02 7.136574309397636171e+03
5.357743005178047802e-02 6.968551515258805011e+03
5.536878720011212396e-02 6.812559343542470742e+03
5.722003823342062395e-02 6.666092234549353634e+03
5.913318569902666078e-02 6.526067287885092810e+03
6.111029909926251474e-02 6.388906495924881710e+03
6.315351713010779189e-02 6.250664162351300547e+03
6.526504999467336310e-02 6.107228571221761740e+03
6.744718179403717817e-02 5.954574838627930149e+03
6.970227299801623477e-02 5.789083040164887279e+03
7.203276299854979858e-02 5.607890587634788972e+03
7.444117274845411802e-02 5.409247045244223045e+03
7.693010748840443946e-02 5.192843577194729733e+03
7.950225956509210379e-02 4.960044546277465997e+03
8.216041134360790865e-02 4.713961538186027610e+03
8.490743821719984319e-02 4.459354737717751959e+03
8.774631171766281157e-02 4.202315627146086626e+03
9.068010272972255870e-02 3.949760439870686241e+03
9.371198481289348681e-02 3.708770600274261596e+03
9.684523763440215649e-02 3.485872396382836541e+03
1.000832505168899600e-01 3.286334736277067350e+03
1.034295261047340625e-01 3.113558913723442402e+03
1.068876841529496080e-01 2.968625558536611152e+03
1.104614654427753945e-01 2.850027751910565257e+03
1.141547358281756464e-01 2.753625966902611253e+03
1.179714904176376727e-01 2.672880636096012040e+03
1.219158578957853512e-01 2.599456295221309574e+03
1.259921049894874856e-01 2.524260482270126431e+03
1.302046410832891354e-01 2.438929886955538677e+03
1.345580229891604751e-01 2.337527306886723181e+03
1.390569598757198100e-01 2.218056806527741628e+03
1.437063183622670492e-01 2.083223229873418859e+03
1.485111277831346888e-01 1.940042147574072487e+03
1.534765856280515817e-01 1.798213659147909993e+03
1.586080631644066208e-01 1.667703111020468896e+03
1.639111112474894438e-01 1.556234588514864981e+03
1.693914663249987407e-01 1.467397877946396648e+03
1.750550566423093313e-01 1.399771012310083051e+03
1.809080086552135869e-01 1.347227190115862868e+03
1.869566536570689830e-01 1.300480064489200004e+03
1.932075346275276828e-01 1.249801788870100836e+03
1.996674133102498971e-01 1.188537737669170610e+03
2.063432775272630582e-01 1.115452453993819518e+03
2.132423487378718452e-01 1.035602112465008304e+03
2.203720898503036263e-01 9.575335727312502740e+02
2.277402132945338109e-01 8.894747890646314090e+02
2.353546893650253491e-01 8.354952993861226105e+02
2.432237548424092122e-01 7.939618774190938666e+02
2.513559219034258718e-01 7.586425844170103119e+02
2.597599873287743666e-01 7.220969393694089149e+02
2.684450420188219666e-01 6.798976706430787544e+02
2.774204808274743361e-01 6.331112777168942785e+02
2.866960127248350254e-01 5.869697941614062984e+02
2.962816712996577673e-01 5.468624836344625919e+02
3.061878256129444420e-01 5.144161951057607212e+02
3.164251914144354805e-01 4.868660684630906417e+02
3.270048427341168962e-01 4.596674917935729923e+02
3.379382238612947953e-01 4.303616784943704374e+02
3.492371617241852855e-01 4.003385826143659187e+02
3.609138786834163448e-01 3.727956317089742697e+02
3.729810057532814693e-01 3.492667644812998446e+02
3.854515962650386651e-01 3.283866078498476213e+02
3.983391399870480631e-01 3.078551792663285482e+02
4.116575777170102257e-01 2.870842035432217472e+02
4.254213163620995108e-01 2.673801093461274831e+02
4.396452445232932327e-01 2.498019067486100369e+02
4.543447486007690661e-01 2.338235399675749591e+02
4.695357294377799362e-01 2.184008804742291829e+02
4.852346195210218704e-01 2.034756500219195061e+02
5.014584007560848322e-01 1.896618986414630399e+02
5.182246228372336949e-01 1.770274944953005161e+02
5.355514222313770833e-01 1.651044617681201885e+02
5.534575417967635413e-01 1.537598282928686331e+02
5.719623510576314906e-01 1.432100210194351462e+02
5.910858671567322808e-01 1.334302108775299018e+02
6.108487765084068544e-01 1.242255431660552887e+02
6.312724571756275216e-01 1.155915407419872025e+02
6.523790019952193653e-01 1.075650502412095051e+02
6.741912424762606104e-01 1.000621773033134900e+02
6.967327734975364839e-01 9.304349866155698123e+01
7.200279788307419881e-01 8.649829747769676658e+01
7.441020575170596008e-01 8.039485991748749427e+01
7.689810511256225389e-01 7.470211935147381155e+01
7.946918719233755368e-01 6.939255524125788099e+01
8.212623319867858873e-01 6.444245159860406602e+01
8.487211732869031078e-01 5.982954721529326747e+01
8.770980987803161932e-01 5.553265427442933344e+01
9.064238045396205701e-01 5.153156015016040925e+01
9.367300129581793700e-01 4.780718756764083111e+01
9.680495070650749767e-01 4.434146504234215769e+01
1.000416165987385808e+00 4.111718262501980803e+01
1.033865001598128330e+00 3.811819446087491770e+01
1.068432196389532240e+00 3.532948251506989124e+01
1.104155142612600837e+00 3.273719788051709401e+01
1.141072482725305592e+00 3.032834944486502238e+01
1.179224151193147607e+00 2.809065995662974302e+01
1.218651417687333982e+00 2.601244202665368022e+01
1.259396931727273516e+00 2.408274243754609856e+01
1.301504768815691548e+00 2.229136490676900451e+01
1.345020478116276896e+00 2.062888448331104385e+01
1.389991131725407447e+00 1.908649146182769840e+01
1.436465375591293947e+00 1.765591131689786764e+01
1.484493482135585296e+00 1.632932857021136286e+01
1.534127404634392455e+00 1.509943475746842267e+01
1.585420833417506836e+00 1.395942571621831974e+01
1.638429253946665609e+00 1.290299547310979200e+01
1.693210006835640158e+00 1.192426575675840894e+01
1.749822349877109051e+00 1.101774448189047639e+01
1.808327522143368116e+00 1.017829102840724431e+01
1.868788810230267217e+00 9.401109725700980135e+00
1.931271616715998229e+00 8.681733315198513878e+00
1.995843530908793184e+00 8.016001983318332691e+00
2.062574401960084458e+00 7.400043043939746212e+00
2.131536414422164238e+00 6.830252120768468771e+00
2.202804166332139602e+00 6.303275846237959890e+00
2.276454749906602792e+00 5.815994967793449710e+00
2.352567834934338631e+00 5.365508661247726074e+00
2.431225754957225149e+00 4.949119896925071593e+00
2.512513596332623944e+00 4.564321935002338293e+00
2.596519290273538783e+00 4.208785530206817782e+00
2.683333707966161441e+00 3.880346470230704892e+00
2.773050758867611432e+00 3.576994847241776743e+00
2.865767492290306695e+00 3.296864797423775695e+00
2.961584202382770314e+00 3.038224313219334505e+00
3.060604536620467719e+00 2.799466284286550088e+00
3.162935607924048931e+00 2.579100049242987858e+00
3.268688110526199786e+00 2.375743220423090385e+00
3.377976439712552459e+00 2.188114168099812851e+00
3.490918815566087297e+00 2.015025001472043886e+00
3.607637410848952619e+00 1.855374978898278737e+00
3.728258483159945236e+00 1.708144334276165965e+00
3.852912511510727001e+00 1.572388499936355100e+00
3.981734337468417539e+00 1.447232531938351219e+00
4.114863311017320058e+00 1.331866273626171493e+00
4.252443441297450555e+00 1.225539910791150433e+00
4.394623552383071896e+00 1.127559681915274448e+00
4.541557444269631816e+00 1.037283788872182200e+00
4.693404059243289517e+00 9.541185577589145206e-01
4.850327653813030437e+00 8.775147943215556579e-01
5.012497976391239618e+00 8.069646016252032261e-01
5.180090450915090017e+00 7.419985138162352722e-01
5.353286366607249214e+00 6.821827367317564450e-01
5.532273074081278885e+00 6.271164928090128265e-01
5.717244188003695271e+00 5.764294993630693087e-01
5.908399796532135539e+00 5.297796478176061141e-01
6.105946677756002750e+00 4.868509250330830262e-01
6.310098523373801171e+00 4.473515457498464243e-01
6.521076169849157722e+00 4.110121126163203131e-01
6.739107837295406966e+00 3.775839398999613072e-01
6.964429376347387013e+00 3.468375405288379731e-01
7.197284523287298619e+00 3.185612014222378163e-01
7.437925163700752407e+00 2.925596396655530396e-01
7.686611604948010879e+00 2.686527228641422127e-01
7.943612857745410594e+00 2.466742930064124706e-01
8.209206927161357470e+00 2.264710996407289789e-01
8.483681113341843272e+00 2.079018577787643540e-01
8.767332322290526392e+00 1.908363240952808126e-01
9.060467387039910392e+00 1.751544459348002847e-01
9.363403399560734641e+00 1.607455999696475180e-01
9.676468053768756405e+00 1.475078862832884252e-01
1.000000000000001243e+01 1.353474647743100612e-01
