2.000000000000000164e-05 1.581052559607171304e+01
2.066869842267550072e-05 1.631894807567596217e+01
2.135975472437544027e-05 1.684372048016938095e+01
2.207391643902171255e-05 1.738536638533589951e+01
2.281195609427394449e-05 1.794442832972912427e+01
2.357467204719313169e-05 1.852146823221026395e+01
2.436288934784564352e-05 1.911706248357367599e+01
2.517746063178175121e-05 1.973180708297713082e+01
2.601926704235410016e-05 2.036631921359278863e+01
2.688921918387384303e-05 2.102123320117873106e+01
2.778825810663545582e-05 2.169720831707831366e+01
2.871735632487579741e-05 2.239491885917664860e+01
2.967751886876853870e-05 2.311506228901707871e+01
3.066978437159193627e-05 2.385836188363586530e+01
3.169522619324599853e-05 2.462556220335636681e+01
3.275495358133433647e-05 2.541742938119168116e+01
3.385011287106671010e-05 2.623475951798684846e+01
3.498188872528021299e-05 2.707836715827523477e+01
3.615150541592045298e-05 2.794909782997640946e+01
3.736022814836899319e-05 2.884782664698176191e+01
3.860936443004954884e-05 2.977544927556507304e+01
3.990026548479344494e-05 3.073289603101647316e+01
4.123432771449419843e-05 3.172112934097296133e+01
4.261299420963254024e-05 3.274113462443558831e+01
4.403775631030562105e-05 3.379392857099235670e+01
4.551015521944909301e-05 3.488056744054087943e+01
4.703178366999723984e-05 3.600214442690069205e+01
4.860428764778435972e-05 3.715978422730999853e+01
5.022936817205134787e-05 3.835463298404775401e+01
5.190878313548323190e-05 3.958788849570478874e+01
5.364434920576834987e-05 4.086079365409648290e+01
5.543794379073590958e-05 4.217461708443121893e+01
5.729150706919781900e-05 4.353066686875360602e+01
5.920704408969155763e-05 4.493031440128103782e+01
6.118662693939432690e-05 4.637494430492469633e+01
6.323239698555469304e-05 4.786600096354109013e+01
6.534656719186627638e-05 4.940499218749511812e+01
6.753142451228926792e-05 5.099345062477406998e+01
6.978933236490913268e-05 5.263294845344817219e+01
7.212273318850868345e-05 5.432513552309344362e+01
7.453415108461877573e-05 5.607170664458204357e+01
7.702619454790587906e-05 5.787439796346074417e+01
7.960155928784993205e-05 5.973500822735957172e+01
8.226303114476471348e-05 6.165540553842050997e+01
8.501348910331518868e-05 6.363750300416862160e+01
8.785590840679157983e-05 6.568328620628609826e+01
9.079336377550881697e-05 6.779479142894834354e+01
9.382903273281309529e-05 6.997411310646442928e+01
9.696619904229312483e-05 7.222342888981347642e+01
1.002082562599141270e-04 7.454499742171367416e+01
1.035587114049174785e-04 7.694112237649265751e+01
1.070211887534562421e-04 7.941418686438912289e+01
1.105994337590709140e-04 8.196665991721609146e+01
1.142973171042456330e-04 8.460108499290839745e+01
1.181188388874281471e-04 8.732007595722048165e+01
1.220681329500424115e-04 9.012633406095628175e+01
1.261494713481742377e-04 9.302266650356077093e+01
1.303672689737678670e-04 9.601194912765292599e+01
1.347260883303314362e-04 9.909713067979876655e+01
1.392306444683180742e-04 1.022812828505910261e+02
1.438858100855209437e-04 1.055675899976827594e+02
1.486966207979997041e-04 1.089592460267268734e+02
1.536682805872396744e-04 1.124596772992243530e+02
1.588061674294368483e-04 1.160723327914499095e+02
1.641158391129971276e-04 1.198007547203879568e+02
1.696030392505434848e-04 1.236486611439895285e+02
1.752737034919339915e-04 1.276198361798296332e+02
1.811339659450114388e-04 1.317181838244383414e+02
1.871901658110307874e-04 1.359477550255705580e+02
1.934488542419408646e-04 1.403127231718954135e+02
1.999168014269393128e-04 1.448173636719912167e+02
2.066010039159656652e-04 1.494660902154997473e+02
2.135086921880547338e-04 1.542634994515187827e+02
2.206473384727377968e-04 1.592142504068706330e+02
2.280246648329511538e-04 1.643231763301268700e+02
2.356486515181963309e-04 1.695952860780914193e+02
2.435275455969876748e-04 1.750357148325485070e+02
2.516698698779247295e-04 1.806497310551176270e+02
2.600844321290405573e-04 1.864428037520535497e+02
2.687803346053976817e-04 1.924205476106109529e+02
2.777669838952388651e-04 1.985886998310050160e+02
2.870541010953427292e-04 2.049532202734934287e+02
2.966517323265922064e-04 2.115202596687412040e+02
3.065702596011295341e-04 2.182960613203547950e+02
3.168204120528543403e-04 2.252871588424850415e+02
3.274132775434116785e-04 2.325001715508105065e+02
3.383603146562264279e-04 2.399419561709206050e+02
3.496733650915567022e-04 2.476195842387569144e+02
3.613646664759745386e-04 2.555402712957281040e+02
3.734468656001317080e-04 2.637114770344099952e+02
3.859330320991275886e-04 2.721408674517446684e+02
3.988366725902805230e-04 2.808362265721785889e+02
4.121717452835938129e-04 2.898056602585883752e+02
4.259526750807212541e-04 2.990575028858971791e+02
4.401943691787655547e-04 3.086001592502027506e+02
4.549122331957894719e-04 3.184423681112266422e+02
4.701221878354804149e-04 3.285931107247911882e+02
4.858406861089974399e-04 3.390615240881552950e+02
5.020847311326308640e-04 3.498569531258094116e+02
5.188718945205230424e-04 3.609890542218249720e+02
5.362203353923492141e-04 3.724677404485550483e+02
5.541488200165187389e-04 3.843029409029167027e+02
5.726767421101455150e-04 3.965050544558062597e+02
5.918241438177454907e-04 4.090846404798128901e+02
6.116117373913557359e-04 4.220523943587009512e+02
6.320609275955268004e-04 4.354193535415402607e+02
6.531938348614238542e-04 4.491968549359387453e+02
6.750333192150836329e-04 4.633962263090351712e+02
6.976030050057104547e-04 4.780292125313831662e+02
7.209273064607610694e-04 4.931077705141486263e+02
7.450314540954613768e-04 5.086440309140186287e+02
7.699415220053250396e-04 5.246503812128592017e+02
7.956844560711916160e-04 5.411393221689052098e+02
8.222881031073025473e-04 5.581237579085675407e+02
8.497812409839368810e-04 5.756166900158785893e+02
8.781936097571961097e-04 5.936313111758173591e+02
9.075559438396131216e-04 6.121810973548226684e+02
9.379000052463793693e-04 6.312796727882488312e+02
9.692586179531593148e-04 6.509407568931903825e+02
1.001665703402655023e-03 6.711783795717201428e+02
1.035156317198330069e-03 6.920066235715496532e+02
1.069766687024985286e-03 7.134398449204251165e+02
1.105534251837205851e-03 7.354925769341798514e+02
1.142497702358069404e-03 7.581792487434451004e+02
1.180697022931930960e-03 7.815149025073451412e+02
1.220173534776542454e-03 8.055120617102546703e+02
1.260969940681316284e-03 8.301872965115227316e+02
1.303130371200056587e-03 8.555575054098997043e+02
1.346700432388157767e-03 8.816353809566196560e+02
1.391727255135877424e-03 9.084362428014579791e+02
1.438259546151070007e-03 9.359748036304332572e+02
1.486347640646530459e-03 9.642656405219196358e+02
1.536043556788919398e-03 9.933234407838367588e+02
1.587401051968200579e-03 1.023162568274550836e+03
1.640475680948428249e-03 1.053796882555154070e+03
1.695324855962815390e-03 1.085240241250347935e+03
1.752007908818060174e-03 1.117505904484999746e+03
1.810586155075142928e-03 1.150606942739375882e+03
1.871122960375984270e-03 1.184555633429087266e+03
1.933683808987751848e-03 1.219363613650874868e+03
1.998336374638913938e-03 1.255042570904242666e+03
2.065150593723721201e-03 1.291602581021626747e+03
2.134198740954243185e-03 1.329053241222575252e+03
2.205555507541849362e-03 1.367403784625356138e+03
2.279298081992675151e-03 1.406662269797159979e+03
2.355506233604463730e-03 1.446835444112193727e+03
2.434262398755145627e-03 1.487929597601270416e+03
2.515651770076436904e-03 1.529949858504699705e+03
2.599762388608985089e-03 1.572899928454295150e+03
2.686685239038679764e-03 1.616782297255548201e+03
2.776514348117217236e-03 1.661598381036191995e+03
2.869346886373309435e-03 1.707348134149925045e+03
2.965283273224645581e-03 1.754029429664515646e+03
3.064427285604211931e-03 1.801638903888734603e+03
3.166886170218578649e-03 1.850171792725327123e+03
3.272770759559481216e-03 1.899620455099686524e+03
3.382195591794276077e-03 1.949975244995595858e+03
3.495279034664920681e-03 2.001225239268888117e+03
3.612143413529477973e-03 2.053354830305606356e+03
3.732915143684721951e-03 2.106355247969383981e+03
3.857724867112893516e-03 2.160200092758392657e+03
3.986707593800617976e-03 2.214860305281788442e+03
4.120002847782761740e-03 2.270316961620021630e+03
4.257754818069308354e-03 2.326539549133281980e+03
4.400112514618404608e-03 2.383495399871933387e+03
4.547229929524409554e-03 2.441148304913805987e+03
4.699266203595197679e-03 2.499458249738680934e+03
4.856385798499019031e-03 2.558382105993610367e+03
5.018758674667020935e-03 2.617873525559472000e+03
5.186560475143959549e-03 2.677881786716714032e+03
5.359972715585955248e-03 2.738351319691735171e+03
5.539182980610755057e-03 2.799223450080164184e+03
5.724385126713026593e-03 2.860434515197043766e+03
5.915779491964028892e-03 2.921915376607750659e+03
6.113573112722652143e-03 2.983590987563865838e+03
6.317979947592099882e-03 3.045376913635387609e+03
6.529221108864616957e-03 3.107191864536839603e+03
6.747525101704480652e-03 3.168944316408633767e+03
6.973128071328140755e-03 3.230535056727134361e+03
7.206274058448705437e-03 3.291862678441234948e+03
7.447215263261310406e-03 3.352819022907160161e+03
7.696212318254701257e-03 3.413291499152875986e+03
7.953534570144332738e-03 3.473159671088856157e+03
8.219460371231864307e-03 3.532295752891308439e+03
8.494277380506187053e-03 3.590566326087763173e+03
8.778282874811823774e-03 3.647830423182443610e+03
9.071784070421121463e-03 3.703936457257441361e+03
9.375098455358292851e-03 3.758731748053625779e+03
9.688554132834568261e-03 3.812057333023894444e+03
1.001249017616620725e-02 3.863747761194390023e+03
1.034725699555901803e-02 3.913630118248359395e+03
1.069321671715643858e-02 3.961522867844148550e+03
1.105074357476093505e-02 4.007239543799938929e+03
1.142022431465263173e-02 4.050585091984510200e+03
1.180205861394306721e-02 4.091365557104089930e+03
1.219665951291643881e-02 4.129381599849873965e+03
1.260445386182631328e-02 4.164425072853442543e+03
1.302588278263077520e-02 4.196286650429126894e+03
1.346140214616583890e-02 4.224753796819948548e+03
1.391148306527291781e-02 4.249612685326686005e+03
1.437661240441416924e-02 4.270651302223146558e+03
1.485729330632660182e-02 4.287658988770555879e+03
1.535404573628500365e-02 4.300425412153298566e+03
1.586740704456205894e-02 4.308744227822795438e+03
1.639793254769450481e-02 4.312421367135065339e+03
1.694619612918364313e-02 4.311271473714436979e+03
1.751279086028037155e-02 4.305118902817134767e+03
1.809832964152614798e-02 4.293803464125393475e+03
1.870344586574363213e-02 4.277185443007921094e+03
1.932879410319460894e-02 4.255146620417436679e+03
1.997505080964588620e-02 4.227593776456442356e+03
2.064291505810955316e-02 4.194463396924328663e+03
2.133310929504865505e-02 4.155726120005520897e+03
2.204638012186681956e-02 4.111390066659016156e+03
2.278349910252664909e-02 4.061504294907561871e+03
2.354526359817107548e-02 4.006164148402554019e+03
2.433249762964985810e-02 3.945513411525993888e+03
2.514605276888498206e-02 3.879749695457067901e+03
2.598680906003840441e-02 3.809124565849326245e+03
2.685567597147924673e-02 3.733947031373271784e+03
2.775359337957988490e-02 3.654583698543186983e+03
2.868153258540498754e-02 3.571459719337757178e+03
2.964049736539381419e-02 3.485057020817141165e+03
3.063152505717161092e-02 3.395910500787326328e+03
3.165568768166540647e-02 3.304606250191900472e+03
3.271409310273729054e-02 3.211771103778802171e+03
3.380788622559029871e-02 3.118068439332402249e+03
3.493825023524253087e-02 3.024188463036793564e+03
3.610640787640997940e-02 2.930833341460991505e+03
3.731362277618164441e-02 2.838707055317948743e+03
3.856120081091872487e-02 2.748501230479795595e+03
3.985049151885547425e-02 2.660873043928471361e+03
4.118288955993056055e-02 2.576436510974137491e+03
4.255983622442782027e-02 2.495738083524446211e+03
4.398282099205792772e-02 2.419240351034029118e+03
4.545338314316834522e-02 2.347304231754665580e+03
4.697311342382341770e-02 2.280169030496947926e+03
4.854365576655684383e-02 2.217934445163165947e+03
5.016670906865677154e-02 2.160545750735302590e+03
5.184402902990837420e-02 2.107776526157979788e+03
5.357743005178047802e-02 2.059220335263995366e+03
5.536878720011212396e-02 2.014281271824419264e+03
5.722003823342062395e-02 1.972177294351620503e+03
5.913318569902666078e-02 1.931951517813828332e+03
6.111029909926251474e-02 1.892495202454830405e+03
6.315351713010779189e-02 1.852590312780515887e+03
6.526504999467336310e-02 1.810968813797996518e+03
6.744718179403717817e-02 1.766392962995383868e+03
6.970227299801623477e-02 1.717754334251904311e+03
7.203276299854979858e-02 1.664180689282703952e+03
7.444117274845411802e-02 1.605147848737790582e+03
7.693010748840443946e-02 1.540580485536110928e+03
7.950225956509210379e-02 1.470920202715059986e+03
8.216041134360790865e-02 1.397149581836506741e+03
8.490743821719984319e-02 1.320755885238235351e+03
8.774631171766281157e-02 1.243631371953050348e+03
9.068010272972255870e-02 1.167913881154477167e+03
9.371198481289348681e-02 1.095783325007897474e+03
9.684523763440215649e-02 1.029238490912359566e+03
1.000832505168899600e-01 9.698818422809364392e+02
1.034295261047340625e-01 9.187377898989823279e+02
1.068876841529496080e-01 8.761150156112031482e+02
1.104614654427753945e-01 8.415283982575822392e+02
1.141547358281756464e-01 8.136880190507579300e+02
1.179714904176376727e-01 7.905686842058174761e+02
1.219158578957853512e-01 7.695961641648783598e+02
1.259921049894874856e-01 7.479670969860095511e+02
1.302046410832891354e-01 7.231074391831124331e+02
1.345580229891604751e-01 6.931991620680985307e+02
1.390569598757198100e-01 6.576476545879953619e+02
1.437063183622670492e-01 6.173138902987244592e+02
1.485111277831346888e-01 5.743865863140488273e+02
1.534765856280515817e-01 5.318723496386394345e+02
1.586080631644066208e-01 4.928433678098928681e+02
1.639111112474894438e-01 4.596658999289382450e+02
1.693914663249987407e-01 4.334247570536782064e+02
1.750550566423093313e-01 4.136628546085374296e+02
1.809080086552135869e-01 3.984800673516289180e+02
1.869566536570689830e-01 3.850104369961259181e+02
1.932075346275276828e-01 3.702581655290819072e+02
1.996674133102498971e-01 3.521815020417026290e+02
2.063432775272630582e-01 3.304186931651209989e+02
2.132423487378718452e-01 3.065470500396791635e+02
2.203720898503036263e-01 2.832126967042145225e+02
2.277402132945338109e-01 2.629474502877281452e+02
2.353546893650253491e-01 2.469923405470705404e+02
2.432237548424092122e-01 2.348311247438432474e+02
2.513559219034258718e-01 2.245374497533556450e+02
2.597599873287743666e-01 2.138207258275601532e+02
2.684450420188219666e-01 2.013258869616435902e+02
2.774204808274743361e-01 1.873943642641311271e+02
2.866960127248350254e-01 1.736468155217444576e+02
2.962816712996577673e-01 1.617415925549942983e+02
3.061878256129444420e-01 1.521722016693125852e+02
3.164251914144354805e-01 1.440810697450913551e+02
3.270048427341168962e-01 1.360687310177879681e+02
3.379382238612947953e-01 1.273843397703239759e+02
3.492371617241852855e-01 1.184630679179444002e+02
3.609138786834163448e-01 1.102916307811194514e+02
3.729810057532814693e-01 1.033392786498313995e+02
3.854515962650386651e-01 9.718246518851512405e+01
3.983391399870480631e-01 9.111400936421772201e+01
4.116575777170102257e-01 8.495680637320971584e+01
4.254213163620995108e-01 7.911589979265929173e+01
4.396452445232932327e-01 7.391668425015919297e+01
4.543447486007690661e-01 6.919584947850073320e+01
4.695357294377799362e-01 6.463282345860272926e+01
4.852346195210218704e-01 6.021183657525584465e+01
5.014584007560848322e-01 5.612290585040321389e+01
5.182246228372336949e-01 5.238659187740574197e+01
5.355514222313770833e-01 4.885908537909141813e+01
5.534575417967635413e-01 4.550062282810019809e+01
5.719623510576314906e-01 4.237851430254943352e+01
5.910858671567322808e-01 3.948524887820977369e+01
6.108487765084068544e-01 3.676131385003620267e+01
6.312724571756275216e-01 3.420599230601985141e+01
6.523790019952193653e-01 3.183098703558786724e+01
6.741912424762606104e-01 2.961084946737096502e+01
6.967327734975364839e-01 2.753368409860421906e+01
7.200279788307419881e-01 2.559678411967396983e+01
7.441020575170596008e-01 2.379070155707499623e+01
7.689810511256225389e-01 2.210615147194529584e+01
7.946918719233755368e-01 2.053494950590158652e+01
8.212623319867858873e-01 1.907009726585694054e+01
8.487211732869031078e-01 1.770502740389905227e+01
8.770980987803161932e-01 1.643347953101138259e+01
9.064238045396205701e-01 1.524946835262528211e+01
9.367300129581793700e-01 1.414734420562834138e+01
9.680495070650749767e-01 1.312175735389755893e+01
1.000416165987385808e+00 1.216761613502132633e+01
1.033865001598128330e+00 1.128014387073169011e+01
1.068432196389532240e+00 1.045489717050794454e+01
1.104155142612600837e+00 9.687778023314168152e+00
1.141072482725305592e+00 8.974942143963888341e+00
1.179224151193147607e+00 8.312756363162110418e+00
1.218651417687333982e+00 7.697761791038619350e+00
1.259396931727273516e+00 7.126716836870645722e+00
1.301504768815691548e+00 6.596604138997914646e+00
1.345020478116276896e+00 6.104635073005699297e+00
1.389991131725407447e+00 5.648203053486075653e+00
1.436465375591293947e+00 5.224859591163485639e+00
1.484493482135585296e+00 4.832291445863084789e+00
1.534127404634392455e+00 4.468335417600707515e+00
1.585420833417506836e+00 4.130977792732623222e+00
1.638429253946665609e+00 3.818352816493804980e+00
1.693210006835640158e+00 3.528721335699751993e+00
1.749822349877109051e+00 3.260458335803898766e+00
1.808327522143368116e+00 3.012042546490953043e+00
1.868788810230267217e+00 2.782054725880389601e+00
1.931271616715998229e+00 2.569172830251027939e+00
1.995843530908793184e+00 2.372165781381598393e+00
2.062574401960084458e+00 2.189887484190062850e+00
2.131536414422164238e+00 2.021271281086516325e+00
2.202804166332139602e+00 1.865324888736697329e+00
2.276454749906602792e+00 1.721125319573462598e+00
2.352567834934338631e+00 1.587814204626816661e+00
2.431225754957225149e+00 1.464593463372015902e+00
2.512513596332623944e+00 1.350721313591084050e+00
2.596519290273538783e+00 1.245508484756546741e+00
2.683333707966161441e+00 1.148314506189080042e+00
2.773050758867611432e+00 1.058544561038517795e+00
2.865767492290306695e+00 9.756464674317566477e-01
2.961584202382770314e+00 8.991076624905610659e-01
3.060604536620467719e+00 8.284525495390627770e-01
3.162935607924048931e+00 7.632400001373761400e-01
3.268688110526199786e+00 7.030609623535682973e-01
3.377976439712552459e+00 6.475362108622139123e-01
3.490918815566087297e+00 5.963142443647249102e-01
3.607637410848952619e+00 5.490693047100220214e-01
3.728258483159945236e+00 5.054995780652778992e-01
3.852912511510727001e+00 4.653255168456859048e-01
3.981734337468417539e+00 4.282882173259796588e-01
4.114863311017320058e+00 3.941479663923446175e-01
4.252443441297450555e+00 3.626828966260046139e-01
4.394623552383071896e+00 3.336876937316184955e-01
4.541557444269631816e+00 3.069724029063433113e-01
4.693404059243289517e+00 2.823613199210823210e-01
4.850327653813030437e+00 2.596919342413320231e-01
5.012497976391239618e+00 2.388139743969493189e-01
5.180090450915090017e+00 2.195885329383802653e-01
5.353286366607249214e+00 2.018872329934509879e-01
5.532273074081278885e+00 1.855914511526575994e-01
5.717244188003695271e+00 1.705915941640787636e-01
5.908399796532135539e+00 1.567864222873877333e-01
6.105946677756002750e+00 1.440824301097080040e-01
6.310098523373801171e+00 1.323932791962599831e-01
6.521076169849157722e+00 1.216392504367702632e-01
6.739107837295406966e+00 1.117467490508563949e-01
6.964429376347387013e+00 1.026478617478194938e-01
7.197284523287298619e+00 9.427993565106679297e-02
7.437925163700752407e+00 8.658518057470326879e-02
7.686611604948010879e+00 7.951028988216922444e-02
7.943612857745410594e+00 7.300609256930318258e-02
8.209206927161357470e+00 6.702723758411729960e-02
8.483681113341843272e+00 6.153191476422648076e-02
8.767332322290526392e+00 5.648158250991175411e-02
9.060467387039910392e+00 5.184071626669189969e-02
9.363403399560734641e+00 4.757658117833703931e-02
9.676468053768756405e+00 4.365902209754726065e-02
1.000000000000001243e+01 4.006026687760350091e-02
