2.000000000000000164e-05 5.307842091233018778e+01
2.066869842267550072e-05 5.478527347271496240e+01
2.135975472437544027e-05 5.654700627000874391e+01
2.207391643902171255e-05 5.836538564276937535e+01
2.281195609427394449e-05 6.024224624640896764e+01
2.357467204719313169e-05 6.217945513772274779e+01
2.436288934784564352e-05 6.417894791880868866e+01
2.517746063178175121e-05 6.624273578400307372e+01
2.601926704235410016e-05 6.837288778333650896e+01
2.688921918387384303e-05 7.057153036755563846e+01
2.778825810663545582e-05 7.284087582155571283e+01
2.871735632487579741e-05 7.518318297733182476e+01
2.967751886876853870e-05 7.760080078892347899e+01
3.066978437159193627e-05 8.009616373247928323e+01
3.169522619324599853e-05 8.267176178997314651e+01
3.275495358133433647e-05 8.533016217992964414e+01
3.385011287106671010e-05 8.807404867165703877e+01
3.498188872528021299e-05 9.090614821092468389e+01
3.615150541592045298e-05 9.382929271204234567e+01
3.736022814836899319e-05 9.684643605692401991e+01
3.860936443004954884e-05 9.996059640486127762e+01
3.990026548479344494e-05 1.031748597527727611e+02
4.123432771449419843e-05 1.064924727820441035e+02
4.261299420963254024e-05 1.099167419166651882e+02
4.403775631030562105e-05 1.134510895827189358e+02
4.551015521944909301e-05 1.170990734752063247e+02
4.703178366999723984e-05 1.208643239207749929e+02
4.860428764778435972e-05 1.247506266258388195e+02
5.022936817205134787e-05 1.287618579582191103e+02
5.190878313548323190e-05 1.329020222914454052e+02
5.364434920576834987e-05 1.371752713509698651e+02
5.543794379073590958e-05 1.415858836400241785e+02
5.729150706919781900e-05 1.461382578964527283e+02
5.920704408969155763e-05 1.508369634554991023e+02
6.118662693939432690e-05 1.556867084200913496e+02
6.323239698555469304e-05 1.606923104197463772e+02
6.534656719186627638e-05 1.658587640975898410e+02
6.753142451228926792e-05 1.711912701548228881e+02
6.978933236490913268e-05 1.766951294292419163e+02
7.212273318850868345e-05 1.823758663791094534e+02
7.453415108461877573e-05 1.882391496208564945e+02
7.702619454790587906e-05 1.942908187059587704e+02
7.960155928784993205e-05 2.005369214644419458e+02
8.226303114476471348e-05 2.069836902487249404e+02
8.501348910331518868e-05 2.136375422061084635e+02
8.785590840679157983e-05 2.205051593971534771e+02
9.079336377550881697e-05 2.275933896861872938e+02
9.382903273281309529e-05 2.349092692475840636e+02
9.696619904229312483e-05 2.424600967464332939e+02
1.002082562599141270e-04 2.502534133799246376e+02
1.035587114049174785e-04 2.582969421337244285e+02
1.070211887534562421e-04 2.665987342272911178e+02
1.105994337590709140e-04 2.751670481209607715e+02
1.142973171042456330e-04 2.840103726150217653e+02
1.181188388874281471e-04 2.931375428845679494e+02
1.220681329500424115e-04 3.025576660305088126e+02
1.261494713481742377e-04 3.122799849592576038e+02
1.303672689737678670e-04 3.223142103480228116e+02
1.347260883303314362e-04 3.326703433962043732e+02
1.392306444683180742e-04 3.433585977226505292e+02
1.438858100855209437e-04 3.543895761573864434e+02
1.486966207979997041e-04 3.657742277744133617e+02
1.536682805872396744e-04 3.775237384425368532e+02
1.588061674294368483e-04 3.896497629867119485e+02
1.641158391129971276e-04 4.021643315021095191e+02
1.696030392505434848e-04 4.150797496226707608e+02
1.752737034919339915e-04 4.284087392499596945e+02
1.811339659450114388e-04 4.421644634911294247e+02
1.871901658110307874e-04 4.563604105535540043e+02
1.934488542419408646e-04 4.710105148983531649e+02
1.999168014269393128e-04 4.861291330529764423e+02
2.066010039159656652e-04 5.017310557006563272e+02
2.135086921880547338e-04 5.178316552267069710e+02
2.206473384727377968e-04 5.344465567425104382e+02
2.280246648329511538e-04 5.515919946371324158e+02
2.356486515181963309e-04 5.692847231595758331e+02
2.435275455969876748e-04 5.875418598330359146e+02
2.516698698779247295e-04 6.063810120894700049e+02
2.600844321290405573e-04 6.258205241745457670e+02
2.687803346053976817e-04 6.458791583688193896e+02
2.777669838952388651e-04 6.665761666425737531e+02
2.870541010953427292e-04 6.879314811384028872e+02
2.966517323265922064e-04 7.099656017608676848e+02
3.065702596011295341e-04 7.326994400111655068e+02
3.168204120528543403e-04 7.561547575275343434e+02
3.274132775434116785e-04 7.803536995095903421e+02
3.383603146562264279e-04 8.053192338244004986e+02
3.496733650915567022e-04 8.310749538316990765e+02
3.613646664759745386e-04 8.576448611231447785e+02
3.734468656001317080e-04 8.850538964857092878e+02
3.859330320991275886e-04 9.133279378497113612e+02
3.988366725902805230e-04 9.424927788203124237e+02
4.121717452835938129e-04 9.725752736489226891e+02
4.259526750807212541e-04 1.003603291147877030e+03
4.401943691787655547e-04 1.035605047649899689e+03
4.549122331957894719e-04 1.068609960915000102e+03
4.701221878354804149e-04 1.102647612063425868e+03
4.858406861089974399e-04 1.137748440055471747e+03
5.020847311326308640e-04 1.173943895393061894e+03
5.188718945205230424e-04 1.211266121888723092e+03
5.362203353923492141e-04 1.249747880602624946e+03
5.541488200165187389e-04 1.289422964492951905e+03
5.726767421101455150e-04 1.330326023838015544e+03
5.918241438177454907e-04 1.372492039373401440e+03
6.116117373913557359e-04 1.415956970380218308e+03
6.320609275955268004e-04 1.460757826399302530e+03
6.531938348614238542e-04 1.506931842293732643e+03
6.750333192150836329e-04 1.554517902358802530e+03
6.976030050057104547e-04 1.603555213225693024e+03
7.209273064607610694e-04 1.654083618047527807e+03
7.450314540954613768e-04 1.706143974510978751e+03
7.699415220053250396e-04 1.759777878351741492e+03
7.956844560711916160e-04 1.815027461119272175e+03
8.222881031073025473e-04 1.871936092847745613e+03
8.497812409839368810e-04 1.930547323591903478e+03
8.781936097571961097e-04 1.990906084625373296e+03
9.075559438396131216e-04 2.053058117681910971e+03
9.379000052463793693e-04 2.117048479292516276e+03
9.692586179531593148e-04 2.182923825029925865e+03
1.001665703402655023e-03 2.250732092473353077e+03
1.035156317198330069e-03 2.320520438882398139e+03
1.069766687024985286e-03 2.392337079381601598e+03
1.105534251837205851e-03 2.466231320572288951e+03
1.142497702358069404e-03 2.542251283982901441e+03
1.180697022931930960e-03 2.620447411226424720e+03
1.220173534776542454e-03 2.700863255647183450e+03
1.260969940681316284e-03 2.783553117761583053e+03
1.303130371200056587e-03 2.868572714984294635e+03
1.346700432388157767e-03 2.955966150119407303e+03
1.391727255135877424e-03 3.045782602815417249e+03
1.438259546151070007e-03 3.138071730543621925e+03
1.486347640646530459e-03 3.232882567340394871e+03
1.536043556788919398e-03 3.330263308125754520e+03
1.587401051968200579e-03 3.430261715590637777e+03
1.640475680948428249e-03 3.532925094428695957e+03
1.695324855962815390e-03 3.638298717353557549e+03
1.752007908818060174e-03 3.746426675188748050e+03
1.810586155075142928e-03 3.857353736181716158e+03
1.871122960375984270e-03 3.971122156798744072e+03
1.933683808987751848e-03 4.087771220904947313e+03
1.998336374638913938e-03 4.207340177813898663e+03
2.065150593723721201e-03 4.329864693025176166e+03
2.134198740954243185e-03 4.455379478292853491e+03
2.205555507541849362e-03 4.583915387180589278e+03
2.279298081992675151e-03 4.715500697856416082e+03
2.355506233604463730e-03 4.850161526394685097e+03
2.434262398755145627e-03 4.987917831708112317e+03
2.515651770076436904e-03 5.128787912432601843e+03
2.599762388608985089e-03 5.272786082113256271e+03
2.686685239038679764e-03 5.419922413686950676e+03
2.776514348117217236e-03 5.570201887745758540e+03
2.869346886373309435e-03 5.723623369358640957e+03
2.965283273224645581e-03 5.880180931197710379e+03
3.064427285604211931e-03 6.039863742043968159e+03
3.166886170218578649e-03 6.202653894236142150e+03
3.272770759559481216e-03 6.368527203010149606e+03
3.382195591794276077e-03 6.537452975521204280e+03
3.495279034664920681e-03 6.709390681053168009e+03
3.612143413529477973e-03 6.884291672602867038e+03
3.732915143684721951e-03 7.062121743397882710e+03
3.857724867112893516e-03 7.242798045952373286e+03
3.986707593800617976e-03 7.426230344813235206e+03
4.120002847782761740e-03 7.612353781128159426e+03
4.257754818069308354e-03 7.801070514259590709e+03
4.400112514618404608e-03 7.992276392576443868e+03
4.547229929524409554e-03 8.185854246676646653e+03
4.699266203595197679e-03 8.381674165753509442e+03
4.856385798499019031e-03 8.579595741634839214e+03
5.018758674667020935e-03 8.779465717562668942e+03
5.186560475143959549e-03 8.981114300788982291e+03
5.359972715585955248e-03 9.184360909618186270e+03
5.539182980610755057e-03 9.389007281179628990e+03
5.724385126713026593e-03 9.594841254449687767e+03
5.915779491964028892e-03 9.801638034781068200e+03
6.113573112722652143e-03 1.000915018649896592e+04
6.317979947592099882e-03 1.021710270700028013e+04
6.529221108864616957e-03 1.042523266183910891e+04
6.747525101704480652e-03 1.063324195640914149e+04
6.973128071328140755e-03 1.084080586034135376e+04
7.206274058448705437e-03 1.104759202270069545e+04
7.447215263261310406e-03 1.125324325696360029e+04
7.696212318254701257e-03 1.145738204134186708e+04
7.953534570144332738e-03 1.165961503927244485e+04
8.219460371231864307e-03 1.185952300860897230e+04
8.494277380506187053e-03 1.205666656116304694e+04
8.778282874811823774e-03 1.225058789302983496e+04
9.071784070421121463e-03 1.244079576493945024e+04
9.375098455358292851e-03 1.262679001245707514e+04
9.688554132834568261e-03 1.280804023115858399e+04
1.001249017616620725e-02 1.298399935409169302e+04
1.034725699555901803e-02 1.315410055316905527e+04
1.069321671715643858e-02 1.331774624786943241e+04
1.105074357476093505e-02 1.347433195970957786e+04
1.142022431465263173e-02 1.362322015655448376e+04
1.180205861394306721e-02 1.376376362315437109e+04
1.219665951291643881e-02 1.389530253905914651e+04
1.260445386182631328e-02 1.401715531690906209e+04
1.302588278263077520e-02 1.412862775858497844e+04
1.346140214616583890e-02 1.422902324749301806e+04
1.391148306527291781e-02 1.431763348964886427e+04
1.437661240441416924e-02 1.439375020976713313e+04
1.485729330632660182e-02 1.445666859361885508e+04
1.535404573628500365e-02 1.450569030181481503e+04
1.586740704456205894e-02 1.454013579431528342e+04
1.639793254769450481e-02 1.455934415697187433e+04
1.694619612918364313e-02 1.456268192981544962e+04
1.751279086028037155e-02 1.454955415666640693e+04
1.809832964152614798e-02 1.451941550864970304e+04
1.870344586574363213e-02 1.447177735382021274e+04
1.932879410319460894e-02 1.440621293071599212e+04
1.997505080964588620e-02 1.432238112482789984e+04
2.064291505810955316e-02 1.422003639792473405e+04
2.133310929504865505e-02 1.409903445485060365e+04
2.204638012186681956e-02 1.395934846257921890e+04
2.278349910252664909e-02 1.380108828584739422e+04
2.354526359817107548e-02 1.362450518098206339e+04
2.433249762964985810e-02 1.343000972933898811e+04
2.514605276888498206e-02 1.321818042156515912e+04
2.598680906003840441e-02 1.298977354648402616e+04
2.685567597147924673e-02 1.274573098589866822e+04
2.775359337957988490e-02 1.248718156683157576e+04
2.868153258540498754e-02 1.221545019728458647e+04
2.964049736539381419e-02 1.193204735862742928e+04
3.063152505717161092e-02 1.163865911007619798e+04
3.165568768166540647e-02 1.133714570985507271e+04
3.271409310273729054e-02 1.102950802842161647e+04
3.380788622559029871e-02 1.071788091320177045e+04
3.493825023524253087e-02 1.040449212598279519e+04
3.610640787640997940e-02 1.009162237812246349e+04
3.731362277618164441e-02 9.781576938531014093e+03
3.856120081091872487e-02 9.476629916766099996e+03
3.985049151885547425e-02 9.178966337100504461e+03
4.118288955993056055e-02 8.890637970665009561e+03
4.255983622442782027e-02 8.613500516685897310e+03
4.398282099205792772e-02 8.349148395616999551e+03
4.545338314316834522e-02 8.098858952721489914e+03
4.697311342382341770e-02 7.863534424835923346e+03
4.854365576655684383e-02 7.643625439346381427e+03
5.016670906865677154e-02 7.439103967841557278e+03
5.184402902990837420e-02 7.249396716257129810e+03
5.357743005178047802e-02 7.073355122642917195e+03
5.536878720011212396e-02 6.909228089126861960e+03
5.722003823342062395e-02 6.754677943773986954e+03
5.913318569902666078e-02 6.606809444514701681e+03
6.111029909926251474e-02 6.462238102854767021e+03
6.315351713010779189e-02 6.317223172143641023e+03
6.526504999467336310e-02 6.167850620768363115e+03
6.744718179403717817e-02 6.010271703451632675e+03
6.970227299801623477e-02 5.841006561939607309e+03
7.203276299854979858e-02 5.657271421229062071e+03
7.444117274845411802e-02 5.457320306085221091e+03
7.693010748840443946e-02 5.240766394023429712e+03
7.950225956509210379e-02 5.008795801428758750e+03
8.216041134360790865e-02 4.764258874376521817e+03
8.490743821719984319e-02 4.511586991106724781e+03
8.774631171766281157e-02 4.256504051104828250e+03
9.068010272972255870e-02 4.005558448686424526e+03
9.371198481289348681e-02 3.765505320859260337e+03
9.684523763440215649e-02 3.542623848813098448e+03
1.000832505168899600e-01 3.342025356616865338e+03
1.034295261047340625e-01 3.167070686750872028e+03
1.068876841529496080e-01 3.018909472243550681e+03
1.104614654427753945e-01 2.896212296136786335e+03
1.141547358281756464e-01 2.795117999158604562e+03
1.179714904176376727e-01 2.709453582113087577e+03
1.219158578957853512e-01 2.631312330903003840e+03
1.259921049894874856e-01 2.552046484897913160e+03
1.302046410832891354e-01 2.463672056395741492e+03
1.345580229891604751e-01 2.360476565372050118e+03
1.390569598757198100e-01 2.240452090023673009e+03
1.437063183622670492e-01 2.106039033889854181e+03
1.485111277831346888e-01 1.963779059241752748e+03
1.534765856280515817e-01 1.822823721434667050e+03
1.586080631644066208e-01 1.692653723528846285e+03
1.639111112474894438e-01 1.580690212971323263e+03
1.693914663249987407e-01 1.490456315439306763e+03
1.750550566423093313e-01 1.420696611421170019e+03
1.809080086552135869e-01 1.365640862121331338e+03
1.869566536570689830e-01 1.316475151496907301e+03
1.932075346275276828e-01 1.263925667141284748e+03
1.996674133102498971e-01 1.201611246964426755e+03
2.063432775272630582e-01 1.128256525224281404e+03
2.132423487378718452e-01 1.048580156940367260e+03
2.203720898503036263e-01 9.706568055424153272e+02
2.277402132945338109e-01 9.023372852285980343e+02
2.353546893650253491e-01 8.475621074146550882e+02
2.432237548424092122e-01 8.048429047158572303e+02
2.513559219034258718e-01 7.682778659604447284e+02
2.597599873287743666e-01 7.307726605507315298e+02
2.684450420188219666e-01 6.880639203358168743e+02
2.774204808274743361e-01 6.411029943382537795e+02
2.866960127248350254e-01 5.948281111180762082e+02
2.962816712996577673e-01 5.543825165729454056e+02
3.061878256129444420e-01 5.213541966470486386e+02
3.164251914144354805e-01 4.931401740785989887e+02
3.270048427341168962e-01 4.654086339507353500e+02
3.379382238612947953e-01 4.357844146066401549e+02
3.492371617241852855e-01 4.055559669714136817e+02
3.609138786834163448e-01 3.777597710501473216e+02
3.729810057532814693e-01 3.538740251671445662e+02
3.854515962650386651e-01 3.326131695294338328e+02
3.983391399870480631e-01 3.117798641467531411e+02
4.116575777170102257e-01 2.907928113689121687e+02
4.254213163620995108e-01 2.708834596578699347e+02
4.396452445232932327e-01 2.530645871035667653e+02
4.543447486007690661e-01 2.368417179308288212e+02
4.695357294377799362e-01 2.212149637801929316e+02
4.852346195210218704e-01 2.061176620103736354e+02
5.014584007560848322e-01 1.921305551798574243e+02
5.182246228372336949e-01 1.793201448517906442e+02
5.355514222313770833e-01 1.672387075939998340e+02
5.534575417967635413e-01 1.557537804559917163e+02
5.719623510576314906e-01 1.450682252447994642e+02
5.910858671567322808e-01 1.351577471367801877e+02
6.108487765084068544e-01 1.258341789811310036e+02
6.312724571756275216e-01 1.170899413871768928e+02
6.523790019952193653e-01 1.089584542028292589e+02
6.741912424762606104e-01 1.013580264046662904e+02
6.967327734975364839e-01 9.424889803962247470e+01
7.200279788307419881e-01 8.761896384973806562e+01
7.441020575170596008e-01 8.143628173730989772e+01
7.689810511256225389e-01 7.566962462153348667e+01
7.946918719233755368e-01 7.029122219993854515e+01
8.212623319867858873e-01 6.527699928909849802e+01
8.487211732869031078e-01 6.060435282968538218e+01
8.770980987803161932e-01 5.625179511361240259e+01
9.064238045396205701e-01 5.219886167391796761e+01
9.367300129581793700e-01 4.842623902726867158e+01
9.680495070650749767e-01 4.491562652568204328e+01
1.000416165987385808e+00 4.164958804775149304e+01
1.033865001598128330e+00 3.861176511858539584e+01
1.068432196389532240e+00 3.578694296860402346e+01
1.104155142612600837e+00 3.316109278773358682e+01
1.141072482725305592e+00 3.072105495581244128e+01
1.179224151193147607e+00 2.845439306788797396e+01
1.218651417687333982e+00 2.634926841789490126e+01
1.259396931727273516e+00 2.439458597498610004e+01
1.301504768815691548e+00 2.258001754816540796e+01
1.345020478116276896e+00 2.089601662566360929e+01
1.389991131725407447e+00 1.933365980929863426e+01
1.436465375591293947e+00 1.788456528119696642e+01
1.484493482135585296e+00 1.654081493504394018e+01
1.534127404634392455e+00 1.529500432994858627e+01
1.585420833417506836e+00 1.414024053022201066e+01
1.638429253946665609e+00 1.307013661677519956e+01
1.693210006835640158e+00 1.207873902697746971e+01
1.749822349877109051e+00 1.116048508676136386e+01
1.808327522143368116e+00 1.031016765013156977e+01
1.868788810230267217e+00 9.522928864898128509e+00
1.931271616715998229e+00 8.794243497138447552e+00
1.995843530908793184e+00 8.119897508927301999e+00
2.062574401960084458e+00 7.495967724440054880e+00
2.131536414422164238e+00 6.918802914131179094e+00
2.202804166332139602e+00 6.385006512261169220e+00
2.276454749906602792e+00 5.891419167232995413e+00
2.352567834934338631e+00 5.435102678893998451e+00
2.431225754957225149e+00 5.013325054739889985e+00
2.512513596332623944e+00 4.623546996638276063e+00
2.596519290273538783e+00 4.263409040358298263e+00
2.683333707966161441e+00 3.930719011806243390e+00
2.773050758867611432e+00 3.623441068003974586e+00
2.865767492290306695e+00 3.339685238859427141e+00
2.961584202382770314e+00 3.077697044319494424e+00
3.060604536620467719e+00 2.835848489808350248e+00
3.162935607924048931e+00 2.612629567970871758e+00
3.268688110526199786e+00 2.406640047063906884e+00
3.377976439712552459e+00 2.216581790646114047e+00
3.490918815566087297e+00 2.041251584360572302e+00
3.607637410848952619e+00 1.879534410241967990e+00
3.728258483159945236e+00 1.730397241061180091e+00
3.852912511510727001e+00 1.592883243426627571e+00
3.981734337468417539e+00 1.466106195597093542e+00
4.114863311017320058e+00 1.349245539130684124e+00
4.252443441297450555e+00 1.241541808547134806e+00
4.394623552383071896e+00 1.142292220650298118e+00
4.541557444269631816e+00 1.050846579208671860e+00
4.693404059243289517e+00 9.666034638018221603e-01
4.850327653813030437e+00 8.890066066172317427e-01
5.012497976391239618e+00 8.175416285372544278e-01
5.180090450915090017e+00 7.517330519529970001e-01
5.353286366607249214e+00 6.911414667836776049e-01
5.532273074081278885e+00 6.353608625437423552e-01
5.717244188003695271e+00 5.840161290432061003e-01
5.908399796532135539e+00 5.367607314377534911e-01
6.105946677756002750e+00 4.932745954970089164e-01
6.310098523373801171e+00 4.532621804489410655e-01
6.521076169849157722e+00 4.164506111347623385e-01
6.739107837295406966e+00 3.825879825183808314e-01
6.964429376347387013e+00 3.514418348578732254e-01
7.197284523287298619e+00 3.227977129801338774e-01
7.437925163700752407e+00 2.964578054797480933e-01
7.686611604948010879e+00 2.722396467121480645e-01
7.943612857745410594e+00 2.499749282083081336e-01
8.209206927161357470e+00 2.295084186886029720e-01
8.483681113341843272e+00 2.106970057249647199e-01
8.767332322290526392e+00 1.934087650459897501e-01
9.060467387039910392e+00 1.775221003783158669e-01
9.363403399560734641e+00 1.629249631396002540e-01
9.676468053768756405e+00 1.495141356795955112e-01
1.000000000000001243e+01 1.371945591906084116e-01
