2.000000000000000164e-05 5.389389893219896521e+01
2.066869842267550072e-05 5.562697307571844618e+01
2.135975472437544027e-05 5.741576631209998993e+01
2.207391643902171255e-05 5.926208345397558475e+01
2.281195609427394449e-05 6.116777698982308920e+01
2.357467204719313169e-05 6.313474420071790405e+01
2.436288934784564352e-05 6.516495495439110641e+01
2.517746063178175121e-05 6.726045143975842677e+01
2.601926704235410016e-05 6.942333602978877138e+01
2.688921918387384303e-05 7.165576853655734624e+01
2.778825810663545582e-05 7.395997233017500605e+01
2.871735632487579741e-05 7.633826986609214771e+01
2.967751886876853870e-05 7.879303781871952594e+01
3.066978437159193627e-05 8.132672682623922356e+01
3.169522619324599853e-05 8.394188790394372290e+01
3.275495358133433647e-05 8.664113407771345976e+01
3.385011287106671010e-05 8.942716553982836558e+01
3.498188872528021299e-05 9.230278887899072515e+01
3.615150541592045298e-05 9.527086060506466936e+01
3.736022814836899319e-05 9.833433771655406019e+01
3.860936443004954884e-05 1.014963338199447520e+02
3.990026548479344494e-05 1.047599985626479508e+02
4.123432771449419843e-05 1.081285678435936859e+02
4.261299420963254024e-05 1.116054380638375108e+02
4.403775631030562105e-05 1.151940950259608201e+02
4.551015521944909301e-05 1.188981158120698609e+02
4.703178366999723984e-05 1.227212363735268355e+02
4.860428764778435972e-05 1.266672358787999428e+02
5.022936817205134787e-05 1.307400842288552951e+02
5.190878313548323190e-05 1.349438567452081372e+02
5.364434920576834987e-05 1.392827465226787638e+02
5.543794379073590958e-05 1.437611147236294187e+02
5.729150706919781900e-05 1.483834481639989065e+02
5.920704408969155763e-05 1.531543547441646353e+02
6.118662693939432690e-05 1.580785886271031302e+02
6.323239698555469304e-05 1.631610811313609304e+02
6.534656719186627638e-05 1.684069289371584830e+02
6.753142451228926792e-05 1.738213667777138483e+02
6.978933236490913268e-05 1.794097854057629320e+02
7.212273318850868345e-05 1.851777796118189769e+02
7.453415108461877573e-05 1.911311243430773459e+02
7.702619454790587906e-05 1.972757590221922044e+02
7.960155928784993205e-05 2.036178150121656358e+02
8.226303114476471348e-05 2.101636335615211806e+02
8.501348910331518868e-05 2.169197209670744826e+02
8.785590840679157983e-05 2.238928520204589745e+02
9.079336377550881697e-05 2.310899722548728334e+02
9.382903273281309529e-05 2.385182397048306200e+02
9.696619904229312483e-05 2.461850618540930782e+02
1.002082562599141270e-04 2.540980538497745727e+02
1.035587114049174785e-04 2.622651752180271956e+02
1.070211887534562421e-04 2.706945230370227478e+02
1.105994337590709140e-04 2.793944602385687404e+02
1.142973171042456330e-04 2.883736676390314528e+02
1.181188388874281471e-04 2.976410604190499498e+02
1.220681329500424115e-04 3.072058115399985923e+02
1.261494713481742377e-04 3.170775447152751667e+02
1.303672689737678670e-04 3.272659373033923202e+02
1.347260883303314362e-04 3.377811022884017120e+02
1.392306444683180742e-04 3.486335670168851379e+02
1.438858100855209437e-04 3.598339588264465192e+02
1.486966207979997041e-04 3.713934814341342303e+02
1.536682805872396744e-04 3.833235116716650737e+02
1.588061674294368483e-04 3.956358430684022096e+02
1.641158391129971276e-04 4.083426395963876985e+02
1.696030392505434848e-04 4.214564087821130443e+02
1.752737034919339915e-04 4.349901505394960850e+02
1.811339659450114388e-04 4.489571312712136546e+02
1.871901658110307874e-04 4.633710958462141889e+02
1.934488542419408646e-04 4.782462102854209434e+02
1.999168014269393128e-04 4.935970397618586958e+02
2.066010039159656652e-04 5.094386264709670513e+02
2.135086921880547338e-04 5.257865196013334526e+02
2.206473384727377968e-04 5.426566623317745552e+02
2.280246648329511538e-04 5.600654358902278318e+02
2.356486515181963309e-04 5.780298086920372498e+02
2.435275455969876748e-04 5.965672807355425675e+02
2.516698698779247295e-04 6.156957903806501236e+02
2.600844321290405573e-04 6.354338801521769255e+02
2.687803346053976817e-04 6.558005352219272481e+02
2.777669838952388651e-04 6.768153139889545855e+02
2.870541010953427292e-04 6.984984874404267430e+02
2.966517323265922064e-04 7.208709044778117914e+02
3.065702596011295341e-04 7.439538373298630631e+02
3.168204120528543403e-04 7.677693185809209808e+02
3.274132775434116785e-04 7.923397972624260319e+02
3.383603146562264279e-04 8.176885908380363617e+02
3.496733650915567022e-04 8.438396568857469902e+02
3.613646664759745386e-04 8.708174378348425080e+02
3.734468656001317080e-04 8.986473666609361999e+02
3.859330320991275886e-04 9.273553650222320357e+02
3.988366725902805230e-04 9.569678535813803819e+02
4.121717452835938129e-04 9.875120909211882463e+02
4.259526750807212541e-04 1.019016338747242116e+03
4.401943691787655547e-04 1.051509536315426658e+03
4.549122331957894719e-04 1.085020864320632882e+03
4.701221878354804149e-04 1.119580675499848212e+03
4.858406861089974399e-04 1.155220100153394469e+03
5.020847311326308640e-04 1.191970985713225446e+03
5.188718945205230424e-04 1.229865918260647732e+03
5.362203353923492141e-04 1.268938200179607065e+03
5.541488200165187389e-04 1.309222138604415932e+03
5.726767421101455150e-04 1.350752648839583799e+03
5.918241438177454907e-04 1.393565342175495289e+03
6.116117373913557359e-04 1.437697015987926534e+03
6.320609275955268004e-04 1.483185232331954467e+03
6.531938348614238542e-04 1.530067557222290816e+03
6.750333192150836329e-04 1.578383474087982904e+03
6.976030050057104547e-04 1.628172975130205259e+03
7.209273064607610694e-04 1.679476325393472735e+03
7.450314540954613768e-04 1.732335103051696251e+03
7.699415220053250396e-04 1.786791919375762063e+03
7.956844560711916160e-04 1.842888677005853197e+03
8.222881031073025473e-04 1.900670242125316236e+03
8.497812409839368810e-04 1.960181043105549406e+03
8.781936097571961097e-04 2.021465902236990587e+03
9.075559438396131216e-04 2.084570826144414696e+03
9.379000052463793693e-04 2.149542342071099029e+03
9.692586179531593148e-04 2.216428523171864072e+03
1.001665703402655023e-03 2.285276860892396144e+03
1.035156317198330069e-03 2.356135573310720247e+03
1.069766687024985286e-03 2.429054061404709046e+03
1.105534251837205851e-03 2.504081614737953259e+03
1.142497702358069404e-03 2.581267448540488658e+03
1.180697022931930960e-03 2.660663793465758772e+03
1.220173534776542454e-03 2.742313375784082382e+03
1.260969940681316284e-03 2.826271567534869973e+03
1.303130371200056587e-03 2.912595645987892567e+03
1.346700432388157767e-03 3.001329472138741039e+03
1.391727255135877424e-03 3.092523981584566627e+03
1.438259546151070007e-03 3.186228856947090662e+03
1.486347640646530459e-03 3.282494319412689492e+03
1.536043556788919398e-03 3.381369416028491742e+03
1.587401051968200579e-03 3.482901930869034913e+03
1.640475680948428249e-03 3.587139887042296323e+03
1.695324855962815390e-03 3.694129640865224246e+03
1.752007908818060174e-03 3.803917288881389140e+03
1.810586155075142928e-03 3.916546336001685177e+03
1.871122960375984270e-03 4.032059501047436697e+03
1.933683808987751848e-03 4.150498696006143291e+03
1.998336374638913938e-03 4.271902103140907457e+03
2.065150593723721201e-03 4.396306679019530748e+03
2.134198740954243185e-03 4.523747234847856816e+03
2.205555507541849362e-03 4.654255567119133957e+03
2.279298081992675151e-03 4.787859979157713497e+03
2.355506233604463730e-03 4.924585654833153058e+03
2.434262398755145627e-03 5.064455257967586476e+03
2.515651770076436904e-03 5.207487230785489373e+03
2.599762388608985089e-03 5.353695692719225917e+03
2.686685239038679764e-03 5.503089610489224469e+03
2.776514348117217236e-03 5.655673566617171673e+03
2.869346886373309435e-03 5.811448437978180664e+03
2.965283273224645581e-03 5.970408924130232663e+03
3.064427285604211931e-03 6.132542204276859593e+03
3.166886170218578649e-03 6.297830151288850175e+03
3.272770759559481216e-03 6.466247927687188167e+03
3.382195591794276077e-03 6.637764439971470892e+03
3.495279034664920681e-03 6.812340848243393339e+03
3.612143413529477973e-03 6.989924162525175234e+03
3.732915143684721951e-03 7.170482241164600055e+03
3.857724867112893516e-03 7.353931118855377463e+03
3.986707593800617976e-03 7.540177306372601379e+03
4.120002847782761740e-03 7.729155945222204537e+03
4.257754818069308354e-03 7.920768926175431261e+03
4.400112514618404608e-03 8.114909145274902585e+03
4.547229929524409554e-03 8.311457344945143632e+03
4.699266203595197679e-03 8.510281708089763924e+03
4.856385798499019031e-03 8.711239542913108380e+03
5.018758674667020935e-03 8.914175692741948296e+03
5.186560475143959549e-03 9.118918321514031049e+03
5.359972715585955248e-03 9.325282005891842346e+03
5.539182980610755057e-03 9.533068530574768374e+03
5.724385126713026593e-03 9.742061567976727019e+03
5.915779491964028892e-03 9.952029443173374602e+03
6.113573112722652143e-03 1.016272435456211315e+04
6.317979947592099882e-03 1.037386613576224408e+04
6.529221108864616957e-03 1.058518916731297577e+04
6.747525101704480652e-03 1.079638988957232323e+04
6.973128071328140755e-03 1.100713740415341999e+04
7.206274058448705437e-03 1.121709530781336252e+04
7.447215263261310406e-03 1.142590133640928798e+04
7.696212318254701257e-03 1.163317195131147128e+04
7.953534570144332738e-03 1.183850766684815426e+04
8.219460371231864307e-03 1.204148171486497085e+04
8.494277380506187053e-03 1.224164917874102139e+04
8.778282874811823774e-03 1.243854731501722199e+04
9.071784070421121463e-03 1.263167183615680551e+04
9.375098455358292851e-03 1.282051378804677370e+04
9.688554132834568261e-03 1.300454298703460154e+04
1.001249017616620725e-02 1.318320252736400471e+04
1.034725699555901803e-02 1.335591089140873919e+04
1.069321671715643858e-02 1.352206646702211947e+04
1.105074357476093505e-02 1.368105296985246059e+04
1.142022431465263173e-02 1.383222185309348424e+04
1.180205861394306721e-02 1.397491850216940293e+04
1.219665951291643881e-02 1.410847330169943962e+04
1.260445386182631328e-02 1.423219298161743609e+04
1.302588278263077520e-02 1.434537429355343011e+04
1.346140214616583890e-02 1.444730491914052982e+04
1.391148306527291781e-02 1.453727052303852724e+04
1.437661240441416924e-02 1.461455164316056289e+04
1.485729330632660182e-02 1.467843015517888489e+04
1.535404573628500365e-02 1.472820029267192149e+04
1.586740704456205894e-02 1.476317154401382140e+04
1.639793254769450481e-02 1.478266761929904897e+04
1.694619612918364313e-02 1.478604963054312975e+04
1.751279086028037155e-02 1.477271806202678817e+04
1.809832964152614798e-02 1.474211426908002431e+04
1.870344586574363213e-02 1.469373655232264173e+04
1.932879410319460894e-02 1.462716136874247786e+04
1.997505080964588620e-02 1.454203820815028303e+04
2.064291505810955316e-02 1.443811571517465200e+04
2.133310929504865505e-02 1.431525103809953180e+04
2.204638012186681956e-02 1.417341633298112538e+04
2.278349910252664909e-02 1.401271864117895529e+04
2.354526359817107548e-02 1.383342270396819549e+04
2.433249762964985810e-02 1.363593715048251215e+04
2.514605276888498206e-02 1.342085006395030177e+04
2.598680906003840441e-02 1.318893432424512321e+04
2.685567597147924673e-02 1.294113975195740568e+04
2.775359337957988490e-02 1.267861914618707306e+04
2.868153258540498754e-02 1.240271363094186017e+04
2.964049736539381419e-02 1.211495511596155484e+04
3.063152505717161092e-02 1.181706328949679664e+04
3.165568768166540647e-02 1.151091672650432156e+04
3.271409310273729054e-02 1.119855826385664659e+04
3.380788622559029871e-02 1.088214863921254073e+04
3.493825023524253087e-02 1.056394950610640990e+04
3.610640787640997940e-02 1.024627990931370368e+04
3.731362277618164441e-02 9.931478522472240002e+03
3.856120081091872487e-02 9.621852624902729076e+03
3.985049151885547425e-02 9.319624664362152544e+03
4.118288955993056055e-02 9.026877133398204023e+03
4.255983622442782027e-02 8.745490306559973760e+03
4.398282099205792772e-02 8.477089040826613200e+03
4.545338314316834522e-02 8.222965158501077894e+03
4.697311342382341770e-02 7.984036093925354180e+03
4.854365576655684383e-02 7.760763248465281322e+03
5.016670906865677154e-02 7.553111264168031994e+03
5.184402902990837420e-02 7.360502260876799483e+03
5.357743005178047802e-02 7.181768057419147226e+03
5.536878720011212396e-02 7.015130947955903139e+03
5.722003823342062395e-02 6.858220904809751119e+03
5.913318569902666078e-02 6.708091980107591553e+03
6.111029909926251474e-02 6.561309569981180175e+03
6.315351713010779189e-02 6.414078596780500447e+03
6.526504999467336310e-02 6.262420583591780996e+03
6.744718179403717817e-02 6.102431139462191823e+03
6.970227299801623477e-02 5.930571674960954624e+03
7.203276299854979858e-02 5.744019013063098100e+03
7.444117274845411802e-02 5.541003194272082510e+03
7.693010748840443946e-02 5.321126308028897256e+03
7.950225956509210379e-02 5.085594903919845819e+03
8.216041134360790865e-02 4.837304454836486912e+03
8.490743821719984319e-02 4.580752836672847479e+03
8.774631171766281157e-02 4.321753814125874669e+03
9.068010272972255870e-02 4.066955312375655922e+03
9.371198481289348681e-02 3.823218813483548274e+03
9.684523763440215649e-02 3.596915876367159854e+03
1.000832505168899600e-01 3.393240696515165382e+03
1.034295261047340625e-01 3.215604755252524228e+03
1.068876841529496080e-01 3.065173704189759064e+03
1.104614654427753945e-01 2.940598996786103271e+03
1.141547358281756464e-01 2.837958714840086941e+03
1.179714904176376727e-01 2.750985176016705282e+03
1.219158578957853512e-01 2.671650494794414044e+03
1.259921049894874856e-01 2.591173429835003844e+03
1.302046410832891354e-01 2.501446668299107841e+03
1.345580229891604751e-01 2.396669533040796068e+03
1.390569598757198100e-01 2.274804487685756612e+03
1.437063183622670492e-01 2.138328084970625696e+03
1.485111277831346888e-01 1.993884370651590189e+03
1.534765856280515817e-01 1.850765311128636995e+03
1.586080631644066208e-01 1.718597034060157057e+03
1.639111112474894438e-01 1.604916146301859499e+03
1.693914663249987407e-01 1.513299445234038330e+03
1.750550566423093313e-01 1.442471554195474255e+03
1.809080086552135869e-01 1.386574359865306860e+03
1.869566536570689830e-01 1.336656827218293074e+03
1.932075346275276828e-01 1.283303325032195289e+03
1.996674133102498971e-01 1.220033773121915601e+03
2.063432775272630582e-01 1.145553821405314466e+03
2.132423487378718452e-01 1.064654810717520149e+03
2.203720898503036263e-01 9.855355409040997756e+02
2.277402132945338109e-01 9.161678074944394439e+02
2.353546893650253491e-01 8.605533960211906788e+02
2.432237548424092122e-01 8.171798878142727744e+02
2.513559219034258718e-01 7.800551942409703088e+02
2.597599873287743666e-01 7.419758339746949787e+02
2.684450420188219666e-01 6.986122770373013964e+02
2.774204808274743361e-01 6.509309335437394566e+02
2.866960127248350254e-01 6.039461095508171411e+02
2.962816712996577673e-01 5.628803827197907594e+02
3.061878256129444420e-01 5.293458449933140173e+02
3.164251914144354805e-01 5.006996600495334064e+02
3.270048427341168962e-01 4.725432883052982334e+02
3.379382238612947953e-01 4.424647971224844696e+02
3.492371617241852855e-01 4.117727625426198870e+02
3.609138786834163448e-01 3.835504217098504682e+02
3.729810057532814693e-01 3.592985821115908038e+02
3.854515962650386651e-01 3.377118968901680773e+02
3.983391399870480631e-01 3.165593334035414728e+02
4.116575777170102257e-01 2.952505247847583973e+02
4.254213163620995108e-01 2.750358917190782790e+02
4.396452445232932327e-01 2.569438813521592806e+02
4.543447486007690661e-01 2.404723523761238084e+02
4.695357294377799362e-01 2.246060822354963307e+02
4.852346195210218704e-01 2.092772881914481218e+02
5.014584007560848322e-01 1.950757710206393654e+02
5.182246228372336949e-01 1.820690176290739544e+02
5.355514222313770833e-01 1.698023851714909256e+02
5.534575417967635413e-01 1.581413724501524598e+02
5.719623510576314906e-01 1.472920286646186412e+02
5.910858671567322808e-01 1.372296387299547007e+02
6.108487765084068544e-01 1.277631300129835381e+02
6.312724571756275216e-01 1.188848466606315526e+02
6.523790019952193653e-01 1.106287184070928333e+02
6.741912424762606104e-01 1.029119105411276536e+02
6.967327734975364839e-01 9.569363711882610346e+01
7.200279788307419881e-01 8.896202498284613114e+01
7.441020575170596008e-01 8.268460287020918997e+01
7.689810511256225389e-01 7.682958937902613172e+01
7.946918719233755368e-01 7.136875348956068876e+01
8.212623319867858873e-01 6.627766329171531368e+01
8.487211732869031078e-01 6.153338270532323406e+01
8.770980987803161932e-01 5.711410143174310150e+01
9.064238045396205701e-01 5.299903981630576055e+01
9.367300129581793700e-01 4.916858639691385946e+01
9.680495070650749767e-01 4.560415892771016644e+01
1.000416165987385808e+00 4.228805404714356087e+01
1.033865001598128330e+00 3.920366267370140179e+01
1.068432196389532240e+00 3.633553685770602470e+01
1.104155142612600837e+00 3.366943259704645897e+01
1.141072482725305592e+00 3.119198842999448118e+01
1.179224151193147607e+00 2.889057761452771445e+01
1.218651417687333982e+00 2.675318120629875551e+01
1.259396931727273516e+00 2.476853515398198624e+01
1.301504768815691548e+00 2.292615306125020780e+01
1.345020478116276896e+00 2.121634024446901989e+01
1.389991131725407447e+00 1.963003480343387963e+01
1.436465375591293947e+00 1.815872572293457310e+01
1.484493482135585296e+00 1.679437481914956365e+01
1.534127404634392455e+00 1.552946551084375848e+01
1.585420833417506836e+00 1.435699991846389167e+01
1.638429253946665609e+00 1.327049266312931586e+01
1.693210006835640158e+00 1.226389823623715358e+01
1.749822349877109051e+00 1.133156827526694954e+01
1.808327522143368116e+00 1.046821588607735798e+01
1.868788810230267217e+00 9.668908915394741399e+00
1.931271616715998229e+00 8.929052892192796520e+00
1.995843530908793184e+00 8.244369297547283537e+00
2.062574401960084458e+00 7.610874905870508300e+00
2.131536414422164238e+00 7.024862554465411080e+00
2.202804166332139602e+00 6.482883501059290232e+00
2.276454749906602792e+00 5.981729835186778033e+00
2.352567834934338631e+00 5.518418250505732203e+00
2.431225754957225149e+00 5.090174998828733699e+00
2.512513596332623944e+00 4.694422011876834055e+00
2.596519290273538783e+00 4.328763734717193223e+00
2.683333707966161441e+00 3.990974224456408148e+00
2.773050758867611432e+00 3.678986214128411980e+00
2.865767492290306695e+00 3.390880632165336639e+00
2.961584202382770314e+00 3.124876212688458832e+00
3.060604536620467719e+00 2.879320184990432629e+00
3.162935607924048931e+00 2.652679509389235246e+00
3.268688110526199786e+00 2.443532423793927766e+00
3.377976439712552459e+00 2.250560762872610088e+00
3.490918815566087297e+00 2.072542785470023574e+00
3.607637410848952619e+00 1.908346438567339209e+00
3.728258483159945236e+00 1.756922972308999409e+00
3.852912511510727001e+00 1.617300960591890879e+00
3.981734337468417539e+00 1.488580560892090343e+00
4.114863311017320058e+00 1.369928549420382335e+00
4.252443441297450555e+00 1.260573759444083786e+00
4.394623552383071896e+00 1.159802654987440285e+00
4.541557444269631816e+00 1.066955135182811709e+00
4.693404059243289517e+00 9.814206044039580634e-01
4.850327653813030437e+00 9.026342667753400884e-01
5.012497976391239618e+00 8.300738296807509409e-01
5.180090450915090017e+00 7.632565048005892638e-01
5.353286366607249214e+00 7.017361344833554782e-01
5.532273074081278885e+00 6.451004801772822761e-01
5.717244188003695271e+00 5.929686793148182256e-01
5.908399796532135539e+00 5.449888894592652688e-01
6.105946677756002750e+00 5.008361393323365052e-01
6.310098523373801171e+00 4.602103646278514759e-01
6.521076169849157722e+00 4.228345044825351229e-01
6.739107837295406966e+00 3.884527816494274255e-01
6.964429376347387013e+00 3.568291653439525368e-01
7.197284523287298619e+00 3.277459170282248646e-01
7.437925163700752407e+00 3.010022078508474697e-01
7.686611604948010879e+00 2.764127863232830884e-01
7.943612857745410594e+00 2.538067654241511484e-01
8.209206927161357470e+00 2.330265261407688249e-01
8.483681113341843272e+00 2.139267555029806256e-01
8.767332322290526392e+00 1.963735046768629033e-01
9.060467387039910392e+00 1.802433159571199817e-01
9.363403399560734641e+00 1.654224252614396595e-01
9.676468053768756405e+00 1.518060317723312347e-01
1.000000000000001243e+01 1.392976146433503315e-01
