2.000000000000000164e-05 5.389389664262909463e+01
2.066869842267550072e-05 5.562696962183724736e+01
2.135975472437544027e-05 5.741576521782537412e+01
2.207391643902171255e-05 5.926208216158484987e+01
2.281195609427394449e-05 6.116777435016017961e+01
2.357467204719313169e-05 6.313474209417407224e+01
2.436288934784564352e-05 6.516495371536845482e+01
2.517746063178175121e-05 6.726044981778549925e+01
2.601926704235410016e-05 6.942333264695457729e+01
2.688921918387384303e-05 7.165576098402338800e+01
2.778825810663545582e-05 7.395996512315483074e+01
2.871735632487579741e-05 7.633826333608456594e+01
2.967751886876853870e-05 7.879303051515741174e+01
3.066978437159193627e-05 8.132671947612067243e+01
3.169522619324599853e-05 8.394188054855210623e+01
3.275495358133433647e-05 8.664112654821076376e+01
3.385011287106671010e-05 8.942715694252940750e+01
3.498188872528021299e-05 9.230277624076225607e+01
3.615150541592045298e-05 9.527084663189204150e+01
3.736022814836899319e-05 9.833432689615545996e+01
3.860936443004954884e-05 1.014963203299375465e+02
3.990026548479344494e-05 1.047599821804703168e+02
4.123432771449419843e-05 1.081285511765862566e+02
4.261299420963254024e-05 1.116054197421281344e+02
4.403775631030562105e-05 1.151940744042271945e+02
4.551015521944909301e-05 1.188980944149837171e+02
4.703178366999723984e-05 1.227212095926620066e+02
4.860428764778435972e-05 1.266672055897240483e+02
5.022936817205134787e-05 1.307400498703190408e+02
5.190878313548323190e-05 1.349438227512915489e+02
5.364434920576834987e-05 1.392827149861040539e+02
5.543794379073590958e-05 1.437610764423859280e+02
5.729150706919781900e-05 1.483834053117788585e+02
5.920704408969155763e-05 1.531543077768844512e+02
6.118662693939432690e-05 1.580785375681103062e+02
6.323239698555469304e-05 1.631610241874922451e+02
6.534656719186627638e-05 1.684068647899177904e+02
6.753142451228926792e-05 1.738212970676964915e+02
6.978933236490913268e-05 1.794097032410095949e+02
7.212273318850868345e-05 1.851776924819992871e+02
7.453415108461877573e-05 1.911310322908531418e+02
7.702619454790587906e-05 1.972756556857889905e+02
7.960155928784993205e-05 2.036177010423530476e+02
8.226303114476471348e-05 2.101635077958664795e+02
8.501348910331518868e-05 2.169195837782943670e+02
8.785590840679157983e-05 2.238926984264032285e+02
9.079336377550881697e-05 2.310898039716888661e+02
9.382903273281309529e-05 2.385180534742920884e+02
9.696619904229312483e-05 2.461848471701472931e+02
1.002082562599141270e-04 2.540978280489572398e+02
1.035587114049174785e-04 2.622649270713696410e+02
1.070211887534562421e-04 2.706942451633531732e+02
1.105994337590709140e-04 2.793941534281192389e+02
1.142973171042456330e-04 2.883733289839873919e+02
1.181188388874281471e-04 2.976406890334543505e+02
1.220681329500424115e-04 3.072054070199116609e+02
1.261494713481742377e-04 3.170770929923228323e+02
1.303672689737678670e-04 3.272654421922073311e+02
1.347260883303314362e-04 3.377805636709946953e+02
1.392306444683180742e-04 3.486329709696278769e+02
1.438858100855209437e-04 3.598333114307451979e+02
1.486966207979997041e-04 3.713927617534491219e+02
1.536682805872396744e-04 3.833227110060131508e+02
1.588061674294368483e-04 3.956349579373081156e+02
1.641158391129971276e-04 4.083416695480085536e+02
1.696030392505434848e-04 4.214553506562755842e+02
1.752737034919339915e-04 4.349889713939135731e+02
1.811339659450114388e-04 4.489558284913316584e+02
1.871901658110307874e-04 4.633696684573510538e+02
1.934488542419408646e-04 4.782446402979433628e+02
1.999168014269393128e-04 4.935953097906499920e+02
2.066010039159656652e-04 5.094367281347433050e+02
2.135086921880547338e-04 5.257844257143069626e+02
2.206473384727377968e-04 5.426543520551281290e+02
2.280246648329511538e-04 5.600628987154683500e+02
2.356486515181963309e-04 5.780270238802885387e+02
2.435275455969876748e-04 5.965642170941056293e+02
2.516698698779247295e-04 6.156924232517053497e+02
2.600844321290405573e-04 6.354301718022143177e+02
2.687803346053976817e-04 6.557964678962345033e+02
2.777669838952388651e-04 6.768108558845161724e+02
2.870541010953427292e-04 6.984935931582670037e+02
2.966517323265922064e-04 7.208655303550557392e+02
3.065702596011295341e-04 7.439479203370858613e+02
3.168204120528543403e-04 7.677628169089102812e+02
3.274132775434116785e-04 7.923326720713208715e+02
3.383603146562264279e-04 8.176807756100147344e+02
3.496733650915567022e-04 8.438310913902297443e+02
3.613646664759745386e-04 8.708080812172448759e+02
3.734468656001317080e-04 8.986371031559367566e+02
3.859330320991275886e-04 9.273440749273745496e+02
3.988366725902805230e-04 9.569554998520050049e+02
4.121717452835938129e-04 9.874986083583364689e+02
4.259526750807212541e-04 1.019001571642314275e+03
4.401943691787655547e-04 1.051493358689183651e+03
4.549122331957894719e-04 1.085003208550463341e+03
4.701221878354804149e-04 1.119561385673330506e+03
4.858406861089974399e-04 1.155199045341011924e+03
5.020847311326308640e-04 1.191948039742550009e+03
5.188718945205230424e-04 1.229840901810408695e+03
5.362203353923492141e-04 1.268910970110531025e+03
5.541488200165187389e-04 1.309192500513635878e+03
5.726767421101455150e-04 1.350720399210589449e+03
5.918241438177454907e-04 1.393530310855138396e+03
6.116117373913557359e-04 1.437658981511187449e+03
6.320609275955268004e-04 1.483143926773711883e+03
6.531938348614238542e-04 1.530022853636688524e+03
6.750333192150836329e-04 1.578335109958476096e+03
6.976030050057104547e-04 1.628120654131432957e+03
7.209273064607610694e-04 1.679419819486629649e+03
7.450314540954613768e-04 1.732274144868779331e+03
7.699415220053250396e-04 1.786726160971826175e+03
7.956844560711916160e-04 1.842817953422431856e+03
8.222881031073025473e-04 1.900594253633314565e+03
8.497812409839368810e-04 1.960099486189958725e+03
8.781936097571961097e-04 2.021378522227404801e+03
9.075559438396131216e-04 2.084477367988950846e+03
9.379000052463793693e-04 2.149442581969918137e+03
9.692586179531593148e-04 2.216322178425224138e+03
1.001665703402655023e-03 2.285163666423338327e+03
1.035156317198330069e-03 2.356015306098704059e+03
1.069766687024985286e-03 2.428926477340329257e+03
1.105534251837205851e-03 2.503946525081718391e+03
1.142497702358069404e-03 2.581124848009301786e+03
1.180697022931930960e-03 2.660513381501156346e+03
1.220173534776542454e-03 2.742155158380885496e+03
1.260969940681316284e-03 2.826105551632699189e+03
1.303130371200056587e-03 2.912421639931633763e+03
1.346700432388157767e-03 3.001147442939628036e+03
1.391727255135877424e-03 3.092333923135035093e+03
1.438259546151070007e-03 3.186030917389740353e+03
1.486347640646530459e-03 3.282288452221849639e+03
1.536043556788919398e-03 3.381155606391607307e+03
1.587401051968200579e-03 3.482680326414851152e+03
1.640475680948428249e-03 3.586910464406336814e+03
1.695324855962815390e-03 3.693892510828077775e+03
1.752007908818060174e-03 3.803672368983945489e+03
1.810586155075142928e-03 3.916293666261087310e+03
1.871122960375984270e-03 4.031799036105436244e+03
1.933683808987751848e-03 4.150230090485338224e+03
1.998336374638913938e-03 4.271625205659797757e+03
2.065150593723721201e-03 4.396021022353726948e+03
2.134198740954243185e-03 4.523452363354389490e+03
2.205555507541849362e-03 4.653950764298258946e+03
2.279298081992675151e-03 4.787544401216709048e+03
2.355506233604463730e-03 4.924258617024382147e+03
2.434262398755145627e-03 5.064115573601198776e+03
2.515651770076436904e-03 5.207133773396212746e+03
2.599762388608985089e-03 5.353326976188524895e+03
2.686685239038679764e-03 5.502704190753823241e+03
2.776514348117217236e-03 5.655270231045959008e+03
2.869346886373309435e-03 5.811025602524392525e+03
2.965283273224645581e-03 5.969964929378702436e+03
3.064427285604211931e-03 6.132075564780210698e+03
3.166886170218578649e-03 6.297339449188312756e+03
3.272770759559481216e-03 6.465731857835351548e+03
3.382195591794276077e-03 6.637221810322607780e+03
3.495279034664920681e-03 6.811770328097789388e+03
3.612143413529477973e-03 6.989324463688491960e+03
3.732915143684721951e-03 7.169852485038559280e+03
3.857724867112893516e-03 7.353269550505855477e+03
3.986707593800617976e-03 7.539481620361362729e+03
4.120002847782761740e-03 7.728424289600125121e+03
4.257754818069308354e-03 7.919998543615670314e+03
4.400112514618404608e-03 8.114096692296449874e+03
4.547229929524409554e-03 8.310599287591845496e+03
4.699266203595197679e-03 8.509374525983990679e+03
4.856385798499019031e-03 8.710279094279421770e+03
5.018758674667020935e-03 8.913156922814636346e+03
5.186560475143959549e-03 9.117836942846006423e+03
5.359972715585955248e-03 9.324133663647933645e+03
5.539182980610755057e-03 9.531848416810318668e+03
5.724385126713026593e-03 9.740764655837434475e+03
5.915779491964028892e-03 9.950650477903827777e+03
6.113573112722652143e-03 1.016125754086748930e+04
6.317979947592099882e-03 1.037230530861350780e+04
6.529221108864616957e-03 1.058352656369508077e+04
6.747525101704480652e-03 1.079461719718961103e+04
6.973128071328140755e-03 1.100524604266340793e+04
7.206274058448705437e-03 1.121507552649639729e+04
7.447215263261310406e-03 1.142374265375209325e+04
7.696212318254701257e-03 1.163086455003561423e+04
7.953534570144332738e-03 1.183604065212677415e+04
8.219460371231864307e-03 1.203884364144452957e+04
8.494277380506187053e-03 1.223882774479132786e+04
8.778282874811823774e-03 1.243552812528570212e+04
9.071784070421121463e-03 1.262844011791125195e+04
9.375098455358292851e-03 1.281705352028026573e+04
9.688554132834568261e-03 1.300083736611329914e+04
1.001249017616620725e-02 1.317923386989829487e+04
1.034725699555901803e-02 1.335166085525055314e+04
1.069321671715643858e-02 1.351751626422785193e+04
1.105074357476093505e-02 1.367618104221652357e+04
1.142022431465263173e-02 1.382700595165457707e+04
1.180205861394306721e-02 1.396933535704590577e+04
1.219665951291643881e-02 1.410249883987401699e+04
1.260445386182631328e-02 1.422580297521871580e+04
1.302588278263077520e-02 1.433854323624290737e+04
1.346140214616583890e-02 1.444000534066614091e+04
1.391148306527291781e-02 1.452947430510533377e+04
1.437661240441416924e-02 1.460623101994988247e+04
1.485729330632660182e-02 1.466955718579724271e+04
1.535404573628500365e-02 1.471874588657517052e+04
1.586740704456205894e-02 1.475310592964687748e+04
1.639793254769450481e-02 1.477196181514400268e+04
1.694619612918364313e-02 1.477467658296774243e+04
1.751279086028037155e-02 1.476065035831933710e+04
1.809832964152614798e-02 1.472932478675805942e+04
1.870344586574363213e-02 1.468020196161662534e+04
1.932879410319460894e-02 1.461285988935868409e+04
1.997505080964588620e-02 1.452695090268897184e+04
2.064291505810955316e-02 1.442222665435037197e+04
2.133310929504865505e-02 1.429854859108280107e+04
2.204638012186681956e-02 1.415589403461742768e+04
2.278349910252664909e-02 1.399437463069055593e+04
2.354526359817107548e-02 1.381426176435526395e+04
2.433249762964985810e-02 1.361597084434501812e+04
2.514605276888498206e-02 1.340009726811713699e+04
2.598680906003840441e-02 1.316742172811137243e+04
2.685567597147924673e-02 1.291890375958974801e+04
2.775359337957988490e-02 1.265570391129141171e+04
2.868153258540498754e-02 1.237917377916897567e+04
2.964049736539381419e-02 1.209085473927923158e+04
3.063152505717161092e-02 1.179247590438302177e+04
3.165568768166540647e-02 1.148592642423017787e+04
3.271409310273729054e-02 1.117325750219084330e+04
3.380788622559029871e-02 1.085663807810771323e+04
3.493825023524253087e-02 1.053833829707513178e+04
3.610640787640997940e-02 1.022068407904724518e+04
3.731362277618164441e-02 9.906018739867378827e+03
3.856120081091872487e-02 9.596653901827961818e+03
3.985049151885547425e-02 9.294813585389678337e+03
4.118288955993056055e-02 9.002580428868126546e+03
4.255983622442782027e-02 8.721833568637224744e+03
4.398282099205792772e-02 8.454192416301826597e+03
4.545338314316834522e-02 8.200942892623701482e+03
4.697311342382341770e-02 7.962992790676579716e+03
4.854365576655684383e-02 7.740792347804192104e+03
5.016670906865677154e-02 7.534291818846266324e+03
5.184402902990837420e-02 7.342895561936584272e+03
5.357743005178047802e-02 7.165415296664779817e+03
5.536878720011212396e-02 7.000050360346508569e+03
5.722003823342062395e-02 6.844403626272578549e+03
5.913318569902666078e-02 6.695500588121284636e+03
6.111029909926251474e-02 6.549876033284302139e+03
6.315351713010779189e-02 6.403702442273622182e+03
6.526504999467336310e-02 6.252971450252998693e+03
6.744718179403717817e-02 6.093750381854180887e+03
6.970227299801623477e-02 5.922480012599582551e+03
7.203276299854979858e-02 5.736323961805802355e+03
7.444117274845411802e-02 5.533511431361552241e+03
7.693010748840443946e-02 5.313657519197475267e+03
7.950225956509210379e-02 5.077996183226783614e+03
8.216041134360790865e-02 4.829463045135908033e+03
8.490743821719984319e-02 4.572608308908101208e+03
8.774631171766281157e-02 4.313302362337323757e+03
9.068010272972255870e-02 4.058250653625130326e+03
9.371198481289348681e-02 3.814365668096980698e+03
9.684523763440215649e-02 3.588058711925228181e+03
1.000832505168899600e-01 3.384547854514454230e+03
1.034295261047340625e-01 3.207251493800390563e+03
1.068876841529496080e-01 3.057324767918532416e+03
1.104614654427753945e-01 2.933390907136832539e+03
1.141547358281756464e-01 2.831484507289475459e+03
1.179714904176376727e-01 2.745280300958503176e+03
1.219158578957853512e-01 2.666682742989175949e+03
1.259921049894874856e-01 2.586841480219594814e+03
1.302046410832891354e-01 2.497589911624030719e+03
1.345580229891604751e-01 2.393092539859281715e+03
1.390569598757198100e-01 2.271313449286931700e+03
1.437063183622670492e-01 2.134771032004839526e+03
1.485111277831346888e-01 1.990182732019010018e+03
1.534765856280515817e-01 1.846926324913743201e+03
1.586080631644066208e-01 1.714703994880829669e+03
1.639111112474894438e-01 1.601099812165218964e+03
1.693914663249987407e-01 1.509701058791337800e+03
1.750550566423093313e-01 1.439206587710562417e+03
1.809080086552135869e-01 1.383701984355929426e+03
1.869566536570689830e-01 1.334162483634697537e+03
1.932075346275276828e-01 1.281101210101357083e+03
1.996674133102498971e-01 1.217995588426315180e+03
2.063432775272630582e-01 1.143557422694941806e+03
2.132423487378718452e-01 1.062630835007793848e+03
2.203720898503036263e-01 9.834884567096833052e+02
2.277402132945338109e-01 9.141610798929986004e+02
2.353546893650253491e-01 8.586707750569053132e+02
2.432237548424092122e-01 8.154825558127514569e+02
2.513559219034258718e-01 7.785524998809682984e+02
2.597599873287743666e-01 7.406229616464150922e+02
2.684450420188219666e-01 6.973388394535231782e+02
2.774204808274743361e-01 6.496845878808348971e+02
2.866960127248350254e-01 6.027203678455249474e+02
2.962816712996577673e-01 5.617073024335404625e+02
3.061878256129444420e-01 5.282636447826859012e+02
3.164251914144354805e-01 4.997211351230970990e+02
3.270048427341168962e-01 4.716479473862235636e+02
3.379382238612947953e-01 4.416190958379199287e+02
3.492371617241852855e-01 4.109590328944101998e+02
3.609138786834163448e-01 3.827761279801565593e+02
3.729810057532814693e-01 3.585799642948154542e+02
3.854515962650386651e-01 3.370527124584501735e+02
3.983391399870480631e-01 3.159472367223573883e+02
4.116575777170102257e-01 2.946721020363735875e+02
4.254213163620995108e-01 2.744894736470137104e+02
4.396452445232932327e-01 2.564349980660817891e+02
4.543447486007690661e-01 2.400016229444760540e+02
4.695357294377799362e-01 2.241671845312583002e+02
4.852346195210218704e-01 2.088652227735282736e+02
5.014584007560848322e-01 1.946907344756690748e+02
5.182246228372336949e-01 1.817114385698445176e+02
5.355514222313770833e-01 1.694695061161618526e+02
5.534575417967635413e-01 1.578303856527880384e+02
5.719623510576314906e-01 1.470022095510570637e+02
5.910858671567322808e-01 1.369601984657652167e+02
6.108487765084068544e-01 1.275122358298654746e+02
6.312724571756275216e-01 1.186511443137551964e+02
6.523790019952193653e-01 1.104113934269805242e+02
6.741912424762606104e-01 1.027097860404477956e+02
6.967327734975364839e-01 9.550563625341185059e+01
7.200279788307419881e-01 8.878724467344868287e+01
7.441020575170596008e-01 8.252217915687795369e+01
7.689810511256225389e-01 7.667869078909336622e+01
7.946918719233755368e-01 7.122859081766760880e+01
8.212623319867858873e-01 6.614750179221674387e+01
8.487211732869031078e-01 6.141253935017138588e+01
8.770980987803161932e-01 5.700193935551453706e+01
9.064238045396205701e-01 5.289496211449593943e+01
9.367300129581793700e-01 4.907203364873020490e+01
9.680495070650749767e-01 4.551460766969487537e+01
1.000416165987385808e+00 4.220501568772792922e+01
1.033865001598128330e+00 3.912668140617640233e+01
1.068432196389532240e+00 3.626418744544767492e+01
1.104155142612600837e+00 3.360331817596446768e+01
1.141072482725305592e+00 3.113073870708997859e+01
1.179224151193147607e+00 2.883384716812174275e+01
1.218651417687333982e+00 2.670064781386892960e+01
1.259396931727273516e+00 2.471989834399224151e+01
1.301504768815691548e+00 2.288113283167567857e+01
1.345020478116276896e+00 2.117467596767879812e+01
1.389991131725407447e+00 1.959148398417589121e+01
1.436465375591293947e+00 1.812306276827405327e+01
1.484493482135585296e+00 1.676138984597553261e+01
1.534127404634392455e+00 1.549896329371261849e+01
1.585420833417506836e+00 1.432879891861097299e+01
1.638429253946665609e+00 1.324442411521148522e+01
1.693210006835640158e+00 1.223980529425878672e+01
1.749822349877109051e+00 1.130930520706101738e+01
1.808327522143368116e+00 1.044764730103223727e+01
1.868788810230267217e+00 9.649909063541837639e+00
1.931271616715998229e+00 8.911505023917152712e+00
1.995843530908793184e+00 8.228165097291629593e+00
2.062574401960084458e+00 7.595913919044686047e+00
2.131536414422164238e+00 7.011051628556793425e+00
2.202804166332139602e+00 6.470136236923323736e+00
2.276454749906602792e+00 5.969966106867873989e+00
2.352567834934338631e+00 5.507563775237474424e+00
2.431225754957225149e+00 5.080160953224635456e+00
2.512513596332623944e+00 4.685184653530924948e+00
2.596519290273538783e+00 4.320244036155308720e+00
2.683333707966161441e+00 3.983117519644361781e+00
2.773050758867611432e+00 3.671741881628992399e+00
2.865767492290306695e+00 3.384201808324607264e+00
2.961584202382770314e+00 3.118719526282735632e+00
3.060604536620467719e+00 2.873645507763682883e+00
3.162935607924048931e+00 2.647449722962763374e+00
3.268688110526199786e+00 2.438713210817959443e+00
3.377976439712552459e+00 2.246120406060958974e+00
3.490918815566087297e+00 2.068451973080972728e+00
3.607637410848952619e+00 1.904578069233827220e+00
3.728258483159945236e+00 1.753451984444716949e+00
3.852912511510727001e+00 1.614104187012779024e+00
3.981734337468417539e+00 1.485636605044886149e+00
4.114863311017320058e+00 1.367217662525899158e+00
4.252443441297450555e+00 1.258077715030535781e+00
4.394623552383071896e+00 1.157504625193109149e+00
4.541557444269631816e+00 1.064839580206033975e+00
4.693404059243289517e+00 9.794731773475806591e-01
4.850327653813030437e+00 9.008417252541075504e-01
5.012497976391239618e+00 8.284239536480042521e-01
5.180090450915090017e+00 7.617380203901087388e-01
5.353286366607249214e+00 7.003386463485173907e-01
5.532273074081278885e+00 6.438144076281200334e-01
5.717244188003695271e+00 5.917851932771793777e-01
5.908399796532135539e+00 5.438998500462769448e-01
6.105946677756002750e+00 4.998340390295578639e-01
6.310098523373801171e+00 4.592882809817959155e-01
6.521076169849157722e+00 4.219860584767565759e-01
6.739107837295406966e+00 3.876720987869490265e-01
6.964429376347387013e+00 3.561108364598470355e-01
7.197284523287298619e+00 3.270849597658164187e-01
7.437925163700752407e+00 3.003940309865741343e-01
7.686611604948010879e+00 2.758531600814703166e-01
7.943612857745410594e+00 2.532917947253071622e-01
8.209206927161357470e+00 2.325526258502895738e-01
8.483681113341843272e+00 2.134906264136562648e-01
8.767332322290526392e+00 1.959721104951858694e-01
9.060467387039910392e+00 1.798738617669941309e-01
9.363403399560734641e+00 1.650823388928544799e-01
9.676468053768756405e+00 1.514929468036528559e-01
1.000000000000001243e+01 1.390093547186662948e-01
