2.000000000000000164e-05 3.292799240734245814e+01
2.066869842267550072e-05 3.398686461257506153e+01
2.135975472437544027e-05 3.507978194105572811e+01
2.207391643902171255e-05 3.620784510100984477e+01
2.281195609427394449e-05 3.737217642459340539e+01
2.357467204719313169e-05 3.857395023133216228e+01
2.436288934784564352e-05 3.981437285722431341e+01
2.517746063178175121e-05 4.109468030276536155e+01
2.601926704235410016e-05 4.241615124684867766e+01
2.688921918387384303e-05 4.378011314626675698e+01
2.778825810663545582e-05 4.518793558098187191e+01
2.871735632487579741e-05 4.664102750640417128e+01
2.967751886876853870e-05 4.814083722048844294e+01
3.066978437159193627e-05 4.968887248104941534e+01
3.169522619324599853e-05 5.128669078066700848e+01
3.275495358133433647e-05 5.293586839669568178e+01
3.385011287106671010e-05 5.463808687153514398e+01
3.498188872528021299e-05 5.639503289970089384e+01
3.615150541592045298e-05 5.820846005573726956e+01
3.736022814836899319e-05 6.008020388968648007e+01
3.860936443004954884e-05 6.201212835798754242e+01
3.990026548479344494e-05 6.400615274112671216e+01
4.123432771449419843e-05 6.606428865041139886e+01
4.261299420963254024e-05 6.818859577743623390e+01
4.403775631030562105e-05 7.038120232490477690e+01
4.551015521944909301e-05 7.264430320363089777e+01
4.703178366999723984e-05 7.498014045802524663e+01
4.860428764778435972e-05 7.739107985158486258e+01
5.022936817205134787e-05 7.987952573912167509e+01
5.190878313548323190e-05 8.244796795714171367e+01
5.364434920576834987e-05 8.509898079204880617e+01
5.543794379073590958e-05 8.783520189443021309e+01
5.729150706919781900e-05 9.065936388843941529e+01
5.920704408969155763e-05 9.357431000784826836e+01
6.118662693939432690e-05 9.658294328632406689e+01
6.323239698555469304e-05 9.968827888051677633e+01
6.534656719186627638e-05 1.028934295850085761e+02
6.753142451228926792e-05 1.062015764810284537e+02
6.978933236490913268e-05 1.096160402900768815e+02
7.212273318850868345e-05 1.131402390069104200e+02
7.453415108461877573e-05 1.167776848984209010e+02
7.702619454790587906e-05 1.205319977194276220e+02
7.960155928784993205e-05 1.244069319997352920e+02
8.226303114476471348e-05 1.284063804481700686e+02
8.501348910331518868e-05 1.325343200221973063e+02
8.785590840679157983e-05 1.367948637809153354e+02
9.079336377550881697e-05 1.411922681183439749e+02
9.382903273281309529e-05 1.457309239151419149e+02
9.696619904229312483e-05 1.504153506276034875e+02
1.002082562599141270e-04 1.552502039964953724e+02
1.035587114049174785e-04 1.602403069717720143e+02
1.070211887534562421e-04 1.653906617168984212e+02
1.105994337590709140e-04 1.707063797065815152e+02
1.142973171042456330e-04 1.761927253875250869e+02
1.181188388874281471e-04 1.818551794480237049e+02
1.220681329500424115e-04 1.876993734494611772e+02
1.261494713481742377e-04 1.937310961300825909e+02
1.303672689737678670e-04 1.999563803591294970e+02
1.347260883303314362e-04 2.063813853656461390e+02
1.392306444683180742e-04 2.130124275207518849e+02
1.438858100855209437e-04 2.198561213554830829e+02
1.486966207979997041e-04 2.269192744181695218e+02
1.536682805872396744e-04 2.342088684321624896e+02
1.588061674294368483e-04 2.417320874891847211e+02
1.641158391129971276e-04 2.494963792473219257e+02
1.696030392505434848e-04 2.575094521903639588e+02
1.752737034919339915e-04 2.657791955016153906e+02
1.811339659450114388e-04 2.743136803664127683e+02
1.871901658110307874e-04 2.831213501867227933e+02
1.934488542419408646e-04 2.922108987576419850e+02
1.999168014269393128e-04 3.015912359957281978e+02
2.066010039159656652e-04 3.112715489785621799e+02
2.135086921880547338e-04 3.212613068760178976e+02
2.206473384727377968e-04 3.315702945552957885e+02
2.280246648329511538e-04 3.422085989593670092e+02
2.356486515181963309e-04 3.531865422197694215e+02
2.435275455969876748e-04 3.645147605106774336e+02
2.516698698779247295e-04 3.762043148494298066e+02
2.600844321290405573e-04 3.882665703780045305e+02
2.687803346053976817e-04 4.007130969196645651e+02
2.777669838952388651e-04 4.135559705430516715e+02
2.870541010953427292e-04 4.268075492434101648e+02
2.966517323265922064e-04 4.404804429966418979e+02
3.065702596011295341e-04 4.545878234780197999e+02
3.168204120528543403e-04 4.691431662459135055e+02
3.274132775434116785e-04 4.841602526870854604e+02
3.383603146562264279e-04 4.996532601752520009e+02
3.496733650915567022e-04 5.156369466363757965e+02
3.613646664759745386e-04 5.321264465420744045e+02
3.734468656001317080e-04 5.491369188889254929e+02
3.859330320991275886e-04 5.666844640287503125e+02
3.988366725902805230e-04 5.847852870287266569e+02
4.121717452835938129e-04 6.034561726729066322e+02
4.259526750807212541e-04 6.227144061872188558e+02
4.401943691787655547e-04 6.425774342653539861e+02
4.549122331957894719e-04 6.630635018126642990e+02
4.701221878354804149e-04 6.841910655470663869e+02
4.858406861089974399e-04 7.059791113842044297e+02
5.020847311326308640e-04 7.284472427457592403e+02
5.188718945205230424e-04 7.516154475634492655e+02
5.362203353923492141e-04 7.755040164998677028e+02
5.541488200165187389e-04 8.001339552234405801e+02
5.726767421101455150e-04 8.255267864067943719e+02
5.918241438177454907e-04 8.517042103947262603e+02
6.116117373913557359e-04 8.786886695390575142e+02
6.320609275955268004e-04 9.065032703596847341e+02
6.531938348614238542e-04 9.351709128336023014e+02
6.750333192150836329e-04 9.647155879635225801e+02
6.976030050057104547e-04 9.951618719812865947e+02
7.209273064607610694e-04 1.026534573742382918e+03
7.450314540954613768e-04 1.058858880064391542e+03
7.699415220053250396e-04 1.092160531382712406e+03
7.956844560711916160e-04 1.126465717742722745e+03
8.222881031073025473e-04 1.161801328319169443e+03
8.497812409839368810e-04 1.198194264518853743e+03
8.781936097571961097e-04 1.235672207400878733e+03
9.075559438396131216e-04 1.274263478863736282e+03
9.379000052463793693e-04 1.313996229717775350e+03
9.692586179531593148e-04 1.354899357378759078e+03
1.001665703402655023e-03 1.397001960109868605e+03
1.035156317198330069e-03 1.440333776146478158e+03
1.069766687024985286e-03 1.484924800723513954e+03
1.105534251837205851e-03 1.530804916979495829e+03
1.142497702358069404e-03 1.578004592453727810e+03
1.180697022931930960e-03 1.626555049957510619e+03
1.220173534776542454e-03 1.676482602257168310e+03
1.260969940681316284e-03 1.727821749663274431e+03
1.303130371200056587e-03 1.780607264911085849e+03
1.346700432388157767e-03 1.834865402829242839e+03
1.391727255135877424e-03 1.890628322443880734e+03
1.438259546151070007e-03 1.947925893675876523e+03
1.486347640646530459e-03 2.006789181521272894e+03
1.536043556788919398e-03 2.067248164093316518e+03
1.587401051968200579e-03 2.129331636887746754e+03
1.640475680948428249e-03 2.193069386455591484e+03
1.695324855962815390e-03 2.258489580187596403e+03
1.752007908818060174e-03 2.325620367907075433e+03
1.810586155075142928e-03 2.394488612520960942e+03
1.871122960375984270e-03 2.465120097565085416e+03
1.933683808987751848e-03 2.537539989702825551e+03
1.998336374638913938e-03 2.611772310627805382e+03
2.065150593723721201e-03 2.687839623700115681e+03
2.134198740954243185e-03 2.765762509402796695e+03
2.205555507541849362e-03 2.845560848437566165e+03
2.279298081992675151e-03 2.927252644748255989e+03
2.355506233604463730e-03 3.010852884824203102e+03
2.434262398755145627e-03 3.096375047235135753e+03
2.515651770076436904e-03 3.183831040647803093e+03
2.599762388608985089e-03 3.273229228533036348e+03
2.686685239038679764e-03 3.364574905839554958e+03
2.776514348117217236e-03 3.457871630973123047e+03
2.869346886373309435e-03 3.553120051846010938e+03
2.965283273224645581e-03 3.650314786077605277e+03
3.064427285604211931e-03 3.749449854179129034e+03
3.166886170218578649e-03 3.850514053075108222e+03
3.272770759559481216e-03 3.953492151798715895e+03
3.382195591794276077e-03 4.058365447455454159e+03
3.495279034664920681e-03 4.165108559714976764e+03
3.612143413529477973e-03 4.273691828149713729e+03
3.732915143684721951e-03 4.384092986648423903e+03
3.857724867112893516e-03 4.496260676147581762e+03
3.986707593800617976e-03 4.610140002178539362e+03
4.120002847782761740e-03 4.725691065323295334e+03
4.257754818069308354e-03 4.842852495036730943e+03
4.400112514618404608e-03 4.961558882879296107e+03
4.547229929524409554e-03 5.081738013901677732e+03
4.699266203595197679e-03 5.203310299053846393e+03
4.856385798499019031e-03 5.326187826283980939e+03
5.018758674667020935e-03 5.450274181924025470e+03
5.186560475143959549e-03 5.575466688257706664e+03
5.359972715585955248e-03 5.701651260823866323e+03
5.539182980610755057e-03 5.828706411511832812e+03
5.724385126713026593e-03 5.956499299946178326e+03
5.915779491964028892e-03 6.084888277437347824e+03
6.113573112722652143e-03 6.213723963459525294e+03
6.317979947592099882e-03 6.342834409254380262e+03
6.529221108864616957e-03 6.472056836237496100e+03
6.747525101704480652e-03 6.601205414803522217e+03
6.973128071328140755e-03 6.730078566515589955e+03
7.206274058448705437e-03 6.858470791470542281e+03
7.447215263261310406e-03 6.986158577528476599e+03
7.696212318254701257e-03 7.112910353366371055e+03
7.953534570144332738e-03 7.238480616793267473e+03
8.219460371231864307e-03 7.362608187027527492e+03
8.494277380506187053e-03 7.485022568546899493e+03
8.778282874811823774e-03 7.605440777451484792e+03
9.071784070421121463e-03 7.723554283960217617e+03
9.375098455358292851e-03 7.839052632623623140e+03
9.688554132834568261e-03 7.951610392025138935e+03
1.001249017616620725e-02 8.060886980679625594e+03
1.034725699555901803e-02 8.166529278621454978e+03
1.069321671715643858e-02 8.268169669855104075e+03
1.105074357476093505e-02 8.365426417790489722e+03
1.142022431465263173e-02 8.457909354256966253e+03
1.180205861394306721e-02 8.545217417966377980e+03
1.219665951291643881e-02 8.626938928066818335e+03
1.260445386182631328e-02 8.702651554390378806e+03
1.302588278263077520e-02 8.771923588688692689e+03
1.346140214616583890e-02 8.834323445386347885e+03
1.391148306527291781e-02 8.889413049760210924e+03
1.437661240441416924e-02 8.936750952262376813e+03
1.485729330632660182e-02 8.975899230227929365e+03
1.535404573628500365e-02 9.006427220377705453e+03
1.586740704456205894e-02 9.027911063059143999e+03
1.639793254769450481e-02 9.039937123533061822e+03
1.694619612918364313e-02 9.042117621831894212e+03
1.751279086028037155e-02 9.034082938112245756e+03
1.809832964152614798e-02 9.015490016522875521e+03
1.870344586574363213e-02 8.986037598530714604e+03
1.932879410319460894e-02 8.945461383175803348e+03
1.997505080964588620e-02 8.893549462938883153e+03
2.064291505810955316e-02 8.830146764772003735e+03
2.133310929504865505e-02 8.755162177572128712e+03
2.204638012186681956e-02 8.668579908773337593e+03
2.278349910252664909e-02 8.570468208549247720e+03
2.354526359817107548e-02 8.460981470697053737e+03
2.433249762964985810e-02 8.340373469836997174e+03
2.514605276888498206e-02 8.209002099209918015e+03
2.598680906003840441e-02 8.067334191000421924e+03
2.685567597147924673e-02 7.915954318569532006e+03
2.775359337957988490e-02 7.755561558893690744e+03
2.868153258540498754e-02 7.586976861199290397e+03
2.964049736539381419e-02 7.411136114707852357e+03
3.063152505717161092e-02 7.229084745770374866e+03
3.165568768166540647e-02 7.041976515822317197e+03
3.271409310273729054e-02 6.851051593006576695e+03
3.380788622559029871e-02 6.657633642807632896e+03
3.493825023524253087e-02 6.463102812813940545e+03
3.610640787640997940e-02 6.268878867094908856e+03
3.731362277618164441e-02 6.076385787281843477e+03
3.856120081091872487e-02 5.887037035473634205e+03
3.985049151885547425e-02 5.702190227932124799e+03
4.118288955993056055e-02 5.523118608843955371e+03
4.255983622442782027e-02 5.350972061083006338e+03
4.398282099205792772e-02 5.186744434251642815e+03
4.545338314316834522e-02 5.031228125908040965e+03
4.697311342382341770e-02 4.884983219935148554e+03
4.854365576655684383e-02 4.748294366044756316e+03
5.016670906865677154e-02 4.621145138264445450e+03
5.184402902990837420e-02 4.503181729527379503e+03
5.357743005178047802e-02 4.393694014681627777e+03
5.536878720011212396e-02 4.291600459917972330e+03
5.722003823342062395e-02 4.195453928401698249e+03
5.913318569902666078e-02 4.103459323636118825e+03
6.111029909926251474e-02 4.013524314013966887e+03
6.315351713010779189e-02 3.923329670073768284e+03
6.526504999467336310e-02 3.830450788573585214e+03
6.744718179403717817e-02 3.732503536496140896e+03
6.970227299801623477e-02 3.627329345612004545e+03
7.203276299854979858e-02 3.513203615907746553e+03
7.444117274845411802e-02 3.389044238028218842e+03
7.693010748840443946e-02 3.254606254713844919e+03
7.950225956509210379e-02 3.110622353479766389e+03
8.216041134360790865e-02 2.958856474713519219e+03
8.490743821719984319e-02 2.802050228777452503e+03
8.774631171766281157e-02 2.643747764279683906e+03
9.068010272972255870e-02 2.488005083559807645e+03
9.371198481289348681e-02 2.339007842697075830e+03
9.684523763440215649e-02 2.200646433434534629e+03
1.000832505168899600e-01 2.076091257205162947e+03
1.034295261047340625e-01 1.967427412137330748e+03
1.068876841529496080e-01 1.875369737589204078e+03
1.104614654427753945e-01 1.799097615903051974e+03
1.141547358281756464e-01 1.736220970094684617e+03
1.179714904176376727e-01 1.682917226736083649e+03
1.219158578957853512e-01 1.634288730087369686e+03
1.259921049894874856e-01 1.584978582382484092e+03
1.302046410832891354e-01 1.530039868782812164e+03
1.345580229891604751e-01 1.465931661287245333e+03
1.390569598757198100e-01 1.391408149655238731e+03
1.437063183622670492e-01 1.307976613205850072e+03
1.485111277831346888e-01 1.219687247207553128e+03
1.534765856280515817e-01 1.132206239745115226e+03
1.586080631644066208e-01 1.051407076991400345e+03
1.639111112474894438e-01 9.818894278685679637e+02
1.693914663249987407e-01 9.258381804083240922e+02
1.750550566423093313e-01 8.824783066987337179e+02
1.809080086552135869e-01 8.482370883068831517e+02
1.869566536570689830e-01 8.176544376226047461e+02
1.932075346275276828e-01 7.849850096430425310e+02
1.996674133102498971e-01 7.462743325441235811e+02
2.063432775272630582e-01 7.007299408961671361e+02
2.132423487378718452e-01 6.512722029627295797e+02
2.203720898503036263e-01 6.029022285021713969e+02
2.277402132945338109e-01 5.604838390738893850e+02
2.353546893650253491e-01 5.264602277548841585e+02
2.432237548424092122e-01 4.999106110960572096e+02
2.513559219034258718e-01 4.771800118758824283e+02
2.597599873287743666e-01 4.538729840306353935e+02
2.684450420188219666e-01 4.273471386178941316e+02
2.774204808274743361e-01 3.981900073027359781e+02
2.866960127248350254e-01 3.694598559386428747e+02
2.962816712996577673e-01 3.443432635452209638e+02
3.061878256129444420e-01 3.238250059464053834e+02
3.164251914144354805e-01 3.062933173342676128e+02
3.270048427341168962e-01 2.890644697418009628e+02
3.379382238612947953e-01 2.706661162504609592e+02
3.492371617241852855e-01 2.518954916030120046e+02
3.609138786834163448e-01 2.346336328502206356e+02
3.729810057532814693e-01 2.197966947953356112e+02
3.854515962650386651e-01 2.065885682390033651e+02
3.983391399870480631e-01 1.936479411257553522e+02
4.116575777170102257e-01 1.806139908543580646e+02
4.254213163620995108e-01 1.682493330869488943e+02
4.396452445232932327e-01 1.571815467992209108e+02
4.543447486007690661e-01 1.471043959954133697e+02
4.695357294377799362e-01 1.373983635765439146e+02
4.852346195210218704e-01 1.280218227062304095e+02
5.014584007560848322e-01 1.193344445780748657e+02
5.182246228372336949e-01 1.113774804051813021e+02
5.355514222313770833e-01 1.038734686550190105e+02
5.534575417967635413e-01 9.674023877360987456e+01
5.719623510576314906e-01 9.010337186195430093e+01
5.910858671567322808e-01 8.394776779072051909e+01
6.108487765084068544e-01 7.815682038045383706e+01
6.312724571756275216e-01 7.272572526314878871e+01
6.523790019952193653e-01 6.767515250599558385e+01
6.741912424762606104e-01 6.295443240176564359e+01
6.967327734975364839e-01 5.853891557940231394e+01
7.200279788307419881e-01 5.442100060861903899e+01
7.441020575170596008e-01 5.058086228592498657e+01
7.689810511256225389e-01 4.699912326041063437e+01
7.946918719233755368e-01 4.365854270081434407e+01
8.212623319867858873e-01 4.054416242278743709e+01
8.487211732869031078e-01 3.764193865835092367e+01
8.770980987803161932e-01 3.493852309540225320e+01
9.064238045396205701e-01 3.242120643215965714e+01
9.367300129581793700e-01 3.007799425058633247e+01
9.680495070650749767e-01 2.789752026532258711e+01
1.000416165987385808e+00 2.586895376644009303e+01
1.033865001598128330e+00 2.398213345962711784e+01
1.068432196389532240e+00 2.222760900023123298e+01
1.104155142612600837e+00 2.059666757498273881e+01
1.141072482725305592e+00 1.908113620577774938e+01
1.179224151193147607e+00 1.767329086529177218e+01
1.218651417687333982e+00 1.636577842301098329e+01
1.259396931727273516e+00 1.515170759329582673e+01
1.301504768815691548e+00 1.402466322089652806e+01
1.345020478116276896e+00 1.297871521605529388e+01
1.389991131725407447e+00 1.200832060156345094e+01
1.436465375591293947e+00 1.110827321231159637e+01
1.484493482135585296e+00 1.027365584514752861e+01
1.534127404634392455e+00 9.499870323468600830e+00
1.585420833417506836e+00 8.782635759580148971e+00
1.638429253946665609e+00 8.117984704090073222e+00
1.693210006835640158e+00 7.502218804242220429e+00
1.749822349877109051e+00 6.931882725260553713e+00
1.808327522143368116e+00 6.403742431233888865e+00
1.868788810230267217e+00 5.914780902576940669e+00
1.931271616715998229e+00 5.462187609370499075e+00
1.995843530908793184e+00 5.043345078223747002e+00
2.062574401960084458e+00 4.655816457765156180e+00
2.131536414422164238e+00 4.297333870257944888e+00
2.202804166332139602e+00 3.965787791502357162e+00
2.276454749906602792e+00 3.659216057784066667e+00
2.352567834934338631e+00 3.375793797612744562e+00
2.431225754957225149e+00 3.113824030078454541e+00
2.512513596332623944e+00 2.871729423817690918e+00
2.596519290273538783e+00 2.648044403984926909e+00
2.683333707966161441e+00 2.441407456467700410e+00
2.773050758867611432e+00 2.250554206153681847e+00
2.865767492290306695e+00 2.074310844407468934e+00
2.961584202382770314e+00 1.911587635494363280e+00
3.060604536620467719e+00 1.761373376472601837e+00
3.162935607924048931e+00 1.622730155974972055e+00
3.268688110526199786e+00 1.494788244230186747e+00
3.377976439712552459e+00 1.376741328547038234e+00
3.490918815566087297e+00 1.267842066501369436e+00
3.607637410848952619e+00 1.167397941798421490e+00
3.728258483159945236e+00 1.074767380456665755e+00
3.852912511510727001e+00 9.893561178714094240e-01
3.981734337468417539e+00 9.106137114680409317e-01
4.114863311017320058e+00 8.380304850729424215e-01
4.252443441297450555e+00 7.711347123761104205e-01
4.394623552383071896e+00 7.094898763794473817e-01
4.541557444269631816e+00 6.526921253991347927e-01
4.693404059243289517e+00 6.003679066201175196e-01
4.850327653813030437e+00 5.521717265891856741e-01
5.012497976391239618e+00 5.077841175740104296e-01
5.180090450915090017e+00 4.669097686529678493e-01
5.353286366607249214e+00 4.292757571632258018e-01
5.532273074081278885e+00 3.946298960804056066e-01
5.717244188003695271e+00 3.627391933584832584e-01
5.908399796532135539e+00 3.333884136515590790e-01
6.105946677756002750e+00 3.063787627100625355e-01
6.310098523373801171e+00 2.815266820993537200e-01
6.521076169849157722e+00 2.586626805036990051e-01
6.739107837295406966e+00 2.376302824854694962e-01
6.964429376347387013e+00 2.182850945178048951e-01
7.197284523287298619e+00 2.004939204952200793e-01
7.437925163700752407e+00 1.841339153592117528e-01
7.686611604948010879e+00 1.690917612829467287e-01
7.943612857745410594e+00 1.552629219145388595e-01
8.209206927161357470e+00 1.425509716375778779e-01
8.483681113341843272e+00 1.308670138649621062e-01
8.767332322290526392e+00 1.201291076970366217e-01
9.060467387039910392e+00 1.102617343359540841e-01
9.363403399560734641e+00 1.011953040062524983e-01
9.676468053768756405e+00 9.286570684884697113e-02
1.000000000000001243e+01 8.521389419942135279e-02
