2.000000000000000164e-05 3.351007657510132987e+01
2.066869842267550072e-05 3.458766251582071050e+01
2.135975472437544027e-05 3.569990457274712981e+01
2.207391643902171255e-05 3.684790933446611660e+01
2.281195609427394449e-05 3.803282423242407617e+01
2.357467204719313169e-05 3.925584449533747744e+01
2.436288934784564352e-05 4.051819197385172089e+01
2.517746063178175121e-05 4.182113129530755913e+01
2.601926704235410016e-05 4.316596947430189601e+01
2.688921918387384303e-05 4.455404036003862700e+01
2.778825810663545582e-05 4.598675319049431209e+01
2.871735632487579741e-05 4.746553140139250360e+01
2.967751886876853870e-05 4.899185292331477370e+01
3.066978437159193627e-05 5.056725527504436712e+01
3.169522619324599853e-05 5.219331348704486828e+01
3.275495358133433647e-05 5.387165201924975833e+01
3.385011287106671010e-05 5.560395588027519409e+01
3.498188872528021299e-05 5.739195433522448297e+01
3.615150541592045298e-05 5.923744028683919538e+01
3.736022814836899319e-05 6.114226524035642996e+01
3.860936443004954884e-05 6.310833038216019730e+01
3.990026548479344494e-05 6.513761643391322309e+01
4.123432771449419843e-05 6.723213663282446362e+01
4.261299420963254024e-05 6.939399500214683769e+01
4.403775631030562105e-05 7.162536114299443568e+01
4.551015521944909301e-05 7.392845714918415467e+01
4.703178366999723984e-05 7.630559553728949140e+01
4.860428764778435972e-05 7.875915987678321528e+01
5.022936817205134787e-05 8.129158648408623833e+01
5.190878313548323190e-05 8.390542504554112213e+01
5.364434920576834987e-05 8.660329160346768163e+01
5.543794379073590958e-05 8.938786234176046719e+01
5.729150706919781900e-05 9.226196096355161558e+01
5.920704408969155763e-05 9.522843358854608198e+01
6.118662693939432690e-05 9.829026033341443735e+01
6.323239698555469304e-05 1.014504953375192713e+02
6.534656719186627638e-05 1.047122818880382766e+02
6.753142451228926792e-05 1.080789072147305205e+02
6.978933236490913268e-05 1.115537307123892390e+02
7.212273318850868345e-05 1.151402092317352555e+02
7.453415108461877573e-05 1.188419335274314079e+02
7.702619454790587906e-05 1.226626085137754814e+02
7.960155928784993205e-05 1.266060478698552600e+02
8.226303114476471348e-05 1.306761897007815207e+02
8.501348910331518868e-05 1.348770792309533135e+02
8.785590840679157983e-05 1.392129208943167953e+02
9.079336377550881697e-05 1.436880531797993399e+02
9.382903273281309529e-05 1.483069236354430984e+02
9.696619904229312483e-05 1.530741241769165413e+02
1.002082562599141270e-04 1.579944338153894137e+02
1.035587114049174785e-04 1.630727371936218617e+02
1.070211887534562421e-04 1.683141144840097922e+02
1.105994337590709140e-04 1.737237810870463761e+02
1.142973171042456330e-04 1.793070858043377882e+02
1.181188388874281471e-04 1.850695894268413610e+02
1.220681329500424115e-04 1.910170733616621987e+02
1.261494713481742377e-04 1.971553936127679663e+02
1.303672689737678670e-04 2.034906360516386314e+02
1.347260883303314362e-04 2.100291313691340633e+02
1.392306444683180742e-04 2.167773792365222221e+02
1.438858100855209437e-04 2.237420326193314395e+02
1.486966207979997041e-04 2.309299890857863033e+02
1.536682805872396744e-04 2.383483668448099593e+02
1.588061674294368483e-04 2.460045250466773439e+02
1.641158391129971276e-04 2.539060265874030620e+02
1.696030392505434848e-04 2.620606308818098569e+02
1.752737034919339915e-04 2.704763736837271608e+02
1.811339659450114388e-04 2.791616151479551604e+02
1.871901658110307874e-04 2.881248924289342312e+02
1.934488542419408646e-04 2.973750156222365604e+02
1.999168014269393128e-04 3.069210409640742796e+02
2.066010039159656652e-04 3.167722715721466784e+02
2.135086921880547338e-04 3.269384244653400060e+02
2.206473384727377968e-04 3.374294665501338955e+02
2.280246648329511538e-04 3.482556124488426121e+02
2.356486515181963309e-04 3.594273520486896700e+02
2.435275455969876748e-04 3.709555538560272225e+02
2.516698698779247295e-04 3.828514953848160758e+02
2.600844321290405573e-04 3.951266762755751643e+02
2.687803346053976817e-04 4.077928969241791606e+02
2.777669838952388651e-04 4.208624002678786269e+02
2.870541010953427292e-04 4.343477774499633597e+02
2.966517323265922064e-04 4.482619241065691540e+02
3.065702596011295341e-04 4.626181657319031615e+02
3.168204120528543403e-04 4.774302594868206597e+02
3.274132775434116785e-04 4.927122119891893135e+02
3.383603146562264279e-04 5.084784906383799239e+02
3.496733650915567022e-04 5.247440239159564044e+02
3.613646664759745386e-04 5.415241260930073395e+02
3.734468656001317080e-04 5.588345474666698465e+02
3.859330320991275886e-04 5.766913276631502185e+02
3.988366725902805230e-04 5.951110974202721309e+02
4.121717452835938129e-04 6.141109713362890261e+02
4.259526750807212541e-04 6.337084175482464161e+02
4.401943691787655547e-04 6.539212977131604703e+02
4.549122331957894719e-04 6.747679833582158153e+02
4.701221878354804149e-04 6.962674779105901735e+02
4.858406861089974399e-04 7.184391735957785841e+02
5.020847311326308640e-04 7.413027304850869541e+02
5.188718945205230424e-04 7.648783864351493094e+02
5.362203353923492141e-04 7.891871775509424651e+02
5.541488200165187389e-04 8.142503085569005634e+02
5.726767421101455150e-04 8.400894239875107132e+02
5.918241438177454907e-04 8.667268956352097575e+02
6.116117373913557359e-04 8.941855871826528528e+02
6.320609275955268004e-04 9.224887039488038454e+02
6.531938348614238542e-04 9.516599968601810815e+02
6.750333192150836329e-04 9.817235685862320906e+02
6.976030050057104547e-04 1.012704349140100589e+03
7.209273064607610694e-04 1.044627694590189549e+03
7.450314540954613768e-04 1.077519197919275712e+03
7.699415220053250396e-04 1.111405007082059456e+03
7.956844560711916160e-04 1.146312020974606639e+03
8.222881031073025473e-04 1.182267304785363649e+03
8.497812409839368810e-04 1.219298461680079981e+03
8.781936097571961097e-04 1.257433582847417028e+03
9.075559438396131216e-04 1.296701286157373033e+03
9.379000052463793693e-04 1.337130676026469246e+03
9.692586179531593148e-04 1.378750708312269808e+03
1.001665703402655023e-03 1.421591144367504057e+03
1.035156317198330069e-03 1.465682394568483460e+03
1.069766687024985286e-03 1.511054951346760845e+03
1.105534251837205851e-03 1.557739248172883435e+03
1.142497702358069404e-03 1.605766351953008780e+03
1.180697022931930960e-03 1.655168040848122700e+03
1.220173534776542454e-03 1.705970809255871927e+03
1.260969940681316284e-03 1.758209937345283151e+03
1.303130371200056587e-03 1.811921141950487481e+03
1.346700432388157767e-03 1.867131013809742853e+03
1.391727255135877424e-03 1.923872178258533040e+03
1.438259546151070007e-03 1.982175327508818100e+03
1.486347640646530459e-03 2.042071246978524641e+03
1.536043556788919398e-03 2.103590894842385296e+03
1.587401051968200579e-03 2.166764574802572497e+03
1.640475680948428249e-03 2.231621744892900097e+03
1.695324855962815390e-03 2.298190892678888304e+03
1.752007908818060174e-03 2.366500445716356353e+03
1.810586155075142928e-03 2.436578232647593723e+03
1.871122960375984270e-03 2.508450476204910956e+03
1.933683808987751848e-03 2.582142312014358595e+03
1.998336374638913938e-03 2.657678636088222447e+03
2.065150593723721201e-03 2.735081833856695539e+03
2.134198740954243185e-03 2.814373332046018731e+03
2.205555507541849362e-03 2.895572597863625106e+03
2.279298081992675151e-03 2.978697704629604232e+03
2.355506233604463730e-03 3.063765053620806157e+03
2.434262398755145627e-03 3.150787305089792881e+03
2.515651770076436904e-03 3.239776541268087385e+03
2.599762388608985089e-03 3.330740946724924470e+03
2.686685239038679764e-03 3.423686302884259931e+03
2.776514348117217236e-03 3.518616245306126984e+03
2.869346886373309435e-03 3.615530525300392583e+03
2.965283273224645581e-03 3.714425232380550369e+03
3.064427285604211931e-03 3.815293097300313548e+03
3.166886170218578649e-03 3.918122908475572785e+03
3.272770759559481216e-03 4.022899487318082265e+03
3.382195591794276077e-03 4.129603394089960602e+03
3.495279034664920681e-03 4.238209296072044708e+03
3.612143413529477973e-03 4.348686461282813070e+03
3.732915143684721951e-03 4.461013285110043398e+03
3.857724867112893516e-03 4.575136724222472367e+03
3.986707593800617976e-03 4.690999970121147271e+03
4.120002847782761740e-03 4.808562815600028443e+03
4.257754818069308354e-03 4.927761856599821840e+03
4.400112514618404608e-03 5.048530766290963584e+03
4.547229929524409554e-03 5.170796356356875549e+03
4.699266203595197679e-03 5.294476538914815137e+03
4.856385798499019031e-03 5.419481223536051402e+03
5.018758674667020935e-03 5.545713156837942734e+03
5.186560475143959549e-03 5.673066920370065418e+03
5.359972715585955248e-03 5.801425991059303669e+03
5.539182980610755057e-03 5.930667607178212165e+03
5.724385126713026593e-03 6.060656916831566377e+03
5.915779491964028892e-03 6.191248398377644662e+03
6.113573112722652143e-03 6.322288965710638877e+03
6.317979947592099882e-03 6.453605487656526748e+03
6.529221108864616957e-03 6.585028760692131982e+03
6.747525101704480652e-03 6.716370122571923275e+03
6.973128071328140755e-03 6.847424590981719120e+03
7.206274058448705437e-03 6.977981054268121625e+03
7.447215263261310406e-03 7.107814850954845497e+03
7.696212318254701257e-03 7.236687250243982817e+03
7.953534570144332738e-03 7.364349065915483152e+03
8.219460371231864307e-03 7.490533946113918319e+03
8.494277380506187053e-03 7.614964630511719406e+03
8.778282874811823774e-03 7.737352729922262370e+03
9.071784070421121463e-03 7.857382868730107475e+03
9.375098455358292851e-03 7.974738565698643470e+03
9.688554132834568261e-03 8.089089796834387016e+03
1.001249017616620725e-02 8.200088443449942133e+03
1.034725699555901803e-02 8.307372494599218044e+03
1.069321671715643858e-02 8.410569146826132055e+03
1.105074357476093505e-02 8.509291267956570664e+03
1.142022431465263173e-02 8.603134864771340290e+03
1.180205861394306721e-02 8.691692998522765265e+03
1.219665951291643881e-02 8.774548630678931659e+03
1.260445386182631328e-02 8.851269423959996857e+03
1.302588278263077520e-02 8.921416334528985317e+03
1.346140214616583890e-02 8.984544997728673479e+03
1.391148306527291781e-02 9.040213330824964942e+03
1.437661240441416924e-02 9.087972685679793358e+03
1.485729330632660182e-02 9.127374522757685554e+03
1.535404573628500365e-02 9.157980536815943196e+03
1.586740704456205894e-02 9.179359840588416773e+03
1.639793254769450481e-02 9.191092782572022770e+03
1.694619612918364313e-02 9.192782828620436703e+03
1.751279086028037155e-02 9.184055113298198194e+03
1.809832964152614798e-02 9.164562952268011941e+03
1.870344586574363213e-02 9.133999546540480878e+03
1.932879410319460894e-02 9.092100194738175560e+03
1.997505080964588620e-02 9.038649013171832848e+03
2.064291505810955316e-02 8.973490240195105798e+03
2.133310929504865505e-02 8.896537343838208471e+03
2.204638012186681956e-02 8.807778279013278734e+03
2.278349910252664909e-02 8.707282580575138127e+03
2.354526359817107548e-02 8.595215564985413948e+03
2.433249762964985810e-02 8.471838936143671162e+03
2.514605276888498206e-02 8.337524215211014962e+03
2.598680906003840441e-02 8.192753651095925306e+03
2.685567597147924673e-02 8.038126397331315275e+03
2.775359337957988490e-02 7.874362972116571655e+03
2.868153258540498754e-02 7.702306399908382446e+03
2.964049736539381419e-02 7.522916703042895278e+03
3.063152505717161092e-02 7.337263934291545411e+03
3.165568768166540647e-02 7.146530801874928329e+03
3.271409310273729054e-02 6.951988134625930797e+03
3.380788622559029871e-02 6.754987590462044864e+03
3.493825023524253087e-02 6.556941293998528636e+03
3.610640787640997940e-02 6.359298360537427470e+03
3.731362277618164441e-02 6.163513493820467374e+03
3.856120081091872487e-02 5.971027173893528015e+03
3.985049151885547425e-02 5.783222689184106457e+03
4.118288955993056055e-02 5.601395132227347858e+03
4.255983622442782027e-02 5.426715716107013577e+03
4.398282099205792772e-02 5.260188686901611618e+03
4.545338314316834522e-02 5.102618619994735127e+03
4.697311342382341770e-02 4.954565334052037542e+03
4.854365576655684383e-02 4.816311591058433805e+03
5.016670906865677154e-02 4.687828316548962903e+03
5.184402902990837420e-02 4.568741572536378044e+03
5.357743005178047802e-02 4.458314214396743409e+03
5.536878720011212396e-02 4.355424908405315364e+03
5.722003823342062395e-02 4.258580307815193009e+03
5.913318569902666078e-02 4.165932641031065032e+03
6.111029909926251474e-02 4.075326178176370377e+03
6.315351713010779189e-02 3.984377209291305462e+03
6.526504999467336310e-02 3.890592584614917996e+03
6.744718179403717817e-02 3.791524652783455622e+03
6.970227299801623477e-02 3.684960963347617962e+03
7.203276299854979858e-02 3.569134830084175064e+03
7.444117274845411802e-02 3.442944914231763050e+03
7.693010748840443946e-02 3.306152117724150230e+03
7.950225956509210379e-02 3.159523853845529175e+03
8.216041134360790865e-02 3.004887197271019886e+03
8.490743821719984319e-02 2.845072178647863893e+03
8.774631171766281157e-02 2.683732269588555027e+03
9.068010272972255870e-02 2.525039626499668429e+03
9.371198481289348681e-02 2.373294350982529522e+03
9.684523763440215649e-02 2.232486510709914000e+03
1.000832505168899600e-01 2.105862174329937716e+03
1.034295261047340625e-01 1.995548220328277012e+03
1.068876841529496080e-01 1.902264440427446516e+03
1.104614654427753945e-01 1.825152615391128620e+03
1.141547358281756464e-01 1.761746840815997984e+03
1.179714904176376727e-01 1.708110554916289175e+03
1.219158578957853512e-01 1.659207159295628344e+03
1.259921049894874856e-01 1.609529857614331604e+03
1.302046410832891354e-01 1.553997822273877318e+03
1.345580229891604751e-01 1.488979786131263381e+03
1.390569598757198100e-01 1.413208864522702925e+03
1.437063183622670492e-01 1.328252220844238536e+03
1.485111277831346888e-01 1.238289631342039002e+03
1.534765856280515817e-01 1.149155578209501073e+03
1.586080631644066208e-01 1.066887116590903361e+03
1.639111112474894438e-01 9.962026287433075140e+02
1.693914663249987407e-01 9.393343726895526515e+02
1.750550566423093313e-01 8.954729124709817825e+02
1.809080086552135869e-01 8.609379182889938420e+02
1.869566536570689830e-01 8.301144686856912358e+02
1.932075346275276828e-01 7.970998502470373523e+02
1.996674133102498971e-01 7.578356641694801965e+02
2.063432775272630582e-01 7.115203129424584176e+02
2.132423487378718452e-01 6.611677552305841346e+02
2.203720898503036263e-01 6.119254602589539900e+02
2.277402132945338109e-01 5.687901340841453930e+02
2.353546893650253491e-01 5.342640460878413933e+02
2.432237548424092122e-01 5.073923788360789899e+02
2.513559219034258718e-01 4.844145795137054620e+02
2.597599873287743666e-01 4.608147607038687852e+02
2.684450420188219666e-01 4.338835003199296239e+02
2.774204808274743361e-01 4.042330859568770620e+02
2.866960127248350254e-01 3.750119835867696452e+02
2.962816712996577673e-01 3.494936822091873978e+02
3.061878256129444420e-01 3.286850861881363244e+02
3.164251914144354805e-01 3.109260223219330328e+02
3.270048427341168962e-01 2.934588748432502143e+02
3.379382238612947953e-01 2.747750105318658029e+02
3.492371617241852855e-01 2.556983135269396143e+02
3.609138786834163448e-01 2.381629173620106883e+02
3.729810057532814693e-01 2.231080757101167364e+02
3.854515962650386651e-01 2.097138509093880145e+02
3.983391399870480631e-01 1.965820376714779343e+02
4.116575777170102257e-01 1.833446876437035087e+02
4.254213163620995108e-01 1.707870423791201233e+02
4.396452445232932327e-01 1.595536177297940128e+02
4.543447486007690661e-01 1.493287573481100878e+02
4.695357294377799362e-01 1.394765820517419286e+02
4.852346195210218704e-01 1.299557408064421793e+02
5.014584007560848322e-01 1.211363723655904323e+02
5.182246228372336949e-01 1.130606697127683447e+02
5.355514222313770833e-01 1.054437529074006648e+02
5.534575417967635413e-01 9.820191924519664894e+01
5.719623510576314906e-01 9.146463226528393875e+01
5.910858671567322808e-01 8.521649753759319879e+01
6.108487765084068544e-01 7.933799965797817322e+01
6.312724571756275216e-01 7.382462297389857042e+01
6.523790019952193653e-01 6.869785666812987301e+01
6.741912424762606104e-01 6.390589388446103669e+01
6.967327734975364839e-01 5.942352675258214845e+01
7.200279788307419881e-01 5.524335959145030017e+01
7.441020575170596008e-01 5.134522762983657884e+01
7.689810511256225389e-01 4.770940110819885405e+01
7.946918719233755368e-01 4.431835169840893229e+01
8.212623319867858873e-01 4.115690636710888128e+01
8.487211732869031078e-01 3.821082096766284764e+01
8.770980987803161932e-01 3.546655126387268098e+01
9.064238045396205701e-01 3.291119408788379985e+01
9.367300129581793700e-01 3.053257168437120939e+01
9.680495070650749767e-01 2.831914514447520403e+01
1.000416165987385808e+00 2.625992094096652352e+01
1.033865001598128330e+00 2.434458507144594819e+01
1.068432196389532240e+00 2.256354473273584560e+01
1.104155142612600837e+00 2.090795502938898309e+01
1.141072482725305592e+00 1.936951906866624995e+01
1.179224151193147607e+00 1.794039593141955180e+01
1.218651417687333982e+00 1.661312158763180236e+01
1.259396931727273516e+00 1.538070084243161340e+01
1.301504768815691548e+00 1.423662181750736089e+01
1.345020478116276896e+00 1.317486511063296994e+01
1.389991131725407447e+00 1.218980421861729191e+01
1.436465375591293947e+00 1.127615431905464405e+01
1.484493482135585296e+00 1.042892340859836331e+01
1.534127404634392455e+00 9.643443352710661998e+00
1.585420833417506836e+00 8.915368347699732965e+00
1.638429253946665609e+00 8.240671277734069378e+00
1.693210006835640158e+00 7.615598228646046408e+00
1.749822349877109051e+00 7.036641833533237467e+00
1.808327522143368116e+00 6.500519072646133267e+00
1.868788810230267217e+00 6.004167182077767784e+00
1.931271616715998229e+00 5.544733078297821471e+00
1.995843530908793184e+00 5.119559819495357544e+00
2.062574401960084458e+00 4.726173836944839834e+00
2.131536414422164238e+00 4.362273031435847770e+00
2.202804166332139602e+00 4.025715888596582914e+00
2.276454749906602792e+00 3.714510460251577051e+00
2.352567834934338631e+00 3.426804227484017584e+00
2.431225754957225149e+00 3.160874668098862195e+00
2.512513596332623944e+00 2.915120749876106032e+00
2.596519290273538783e+00 2.688054830132956763e+00
2.683333707966161441e+00 2.478294753738360168e+00
2.773050758867611432e+00 2.284556935029081970e+00
2.865767492290306695e+00 2.105649757898510721e+00
2.961584202382770314e+00 1.940467023521546874e+00
3.060604536620467719e+00 1.787982279309107803e+00
3.162935607924048931e+00 1.647243466187846561e+00
3.268688110526199786e+00 1.517367748192116617e+00
3.377976439712552459e+00 1.397536663229550724e+00
3.490918815566087297e+00 1.286991592602916734e+00
3.607637410848952619e+00 1.185029501822303821e+00
3.728258483159945236e+00 1.090999043516915901e+00
3.852912511510727001e+00 1.004296920768943613e+00
3.981734337468417539e+00 9.243643899013110898e-01
4.114863311017320058e+00 8.506841224175372140e-01
4.252443441297450555e+00 7.827772994752121294e-01
4.394623552383071896e+00 7.202008176813492479e-01
4.541557444269631816e+00 6.625447171151404024e-01
4.693404059243289517e+00 6.094297942824771219e-01
4.850327653813030437e+00 5.605053228270240329e-01
5.012497976391239618e+00 5.154469923471488579e-01
5.180090450915090017e+00 4.739550183255528681e-01
5.353286366607249214e+00 4.357523492948361388e-01
5.532273074081278885e+00 4.005829873656435169e-01
5.717244188003695271e+00 3.682104200873371203e-01
5.908399796532135539e+00 3.384161591481896769e-01
6.105946677756002750e+00 3.109984051110424863e-01
6.310098523373801171e+00 2.857708254353806820e-01
6.521076169849157722e+00 2.625613752734373141e-01
6.739107837295406966e+00 2.412112289653334796e-01
6.964429376347387013e+00 2.215738209173884199e-01
7.197284523287298619e+00 2.035139348192301356e-01
7.437925163700752407e+00 1.869068457308273590e-01
7.686611604948010879e+00 1.716375058113566165e-01
7.943612857745410594e+00 1.575997985982588168e-01
8.209206927161357470e+00 1.446958581765445673e-01
8.483681113341843272e+00 1.328354580039368127e-01
8.767332322290526392e+00 1.219354210435328462e-01
9.060467387039910392e+00 1.119190769722033102e-01
9.363403399560734641e+00 1.027157760009085458e-01
9.676468053768756405e+00 9.426043693643509913e-02
1.000000000000001243e+01 8.649312303801366675e-02
