2.000000000000000164e-05 1.315350613649289395e-02
2.066869842267550072e-05 1.357649041351439816e-02
2.135975472437544027e-05 1.401307693756332837e-02
2.207391643902171255e-05 1.446370459107837632e-02
2.281195609427394449e-05 1.492882350687389434e-02
2.357467204719313169e-05 1.540889852515372506e-02
2.436288934784564352e-05 1.590441204823984933e-02
2.517746063178175121e-05 1.641586027387683527e-02
2.601926704235410016e-05 1.694375342228667328e-02
2.688921918387384303e-05 1.748862152482945354e-02
2.778825810663545582e-05 1.805101196782115877e-02
2.871735632487579741e-05 1.863148877078419849e-02
2.967751886876853870e-05 1.923063219617790476e-02
3.066978437159193627e-05 1.984904143357059739e-02
3.169522619324599853e-05 2.048733616857364645e-02
3.275495358133433647e-05 2.114615553573121615e-02
3.385011287106671010e-05 2.182616244799786415e-02
3.498188872528021299e-05 2.252803422725557086e-02
3.615150541592045298e-05 2.325247441587122155e-02
3.736022814836899319e-05 2.400021244232439233e-02
3.860936443004954884e-05 2.477199541324203932e-02
3.990026548479344494e-05 2.556859715427012986e-02
4.123432771449419843e-05 2.639081326153446677e-02
4.261299420963254024e-05 2.723946708688695581e-02
4.403775631030562105e-05 2.811541110632516383e-02
4.551015521944909301e-05 2.901952239545138590e-02
4.703178366999723984e-05 2.995270238953248038e-02
4.860428764778435972e-05 3.091588964264810335e-02
5.022936817205134787e-05 3.191005487594485851e-02
5.190878313548323190e-05 3.293618559413989677e-02
5.364434920576834987e-05 3.399530653961337773e-02
5.543794379073590958e-05 3.508848885785182531e-02
5.729150706919781900e-05 3.621682268196323856e-02
5.920704408969155763e-05 3.738143208008655460e-02
6.118662693939432690e-05 3.858348870549813125e-02
6.323239698555469304e-05 3.982420077587708190e-02
6.534656719186627638e-05 4.110480872733694724e-02
6.753142451228926792e-05 4.242659189296849737e-02
6.978933236490913268e-05 4.379087221689134668e-02
7.212273318850868345e-05 4.519901757447161023e-02
7.453415108461877573e-05 4.665244023101319110e-02
7.702619454790587906e-05 4.815259124907103616e-02
7.960155928784993205e-05 4.970097272791943604e-02
8.226303114476471348e-05 5.129914489725275611e-02
8.501348910331518868e-05 5.294869377614484784e-02
8.785590840679157983e-05 5.465127699891853680e-02
9.079336377550881697e-05 5.640860217310146585e-02
9.382903273281309529e-05 5.822242377894278759e-02
9.696619904229312483e-05 6.009455737819838217e-02
1.002082562599141270e-04 6.202687787290016297e-02
1.035587114049174785e-04 6.402130615767286093e-02
1.070211887534562421e-04 6.607986111225641612e-02
1.105994337590709140e-04 6.820459623518079773e-02
1.142973171042456330e-04 7.039761991505524841e-02
1.181188388874281471e-04 7.266114192650373338e-02
1.220681329500424115e-04 7.499742497190498014e-02
1.261494713481742377e-04 7.740880888992844600e-02
1.303672689737678670e-04 7.989769985803206465e-02
1.347260883303314362e-04 8.246657706544875677e-02
1.392306444683180742e-04 8.511801512472340348e-02
1.438858100855209437e-04 8.785467685100414870e-02
1.486966207979997041e-04 9.067926922534023937e-02
1.536682805872396744e-04 9.359464204160977685e-02
1.588061674294368483e-04 9.660371180792670653e-02
1.641158391129971276e-04 9.970946386725708377e-02
1.696030392505434848e-04 1.029149986720343246e-01
1.752737034919339915e-04 1.062235312931997661e-01
1.811339659450114388e-04 1.096383592684684466e-01
1.871901658110307874e-04 1.131628841714507061e-01
1.934488542419408646e-04 1.168006236839693179e-01
1.999168014269393128e-04 1.205552147883364317e-01
2.066010039159656652e-04 1.244304052142024553e-01
2.135086921880547338e-04 1.284300420544721710e-01
2.206473384727377968e-04 1.325581007899154229e-01
2.280246648329511538e-04 1.368187236363564152e-01
2.356486515181963309e-04 1.412161478014821170e-01
2.435275455969876748e-04 1.457547307720680474e-01
2.516698698779247295e-04 1.504390122531270857e-01
2.600844321290405573e-04 1.552736275435699365e-01
2.687803346053976817e-04 1.602633585207844935e-01
2.777669838952388651e-04 1.654132221748537135e-01
2.870541010953427292e-04 1.707283141274720806e-01
2.966517323265922064e-04 1.762138423352442584e-01
3.065702596011295341e-04 1.818753252519945129e-01
3.168204120528543403e-04 1.877183521861938154e-01
3.274132775434116785e-04 1.937486743743488671e-01
3.383603146562264279e-04 1.999722716720248039e-01
3.496733650915567022e-04 2.063953210320317311e-01
3.613646664759745386e-04 2.130241511517954878e-01
3.734468656001317080e-04 2.198652713410248483e-01
3.859330320991275886e-04 2.269254399151653945e-01
3.988366725902805230e-04 2.342115944280767914e-01
4.121717452835938129e-04 2.417309339654210298e-01
4.259526750807212541e-04 2.494908276848394613e-01
4.401943691787655547e-04 2.574987898719032775e-01
4.549122331957894719e-04 2.657627741310029101e-01
4.701221878354804149e-04 2.742908391544150448e-01
4.858406861089974399e-04 2.830912565085751953e-01
5.020847311326308640e-04 2.921725879462934716e-01
5.188718945205230424e-04 3.015436946909346716e-01
5.362203353923492141e-04 3.112137082755256912e-01
5.541488200165187389e-04 3.211919395640968067e-01
5.726767421101455150e-04 3.314879150633524008e-01
5.918241438177454907e-04 3.421116732699487906e-01
6.116117373913557359e-04 3.530734679734923720e-01
6.320609275955268004e-04 3.643836409539282228e-01
6.531938348614238542e-04 3.760530385204693959e-01
6.750333192150836329e-04 3.880927824693999884e-01
6.976030050057104547e-04 4.005142784085357621e-01
7.209273064607610694e-04 4.133292449720350481e-01
7.450314540954613768e-04 4.265497304504367593e-01
7.699415220053250396e-04 4.401881075504497920e-01
7.956844560711916160e-04 4.542570488350049507e-01
8.222881031073025473e-04 4.687695536559454701e-01
8.497812409839368810e-04 4.837390491225056488e-01
8.781936097571961097e-04 4.991793127652348061e-01
9.075559438396131216e-04 5.151043683093813330e-01
9.379000052463793693e-04 5.315285294968030705e-01
9.692586179531593148e-04 5.484665725678415926e-01
1.001665703402655023e-03 5.659336232369246433e-01
1.035156317198330069e-03 5.839451056633803150e-01
1.069766687024985286e-03 6.025167937791348072e-01
1.105534251837205851e-03 6.216647743129872783e-01
1.142497702358069404e-03 6.414054049506051625e-01
1.180697022931930960e-03 6.617555481921894023e-01
1.220173534776542454e-03 6.827319115802938931e-01
1.260969940681316284e-03 7.043521401579495578e-01
1.303130371200056587e-03 7.266341120135433318e-01
1.346700432388157767e-03 7.495952927222906403e-01
1.391727255135877424e-03 7.732541479248294936e-01
1.438259546151070007e-03 7.976289143768074963e-01
1.486347640646530459e-03 8.227380733522505762e-01
1.536043556788919398e-03 8.486002953316230668e-01
1.587401051968200579e-03 8.752344609683390120e-01
1.640475680948428249e-03 9.026597160855320823e-01
1.695324855962815390e-03 9.308949519598662681e-01
1.752007908818060174e-03 9.599590367439004845e-01
1.810586155075142928e-03 9.898708550375353576e-01
1.871122960375984270e-03 1.020649237417094568e+00
1.933683808987751848e-03 1.052312826785644972e+00
1.998336374638913938e-03 1.084879922835288113e+00
2.065150593723721201e-03 1.118368433302677101e+00
2.134198740954243185e-03 1.152796047697051129e+00
2.205555507541849362e-03 1.188179580402579427e+00
2.279298081992675151e-03 1.224535260069560483e+00
2.355506233604463730e-03 1.261878788078543812e+00
2.434262398755145627e-03 1.300224520662674799e+00
2.515651770076436904e-03 1.339586466129563558e+00
2.599762388608985089e-03 1.379976793713575400e+00
2.686685239038679764e-03 1.421406386288000645e+00
2.776514348117217236e-03 1.463884887967331405e+00
2.869346886373309435e-03 1.507419971394081459e+00
2.965283273224645581e-03 1.552017495586193840e+00
3.064427285604211931e-03 1.597681487530826061e+00
3.166886170218578649e-03 1.644412861438052653e+00
3.272770759559481216e-03 1.692210411643428669e+00
3.382195591794276077e-03 1.741070791489510494e+00
3.495279034664920681e-03 1.790986824511836328e+00
3.612143413529477973e-03 1.841947827250634218e+00
3.732915143684721951e-03 1.893940367547847892e+00
3.857724867112893516e-03 1.946946887319401132e+00
3.986707593800617976e-03 2.000945567405324255e+00
4.120002847782761740e-03 2.055910543980530303e+00
4.257754818069308354e-03 2.111811235443658230e+00
4.400112514618404608e-03 2.168612335061222751e+00
4.547229929524409554e-03 2.226273738274751057e+00
4.699266203595197679e-03 2.284750430064807158e+00
4.856385798499019031e-03 2.343991777613509075e+00
5.018758674667020935e-03 2.403941231671020251e+00
5.186560475143959549e-03 2.464537102286714632e+00
5.359972715585955248e-03 2.525711854809989720e+00
5.539182980610755057e-03 2.587392583540940372e+00
5.724385126713026593e-03 2.649500540454095443e+00
5.915779491964028892e-03 2.711951421171798771e+00
6.113573112722652143e-03 2.774655890887259613e+00
6.317979947592099882e-03 2.837518318306401888e+00
6.529221108864616957e-03 2.900438059467968177e+00
6.747525101704480652e-03 2.963310711706609979e+00
6.973128071328140755e-03 3.026026590344483402e+00
7.206274058448705437e-03 3.088470862428533525e+00
7.447215263261310406e-03 3.150525971016634230e+00
7.696212318254701257e-03 3.212069798614821003e+00
7.953534570144332738e-03 3.272977147430456757e+00
8.219460371231864307e-03 3.333119273596980126e+00
8.494277380506187053e-03 3.392363528245961213e+00
8.778282874811823774e-03 3.450574388841350260e+00
9.071784070421121463e-03 3.507614405637684118e+00
9.375098455358292851e-03 3.563341272637780666e+00
9.688554132834568261e-03 3.617608078343436340e+00
1.001249017616620725e-02 3.670265112489794035e+00
1.034725699555901803e-02 3.721158471476836649e+00
1.069321671715643858e-02 3.770127323240894057e+00
1.105074357476093505e-02 3.817005217057515942e+00
1.142022431465263173e-02 3.861621702122955746e+00
1.180205861394306721e-02 3.903797149216486684e+00
1.219665951291643881e-02 3.943345160046482167e+00
1.260445386182631328e-02 3.980074656064476191e+00
1.302588278263077520e-02 4.013787498589123537e+00
1.346140214616583890e-02 4.044279958507477346e+00
1.391148306527291781e-02 4.071345486355265386e+00
1.437661240441416924e-02 4.094776450298288850e+00
1.485729330632660182e-02 4.114364901140546316e+00
1.535404573628500365e-02 4.129904525579275898e+00
1.586740704456205894e-02 4.141195038202320156e+00
1.639793254769450481e-02 4.148046418335487040e+00
1.694619612918364313e-02 4.150277976254407086e+00
1.751279086028037155e-02 4.147720891591217374e+00
1.809832964152614798e-02 4.140222283783298707e+00
1.870344586574363213e-02 4.127647577064423423e+00
1.932879410319460894e-02 4.109880921448463731e+00
1.997505080964588620e-02 4.086829124614700604e+00
2.064291505810955316e-02 4.058423816282769714e+00
2.133310929504865505e-02 4.024624583734939698e+00
2.204638012186681956e-02 3.985424126312269610e+00
2.278349910252664909e-02 3.940852775916105610e+00
2.354526359817107548e-02 3.890980750903268337e+00
2.433249762964985810e-02 3.835928234418835014e+00
2.514605276888498206e-02 3.775861422271826306e+00
2.598680906003840441e-02 3.711000586821856739e+00
2.685567597147924673e-02 3.641619144424458998e+00
2.775359337957988490e-02 3.568045877861935278e+00
2.868153258540498754e-02 3.490663811359544511e+00
2.964049736539381419e-02 3.409906982805110953e+00
3.063152505717161092e-02 3.326263445359322724e+00
3.165568768166540647e-02 3.240265655038187642e+00
3.271409310273729054e-02 3.152491881755820735e+00
3.380788622559029871e-02 3.063555737067398699e+00
3.493825023524253087e-02 2.974099079865615280e+00
3.610640787640997940e-02 2.884780112717057587e+00
3.731362277618164441e-02 2.796261267168014264e+00
3.856120081091872487e-02 2.709196861642696685e+00
3.985049151885547425e-02 2.624216562159597643e+00
4.118288955993056055e-02 2.541909037032354490e+00
4.255983622442782027e-02 2.462807437068206262e+00
4.398282099205792772e-02 2.387370945938025457e+00
4.545338314316834522e-02 2.315967890505718163e+00
4.697311342382341770e-02 2.248855243727116537e+00
4.854365576655684383e-02 2.186164216253645876e+00
5.016670906865677154e-02 2.127884931473710939e+00
5.184402902990837420e-02 2.073851436381660474e+00
5.357743005178047802e-02 2.023733714282421214e+00
5.536878720011212396e-02 1.977027502786646185e+00
5.722003823342062395e-02 1.933059405173648493e+00
5.913318569902666078e-02 1.890993969482521742e+00
6.111029909926251474e-02 1.849857815088885138e+00
6.315351713010779189e-02 1.808573884369054419e+00
6.526504999467336310e-02 1.766013425227821454e+00
6.744718179403717817e-02 1.721068561358264359e+00
6.970227299801623477e-02 1.672736890190922532e+00
7.203276299854979858e-02 1.620216890812224086e+00
7.444117274845411802e-02 1.563007896536925401e+00
7.693010748840443946e-02 1.500998710812451176e+00
7.950225956509210379e-02 1.434532788169827544e+00
8.216041134360790865e-02 1.364433231511452904e+00
8.490743821719984319e-02 1.291978749222383316e+00
8.774631171766281157e-02 1.218820616470866369e+00
9.068010272972255870e-02 1.146846021655578474e+00
9.371198481289348681e-02 1.078002756477933755e+00
9.684523763440215649e-02 1.014099403235501073e+00
1.000832505168899600e-01 9.566082488700305975e-01
1.034295261047340625e-01 9.064969934545014096e-01
1.068876841529496080e-01 8.640960582140896351e-01
1.104614654427753945e-01 8.290220493778774902e-01
1.141547358281756464e-01 8.001626207583494299e-01
1.179714904176376727e-01 7.757398585420294257e-01
1.219158578957853512e-01 7.534758482801190427e-01
1.259921049894874856e-01 7.308786494918823040e-01
1.302046410832891354e-01 7.056472135244650223e-01
1.345580229891604751e-01 6.761344853788472387e-01
1.390569598757198100e-01 6.417618223407770550e-01
1.437063183622670492e-01 6.032317678084929691e-01
1.485111277831346888e-01 5.624308338355021863e-01
1.534765856280515817e-01 5.219965552278146292e-01
1.586080631644066208e-01 4.846613629221388497e-01
1.639111112474894438e-01 4.525637913890152020e-01
1.693914663249987407e-01 4.267193838477213452e-01
1.750550566423093313e-01 4.067672818424886150e-01
1.809080086552135869e-01 3.910459842617034498e-01
1.869566536570689830e-01 3.770166718242232151e-01
1.932075346275276828e-01 3.620077958197930323e-01
1.996674133102498971e-01 3.441785529771138052e-01
2.063432775272630582e-01 3.231625646886259196e-01
2.132423487378718452e-01 3.003175325939285711e-01
2.203720898503036263e-01 2.779712506409455774e-01
2.277402132945338109e-01 2.583856862997530590e-01
2.353546893650253491e-01 2.426969313525234040e-01
2.432237548424092122e-01 2.304769076437994391e-01
2.513559219034258718e-01 2.200261488228035800e-01
2.597599873287743666e-01 2.093009185227443780e-01
2.684450420188219666e-01 1.970726469257731428e-01
2.774204808274743361e-01 1.836145915434745368e-01
2.866960127248350254e-01 1.703499495696287613e-01
2.962816712996577673e-01 1.587603435891362103e-01
3.061878256129444420e-01 1.493041451174830780e-01
3.164251914144354805e-01 1.412318002619347423e-01
3.270048427341168962e-01 1.332955250060162689e-01
3.379382238612947953e-01 1.248111244064105535e-01
3.492371617241852855e-01 1.161496305783514399e-01
3.609138786834163448e-01 1.081858392178842720e-01
3.729810057532814693e-01 1.013459194768035199e-01
3.854515962650386651e-01 9.525985990939958570e-02
3.983391399870480631e-01 8.929477145140558847e-02
4.116575777170102257e-01 8.328316729811312269e-02
4.254213163620995108e-01 7.757982615818387329e-02
4.396452445232932327e-01 7.247672272988091302e-02
4.543447486007690661e-01 6.783155987490634142e-02
4.695357294377799362e-01 6.335641028314120682e-02
4.852346195210218704e-01 5.903211364477782552e-02
5.014584007560848322e-01 5.502603436364045947e-02
5.182246228372336949e-01 5.135748071118093755e-02
5.355514222313770833e-01 4.789754736915508015e-02
5.534575417967635413e-01 4.460815091760619161e-02
5.719623510576314906e-01 4.154778172780579371e-02
5.910858671567322808e-01 3.870953222020040441e-02
6.108487765084068544e-01 3.603928250589981397e-02
6.312724571756275216e-01 3.353489446579471095e-02
6.523790019952193653e-01 3.120606685067381023e-02
6.741912424762606104e-01 2.902935720486365598e-02
6.967327734975364839e-01 2.699323897638940956e-02
7.200279788307419881e-01 2.509440657205280062e-02
7.441020575170596008e-01 2.332369584074382024e-02
7.689810511256225389e-01 2.167213438107780041e-02
7.946918719233755368e-01 2.013175583693205956e-02
8.212623319867858873e-01 1.869567090213019450e-02
8.487211732869031078e-01 1.735741214632736951e-02
8.770980987803161932e-01 1.611082846205101268e-02
9.064238045396205701e-01 1.495005788367089611e-02
9.367300129581793700e-01 1.386956795503258705e-02
9.680495070650749767e-01 1.286411691747812135e-02
1.000416165987385808e+00 1.192871147073813753e-02
1.033865001598128330e+00 1.105866696311337029e-02
1.068432196389532240e+00 1.024962611682431884e-02
1.104155142612600837e+00 9.497571047747057835e-03
1.141072482725305592e+00 8.798732789903177670e-03
1.179224151193147607e+00 8.149549568784334591e-03
1.218651417687333982e+00 7.546630911218984300e-03
1.259396931727273516e+00 6.986799319691238026e-03
1.301504768815691548e+00 6.467096851658275455e-03
1.345020478116276896e+00 5.984789313663392910e-03
1.389991131725407447e+00 5.537320968830081354e-03
1.436465375591293947e+00 5.122291235916756787e-03
1.484493482135585296e+00 4.737432442137147828e-03
1.534127404634392455e+00 4.380624027469088265e-03
1.585420833417506836e+00 4.049891883873798712e-03
1.638429253946665609e+00 3.743406736662549007e-03
1.693210006835640158e+00 3.459463417806161057e-03
1.749822349877109051e+00 3.196468743284643522e-03
1.808327522143368116e+00 2.952931438813131450e-03
1.868788810230267217e+00 2.727460271745614419e-03
1.931271616715998229e+00 2.518759230885868339e-03
1.995843530908793184e+00 2.325621324620762934e-03
2.062574401960084458e+00 2.146922854601241663e-03
2.131536414422164238e+00 1.981618047030500249e-03
2.202804166332139602e+00 1.828734156384827008e-03
2.276454749906602792e+00 1.687366392333844271e-03
2.352567834934338631e+00 1.556673286423326417e-03
2.431225754957225149e+00 1.435872415500859560e-03
2.512513596332623944e+00 1.324236533566093771e-03
2.596519290273538783e+00 1.221089883159195586e-03
2.683333707966161441e+00 1.125804560556116279e-03
2.773050758867611432e+00 1.037797425055694443e-03
2.865767492290306695e+00 9.565271370972418556e-04
2.961584202382770314e+00 8.814912140140163414e-04
3.060604536620467719e+00 8.122234168368412405e-04
3.162935607924048931e+00 7.482912911065157328e-04
3.268688110526199786e+00 6.892938118375850068e-04
3.377976439712552459e+00 6.348591887196954574e-04
3.490918815566087297e+00 5.846428153421607751e-04
3.607637410848952619e+00 5.383253382421744832e-04
3.728258483159945236e+00 4.956108839087211256e-04
3.852912511510727001e+00 4.562254032038739787e-04
3.981734337468417539e+00 4.199150746796388636e-04
4.114863311017320058e+00 3.864448854197843680e-04
4.252443441297450555e+00 3.555973199452005726e-04
4.394623552383071896e+00 3.271711004659843972e-04
4.541557444269631816e+00 3.009800118790958057e-04
4.693404059243289517e+00 2.768518065154083278e-04
4.850327653813030437e+00 2.546271624911280833e-04
5.012497976391239618e+00 2.341587514476968360e-04
5.180090450915090017e+00 2.153103880372025187e-04
5.353286366607249214e+00 1.979562187083103327e-04
5.532273074081278885e+00 1.819799571566060631e-04
5.717244188003695271e+00 1.672741677999619930e-04
5.908399796532135539e+00 1.537396028740705572e-04
6.105946677756002750e+00 1.412845957726695451e-04
6.310098523373801171e+00 1.298245048009756878e-04
6.521076169849157722e+00 1.192811749236704499e-04
6.739107837295406966e+00 1.095824530451762664e-04
6.964429376347387013e+00 1.006617565900613169e-04
7.197284523287298619e+00 9.245766361870512602e-05
7.437925163700752407e+00 8.491352275556235353e-05
7.686611604948010879e+00 7.797707689308397058e-05
7.943612857745410594e+00 7.160012149070656585e-05
8.209206927161357470e+00 6.573819532772347783e-05
8.483681113341843272e+00 6.035030828741633002e-05
8.767332322290526392e+00 5.539867541624097591e-05
9.060467387039910392e+00 5.084847065504642866e-05
9.363403399560734641e+00 4.666760238477513719e-05
9.676468053768756405e+00 4.282650763238518950e-05
1.000000000000001243e+01 3.929795940586362600e-05
