2.000000000000000164e-05 9.026895802424906634e+00
2.066869842267550072e-05 9.317175348251117484e+00
2.135975472437544027e-05 9.616789946504781028e+00
2.207391643902171255e-05 9.926039233347843549e+00
2.281195609427394449e-05 1.024523129164020396e+01
2.357467204719313169e-05 1.057468832226204292e+01
2.436288934784564352e-05 1.091473919298904782e+01
2.517746063178175121e-05 1.126572354871698600e+01
2.601926704235410016e-05 1.162799487153317024e+01
2.688921918387384303e-05 1.200191569167278693e+01
2.778825810663545582e-05 1.238785997397391547e+01
2.871735632487579741e-05 1.278621301068367089e+01
2.967751886876853870e-05 1.319737487936433418e+01
3.066978437159193627e-05 1.362175837220383023e+01
3.169522619324599853e-05 1.405978738493225499e+01
3.275495358133433647e-05 1.451190093396157543e+01
3.385011287106671010e-05 1.497855088224248199e+01
3.498188872528021299e-05 1.546020388118745004e+01
3.615150541592045298e-05 1.595734377715613839e+01
3.736022814836899319e-05 1.647047003121084430e+01
3.860936443004954884e-05 1.700009489907146687e+01
3.990026548479344494e-05 1.754674614935919053e+01
4.123432771449419843e-05 1.811097407070671750e+01
4.261299420963254024e-05 1.869334193883435447e+01
4.403775631030562105e-05 1.929443267015615859e+01
4.551015521944909301e-05 1.991485040404382900e+01
4.703178366999723984e-05 2.055521294616881534e+01
4.860428764778435972e-05 2.121616121803299748e+01
5.022936817205134787e-05 2.189836014128244202e+01
5.190878313548323190e-05 2.260249253523969060e+01
5.364434920576834987e-05 2.332925859334744700e+01
5.543794379073590958e-05 2.407938482930239843e+01
5.729150706919781900e-05 2.485362954696911686e+01
5.920704408969155763e-05 2.565276257425556494e+01
6.118662693939432690e-05 2.647758088188728109e+01
6.323239698555469304e-05 2.732890954454076748e+01
6.534656719186627638e-05 2.820760085169364118e+01
6.753142451228926792e-05 2.911453599743421350e+01
6.978933236490913268e-05 3.005062270618527265e+01
7.212273318850868345e-05 3.101679289004797724e+01
7.453415108461877573e-05 3.201401413207730684e+01
7.702619454790587906e-05 3.304328437498020321e+01
7.960155928784993205e-05 3.410562642260378396e+01
8.226303114476471348e-05 3.520209897224582107e+01
8.501348910331518868e-05 3.633381087545468091e+01
8.785590840679157983e-05 3.750187976394443012e+01
9.079336377550881697e-05 3.870747854699575186e+01
9.382903273281309529e-05 3.995181316999592269e+01
9.696619904229312483e-05 4.123611079410110847e+01
1.002082562599141270e-04 4.256166356240345294e+01
1.035587114049174785e-04 4.392979136679065277e+01
1.070211887534562421e-04 4.534186174420327831e+01
1.105994337590709140e-04 4.679927798264200334e+01
1.142973171042456330e-04 4.830349027841728571e+01
1.181188388874281471e-04 4.985600316315293412e+01
1.220681329500424115e-04 5.145834986298302027e+01
1.261494713481742377e-04 5.311213151016645639e+01
1.303672689737678670e-04 5.481899944862776408e+01
1.347260883303314362e-04 5.658064105954172618e+01
1.392306444683180742e-04 5.839880478314725565e+01
1.438858100855209437e-04 6.027531074691949442e+01
1.486966207979997041e-04 6.221199770841570853e+01
1.536682805872396744e-04 6.421080453622822404e+01
1.588061674294368483e-04 6.627370290373558248e+01
1.641158391129971276e-04 6.840274081763932656e+01
1.696030392505434848e-04 7.060004089809017103e+01
1.752737034919339915e-04 7.286773172524249276e+01
1.811339659450114388e-04 7.520808055066405018e+01
1.871901658110307874e-04 7.762339222703313624e+01
1.934488542419408646e-04 8.011605176817487006e+01
1.999168014269393128e-04 8.268851523734132059e+01
2.066010039159656652e-04 8.534329793451911428e+01
2.135086921880547338e-04 8.808302766671626216e+01
2.206473384727377968e-04 9.091036193804175980e+01
2.280246648329511538e-04 9.382810878428459489e+01
2.356486515181963309e-04 9.683910792172649451e+01
2.435275455969876748e-04 9.994626682760936376e+01
2.516698698779247295e-04 1.031526615784403162e+02
2.600844321290405573e-04 1.064613724705044007e+02
2.687803346053976817e-04 1.098756378998752155e+02
2.777669838952388651e-04 1.133987661552696693e+02
2.870541010953427292e-04 1.170341462039087332e+02
2.966517323265922064e-04 1.207852988141999049e+02
3.065702596011295341e-04 1.246558472379818880e+02
3.168204120528543403e-04 1.286494555072016510e+02
3.274132775434116785e-04 1.327699841719519327e+02
3.383603146562264279e-04 1.370213694471109420e+02
3.496733650915567022e-04 1.414076295545303878e+02
3.613646664759745386e-04 1.459329295678638232e+02
3.734468656001317080e-04 1.506015472263947856e+02
3.859330320991275886e-04 1.554178929533854330e+02
3.988366725902805230e-04 1.603864106790480264e+02
4.121717452835938129e-04 1.655117829360856376e+02
4.259526750807212541e-04 1.707988042058931626e+02
4.401943691787655547e-04 1.762522558162898463e+02
4.549122331957894719e-04 1.818772621572848607e+02
4.701221878354804149e-04 1.876788672531092175e+02
4.858406861089974399e-04 1.936624027552647931e+02
5.020847311326308640e-04 1.998332737488483417e+02
5.188718945205230424e-04 2.061969297351464547e+02
5.362203353923492141e-04 2.127591293193183617e+02
5.541488200165187389e-04 2.195256279024084733e+02
5.726767421101455150e-04 2.265023836837117415e+02
5.918241438177454907e-04 2.336954325784600996e+02
6.116117373913557359e-04 2.411109796862774033e+02
6.320609275955268004e-04 2.487554362555860621e+02
6.531938348614238542e-04 2.566352225711474375e+02
6.750333192150836329e-04 2.647568828891410249e+02
6.976030050057104547e-04 2.731271695477671528e+02
7.209273064607610694e-04 2.817529968428865459e+02
7.450314540954613768e-04 2.906413424368591905e+02
7.699415220053250396e-04 2.997992574285597129e+02
7.956844560711916160e-04 3.092340060935497377e+02
8.222881031073025473e-04 3.189529598540846109e+02
8.497812409839368810e-04 3.289635320638372491e+02
8.781936097571961097e-04 3.392732914297701541e+02
9.075559438396131216e-04 3.498899656717562721e+02
9.379000052463793693e-04 3.608213256888476508e+02
9.692586179531593148e-04 3.720752056528286289e+02
1.001665703402655023e-03 3.836595257944052832e+02
1.035156317198330069e-03 3.955823996218823595e+02
1.069766687024985286e-03 4.078519914861396387e+02
1.105534251837205851e-03 4.204764144414532439e+02
1.142497702358069404e-03 4.334639562012505962e+02
1.180697022931930960e-03 4.468231167404669009e+02
1.220173534776542454e-03 4.605606469459116283e+02
1.260969940681316284e-03 4.746861091771132237e+02
1.303130371200056587e-03 4.892093933958737466e+02
1.346700432388157767e-03 5.041374757173642251e+02
1.391727255135877424e-03 5.194788373564405219e+02
1.438259546151070007e-03 5.352418146980921847e+02
1.486347640646530459e-03 5.514347661707603265e+02
1.536043556788919398e-03 5.680659617232743130e+02
1.587401051968200579e-03 5.851435433102496972e+02
1.640475680948428249e-03 6.026756197781193123e+02
1.695324855962815390e-03 6.206700184465704524e+02
1.752007908818060174e-03 6.391343093970377822e+02
1.810586155075142928e-03 6.580760935562896066e+02
1.871122960375984270e-03 6.775026131370514122e+02
1.933683808987751848e-03 6.974207232141638997e+02
1.998336374638913938e-03 7.178372156161395878e+02
2.065150593723721201e-03 7.387580624740991198e+02
2.134198740954243185e-03 7.601889925500328218e+02
2.205555507541849362e-03 7.821354297224796710e+02
2.279298081992675151e-03 8.046022866371878308e+02
2.355506233604463730e-03 8.275937769747390576e+02
2.434262398755145627e-03 8.511133403871668861e+02
2.515651770076436904e-03 8.751640492263425131e+02
2.599762388608985089e-03 8.997482443746929448e+02
2.686685239038679764e-03 9.248677012323697681e+02
2.776514348117217236e-03 9.505231420376954929e+02
2.869346886373309435e-03 9.767141020283847865e+02
2.965283273224645581e-03 1.003440120716459091e+03
3.064427285604211931e-03 1.030699059394479491e+03
3.166886170218578649e-03 1.058487970844234951e+03
3.272770759559481216e-03 1.086802712431665441e+03
3.382195591794276077e-03 1.115637986752991310e+03
3.495279034664920681e-03 1.144987421553119702e+03
3.612143413529477973e-03 1.174841982829976132e+03
3.732915143684721951e-03 1.205195568995470921e+03
3.857724867112893516e-03 1.236034665947795702e+03
3.986707593800617976e-03 1.267344137185018553e+03
4.120002847782761740e-03 1.299112483057573854e+03
4.257754818069308354e-03 1.331323007706839462e+03
4.400112514618404608e-03 1.363957475245498017e+03
4.547229929524409554e-03 1.396996245454769905e+03
4.699266203595197679e-03 1.430417164057224909e+03
4.856385798499019031e-03 1.464195881916430608e+03
5.018758674667020935e-03 1.498306266778076633e+03
5.186560475143959549e-03 1.532719294648655932e+03
5.359972715585955248e-03 1.567403872289488845e+03
5.539182980610755057e-03 1.602326746798907152e+03
5.724385126713026593e-03 1.637451582677081888e+03
5.915779491964028892e-03 1.672739427857659621e+03
6.113573112722652143e-03 1.708148566026372009e+03
6.317979947592099882e-03 1.743631820920155633e+03
6.529221108864616957e-03 1.779143916850138339e+03
6.747525101704480652e-03 1.814633830062600282e+03
6.973128071328140755e-03 1.850046049860601670e+03
7.206274058448705437e-03 1.885323745823579884e+03
7.447215263261310406e-03 1.920406035800350310e+03
7.696212318254701257e-03 1.955228413697752103e+03
7.953534570144332738e-03 1.989723420607115941e+03
8.219460371231864307e-03 2.023819176844107233e+03
8.494277380506187053e-03 2.057440937685625613e+03
8.778282874811823774e-03 2.090510758168183202e+03
9.071784070421121463e-03 2.122943527986286881e+03
9.375098455358292851e-03 2.154654031636306627e+03
9.688554132834568261e-03 2.185552565604152278e+03
1.001249017616620725e-02 2.215544912925067820e+03
1.034725699555901803e-02 2.244533692855744903e+03
1.069321671715643858e-02 2.272418091231887956e+03
1.105074357476093505e-02 2.299093154321636121e+03
1.142022431465263173e-02 2.324450505778816932e+03
1.180205861394306721e-02 2.348379600136895533e+03
1.219665951291643881e-02 2.370767192467304085e+03
1.260445386182631328e-02 2.391497276295312986e+03
1.302588278263077520e-02 2.410451847988279951e+03
1.346140214616583890e-02 2.427510285387241765e+03
1.391148306527291781e-02 2.442552391703972717e+03
1.437661240441416924e-02 2.455457548449691785e+03
1.485729330632660182e-02 2.466104762741702871e+03
1.535404573628500365e-02 2.474374774378372877e+03
1.586740704456205894e-02 2.480151978293809407e+03
1.639793254769450481e-02 2.483323477688900311e+03
1.694619612918364313e-02 2.483780906487375887e+03
1.751279086028037155e-02 2.481423543487007464e+03
1.809832964152614798e-02 2.476158459502046753e+03
1.870344586574363213e-02 2.467901219707682685e+03
1.932879410319460894e-02 2.456580894128783257e+03
1.997505080964588620e-02 2.442139556946463927e+03
2.064291505810955316e-02 2.424535260047847714e+03
2.133310929504865505e-02 2.403744094614065034e+03
2.204638012186681956e-02 2.379762571110197769e+03
2.278349910252664909e-02 2.352610337969176271e+03
2.354526359817107548e-02 2.322331487559772995e+03
2.433249762964985810e-02 2.288997151592684531e+03
2.514605276888498206e-02 2.252707055166158170e+03
2.598680906003840441e-02 2.213591692888162015e+03
2.685567597147924673e-02 2.171813555331988937e+03
2.775359337957988490e-02 2.127567107739941548e+03
2.868153258540498754e-02 2.081079463758142538e+03
2.964049736539381419e-02 2.032610482790708602e+03
3.063152505717161092e-02 1.982449537280054756e+03
3.165568768166540647e-02 1.930915779657370877e+03
3.271409310273729054e-02 1.878352627788892732e+03
3.380788622559029871e-02 1.825125345968212969e+03
3.493825023524253087e-02 1.771615970564537520e+03
3.610640787640997940e-02 1.718214617337258233e+03
3.731362277618164441e-02 1.665315869316179487e+03
3.856120081091872487e-02 1.613308549862146037e+03
3.985049151885547425e-02 1.562565491502584791e+03
4.118288955993056055e-02 1.513437725196314204e+03
4.255983622442782027e-02 1.466241336607150288e+03
4.398282099205792772e-02 1.421247636375851471e+03
4.545338314316834522e-02 1.378673872490070153e+03
4.697311342382341770e-02 1.338671315038877765e+03
4.854365576655684383e-02 1.301316811375462066e+03
5.016670906865677154e-02 1.266602192607510005e+03
5.184402902990837420e-02 1.234426106581699969e+03
5.357743005178047802e-02 1.204589730265756089e+03
5.536878720011212396e-02 1.176790227479700206e+03
5.722003823342062395e-02 1.150624107543983428e+03
5.913318569902666078e-02 1.125591653158121972e+03
6.111029909926251474e-02 1.101110670723221574e+03
6.315351713010779189e-02 1.076537154890427473e+03
6.526504999467336310e-02 1.051197603094293981e+03
6.744718179403717817e-02 1.024430418094370225e+03
6.970227299801623477e-02 9.956380037841684043e+02
7.203276299854979858e-02 9.643430682214362832e+02
7.444117274845411802e-02 9.302479351051865706e+02
7.693010748840443946e-02 8.932879869445411032e+02
7.950225956509210379e-02 8.536706060349143854e+02
8.216041134360790865e-02 8.118893695335366374e+02
8.490743821719984319e-02 7.687090317850389738e+02
8.774631171766281157e-02 7.251166990879239620e+02
9.068010272972255870e-02 6.822394947296835426e+02
9.371198481289348681e-02 6.412396215488724920e+02
9.684523763440215649e-02 6.031948326732679106e+02
1.000832505168899600e-01 5.689822097094200899e+02
1.034295261047340625e-01 5.391765621269239546e+02
1.068876841529496080e-01 5.139721009804383129e+02
1.104614654427753945e-01 4.931374073729638212e+02
1.141547358281756464e-01 4.760056947631780417e+02
1.179714904176376727e-01 4.615138324915488397e+02
1.219158578957853512e-01 4.483006353106355277e+02
1.259921049894874856e-01 4.348783411823329175e+02
1.302046410832891354e-01 4.198741059418619557e+02
1.345580229891604751e-01 4.023068918939512173e+02
1.390569598757198100e-01 3.818344291680177776e+02
1.437063183622670492e-01 3.588799823015924062e+02
1.485111277831346888e-01 3.345730799190246785e+02
1.534765856280515817e-01 3.104899794785043241e+02
1.586080631644066208e-01 2.882619110905289403e+02
1.639111112474894438e-01 2.691636853675586849e+02
1.693914663249987407e-01 2.537984605064906987e+02
1.750550566423093313e-01 2.419475308479134696e+02
1.809080086552135869e-01 2.326165501538959859e+02
1.869566536570689830e-01 2.242883773531776797e+02
1.932075346275276828e-01 2.153681394985460713e+02
1.996674133102498971e-01 2.047593807538739838e+02
2.063432775272630582e-01 1.922454683297342797e+02
2.132423487378718452e-01 1.786407140748332552e+02
2.203720898503036263e-01 1.653359397494838277e+02
2.277402132945338109e-01 1.536812169068390972e+02
2.353546893650253491e-01 1.443526549619204502e+02
2.432237548424092122e-01 1.370921752624502403e+02
2.513559219034258718e-01 1.308838315069439773e+02
2.597599873287743666e-01 1.245074070128330703e+02
2.684450420188219666e-01 1.172308659922776712e+02
2.774204808274743361e-01 1.092196278431063092e+02
2.866960127248350254e-01 1.013243634866978908e+02
2.962816712996577673e-01 9.442959379283939825e+01
3.061878256129444420e-01 8.880734966784794437e+01
3.164251914144354805e-01 8.400901097967390285e+01
3.270048427341168962e-01 7.928957036797591229e+01
3.379382238612947953e-01 7.424137302987195142e+01
3.492371617241852855e-01 6.908705640396748038e+01
3.609138786834163448e-01 6.434916876123047302e+01
3.729810057532814693e-01 6.028152031315772064e+01
3.854515962650386651e-01 5.666252848671651066e+01
3.983391399870480631e-01 5.311445386119904555e+01
4.116575777170102257e-01 4.953784508071294113e+01
4.254213163620995108e-01 4.614491324219086010e+01
4.396452445232932327e-01 4.310973921969954858e+01
4.543447486007690661e-01 4.034709736647525347e+01
4.695357294377799362e-01 3.768514549376739353e+01
4.852346195210218704e-01 3.511270915386122482e+01
5.014584007560848322e-01 3.272980733511354856e+01
5.182246228372336949e-01 3.054783027688772634e+01
5.355514222313770833e-01 2.848981789412635734e+01
5.534575417967635413e-01 2.653315100921090064e+01
5.719623510576314906e-01 2.471280493886845520e+01
5.910858671567322808e-01 2.302462659216789831e+01
6.108487765084068544e-01 2.143631233981168904e+01
6.312724571756275216e-01 1.994665843728131094e+01
6.523790019952193653e-01 1.856145965259983299e+01
6.741912424762606104e-01 1.726673183608652806e+01
6.967327734975364839e-01 1.605562295597757227e+01
7.200279788307419881e-01 1.492618220176779253e+01
7.441020575170596008e-01 1.387295408323239521e+01
7.689810511256225389e-01 1.289059704686202501e+01
7.946918719233755368e-01 1.197437066522861215e+01
8.212623319867858873e-01 1.112017837230840911e+01
8.487211732869031078e-01 1.032417450509933587e+01
8.770980987803161932e-01 9.582700839364166612e+00
9.064238045396205701e-01 8.892270227841098773e+00
9.367300129581793700e-01 8.249591511114424236e+00
9.680495070650749767e-01 7.651546567550481903e+00
1.000416165987385808e+00 7.095165206240079847e+00
1.033865001598128330e+00 6.577660867534873113e+00
1.068432196389532240e+00 6.096441811169762026e+00
1.104155142612600837e+00 5.649118340760167278e+00
1.141072482725305592e+00 5.233448794502796098e+00
1.179224151193147607e+00 4.847314628834559436e+00
1.218651417687333982e+00 4.488698974290711519e+00
1.259396931727273516e+00 4.155711652364264985e+00
1.301504768815691548e+00 3.846593155514032247e+00
1.345020478116276896e+00 3.559717186965181135e+00
1.389991131725407447e+00 3.293563612911724725e+00
1.436465375591293947e+00 3.046704588476365050e+00
1.484493482135585296e+00 2.817791344530936382e+00
1.534127404634392455e+00 2.605562606159026906e+00
1.585420833417506836e+00 2.408844183050632637e+00
1.638429253946665609e+00 2.226547980306791352e+00
1.693210006835640158e+00 2.057659718046195962e+00
1.749822349877109051e+00 1.901231725538336859e+00
1.808327522143368116e+00 1.756376921389104950e+00
1.868788810230267217e+00 1.622267738766916656e+00
1.931271616715998229e+00 1.498133287853934181e+00
1.995843530908793184e+00 1.383255736470438535e+00
2.062574401960084458e+00 1.276966803657016314e+00
2.131536414422164238e+00 1.178644514430415846e+00
2.202804166332139602e+00 1.087710224690688898e+00
2.276454749906602792e+00 1.003625691828478939e+00
2.352567834934338631e+00 9.258903626484780158e-01
2.431225754957225149e+00 8.540388537983913952e-01
2.512513596332623944e+00 7.876386163090973724e-01
2.596519290273538783e+00 7.262877229976946181e-01
2.683333707966161441e+00 6.696127049692344180e-01
2.773050758867611432e+00 6.172667157957022477e-01
2.865767492290306695e+00 5.689277727802236617e-01
2.961584202382770314e+00 5.242970155870781968e-01
3.060604536620467719e+00 4.830971426655127354e-01
3.162935607924048931e+00 4.450709390013409816e-01
3.268688110526199786e+00 4.099798515121568787e-01
3.377976439712552459e+00 3.776027063282131335e-01
3.490918815566087297e+00 3.477345107503704291e-01
3.607637410848952619e+00 3.201853250833465725e-01
3.728258483159945236e+00 2.947791889617972783e-01
3.852912511510727001e+00 2.713531162879768699e-01
3.981734337468417539e+00 2.497561390174436180e-01
4.114863311017320058e+00 2.298484692186144318e-01
4.252443441297450555e+00 2.115007264079118154e-01
4.394623552383071896e+00 1.945931827742439224e-01
4.541557444269631816e+00 1.790150675973880556e-01
4.693404059243289517e+00 1.646639217570146085e-01
4.850327653813030437e+00 1.514449853049678330e-01
5.012497976391239618e+00 1.392706384577655498e-01
5.180090450915090017e+00 1.280598866339079100e-01
5.353286366607249214e+00 1.177378752651735278e-01
5.532273074081278885e+00 1.082354366392558054e-01
5.717244188003695271e+00 9.948866746325632504e-02
5.908399796532135539e+00 9.143853266736259866e-02
6.105946677756002750e+00 8.403050511166249015e-02
6.310098523373801171e+00 7.721423746607841698e-02
6.521076169849157722e+00 7.094324476804912682e-02
6.739107837295406966e+00 6.517461537509744440e-02
6.964429376347387013e+00 5.986874993315999954e-02
7.197284523287298619e+00 5.498911589348294549e-02
7.437925163700752407e+00 5.050201575336012161e-02
7.686611604948010879e+00 4.637636602892146465e-02
7.943612857745410594e+00 4.258349420731655927e-02
8.209206927161357470e+00 3.909695472753438317e-02
8.483681113341843272e+00 3.589236683185872967e-02
8.767332322290526392e+00 3.294725657799349450e-02
9.060467387039910392e+00 3.024091039213332166e-02
9.363403399560734641e+00 2.775424103325561248e-02
9.676468053768756405e+00 2.546966501980723815e-02
1.000000000000001243e+01 2.337098798877360398e-02
