-38.178555 -28.462695 -10.904195 0.023710518
-38.137027 -28.490427 -11.087969 0.025775202
-39.323588 -29.431514 -11.502565 0.028051186
-41.035069 -30.794423 -12.027594 0.030561821
-42.657404 -32.096941 -12.546361 0.033333005
-44.348372 -33.459624 -13.08851 0.036393473
-46.097154 -34.875347 -13.652654 0.039775126
-47.91327 -36.351837 -14.241016 0.0435134
-49.796847 -37.890091 -14.854187 0.047647683
-51.751731 -39.493791 -15.493414 0.052221778
-53.779796 -41.165296 -16.15962 0.057284428
-55.88407 -42.907819 -16.853938 0.06288991
-58.066969 -44.724217 -17.577406 0.069098695
-60.331396 -46.617741 -18.331154 0.07597819
-62.680031 -48.591558 -19.116276 0.083603606
-65.115808 -50.649072 -19.933914 0.092058942
-67.64158 -52.7937 -20.785189 0.10143806
-70.260351 -55.029029 -21.671238 0.11184563
-72.975093 -57.358694 -22.593182 0.12339792
-75.788872 -59.786456 -23.552131 0.13622353
-78.704731 -62.316136 -24.549165 0.15046479
-81.725762 -64.951648 -25.585333 0.16628026
-84.855028 -67.696949 -26.661622 0.18384838
-88.095608 -70.556062 -27.778952 0.20337149
-91.45053 -73.533024 -28.938145 0.22507941
-94.92283 -76.631911 -30.139912 0.24923257
-98.515401 -79.856776 -31.384819 0.27612512
-102.22971 -83.210381 -32.672944 0.30608849
-106.00839 -86.601928 -33.970688 0.33949564
-109.38341 -89.307251 -35.01918 0.37676586
-112.83536 -92.067808 -36.080354 0.41837023
-116.35558 -94.875877 -37.150156 0.46483786
-119.93929 -97.72587 -38.224619 0.51676296
-123.58301 -100.6128 -39.299476 0.57481291
-127.28178 -103.53011 -40.36958 0.63973814
-131.02953 -106.46974 -41.428744 0.71240494
-134.81885 -109.42189 -42.469588 0.79380484
-138.65981 -112.39939 -43.497641 0.88317341
-142.57412 -115.43044 -44.527514 0.97858247
-146.56414 -118.51808 -45.55947 1.0801193
-150.62904 -121.66129 -46.591327 1.188208
-154.76856 -124.8598 -47.621232 1.3032257
-158.98244 -128.11342 -48.647264 1.4255594
-163.27044 -131.42205 -49.667437 1.5556072
-167.6324 -134.78575 -50.679721 1.693779
-172.06804 -138.20456 -51.682015 1.8404938
-176.578 -141.67917 -52.67229 1.9961767
-180.79693 -144.66414 -53.458072 2.1612522
-184.62566 -147.01501 -53.987355 2.3361381
-188.44563 -149.30334 -54.457415 2.5212365
-192.24942 -151.52083 -54.86334 2.7169247
-196.03157 -153.66059 -55.200616 2.9235423
-199.78724 -155.71639 -55.465069 3.1413729
-203.51135 -157.6819 -55.652525 3.3706769
-207.19709 -159.54855 -55.757584 3.6118501
-210.8361 -161.30586 -55.773772 3.8654016
-214.41965 -162.94287 -55.694355 4.131847
-217.93877 -164.44831 -55.512418 4.4117008
-221.38419 -165.81056 -55.220876 4.7054696
-224.74642 -167.01766 -54.812511 5.013635
-228.01618 -168.05763 -54.280083 5.3366366
-230.9083 -168.52067 -53.480484 5.6748588
-233.52418 -168.55717 -52.462676 6.0286184
-235.97141 -168.32548 -51.2782 6.3981511
-238.23614 -167.80812 -49.918705 6.7835897
-240.30466 -166.98765 -48.376112 7.1849588
-242.16158 -165.8445 -46.641523 7.6022933
-243.78858 -164.35542 -44.704381 8.0357504
-245.16581 -162.49509 -42.553316 8.4855334
-246.27271 -160.23709 -40.176709 8.9518238
-247.08785 -157.55369 -37.562686 9.4347378
-247.58816 -154.4153 -34.699016 9.9342792
-248.17927 -151.39396 -31.775715 10.450321
-248.80808 -148.41354 -28.764562 10.982607
-249.13444 -144.99746 -25.503792 11.530754
-249.13692 -141.1176 -21.982843 12.094256
-248.79125 -136.7426 -18.190303 12.672545
-248.07004 -131.83713 -14.113472 13.265087
-246.94373 -126.36274 -9.7387777 13.871375
-245.38071 -120.27814 -5.052031 14.490885
-243.34522 -113.53755 -0.038022689 15.122999
-242.81689 -108.8579 4.4049952 15.766982
-242.25278 -104.11129 8.9835289 16.422015
-241.3611 -98.896926 13.830427 17.087265
-240.1111 -93.174315 18.959071 17.761926
-238.46906 -86.899515 24.38345 18.445164
-236.39976 -80.026357 30.117601 19.13611
-233.86428 -72.504068 36.176689 19.833941
-231.5624 -65.277997 42.250478 20.53789
-231.27119 -60.731046 47.56267 21.247264
-230.72224 -55.800526 53.115126 21.961572
-229.87861 -50.437368 58.924658 22.680607
-228.70101 -44.590528 65.007822 23.404155
-227.15084 -38.210019 71.379415 24.131867
-225.18479 -31.240561 78.055735 24.863531
-224.4506 -25.866904 84.331145 25.599244
-224.90283 -22.01676 90.232978 26.339529
-225.13033 -17.819436 96.368163 27.085471
-225.08891 -13.219451 102.75726 27.838484
-224.73724 -8.1659201 109.41767 28.599881
-224.03249 -2.6071414 116.3665 29.371047
-223.77918 2.400783 123.26841 30.153839
-223.9122 6.9430444 130.15606 30.950818
-223.70166 11.96693 137.33793 31.765239
-223.09717 17.529655 144.83741 32.600582
-222.05255 23.681741 152.67437 33.46021
-220.38377 30.649886 160.92459 34.347621
-217.61908 39.027875 169.78068 35.266763
-214.18219 48.252545 179.07016 36.222037
-210.01296 58.385376 188.81838 37.217949
-205.05504 69.481945 199.04778 38.258742
-198.25874 82.864523 210.17779 39.348368
-189.12744 99.13861 222.40008 40.490498
-178.77959 116.85097 235.26021 41.688383
-167.14163 136.07274 248.78215 42.944732
-154.14077 156.87419 262.98834 44.261531
-137.9935 181.48684 278.57178 45.639592
-120.14183 208.05757 294.94884 47.078186
-100.50068 236.67037 312.13944 48.575286
-78.96918 267.43082 330.16872 50.127814
-56.825188 298.71871 348.52483 51.731022
-33.03824 331.81581 367.59222 53.377839
-7.2033259 367.21498 387.50798 55.059357
20.514635 404.6986 408.18814 56.765425
44.11957 436.80239 427.31953 58.48436
69.533772 470.91604 447.16301 60.202823
96.926848 507.24934 467.76305 61.906377
120.65645 538.82672 486.96289 63.580031
140.90143 565.91313 504.83519 65.208665
162.60522 594.64547 523.24627 66.777294
182.98261 621.61208 541.13825 68.27136
194.56083 637.67012 555.71847 69.677721
206.94036 654.67254 570.5967 70.985284
219.0452 671.32262 585.37051 72.18504
221.73476 676.47576 596.65901 73.271297
224.78831 682.13965 608.11448 74.242658
227.31742 687.24511 619.4156 75.101355
224.56418 686.0181 628.82506 75.853919
222.19325 685.36826 638.44424 76.512037
220.20291 685.28447 648.27708 77.091299
218.59205 685.74729 658.3247 77.611062
217.91472 687.39904 668.78834 78.094358
221.87471 694.67077 680.99963 78.566156
229.01521 705.74051 694.40694 79.052322
239.34655 720.55676 708.98717 79.578449
257.77414 744.94751 726.46638 80.167734
279.0308 772.5014 744.90332 80.839316
306.73661 807.49636 765.54545 81.60654
338.78327 847.33915 787.581 82.475048
373.20734 889.63429 810.25707 83.441912
409.86177 934.18015 833.47469 84.49525
447.36678 979.3222 856.70553 85.614454
480.66878 1019.0576 878.14 86.771254
514.61905 1059.2061 899.48251 87.931273
537.6159 1086.036 916.65796 89.056413
561.05279 1113.1661 933.6983 90.10772
570.0978 1123.0895 945.44577 91.048679
578.59902 1132.3164 956.80151 91.848578
574.96136 1127.2041 963.77719 92.485649
570.09884 1120.7307 970.23732 92.949766
559.48139 1107.586 974.65839 93.244001
549.61743 1095.4621 979.3368 93.385123
540.73343 1084.6022 984.36586 93.402359
537.45052 1080.3896 991.33238 93.334647
538.48359 1081.2316 999.75936 93.226867
550.12345 1094.4162 1011.7501 93.124737
567.41471 1114.0238 1025.5235 93.068838
592.67844 1142.6836 1041.7862 93.088828
621.79368 1175.5009 1059.0414 93.199394
653.97253 1211.5198 1076.9482 93.397805
683.00037 1243.4834 1093.3461 93.663735
707.42393 1269.7424 1107.7354 93.96288
727.56197 1290.7458 1120.2456 94.251866
736.36883 1298.3869 1128.5359 94.482618
735.56348 1294.7798 1133.2649 94.609997
729.09492 1284.6072 1135.8633 94.602459
718.32804 1269.5125 1136.8786 94.448082
706.28288 1253.0225 1137.3826 94.154772
697.85081 1240.787 1139.0388 93.748679
694.95536 1234.972 1142.4752 93.26983
699.39891 1237.5794 1148.2422 92.764232
711.71283 1249.1341 1156.4376 92.274528
728.86863 1266.062 1165.9612 91.830748
748.08925 1285.1174 1175.8109 91.443787
765.56333 1301.9039 1184.6755 91.103973
778.01078 1312.6814 1191.4641 90.784454
783.89538 1315.7518 1195.7013 90.448056
782.36771 1310.2206 1197.1636 90.055946
773.89957 1296.7038 1196.0825 89.57773
763.88335 1281.4437 1194.3176 89.001298
754.99961 1267.5177 1192.8018 88.33658
750.73157 1258.8885 1192.6864 87.611083
752.4091 1257.0231 1194.3707 86.86037
758.65627 1260.2858 1197.3391 86.116489
767.36756 1266.2279 1200.8361 85.398038
774.85049 1270.6178 1203.6074 84.705141
778.20714 1270.1684 1204.6978 84.02104
776.58788 1263.957 1203.8623 83.320193
770.79992 1252.9545 1201.4188 82.57902
762.86269 1239.4993 1198.0791 81.784698
755.67546 1226.9073 1194.8221 80.939425
751.17679 1217.3718 1192.2847 80.058565
749.77103 1211.3238 1190.5778 79.163353
750.78349 1207.9694 1189.4469 78.271318
750.97699 1203.6118 1187.8124 77.389041
749.97731 1197.8381 1185.5458 76.511031
745.39382 1187.951 1181.8858 75.624134
738.95554 1175.9442 1177.4219 74.715226
731.52232 1162.8088 1172.4628 73.778636
725.29571 1151.0467 1167.7379 72.81865
720.3262 1140.7028 1163.2638 71.846392
717.40614 1132.6659 1159.2809 70.872918
712.85662 1122.7554 1154.5893 69.90305
709.10805 1113.7374 1149.9705 68.934351
701.64039 1100.4959 1143.9804 67.960264
695.61311 1088.8943 1138.2962 66.975367
687.33629 1074.7539 1131.7478 65.979039
681.48095 1063.3681 1125.8439 64.975413
674.79067 1051.0447 1119.5392 63.970244
668.93074 1039.6701 1113.3628 62.966731
661.88216 1026.9621 1106.6678 61.964399
654.65699 1014.0717 1099.7841 60.961039
646.89388 1000.5942 1092.6042 59.955435
639.41997 987.46699 1085.3999 58.948722
631.92761 974.34178 1078.0782 57.943714
625.05539 961.93942 1070.8437 56.942858
617.13549 948.37706 1063.1661 55.946732
610.11339 935.85414 1055.6695 54.954535
601.24006 921.27089 1047.4876 53.965575
594.36809 908.97731 1039.8558 52.980373
585.31324 894.25568 1031.4476 51.999762
578.0673 881.61052 1023.5377 51.024216
569.17474 867.14824 1015.0313 50.053944
561.18618 853.74603 1006.743 49.089116
552.78534 839.92176 998.25904 48.130556
544.47357 826.24168 989.73932 47.179058
536.12203 812.56167 981.14667 46.235184
527.87884 799.04854 972.53142 45.299667
519.62463 785.56806 963.8578 44.373108
511.41639 772.18551 955.14652 43.455676
502.79283 758.38317 946.25827 42.547517
495.05574 745.62544 937.6087 41.649102
486.14755 731.59965 928.55081 40.760619
478.5376 719.08255 919.87069 39.882245
469.70113 705.23782 910.77533 39.014122
461.84424 692.54592 901.96588 38.156179
453.24313 679.07209 892.90158 37.308358
444.9781 666.03097 883.9266 36.470787
436.96563 653.32862 875.01617 35.644084
428.612 640.29857 865.98315 34.828635
420.73682 627.86081 857.08865 34.024651
412.65714 615.24886 848.11926 33.232375
404.65755 602.78206 839.16768 32.451932
397.03471 590.79295 830.32998 31.683517
388.86692 578.24801 821.31959 30.927144
381.57652 566.74238 812.58707 30.18279
373.36368 554.25883 803.56937 29.450318
366.14474 542.94534 794.87247 28.729855
358.46026 531.16569 786.04009 28.021679
350.96998 519.65989 777.2827 27.325549
343.6242 508.37327 768.58748 26.641125
335.91843 496.74125 759.79711 25.968353
329.11934 486.18142 751.30858 25.307648
321.59132 474.86109 742.60929 24.659304
314.93872 464.57604 734.20553 24.023295
307.70943 453.70086 725.64522 23.399363
300.82051 443.26267 717.21876 22.787195
294.1458 433.12 708.8872 22.186827
287.15022 422.67406 700.48256 21.598163
280.78317 412.98649 692.30189 21.021231
274.11843 403.02011 684.05418 20.456138
267.75403 393.44254 675.92832 19.902994
261.79452 384.36927 667.96038 19.361922
255.11582 374.54376 659.80409 18.832404
249.47075 365.92682 652.01028 18.313884
242.72975 356.1375 643.91272 17.806297
237.60716 348.20858 636.3589 17.309938
231.0677 338.7467 628.40283 16.824712
225.86247 330.82675 620.90757 16.350255
219.8087 322.00966 613.19243 15.88633
214.30909 313.86317 605.69373 15.432623
208.85124 305.81386 598.24796 14.989254
203.43322 297.85835 590.85145 14.556294
198.22011 290.17988 583.55497 14.133715
193.19019 282.75298 576.35126 13.721437
187.87605 275.05443 569.09635 13.319393
183.59841 268.55758 562.20635 12.92759
177.90503 260.52448 554.92335 12.545501
174.04796 254.58648 548.26414 12.172725
168.34129 246.62845 541.08036 11.809074
164.71249 241.03424 534.59673 11.454479
159.33133 233.52844 527.62135 11.108685
155.38959 227.67411 521.14627 10.771315
150.70653 221.03648 514.48714 10.442474
146.59018 215.07447 508.04777 10.122107
142.36491 209.03309 501.61538 9.8101817
138.37094 203.2909 495.29447 9.5066218
134.26142 197.46004 488.97674 9.2112976
130.68796 192.26649 482.8648 8.9240724
126.37596 186.28732 476.56299 8.6448311
123.56324 182.01748 470.7727 8.373551
118.80923 175.6194 464.43127 8.1097955
116.49973 171.9847 458.90876 7.8533563
111.7259 165.63949 452.68398 7.6037949
109.17227 161.80928 447.20949 7.3606791
105.06706 156.28729 441.30464 7.1241248
102.17853 152.15995 435.82445 6.8940526
98.697031 147.4084 430.20159 6.6705117
95.692397 143.22462 424.76703 6.4534403
92.507631 138.87545 419.31564 6.2427185
89.6543 134.93058 414.00602 6.0382217
86.466438 130.64703 408.63083 5.8398102
84.042919 127.24915 403.53167 5.6473489
80.561578 122.70508 398.14256 5.4607365
78.893473 120.21378 393.36423 5.2800088
74.95348 115.22294 387.94011 5.104676
73.538244 113.07935 383.36263 4.9344555
69.771247 108.34911 378.11937 4.7690866
67.939908 105.81145 373.53043 4.6082581
64.931233 101.99622 368.61721 4.4522172
62.784681 99.175463 364.01097 4.3009522
60.212914 95.914375 359.31049 4.1543799
57.985764 93.070508 354.75424 4.0124054
55.572942 90.052905 350.17691 3.8749126
53.512147 87.460574 345.74531 3.7417906
50.988246 84.38535 341.20588 3.6129248
49.350455 82.330292 336.97899 3.4882261
46.468874 78.922671 332.40504 3.3675766
45.454875 77.628292 328.46129 3.2510021
42.187769 73.858767 323.88483 3.1380208
41.101146 72.554883 320.04163 3.028331
38.248147 69.320728 315.70061 2.9219907
36.736806 67.619462 311.8175 2.8188653
34.423538 65.063927 307.72044 2.7190156
32.61137 63.106426 303.81182 2.6223791
30.547699 60.91016 299.8579 2.5288454
28.634615 58.924773 295.98039 2.4383059
26.54898 56.792754 292.07968 2.3506156
24.719082 54.994052 288.28319 2.265635
22.322233 52.61634 284.33754 2.1831746
20.740814 51.20395 280.66703 2.1030926
17.759365 48.297701 276.59925 2.0248665
16.033587 46.865356 272.92511 1.9480608
12.571245 43.590081 268.73456 1.8718563
9.9339579 41.346485 264.73363 1.795269
5.8415505 37.633968 260.30581 1.7157424
1.0330204 33.337135 255.4127 1.630341
0.82902479 34.5681 253.28053 1.5218484
-38.475549 -6.5267136 230.57268 1.2384008
-270.11377 -261.26243 104.50064 0.91857237
