-42.735771 -22.011624 -6.4951785 0.01219916
-42.197464 -21.888451 -6.6463407 0.013261449
-43.383598 -22.55827 -6.9034301 0.014432453
-45.295343 -23.589463 -7.2128296 0.015724186
-47.058362 -24.558828 -7.5225725 0.017149973
-48.895986 -25.571544 -7.8460084 0.018724598
-50.791875 -26.620826 -8.182639 0.020464474
-52.75853 -27.71287 -8.5335797 0.022387833
-54.795072 -28.84794 -8.8992195 0.024514941
-56.90585 -30.028611 -9.2802409 0.026868334
-59.092367 -31.25626 -9.6771839 0.029473092
-61.357713 -32.532966 -10.090681 0.032357139
-63.704051 -33.86045 -10.521323 0.035551588
-66.13418 -35.24073 -10.96974 0.039091122
-68.650524 -36.675692 -11.436546 0.043014435
-71.255804 -38.167377 -11.92237 0.047364747
-73.952559 -39.717774 -12.42783 0.052190347
-76.743474 -41.328955 -12.953545 0.057545094
-79.63112 -43.002967 -13.500122 0.063488805
-82.61812 -44.7419 -14.068154 0.070087646
-85.706988 -46.547817 -14.658217 0.077414842
-88.900225 -48.422789 -15.270861 0.085551979
-92.200202 -50.368843 -15.906599 0.094590868
-95.609224 -52.387969 -16.565891 0.10463561
-99.12943 -54.482075 -17.249137 0.11580444
-102.76287 -56.653002 -17.956656 0.12823136
-106.51128 -58.90246 -18.688673 0.14206771
-110.37428 -61.230908 -19.445163 0.15748402
-114.29642 -63.562329 -20.206048 0.17467217
-117.82887 -65.302819 -20.817479 0.19384788
-121.42869 -67.055691 -21.434654 0.21525354
-125.0822 -68.811948 -22.055157 0.23916138
-128.78124 -70.564307 -22.676512 0.26587711
-132.5194 -72.30586 -23.29601 0.2957441
-136.28814 -74.028177 -23.910428 0.32914847
-140.07729 -75.721298 -24.515918 0.36653591
-143.87477 -77.373513 -25.107928 0.40841658
-147.69426 -78.996843 -25.689971 0.45439717
-151.56656 -80.619148 -26.271214 0.50348563
-155.4938 -82.241741 -26.851819 0.5557269
-159.47343 -83.861637 -27.430425 0.61133911
-163.50367 -85.476627 -28.00589 0.67051632
-167.58277 -87.084557 -28.577039 0.73345768
-171.70902 -88.683355 -29.142665 0.80036804
-175.88077 -90.271091 -29.701544 0.87145816
-180.09621 -91.845852 -30.252422 0.94694379
-184.35488 -93.4063 -30.794085 1.0270435
-188.28387 -94.499218 -31.212322 1.1119758
-191.77693 -95.002134 -31.476261 1.2019556
-195.21893 -95.385749 -31.702972 1.2971899
-198.5997 -95.641341 -31.88962 1.3978726
-201.91198 -95.761533 -32.033587 1.5041786
-205.1495 -95.73972 -32.132466 1.6162538
-208.30578 -95.569281 -32.183867 1.7342321
-211.37191 -95.241403 -32.184659 1.8583172
-214.33685 -94.745425 -32.131066 1.988771
-217.18919 -94.07036 -32.019165 2.1258587
-219.91726 -93.205026 -31.844924 2.2698453
-222.50921 -92.138056 -31.604211 2.4209912
-224.953 -90.857922 -31.292828 2.5795442
-227.23709 -89.353237 -30.906576 2.7457305
-229.05317 -87.279396 -30.360686 2.919748
-230.50603 -84.760657 -29.684356 3.1017596
-231.70906 -81.928659 -28.908361 3.2918865
-232.64577 -78.76815 -28.027979 3.4901971
-233.30018 -75.264163 -27.038681 3.6967041
-233.65407 -71.399831 -25.935482 3.9114254
-233.68527 -67.154863 -24.712426 4.1344418
-233.36967 -62.507121 -23.363038 4.3658581
-232.68247 -57.433592 -21.880647 4.6057676
-231.59796 -51.910222 -20.258402 4.85423
-230.0884 -45.911449 -18.489283 5.1112473
-228.60774 -39.921509 -16.686299 5.376754
-227.0998 -33.877118 -14.833063 5.6506187
-225.18285 -27.374945 -12.834021 5.9326443
-222.83183 -20.391316 -10.683365 6.2225694
-220.01788 -12.899653 -8.3748531 6.5201031
-216.70802 -4.869703 -5.9014837 6.8249698
-212.86642 3.7317351 -3.2556524 7.1369095
-208.45471 12.940566 -0.4292846 7.4556511
-203.42897 22.796834 2.5862941 7.7808781
-200.0878 30.978485 5.2578596 8.1122119
-196.65296 39.301297 8.0039737 8.4492307
-192.78509 48.108961 10.902862 8.7915063
-188.44598 57.437862 13.961793 9.1386243
-183.59349 67.327557 17.188402 9.4901546
-178.18366 77.819746 20.590483 9.8456509
-172.16748 88.960694 24.176625 10.20469
-166.37508 99.939513 27.76242 10.566876
-162.9357 108.70323 30.886938 10.931854
-159.15206 117.89134 34.143847 11.299371
-154.97575 127.55119 37.542456 11.669319
-150.35528 137.73173 41.091969 12.04159
-145.24064 148.4806 44.800702 12.416002
-139.57524 159.85054 48.677932 12.792448
-135.36341 169.95214 52.30471 13.170978
-132.56226 178.84904 55.696767 13.55186
-129.45061 188.169 59.21354 13.935652
-125.96873 197.96665 62.866733 14.323082
-122.06158 208.29124 66.666366 14.714827
-117.67236 219.19208 70.622302 15.111597
-113.79561 229.75199 74.535256 15.514349
-110.35329 240.04713 78.424189 15.9244
-106.43543 250.90723 82.471717 16.343425
-101.97461 262.38438 86.691564 16.773215
-96.910288 274.52235 91.095483 17.215499
-91.00848 287.51772 95.728297 17.672079
-83.669274 301.88854 100.70411 18.144984
-75.421948 317.13677 105.9206 18.636478
-66.188778 333.30921 111.39301 19.148882
-55.898437 350.44455 117.13497 19.684377
-43.211901 369.69454 123.39554 20.244997
-27.486244 391.58058 130.28876 20.832631
-10.147763 414.80663 137.54555 21.448951
8.8949675 439.41609 145.18075 22.095351
29.731315 465.44971 153.20853 22.772853
54.662186 494.85846 162.0409 23.481875
81.827005 525.98121 171.33246 24.222041
111.3312 558.86736 181.09558 24.992309
143.3011 593.58629 191.34614 25.791095
176.06291 628.67622 201.78181 26.615956
210.94847 665.24989 212.63135 27.463255
248.48313 703.72489 223.97614 28.328407
288.44921 743.89197 235.76666 29.206191
322.94724 779.0911 246.63092 30.090595
359.7482 815.8874 257.90881 30.974756
399.08207 854.46696 269.62526 31.851246
433.47813 888.60763 280.50002 32.712353
463.14345 918.54576 290.57386 33.550296
494.63485 949.77595 300.95023 34.357368
524.25539 979.26942 310.99888 35.126075
542.01983 998.86242 319.06007 35.849658
560.73132 1019.1903 327.27005 36.522408
578.97133 1039.1277 335.38553 37.139691
584.47564 1048.7092 341.39645 37.698578
590.36564 1058.7371 347.46352 38.19835
595.46914 1068.2866 353.3914 38.640156
593.37644 1072.1927 358.14529 39.027356
591.7384 1076.6868 362.9673 39.365962
590.57116 1081.7723 367.85714 39.663996
589.88645 1087.433 372.81408 39.931418
590.44593 1094.2377 377.9573 40.180078
597.29888 1106.1609 384.07854 40.422821
608.47774 1121.527 390.85434 40.672957
623.99987 1140.2439 398.27671 40.943653
650.57482 1167.5252 407.37756 41.246844
681.00197 1197.517 417.01539 41.592377
720.23328 1234.0261 427.94154 41.98712
765.37216 1274.647 439.68698 42.433973
813.70566 1317.156 451.81713 42.931431
865.01392 1361.328 464.28385 43.473381
917.38106 1405.6369 476.78212 44.049219
963.81163 1444.627 488.24365 44.6444
1010.9939 1483.5933 499.68075 45.241237
1042.8594 1510.094 508.67351 45.82013
1075.1806 1536.554 517.60621 46.361034
1087.38 1547.1178 523.40824 46.845164
1098.6862 1556.8749 528.97204 47.256717
1092.9872 1553.4803 531.91498 47.584494
1085.4842 1548.816 534.51156 47.823286
1069.8842 1538.0949 535.84161 47.974672
1055.2862 1528.357 537.25388 48.04728
1042.0283 1519.8277 538.79591 48.056149
1036.5931 1517.3955 541.40714 48.02131
1037.1942 1519.556 544.81019 47.965856
1052.6591 1532.8969 550.26618 47.913309
1076.0372 1551.9287 556.73912 47.884548
1110.5793 1578.9731 564.6728 47.894833
1150.4783 1609.484 573.20552 47.95172
1194.6081 1642.5403 582.15853 48.053804
1234.1946 1671.4812 590.26622 48.190627
1267.17 1694.8116 597.2386 48.344539
1293.9781 1712.9923 603.15184 48.493225
1304.6575 1718.6643 606.60883 48.611948
1301.6353 1713.8472 607.97929 48.677486
1290.5168 1702.9196 608.08155 48.673608
1273.2576 1687.4545 607.21205 48.59418
1254.1575 1670.7222 605.98643 48.44327
1240.1753 1657.9088 605.38027 48.234333
1234.057 1650.9689 605.7664 47.987962
1238.3698 1651.6808 607.48434 47.727829
1253.869 1660.4557 610.61613 47.475872
1276.2335 1673.9406 614.5392 47.247545
1301.4923 1689.1053 618.68782 47.048451
1324.1979 1701.8922 622.30365 46.873614
1339.6606 1708.881 624.74646 46.709219
1345.6838 1708.5599 625.72928 46.53614
1341.0561 1700.1708 625.10442 46.334397
1326.4601 1684.3452 622.9848 46.088351
1309.6286 1666.8828 620.44543 45.791771
1294.4157 1650.6342 618.02018 45.449769
1285.8223 1639.2341 616.38816 45.076496
1285.7583 1633.9929 615.79819 44.690248
1292.2458 1633.3526 615.96762 44.307517
1302.2539 1635.0175 616.47452 43.937869
1310.4693 1635.0693 616.59546 43.581368
1312.7211 1630.4901 615.7714 43.229394
1307.788 1620.4654 613.84943 42.868805
1296.8382 1605.9359 611.00084 42.487467
1282.7879 1589.0949 607.62898 42.078783
1269.8223 1573.0197 604.30153 41.643885
1260.741 1559.7292 601.39404 41.190677
1256.1277 1549.5996 598.9814 40.730085
1255.0064 1541.8747 596.92907 40.271127
1252.6996 1533.1237 594.61153 39.817189
1248.6639 1522.9717 591.95917 39.365448
1239.4449 1508.9409 588.51798 38.909134
1227.5468 1492.9017 584.62776 38.441494
1214.2188 1475.7886 580.46078 37.959612
1202.6505 1459.9224 576.44403 37.465693
1192.9165 1445.3379 572.58973 36.96546
1186.1635 1432.8491 569.0496 36.464601
1177.0591 1418.5762 565.12082 35.965597
1169.1264 1405.0906 561.26992 35.467195
1155.8108 1387.6569 556.63791 34.966021
1144.6005 1371.7275 552.21388 34.459285
1130.1428 1353.4318 547.29973 33.946668
1119.2211 1337.6847 542.78975 33.430295
1107.1055 1321.0569 538.06748 32.913129
1096.2159 1305.3006 533.45154 32.396813
1083.6178 1288.2999 528.56014 31.881106
1070.783 1271.129 523.58777 31.364871
1057.1869 1253.4171 518.46891 30.84748
1044.034 1236.0381 513.36398 30.32952
1030.8773 1218.6696 508.21832 29.812436
1018.6473 1201.9819 503.1552 29.297488
1004.9142 1184.2261 497.86094 28.784974
992.51349 1167.4503 492.70549 28.274482
977.44005 1148.7769 487.17336 27.765657
965.31044 1132.2541 481.99596 27.258765
950.02104 1113.4954 476.3869 26.754236
937.39747 1096.6961 471.10252 26.25231
922.39882 1078.2369 465.49398 25.753096
908.74742 1060.7973 460.04415 25.256683
894.52201 1043.0001 454.50767 24.763497
880.45399 1025.3733 448.98055 24.273945
866.35522 1007.7845 443.4407 23.788316
852.44243 990.3898 437.91782 23.306987
838.54106 973.06497 432.39096 22.830267
824.73467 955.87256 426.87266 22.358243
810.34857 938.33194 421.27909 21.89099
797.28736 921.80852 415.85646 21.42875
782.54059 904.14892 410.22087 20.971619
769.72196 887.94192 404.83756 20.519689
755.13623 870.54613 399.23582 20.073033
742.01329 854.27531 393.83099 19.631615
727.82875 837.32795 388.30231 19.195405
714.16466 820.83775 382.85368 18.764469
700.89881 804.71763 377.47063 18.339125
687.16053 788.34625 372.04279 17.919571
674.15103 772.58206 366.72461 17.505916
660.8692 756.71066 361.38951 17.098285
647.73159 741.02997 356.09187 16.696742
635.17365 725.85075 350.88826 16.301387
621.84295 710.20913 345.60805 15.912227
609.82614 695.59404 340.51786 15.529252
596.48263 680.12439 335.28339 15.15239
584.62367 665.80414 330.26307 14.781707
572.10713 651.10636 325.18589 14.417346
559.90124 636.72244 320.17606 14.059182
547.93334 622.60278 315.22556 13.707041
535.46233 608.22093 310.24117 13.360895
524.34755 594.89902 305.4585 13.020957
512.18663 580.92563 300.57349 12.68738
501.33574 567.9767 295.88534 12.36015
489.66183 554.53549 291.12517 12.039133
478.51142 541.56106 286.46437 11.724168
467.69933 528.92155 281.87988 11.415276
456.43848 516.05754 277.27228 11.112405
446.12408 503.95994 272.81779 10.81557
435.39444 491.6595 268.34409 10.524826
425.12787 479.77824 263.9623 10.240229
415.47804 468.42309 259.69246 9.9618437
404.79208 456.42112 255.32757 9.6894031
395.64736 445.60445 251.19353 9.4226207
384.91153 433.749 246.89548 9.1614637
376.57648 423.68611 242.93597 8.9060833
366.17698 412.24543 238.75305 8.6564314
357.76035 402.29966 234.85728 8.4123199
348.11455 391.5701 230.84466 8.1736272
339.30331 381.52157 226.97454 7.9401923
330.57207 371.61727 223.15089 7.7120757
321.91763 361.85285 219.37219 7.489315
313.58265 352.39838 215.66841 7.2718948
305.53463 343.22882 212.03493 7.0597754
297.08505 333.85398 208.38529 6.8529209
290.17834 325.64958 204.9644 6.6513352
281.20356 316.05698 201.32038 6.4547479
274.94923 308.47013 198.05519 6.2629522
265.98694 299.0426 194.48749 6.0758514
260.10096 291.87138 191.34318 5.8934095
251.64931 282.95989 187.91469 5.7154962
245.33323 275.63884 184.79111 5.5419176
237.93992 267.6312 181.56797 5.3727265
231.39577 260.29953 178.48551 5.2078957
224.7051 252.93695 175.41789 5.047408
218.36913 245.89638 172.42709 4.8912243
211.87629 238.814 169.4485 4.739278
206.1863 232.36736 166.60186 4.5914988
199.42061 225.22505 163.65167 4.4478271
194.87721 219.71856 161.01165 4.3082516
187.48502 212.25967 158.0487 4.1725477
183.70819 207.42177 155.57322 4.0406082
176.31097 200.08704 152.68116 3.9122074
172.19849 195.14222 150.23557 3.787123
165.81036 188.65274 147.53862 3.6654143
161.22718 183.50376 145.09892 3.5470407
155.78081 177.80621 142.58112 3.4320274
151.04808 172.67349 140.18151 3.3203426
146.06022 167.41913 137.77832 3.2119247
141.57126 162.57494 135.46527 3.1067096
136.59896 157.44522 133.11912 3.0046254
132.76368 153.17419 130.94197 2.9056028
127.37791 147.86048 128.59763 2.8095895
124.67541 144.49445 126.61668 2.716604
118.63159 138.81902 124.24966 2.626394
116.32104 135.83545 122.38083 2.5388143
110.55076 130.46133 120.1125 2.4537308
107.64486 127.1675 118.23159 2.3709834
103.01079 122.70635 116.16125 2.2906991
99.657152 119.20228 114.27609 2.2128722
95.684587 115.31226 112.33825 2.1374597
92.228465 111.83761 110.48897 2.0644129
88.506403 108.22496 108.6301 1.993672
85.311595 105.03404 106.8603 1.9251799
81.441312 101.41473 105.02908 1.8588776
78.886103 98.772442 103.38486 1.7947195
74.502987 94.886792 101.53565 1.7326445
72.883139 92.999476 100.05668 1.6726662
67.946252 88.819011 98.193819 1.6145365
66.234529 86.968576 96.760806 1.5581003
61.923718 83.335269 95.029673 1.5033875
59.600251 81.159226 93.570152 1.4503287
56.100537 78.206514 91.985926 1.3989554
53.347646 75.835916 90.516187 1.3492353
50.23085 73.264793 89.02246 1.3011116
47.343507 70.914313 87.578119 1.2545285
44.208816 68.450965 86.12421 1.2094113
41.459056 66.325204 84.738686 1.1656882
37.880093 63.685408 83.271446 1.1232617
35.512655 61.979347 81.976777 1.082059
31.087142 58.91129 80.452939 1.0418111
28.524145 57.265091 79.183165 1.002294
23.407927 53.948115 77.62609 0.96308627
19.520905 51.666043 76.237738 0.92368158
13.500776 48.109199 74.633698 0.88276452
6.4417653 44.152381 72.9044 0.83882483
6.2210488 45.676079 72.485386 0.78300445
-51.626007 8.5694079 63.149364 0.6371678
-393.51723 -228.23032 7.7098575 0.47261279
