-28.411942 -25.373174 -10.149113 0.032440531
-28.361162 -25.301235 -10.019683 0.035265414
-29.248927 -26.122571 -10.325909 0.038379395
-30.53766 -27.354877 -10.828225 0.041814423
-31.758225 -28.524381 -11.294337 0.045605933
-33.031239 -29.749427 -11.781919 0.049793238
-34.348475 -31.022949 -12.2871 0.054419985
-35.717259 -32.352482 -12.813113 0.059534658
-37.137743 -33.738959 -13.359912 0.065191147
-38.612926 -35.185959 -13.928692 0.07144938
-40.144305 -36.695772 -14.51996 0.078376052
-41.73427 -38.271541 -15.134579 0.086045421
-43.384745 -39.916074 -15.773174 0.094540222
-45.098036 -41.632585 -16.436487 0.10395268
-46.876288 -43.424222 -17.125141 0.11438571
-48.721849 -45.294389 -17.839786 0.12595422
-50.637012 -47.246529 -18.580976 0.13878663
-52.6242 -49.284275 -19.349236 0.15302618
-54.68582 -51.41134 -20.144988 0.16883191
-56.824364 -53.631595 -20.968575 0.18637979
-59.04232 -55.948999 -21.820206 0.20586454
-61.342224 -58.367644 -22.699954 0.22750311
-63.726611 -60.891707 -23.60771 0.25153965
-66.198037 -63.525471 -24.543166 0.27825099
-68.759043 -66.273286 -25.505764 0.30795155
-71.412189 -69.139595 -26.494674 0.34099767
-74.159946 -72.128874 -27.50873 0.37779179
-77.003715 -75.244402 -28.545756 0.41878739
-79.895227 -78.407508 -29.571952 0.46449473
-82.440873 -80.983273 -30.341478 0.51548747
-85.045215 -83.62485 -31.099051 0.57241016
-87.701729 -86.326237 -31.836644 0.63598673
-90.406899 -89.083699 -32.546562 0.70703014
-93.158202 -91.894238 -33.220708 0.7864535
-95.951994 -94.753473 -33.849461 0.87528356
-98.783803 -97.65575 -34.421456 0.97470556
-101.64816 -100.59389 -34.923315 1.0860761
-104.55278 -103.57874 -35.362077 1.2083493
-107.51418 -106.63366 -35.759148 1.338887
-110.53427 -109.76216 -36.113141 1.4778087
-113.61257 -112.96453 -36.418714 1.6256945
-116.74903 -116.24166 -36.670957 1.7830605
-119.9436 -119.59453 -36.864757 1.9504361
-123.19628 -123.02417 -36.9948 2.1283663
-126.50712 -126.53178 -37.055609 2.3174113
-129.87606 -130.11848 -37.041483 2.518145
-133.30381 -133.78602 -36.94676 2.7311485
-136.4869 -137.05779 -36.586148 2.9570031
-139.34378 -139.80874 -35.906934 3.19628
-142.19193 -142.54064 -35.091372 3.4495295
-145.02561 -145.24709 -34.130743 3.7172679
-147.84055 -147.923 -33.0171 3.9999598
-150.63295 -150.56383 -31.743101 4.2979931
-153.39881 -153.16487 -30.301447 4.6117242
-156.13281 -155.71961 -28.682925 4.9416946
-158.82843 -158.21993 -26.876656 5.2886008
-161.47888 -160.65725 -24.871437 5.6531482
-164.07713 -163.02262 -22.655881 6.036041
-166.61594 -165.30674 -20.218463 6.4379719
-169.08786 -167.49995 -17.547572 6.8596001
-171.48558 -169.59248 -14.631694 7.3015271
-173.57519 -171.22719 -11.331171 7.7642786
-175.44075 -172.53608 -7.687867 8.2482882
-177.17109 -173.65777 -3.7462571 8.7538783
-178.75518 -174.57723 0.50531718 9.2812308
-180.18206 -175.27938 5.0777872 9.830379
-181.43942 -175.74727 9.9831542 10.401371
-182.51272 -175.96084 15.235791 10.994422
-183.38621 -175.89824 20.850915 11.609809
-184.04353 -175.53656 26.843563 12.247782
-184.46763 -174.85174 33.228622 12.908499
-184.64014 -173.818 40.021089 13.591965
-184.89142 -172.9331 47.04476 14.298007
-185.17781 -172.13026 54.329223 15.026274
-185.22267 -170.99435 62.029771 15.776243
-185.00882 -169.50072 70.158606 16.547219
-184.51689 -167.62184 78.728844 17.338427
-183.72511 -165.32689 87.75507 18.149135
-182.60997 -162.58249 97.252379 18.978652
-181.14635 -159.35291 107.23584 19.826257
-179.30593 -155.59863 117.72133 20.691108
-178.68689 -153.67854 127.86209 21.572198
-178.04164 -151.74464 138.32721 22.468406
-177.1349 -149.44978 149.24445 23.378593
-175.94241 -146.75981 160.62946 24.301656
-174.43766 -143.63772 172.49812 25.236454
-172.59292 -140.04477 184.86525 26.181797
-170.37761 -135.93861 197.74633 27.13656
-168.35398 -132.1402 210.85004 28.099695
-167.94595 -130.71495 223.44601 29.070251
-167.33313 -129.01187 236.48527 30.047559
-166.48696 -126.9918 249.99038 31.031334
-165.37705 -124.6138 263.98262 32.021283
-163.97353 -121.83784 278.47931 33.016928
-162.24293 -118.61962 293.4992 34.017981
-161.50082 -116.85179 308.38083 35.024575
-161.70943 -116.47464 323.1576 36.037423
-161.74389 -115.87514 338.41335 37.058011
-161.57057 -115.00973 354.17826 38.088273
-161.158 -113.83827 370.47629 39.130007
-160.47352 -112.31953 387.33015 40.185106
-160.1574 -111.36826 404.43185 41.256112
-160.15833 -110.91333 421.82394 42.346528
-159.89839 -110.13969 439.81136 43.460808
-159.3393 -108.99949 458.42763 44.603713
-158.44591 -107.44927 477.6994 45.779845
-157.07407 -105.29261 497.70564 46.993991
-154.85258 -102.01594 518.63668 48.251549
-152.11837 -98.101281 540.33786 49.558542
-148.82522 -93.490603 562.83876 50.921136
-144.92962 -88.129078 586.16249 52.345136
-139.60507 -80.869943 610.70447 53.835947
-132.46255 -71.182503 636.64224 55.398595
-124.3847 -60.305573 663.53952 57.037527
-115.31389 -48.16421 691.40823 58.756446
-105.19286 -34.682892 720.25454 60.558075
-92.620502 -17.927392 750.71232 62.443521
-78.730505 0.52611982 782.20508 64.411787
-63.455615 20.767483 814.72389 66.4601
-46.716097 42.904707 848.26093 68.58425
-29.512093 65.563455 882.29525 70.777738
-11.034076 89.860613 917.14959 73.030892
9.0360041 116.23319 952.91362 75.331524
30.569674 144.50555 989.46742 77.665745
48.882009 168.28349 1024.5862 80.01757
68.606364 193.91262 1060.3716 82.36875
89.87472 221.57336 1096.834 84.69953
108.28492 245.28295 1131.9053 86.989403
123.98195 265.2632 1165.6374 89.21768
140.82168 286.76153 1199.7885 91.36386
156.63264 306.83866 1233.3522 93.408021
165.59897 317.64585 1263.6959 95.332188
175.19687 329.31225 1294.2529 97.12118
184.58552 340.70151 1324.6691 98.762671
186.65877 342.25009 1351.7869 100.24887
189.01819 344.21009 1379.1093 101.57788
190.96897 345.64249 1406.3829 102.75273
188.81574 341.58963 1432.0196 103.78238
186.95239 337.94711 1458.065 104.68281
185.37317 334.69779 1484.5709 105.47535
184.07361 331.82592 1511.578 106.18648
183.47996 329.89033 1539.3082 106.84772
186.45688 332.69628 1569.0301 107.49323
191.87288 338.71499 1600.2141 108.1584
199.73446 347.93932 1632.8087 108.87824
213.83327 365.38889 1668.3871 109.68449
230.09653 385.63622 1705.0342 110.60334
251.32295 412.38165 1743.825 111.65304
275.88533 443.45708 1783.8699 112.84133
302.27122 476.85792 1824.3273 114.16418
330.37131 512.44204 1864.9763 115.60534
359.12519 548.81488 1905.2026 117.13662
384.64147 580.85945 1943.2048 118.71934
410.66348 613.5249 1980.5306 120.30646
428.25699 635.0756 2013.3057 121.84586
446.1998 657.07834 2045.3557 123.28425
453.07461 664.55986 2071.868 124.57165
459.53996 671.53242 2097.5693 125.66607
456.67374 666.31514 2118.8206 126.5377
452.86748 659.91417 2139.4187 127.1727
444.63421 647.76894 2158.0728 127.57527
436.97169 636.41107 2177.0848 127.76835
430.04906 626.0492 2196.6389 127.79193
427.41077 621.28987 2218.2835 127.69929
428.06715 620.82122 2241.5595 127.55182
436.8441 630.90477 2268.3779 127.41209
449.93933 646.56946 2296.9205 127.33561
469.13528 670.11822 2327.6708 127.36296
491.27538 697.44109 2359.01 127.51424
515.75998 727.75998 2390.4196 127.7857
537.83158 754.91323 2419.7085 128.14954
556.38199 777.48296 2446.323 128.55883
571.65798 795.80912 2470.3639 128.95422
578.26779 802.94031 2489.6586 129.26993
577.52806 800.60462 2504.9583 129.4442
572.45812 792.71635 2517.8285 129.43389
564.09822 780.62303 2529.0057 129.22267
554.75468 767.29843 2539.6693 128.82137
548.16339 757.54775 2551.4975 128.26576
545.79165 753.24354 2565.1118 127.6106
549.01565 756.13886 2580.9666 126.91885
558.24196 766.74012 2599.0071 126.24884
571.15984 782.06675 2617.9925 125.64167
585.65206 799.39782 2636.7738 125.11223
598.81212 815.00837 2653.9654 124.6473
608.13913 825.70275 2668.4746 124.21014
612.46249 829.99651 2679.8734 123.74988
611.1344 827.07536 2688.0416 123.2134
604.51379 817.40983 2693.3594 122.55911
596.71059 806.26228 2697.7822 121.77044
589.76555 796.23616 2702.3444 120.86098
586.33177 790.71271 2708.1846 119.86836
587.42217 790.97437 2715.6249 118.84125
591.98967 795.67567 2724.0423 117.82348
598.4325 802.77011 2732.5581 116.8405
603.94039 808.67679 2739.8508 115.89249
606.3081 810.5926 2744.9609 114.95651
604.88919 807.70276 2747.7002 113.99762
600.29758 800.79546 2748.4805 112.98356
594.06927 791.82788 2748.1018 111.89678
588.40914 783.60291 2747.5864 110.74029
584.79159 777.99021 2747.569 109.53511
583.52445 775.37599 2748.1154 108.31029
584.09532 775.10691 2748.8954 107.08982
584.04349 774.05856 2748.8014 105.8827
583.08536 771.87497 2747.6706 104.68142
579.40349 766.25328 2744.7968 103.46798
574.31231 758.86377 2740.7992 102.22443
568.46473 750.5338 2736.046 100.943
563.53338 743.38153 2731.2746 99.629552
559.55648 737.45289 2726.5033 98.299319
557.13636 733.50997 2721.9154 96.967424
553.47925 728.01594 2716.3311 95.640463
550.43147 723.30965 2710.4716 94.315102
544.56035 715.04854 2702.9888 92.98237
539.78367 708.18894 2695.5069 91.634847
533.29978 699.18721 2686.9552 90.271685
528.65461 692.52545 2678.7767 88.898538
523.37588 685.07905 2669.9747 87.523279
518.72858 678.44689 2661.0276 86.150284
513.18071 670.69456 2651.3173 84.778904
507.50016 662.79175 2641.1638 83.406119
501.41255 654.39181 2630.4822 82.030264
495.54559 646.2864 2619.5425 80.652892
489.66596 638.18095 2608.2637 79.277851
484.25817 630.68611 2596.8353 77.908492
478.05758 622.20761 2584.7546 76.545603
472.53961 614.6045 2572.6168 75.188092
465.61981 605.25052 2559.6207 73.835011
460.21907 597.82452 2546.9488 72.487072
453.16508 588.33213 2533.3519 71.145415
447.48394 580.58312 2520.0419 69.810685
440.5569 571.28156 2505.9868 68.483169
434.31701 562.85984 2491.9624 67.163102
427.76676 554.06284 2477.5834 65.851613
421.28607 545.36849 2462.9981 64.549785
414.77717 536.65363 2448.1762 63.25839
408.35255 528.0593 2433.1707 61.978426
401.9219 519.47162 2417.9496 60.71072
395.52837 510.94459 2402.5348 59.455501
388.82258 502.03914 2386.807 58.212969
382.79047 493.99319 2371.1652 56.983768
375.87396 484.85007 2355.0028 55.768156
369.94286 476.95701 2339.0733 54.566374
363.08563 467.91451 2322.6339 53.378618
356.97258 459.81877 2306.3546 52.204791
350.29845 451.03205 2289.7281 51.044813
343.88111 442.58042 2273.0846 49.89886
337.65753 434.38452 2256.4024 48.767774
331.17826 425.88058 2239.5023 47.652088
325.06381 417.8463 2222.6361 46.552088
318.797 409.63306 2205.6044 45.468107
312.59321 401.51055 2188.5003 44.400316
306.67742 393.76037 2171.4198 43.34898
300.35172 385.50787 2154.0979 42.314119
294.69267 378.10148 2136.9669 41.295703
288.33816 369.83496 2119.4988 40.293544
282.73838 362.52429 2102.2743 39.307816
276.78892 354.78618 2084.866 38.338899
270.98887 347.24552 2067.4788 37.386463
265.30074 339.85534 2050.1052 36.450041
259.34302 332.13815 2032.5972 35.529562
254.07371 325.29257 2015.3291 34.625593
248.25557 317.77005 1997.8169 33.738537
243.1022 311.08874 1980.547 32.868358
237.51533 303.87452 1963.0982 32.014702
232.1884 296.99485 1945.7509 31.177142
227.02601 290.33026 1928.4691 30.355728
221.62331 283.3744 1911.0922 29.550327
216.69851 277.02514 1893.9008 28.760977
211.55118 270.40644 1876.6173 27.987824
206.63342 264.08318 1859.4256 27.231019
202.02434 258.15379 1842.3685 26.49073
196.87404 251.55596 1825.1306 25.766251
192.50762 245.94587 1808.238 25.056818
187.31497 239.31147 1791.0591 24.362344
183.34835 234.21679 1774.3944 23.683231
178.31309 227.79469 1757.3557 23.019351
174.28877 222.64315 1740.7674 22.370205
169.62519 216.70085 1723.9879 21.735468
165.38298 211.29273 1707.4254 21.114712
161.17466 205.93472 1690.9175 20.508099
156.99867 200.62467 1674.4545 19.91573
152.97985 195.51825 1658.084 19.337561
149.10182 190.59472 1641.7996 18.773488
145.01122 185.41265 1625.4707 18.223416
141.70629 181.21792 1609.5027 17.687355
137.33356 175.69679 1593.1951 17.164586
134.35093 171.91742 1577.5159 16.654558
129.97254 166.40274 1561.3809 16.157017
127.1667 162.85734 1545.9504 15.671864
123.03857 157.66867 1530.1014 15.198754
120.00028 153.84704 1514.766 14.73717
116.40396 149.33622 1499.2862 14.287253
113.23784 145.36918 1484.0363 13.848932
109.99146 141.30896 1468.811 13.422159
106.92195 137.4762 1453.7073 13.006832
103.76725 133.54388 1438.6235 12.602774
101.01951 130.12579 1423.752 12.209796
97.715784 126.02068 1408.723 11.827741
95.546914 123.33723 1394.2135 11.456578
91.913398 118.83345 1379.2382 11.095711
90.128665 116.64172 1365.1062 10.744855
86.484071 112.13745 1350.3931 10.403408
84.518679 109.73435 1336.4599 10.070781
81.382958 105.87938 1322.1733 9.7471302
79.168375 103.18046 1308.3286 9.432348
76.507754 99.932954 1294.38 9.126502
74.20927 97.144458 1280.638 8.8295075
71.776625 94.196271 1266.9081 8.5412006
69.596226 91.570128 1253.3405 8.2614107
67.165099 88.639103 1239.7396 7.9899465
65.313202 86.437788 1226.4299 7.7266236
62.664289 83.250764 1212.8785 7.4713032
61.386805 81.780735 1199.9598 7.2240342
58.395181 78.182239 1186.5162 6.9841462
57.312532 76.971369 1173.9638 6.7512523
54.45535 73.557855 1160.8778 6.5249964
53.062204 71.978399 1148.4775 6.3049527
50.78162 69.302712 1135.8109 6.0914595
49.154125 67.450684 1123.4715 5.8845007
47.207388 65.210906 1111.0776 5.6839621
45.522888 63.308179 1098.8544 5.4897142
43.700116 61.243755 1086.6448 5.3015982
42.145155 59.523899 1074.6074 5.1194622
40.242402 57.381946 1062.5017 4.9431494
39.010978 56.087938 1050.7302 4.7725384
36.842114 53.637932 1038.6735 4.6074673
36.085724 52.959857 1027.285 4.4479716
33.629792 50.177525 1015.4079 4.293392
32.82261 49.463192 1004.3079 4.1433157
30.683453 47.104276 992.80586 3.9978224
29.559562 46.025625 981.78409 3.8567275
27.832042 44.211303 970.59141 3.7201144
26.485079 42.888099 959.60379 3.5878975
24.950201 41.348898 948.59914 3.4599258
23.531079 39.973096 937.68426 3.3360509
21.983629 38.458029 926.76494 3.216074
20.631323 37.208188 915.9462 3.0998047
18.852769 35.451557 904.98969 2.9869834
17.691725 34.490476 894.28116 2.8774161
15.475229 32.244595 883.21264 2.7703882
14.20826 31.215314 872.44073 2.6653036
11.631071 28.594071 861.13152 2.5610415
9.677489 26.797637 849.71087 2.4562559
6.6247539 23.693533 837.76953 2.3474488
3.0295385 19.996531 824.53906 2.230604
2.9048355 20.757537 816.66248 2.0821663
-26.765261 -14.940766 767.19855 1.6943593
-201.66247 -231.25689 512.82241 1.256777
