-28.114948 -24.504392 -10.900121 0.023710518
-28.298898 -24.615611 -11.084253 0.025775202
-29.228373 -25.453655 -11.499298 0.028051186
-30.481322 -26.629937 -12.024883 0.030561821
-31.68987 -27.763128 -12.544327 0.033333005
-32.949044 -28.948852 -13.087293 0.036393473
-34.252721 -30.181724 -13.652415 0.039775126
-35.607008 -31.468123 -14.241938 0.0435134
-37.012385 -32.80912 -14.85648 0.047647683
-38.471584 -34.207927 -15.497317 0.052221778
-39.98617 -35.666724 -16.165405 0.057284428
-41.558417 -37.188387 -16.861912 0.06288991
-43.190251 -38.77553 -17.587919 0.069098695
-44.88391 -40.431098 -18.344601 0.07597819
-46.641518 -42.157995 -19.133107 0.083603606
-48.465373 -43.959333 -19.954632 0.092058942
-50.357747 -45.838261 -20.810366 0.10143806
-52.321024 -47.798088 -21.701518 0.11184563
-54.357595 -49.842189 -22.629288 0.12339792
-56.469931 -51.974072 -23.594877 0.13622353
-58.660515 -54.197317 -24.599464 0.15046479
-60.931889 -56.515615 -25.644206 0.16628026
-63.286602 -58.932724 -26.730213 0.18384838
-65.727247 -61.452491 -27.85854 0.20337149
-68.256414 -64.078815 -29.030162 0.22507941
-70.876731 -66.815667 -30.245961 0.24923257
-73.590771 -69.667042 -31.506695 0.27612512
-76.400289 -72.635966 -32.812657 0.30608849
-79.262183 -75.646377 -34.130487 0.33949564
-81.823215 -78.087285 -35.201583 0.37676586
-84.447466 -80.586179 -36.288178 0.41837023
-87.130211 -83.137737 -37.38655 0.46483786
-89.869097 -85.738378 -38.493106 0.51676296
-92.662548 -88.385044 -39.603992 0.57481291
-95.508114 -91.073493 -40.714524 0.63973814
-98.402691 -93.798361 -41.81904 0.71240494
-101.3424 -96.552956 -42.910757 0.79380484
-104.33349 -99.347259 -43.994934 0.88317341
-107.38904 -102.20264 -45.085325 0.97858247
-110.5109 -105.12201 -46.182317 1.0801193
-113.69906 -108.10533 -47.284016 1.188208
-116.95384 -111.15308 -48.388842 1.3032257
-120.27557 -114.26584 -49.495147 1.4255594
-123.6646 -117.44424 -50.601229 1.5556072
-127.1213 -120.68906 -51.705345 1.693779
-130.64598 -124.00104 -52.805687 1.8404938
-134.23951 -127.38144 -53.900523 1.9961767
-137.63366 -130.37403 -54.797673 2.1612522
-140.75734 -132.85923 -55.445428 2.3361381
-143.89203 -135.31678 -56.041347 2.5212365
-147.03318 -137.74052 -56.580791 2.7169247
-150.17731 -140.12531 -57.059503 2.9235423
-153.32131 -142.4665 -57.473533 3.1413729
-156.46188 -144.75931 -57.818923 3.3706769
-159.59463 -146.99726 -58.090553 3.6118501
-162.71427 -149.1724 -58.282281 3.8654016
-165.81522 -151.27638 -58.387715 4.131847
-168.89167 -153.30055 -58.400275 4.4117008
-171.93761 -155.23593 -58.313215 4.7054696
-174.94682 -157.07323 -58.119644 5.013635
-177.91315 -158.80307 -57.812633 5.3366366
-180.63299 -160.08567 -57.249361 5.6748588
-183.18029 -161.04691 -56.479046 6.0286184
-185.63282 -161.8188 -55.553448 6.3981511
-187.98114 -162.38721 -54.464381 6.7835897
-190.21581 -162.7379 -53.203884 7.1849588
-192.32632 -162.85491 -51.763176 7.6022933
-194.30035 -162.71946 -50.13188 8.0357504
-196.12455 -162.3111 -48.298827 8.4855334
-197.78506 -161.60842 -46.252596 8.9518238
-199.26738 -160.58895 -43.981494 9.4347378
-200.55592 -159.22864 -41.473435 9.9342792
-201.93502 -157.99917 -38.918527 10.450321
-203.36632 -156.83705 -36.288588 10.982607
-204.61161 -155.34943 -33.421839 11.530754
-205.65617 -153.5132 -30.307641 12.094256
-206.48347 -151.3027 -26.934484 12.672545
-207.07503 -148.68915 -23.289584 13.265087
-207.41098 -145.64131 -19.359304 13.871375
-207.47008 -142.12572 -15.129406 14.490885
-207.2285 -138.10541 -10.584614 15.122999
-208.04634 -135.80477 -6.6230805 15.766982
-208.85892 -133.47918 -2.5381729 16.422015
-209.46587 -130.80085 1.8030876 17.087265
-209.84677 -127.73735 6.4142085 17.761926
-209.97938 -124.25353 11.309327 18.445164
-209.84041 -120.31249 16.502646 19.13611
-209.40428 -115.87381 22.009454 19.833941
-209.14577 -111.70846 27.519592 20.53789
-210.26377 -109.75494 32.256794 21.247264
-211.22068 -107.51916 37.222864 21.961572
-211.99283 -104.96301 42.434458 22.680607
-212.555 -102.0467 47.908028 23.404155
-212.88222 -98.731135 53.658365 24.131867
-212.94664 -94.973158 59.70172 24.863531
-213.84969 -92.544371 65.332287 25.599244
-215.5566 -91.384754 70.577079 26.339529
-217.1252 -89.980377 76.04252 27.085471
-218.52765 -88.28865 81.748609 27.838484
-219.73763 -86.270188 87.712353 28.599881
-220.72776 -83.884757 93.950516 29.371047
-222.0303 -81.985678 100.12729 30.153839
-223.60095 -80.504291 106.27469 30.950818
-224.95879 -78.677907 112.70036 31.765239
-226.07179 -76.46154 119.42692 32.600582
-226.91014 -73.814766 126.47368 33.46021
-227.35384 -70.555152 133.91594 34.347621
-227.09577 -66.205674 141.94579 35.266763
-226.41422 -61.218424 150.39015 36.222037
-225.27011 -55.542513 159.27385 37.217949
-223.62634 -49.130856 168.61908 38.258742
-220.80153 -40.92134 178.84518 39.348368
-216.47631 -30.42742 190.14396 40.490498
-211.37614 -18.809091 202.06131 41.688383
-205.45221 -6.0043327 214.62171 42.944732
-198.65587 8.0487747 227.84834 44.261531
-189.8385 25.137383 242.43528 45.639592
-179.92838 43.787403 257.80045 47.078186
-168.86918 64.072565 273.96559 48.575286
-156.59462 86.083543 290.95778 50.127814
-143.91906 108.53732 308.26731 51.731022
-130.17984 132.46203 326.28136 53.377839
-115.11717 158.25533 345.13996 55.059357
-98.835741 185.74829 364.76207 56.765425
-85.141843 209.01851 382.8375 58.48436
-70.265862 233.9407 401.63022 60.202823
-54.102513 260.68083 421.18783 61.906377
-40.22111 283.70918 439.35637 63.580031
-28.498737 303.24024 456.21095 65.208665
-15.812388 324.13266 473.62003 66.777294
-3.9209176 343.67996 490.52768 68.27136
2.4790233 354.64946 504.1425 69.677721
9.4296563 366.4097 518.07499 70.985284
16.248359 377.92463 531.92314 72.18504
17.207373 380.38881 542.30579 73.271297
18.434941 383.27478 552.87417 74.242658
19.367949 385.72787 563.30569 75.101355
17.033937 383.19027 571.86139 75.853919
14.966117 381.10205 580.64044 76.512037
13.157665 379.44891 589.64462 77.091299
11.603934 378.21354 598.87299 77.611062
10.646459 377.90245 608.52468 78.094358
12.579874 382.00248 619.92968 78.566156
16.496007 389.08715 632.53533 79.052322
22.400457 399.12634 646.31798 79.578449
33.324644 416.70598 663.004 80.167734
46.012598 436.80835 680.65323 80.839316
62.700982 462.80405 700.51502 81.60654
82.091166 492.67449 721.78046 82.475048
102.97873 524.55752 743.70015 83.441912
125.27867 558.30759 766.17911 84.49525
148.14745 592.63759 788.69323 85.614454
168.48971 622.85645 809.43696 86.771254
189.28488 653.51452 830.11844 87.931273
203.43044 673.87358 846.66561 89.056413
217.90304 694.56464 863.11264 90.10772
223.63465 701.90118 874.30295 91.048679
229.08595 708.75664 885.13778 91.848578
227.1766 704.46709 891.62794 92.485649
224.55924 699.14018 897.63612 92.949766
218.46729 688.62109 901.63637 93.244001
212.85686 678.89622 905.9223 93.385123
207.85873 670.15145 910.58437 93.402359
206.27457 666.58201 917.20699 93.334647
207.32015 666.95807 925.3113 93.226867
214.80813 676.96536 936.9995 93.124737
225.73424 692.01738 950.49059 93.068838
241.5071 714.17889 966.49204 93.088828
259.63703 739.6629 983.50894 93.199394
279.65275 767.73959 1001.2027 93.397805
297.80521 792.7788 1017.4158 93.663735
313.22255 813.49897 1031.6506 93.96288
326.09863 830.23759 1044.0383 94.251866
332.18803 836.68937 1052.2394 94.482618
332.52723 834.47599 1056.9132 94.609997
329.48796 827.20713 1059.4901 94.602459
323.88406 816.13881 1060.516 94.448082
317.5253 803.99428 1061.0609 94.154772
313.34438 795.1484 1062.7863 93.748679
312.4915 791.28498 1066.3182 93.26983
316.0462 793.96718 1072.2055 92.764232
324.32738 803.61774 1080.545 92.274528
335.52321 817.48767 1090.2358 91.830748
347.97506 833.07832 1100.2761 91.443787
359.40578 846.99416 1109.3551 91.103973
367.85606 856.33945 1116.3828 90.784454
372.40826 859.79031 1120.8845 90.448056
372.55377 856.63995 1122.6373 90.055946
368.57149 847.34865 1121.8734 89.57773
363.67419 836.72453 1120.4521 89.001298
359.45525 827.13837 1119.3053 88.33658
357.98779 821.65196 1119.5824 87.611083
360.06301 821.40666 1121.6811 86.86037
364.86277 825.15216 1125.0839 86.116489
371.13641 831.00903 1129.034 85.398038
376.68981 835.7174 1132.2765 84.705141
379.80136 836.73978 1133.8562 84.02104
379.96554 833.35583 1133.5285 83.320193
377.65959 826.30309 1131.612 82.57902
374.07963 817.37462 1128.8186 81.784698
370.94365 809.12067 1126.127 80.939425
369.39989 803.23182 1124.1728 80.058565
369.68781 800.04487 1123.065 79.163353
371.40824 798.95381 1122.5476 78.271318
372.64437 797.11613 1121.5394 77.389041
373.17508 794.21246 1119.9115 76.511031
371.58461 788.16294 1116.9029 75.624134
368.89491 780.49515 1113.1034 74.715226
365.61279 771.96703 1108.8218 73.778636
363.03874 764.50074 1104.7867 72.81865
361.20195 758.13235 1101.0133 71.846392
360.57076 753.54689 1097.7404 70.872918
358.97253 747.53272 1093.7673 69.90305
357.84238 742.21393 1089.8747 68.934351
354.5116 733.65734 1084.6187 67.960264
352.02393 726.36359 1079.6765 66.975367
348.20164 717.12147 1073.8773 65.979039
345.79887 709.99493 1068.7291 64.975413
342.89548 702.14928 1063.1852 63.970244
340.47313 695.03257 1057.7738 62.966731
337.34207 686.89242 1051.8476 61.964399
334.09816 678.6106 1045.7363 60.961039
330.52811 669.87528 1039.3321 59.955435
327.11846 661.40451 1032.9062 58.948722
323.68791 652.93086 1026.3649 57.943714
320.61203 645.007 1019.9121 56.942858
316.90977 636.18861 1013.017 55.946732
313.72488 628.16126 1006.3034 54.954535
309.44093 618.54731 998.90477 53.965575
306.32189 610.68039 992.05575 52.980373
301.90893 600.94353 984.42926 51.999762
298.54693 592.78827 977.29958 51.024216
294.2062 583.23003 969.57135 50.053944
290.38438 574.47283 962.05875 49.089116
286.30854 565.38051 954.34756 48.130556
282.27299 556.38647 946.59733 47.179058
278.20205 547.37987 938.77047 46.235184
274.18257 538.48823 930.91701 45.299667
270.14451 529.60852 923.00087 44.373108
266.12125 520.79029 915.04245 43.455676
261.84229 511.63666 906.90213 42.547517
258.07062 503.26844 898.99524 41.649102
253.60038 493.91488 890.67453 40.760619
249.87844 485.70106 882.72577 39.882245
245.42562 476.45563 874.35566 39.014122
241.53416 468.0765 866.26504 38.156179
237.19446 459.08253 857.91287 37.308358
233.03917 450.40283 849.64306 36.470787
229.01943 441.96541 841.4306 35.644084
224.78782 433.26034 833.08817 34.828635
220.82411 424.99131 824.87671 34.024651
216.7287 416.5719 816.58268 33.232375
212.6682 408.2463 808.29861 32.451932
208.8162 400.26877 800.12046 31.683517
204.63369 391.8488 791.76152 30.927144
200.95252 384.20606 783.6722 30.18279
196.72034 375.79788 775.28936 29.450318
193.05765 368.26658 767.21883 28.729855
189.11137 360.36122 759.00425 28.021679
185.26723 352.64737 750.85597 27.325549
181.49622 345.08296 742.76105 26.641125
177.50369 337.23636 734.56208 25.968353
174.02988 330.19133 726.65601 25.307648
170.11941 322.54736 718.53022 24.659304
166.70957 315.67702 710.69099 24.023295
162.95229 308.33801 702.68621 23.399363
159.38327 301.31517 694.80621 22.787195
155.92894 294.50042 687.01201 22.186827
152.27706 287.43632 679.13561 21.598163
148.98203 280.93419 671.47409 21.021231
145.50336 274.20185 663.73648 20.456138
142.19028 267.74968 656.11175 19.902994
139.10392 261.66616 648.63602 19.361922
135.58837 254.99131 640.96302 18.832404
132.66651 249.22278 633.64357 18.313884
129.09599 242.54201 626.01142 17.806297
126.46057 237.26585 618.91416 17.309938
122.9897 230.80269 611.40585 16.824712
120.28824 225.501 604.34956 16.350255
117.08318 219.49801 597.06464 15.88633
114.19274 213.99104 589.98741 15.432623
111.31829 208.54249 582.95446 14.989254
108.45889 203.15016 575.96222 14.556294
105.71096 197.95428 569.06161 14.133715
103.06199 192.93574 562.2455 13.721437
100.23964 187.69537 555.37005 13.319393
98.01391 183.3584 548.8515 12.92759
94.955472 177.83448 541.93201 12.545501
92.9599 173.89592 535.62837 12.172725
89.879085 168.40125 528.79231 11.809074
88.002031 164.69733 522.6486 11.454479
85.096773 159.52046 516.0054 11.108685
83.02333 155.59056 509.8548 10.771315
80.511186 151.04942 503.51259 10.442474
78.322637 147.01096 497.38268 10.122107
76.064188 142.89925 491.25246 9.8101817
73.934175 139.00356 485.22656 9.5066218
71.730688 135.02815 479.19685 9.2112976
69.833398 131.5274 473.36608 8.9240724
67.500011 127.41567 467.33874 8.6448311
66.034022 124.59735 461.81637 8.373551
63.431645 120.14384 455.73642 8.1097955
62.247179 117.78821 450.46896 7.8533563
59.62194 113.35312 444.49286 7.6037949
58.283988 110.82611 439.26066 7.3606791
56.037105 106.99732 433.59182 7.1241248
54.493348 104.2222 428.34149 6.8940526
52.599149 100.9606 422.9425 6.6705117
50.977514 98.122379 417.72596 6.4534403
49.24603 95.148379 412.4869 6.2427185
47.702605 92.473533 407.38404 6.0382217
45.959634 89.531212 402.2102 5.8398102
44.656877 87.255803 397.3071 5.6473489
42.733726 84.097371 392.10891 5.4607365
41.861449 82.496888 387.51651 5.2800088
39.662208 78.981133 382.27337 5.104676
38.927926 77.629275 377.87194 4.9344555
36.820333 74.295685 372.7998 4.7690866
35.834834 72.626393 368.37708 4.6082581
34.1598 69.974508 363.62532 4.4522172
32.982228 68.07361 359.17595 4.3009522
31.552996 65.829372 354.62786 4.1543799
30.320152 63.896192 350.21966 4.0124054
28.975156 61.823458 345.78613 3.8749126
27.830933 60.06829 341.4942 3.7417906
26.413209 57.938107 337.0904 3.6129248
25.507077 56.579632 332.99522 3.4882261
23.873277 54.183128 328.54917 3.3675766
23.322142 53.392477 324.72958 3.2510021
21.456074 50.707508 320.27352 3.1380208
20.854598 49.896721 316.5469 3.028331
19.221454 47.607226 312.3187 2.9219907
18.364879 46.480571 308.54468 2.8188653
17.037815 44.696139 304.55303 2.7190156
15.998319 43.361716 300.74621 2.6223791
14.808548 41.83903 296.89048 2.5288454
13.702395 40.470954 293.10754 2.4383059
12.491847 38.984635 289.2977 2.3506156
11.425999 37.745867 285.58827 2.265635
10.026225 36.058401 281.72569 2.1831746
9.096561 35.0995 278.13398 2.1030926
7.3481292 32.992395 274.14019 2.0248665
6.3255135 31.998989 270.53452 1.9480608
4.2879007 29.587127 266.40571 1.8718563
2.7249235 27.945566 262.45806 1.795269
0.30931848 25.160137 258.0718 1.7157424
-2.5300935 21.894622 253.20313 1.630341
-2.7058835 22.770815 251.06072 1.5218484
-25.654792 -8.864129 228.25581 1.2384008
-160.428 -203.45246 102.07606 0.91857237
