2e-05 -3.2169962e-06
2.0766314e-05 -3.4612103e-06
2.156199e-05 -3.7294507e-06
2.2388154e-05 -4.0221874e-06
2.3245972e-05 -4.3368765e-06
2.4136658e-05 -4.6750622e-06
2.5061471e-05 -5.0395002e-06
2.6021719e-05 -5.4334273e-06
2.701876e-05 -5.8576851e-06
2.8054003e-05 -6.31539e-06
2.9128912e-05 -6.808226e-06
3.0245007e-05 -7.3407372e-06
3.1403866e-05 -7.9136466e-06
3.2607128e-05 -8.5318879e-06
3.3856493e-05 -9.1977022e-06
3.5153729e-05 -9.9162659e-06
3.6500669e-05 -1.0690422e-05
3.7899218e-05 -1.1525618e-05
3.9351354e-05 -1.24253e-05
4.0859129e-05 -1.339585e-05
4.2424676e-05 -1.4442212e-05
4.4050208e-05 -1.5569986e-05
4.5738023e-05 -1.6785606e-05
4.7490508e-05 -1.8097137e-05
4.9310141e-05 -1.9510157e-05
5.1199494e-05 -2.1033452e-05
5.3161239e-05 -2.2676048e-05
5.519815e-05 -2.444724e-05
5.7313107e-05 -2.6356624e-05
5.9509099e-05 -2.8415115e-05
6.1789233e-05 -3.0633964e-05
6.4156732e-05 -3.3026662e-05
6.6614943e-05 -3.5605553e-05
6.9167342e-05 -3.8386562e-05
7.1817538e-05 -4.1384141e-05
7.4569278e-05 -4.4616033e-05
7.7426453e-05 -4.8100179e-05
8.0393103e-05 -5.1856405e-05
8.3473422e-05 -5.5905677e-05
8.6671766e-05 -6.0271374e-05
8.9992657e-05 -6.4977703e-05
9.344079e-05 -7.0051681e-05
9.702104e-05 -7.5521566e-05
0.00010073847 -8.1418738e-05
0.00010459834 -8.7775949e-05
0.0001086061 -9.4629536e-05
0.00011276742 -0.00010201818
0.00011708818 -0.00010998355
0.0001215745 -0.00011857067
0.00012623271 -0.0001278279
0.00013106941 -0.00013780761
0.00013609143 -0.00014856658
0.00014130587 -0.00016016458
0.0001467201 -0.00017266809
0.00015234179 -0.00018614681
0.00015817887 -0.00020067746
0.00016423961 -0.00021634157
0.00017053257 -0.00023322776
0.00017706665 -0.00025143087
0.00018385108 -0.00027105395
0.00019089547 -0.00029220737
0.00019820976 -0.00031501024
0.00020580431 -0.00033959102
0.00021368985 -0.00036608815
0.00022187753 -0.00039465056
0.00023037892 -0.00042543894
0.00023920606 -0.00045862658
0.00024837141 -0.00049439984
0.00025788794 -0.00053295954
0.0002677691 -0.00057452244
0.00027802886 -0.00061932132
0.00028868174 -0.00066760756
0.00029974278 -0.00071965163
0.00031122764 -0.00077574488
0.00032315255 -0.00083620096
0.00033553437 -0.00090135785
0.00034839061 -0.0009715793
0.00036173945 -0.0010472569
0.00037559975 -0.0011288123
0.00038999113 -0.0012166994
0.00040493391 -0.0013114066
0.00042044925 -0.0014134595
0.00043655906 -0.0015234235
0.00045328613 -0.0016419073
0.00047065411 -0.0017695651
0.00048868756 -0.0019071007
0.00050741198 -0.0020552709
0.00052685383 -0.0022148891
0.00054704061 -0.0023868294
0.00056800086 -0.0025720316
0.00058976422 -0.0027715045
0.00061236146 -0.0029863319
0.00063582452 -0.0032176773
0.00066018659 -0.0034667894
0.00068548212 -0.0037350076
0.00071174685 -0.0040237689
0.00073901794 -0.0043346131
0.00076733394 -0.0046691906
0.00079673489 -0.0050292687
0.00082726236 -0.0054167392
0.00085895951 -0.0058336261
0.00089187115 -0.0062820931
0.00092604383 -0.0067644521
0.00096152586 -0.0072831712
0.00099836742 -0.0078408832
0.0010366206 -0.0084403945
0.0010763394 -0.0090846931
0.0011175801 -0.0097769573
0.001160401 -0.010520564
0.0012048626 -0.011319096
0.0012510278 -0.012176352
0.0012989618 -0.013096347
0.0013487325 -0.014083325
0.0014004101 -0.015141759
0.0014540678 -0.016276355
0.0015097815 -0.017492053
0.0015676298 -0.018794022
0.0016276947 -0.020187658
0.001690061 -0.021678576
0.0017548169 -0.02327259
0.0018220539 -0.024975703
0.0018918672 -0.026794072
0.0019643555 -0.028733982
0.0020396212 -0.030801799
0.0021177707 -0.033003917
0.0021989146 -0.035346695
0.0022831676 -0.037836371
0.0023706488 -0.040478967
0.0024614819 -0.043280172
0.0025557953 -0.046245196
0.0026537225 -0.049378606
0.0027554017 -0.052684124
0.0028609769 -0.056164396
0.0029705973 -0.059820712
0.0030844178 -0.063652686
0.0032025995 -0.067657879
0.0033253094 -0.071831366
0.003452721 -0.076165224
0.0035850145 -0.080647951
0.0037223769 -0.085263794
0.0038650024 -0.089991969
0.0040130927 -0.094805775
0.0041668572 -0.099671579
0.0043265134 -0.10454765
0.0044922868 -0.10938286
0.004664412 -0.11411512
0.0048431323 -0.11866979
0.0050287003 -0.12295763
0.0052213786 -0.12687273
0.0054214394 -0.13029003
0.0056291658 -0.13306257
0.0058448513 -0.13501844
0.0060688009 -0.13595738
0.0063013314 -0.13564695
0.0065427714 -0.13381832
0.0067934623 -0.13016161
0.0070537587 -0.12432073
0.0073240285 -0.11588774
0.0076046539 -0.10439668
0.0078960316 -0.089316833
0.0081985737 -0.070045443
0.0085127079 -0.045899884
0.0088388784 -0.016109219
0.0091775464 0.020194797
0.0095291906 0.063987228
0.0098943084 0.11635994
0.010273416 0.17853193
0.010667049 0.25186002
0.011075765 0.33784957
0.011500141 0.43816542
0.011940777 0.55464247
0.012398296 0.68929599
0.012873346 0.84433098
0.013366597 1.0221504
0.013878748 1.2253618
0.014410522 1.4567818
0.014962671 1.7194387
0.015535977 2.0165712
0.016131249 2.3516245
0.016749329 2.7282408
0.017391092 3.1502453
0.018057444 3.6216258
0.018749328 4.1465066
0.019467722 4.7291153
0.020213641 5.3737437
0.020988141 6.0847011
0.021792317 6.8662599
0.022627305 7.7225942
0.023494287 8.6577137
0.024394487 9.6753925
0.025329179 10.779099
0.026299685 11.971929
0.027307376 13.256542
0.028353678 14.63511
0.029440069 16.109284
0.030568086 17.680177
0.031739324 19.348387
0.032955439 21.114054
0.03421815 22.976958
0.035529243 24.936664
0.036890572 26.992734
0.03830406 29.144981
0.039771708 31.393788
0.041295589 33.740474
0.042877859 36.187663
0.044520755 38.73964
0.046226599 41.402671
0.047997805 44.185254
0.049836875 47.098241
0.05174641 50.154766
0.053729111 53.36987
0.05578778 56.759733
0.057925329 60.340443
0.060144779 64.126331
0.062449269 68.127903
0.064842058 72.349408
0.067326528 76.786188
0.069906192 81.422105
0.072584697 86.22751
0.075365832 91.158298
0.078253528 96.15651
0.081251867 101.15294
0.084365091 106.07207
0.087597599 110.83939
0.090953964 115.39065
0.09443893 119.68169
0.098057425 123.69691
0.10181457 127.45493
0.10571566 131.00961
0.10976623 134.44485
0.11397201 137.86198
0.11833893 141.3595
0.12287317 145.00715
0.12758114 148.81999
0.1324695 152.74136
0.13754516 156.64219
0.14281531 160.34155
0.14828738 163.64892
0.15396911 166.42001
0.15986855 168.60728
0.16599403 170.28284
0.17235421 171.6198
0.17895808 172.8331
0.18581499 174.09483
0.19293462 175.45371
0.20032705 176.79988
0.20800272 177.90842
0.2159725 178.55382
0.22424764 178.63462
0.23283985 178.23155
0.24176127 177.55757
0.25102453 176.82059
0.26064271 176.08332
0.27062942 175.22822
0.28099878 174.06801
0.29176545 172.51204
0.30294465 170.63845
0.3145522 168.60835
0.32660449 166.50946
0.33911857 164.29058
0.35211214 161.85458
0.36560357 159.18921
0.37961193 156.37254
0.39415704 153.46653
0.40925944 150.45617
0.42494051 147.30739
0.44122241 144.0396
0.45812816 140.70158
0.47568167 137.31078
0.49390775 133.8592
0.51283218 130.34979
0.53248171 126.79547
0.55288413 123.20555
0.57406828 119.59211
0.59606412 115.97302
0.61890274 112.36104
0.64261644 108.76019
0.66723875 105.17272
0.69280448 101.60232
0.71934978 98.054826
0.74691218 94.542952
0.77553065 91.081489
0.80524566 87.677182
0.83609923 84.330758
0.86813497 81.041983
0.90139818 77.810383
0.93593589 74.638457
0.97179694 71.535928
1.009032 68.513491
1.0476938 65.574097
1.087837 62.715476
1.1295182 59.934966
1.1727965 57.229637
1.217733 54.599234
1.2643914 52.050514
1.3128374 49.590912
1.3631397 47.220405
1.4153694 44.934769
1.4696003 42.730018
1.5259091 40.6018
1.5843754 38.548048
1.6450818 36.573293
1.7081143 34.682585
1.7735619 32.874098
1.8415172 31.142709
1.9120763 29.483969
1.9853389 27.893119
2.0614085 26.367379
2.1403929 24.90983
2.2224036 23.523788
2.3075565 22.206509
2.3959722 20.95288
2.4877756 19.758754
2.5830965 18.619696
2.6820697 17.532867
2.7848351 16.500367
2.891538 15.524332
3.0023294 14.601839
3.1173658 13.728382
3.2368099 12.900504
3.3608306 12.114465
3.4896032 11.367743
3.6233098 10.661801
3.7621395 9.9980019
3.9062886 9.3736661
4.0559608 8.7851463
4.2113679 8.2297839
4.3727294 7.7046535
4.5402737 7.2077244
4.7142375 6.7400509
4.8948669 6.3025171
5.0824172 5.8929084
5.2771537 5.5084734
5.4793516 5.1473254
5.6892969 4.8073382
5.9072863 4.4870434
6.1336282 4.1872858
6.3686426 3.9087579
6.6126617 3.6498844
6.8660305 3.4089217
7.1291074 3.1848845
7.4022642 2.9767904
7.6858873 2.7842816
7.9803776 2.6092517
8.2861514 2.4539401
8.6036412 2.3210278
8.9332959 2.2146405
9.2755815 2.1550204
9.630982 2.3520288
10 2.662666
