1.0523249e-05 9043.5544
1.1279837e-05 9043.5544
1.2090822e-05 9043.5544
1.2960114e-05 9043.5544
1.3891905e-05 9043.5544
1.489069e-05 9043.5543
1.5961284e-05 9043.5543
1.710885e-05 9043.5543
1.8338922e-05 9043.5543
1.9657433e-05 9043.5543
2.1070741e-05 9043.5543
2.2585661e-05 9043.5543
2.4209499e-05 9043.5543
2.5950086e-05 9043.5542
2.7815815e-05 9043.5542
2.9815685e-05 9043.5542
3.1959339e-05 9043.5541
3.4257115e-05 9043.5541
3.6720094e-05 9043.5541
3.9360153e-05 9043.554
4.2190024e-05 9043.5539
4.5223355e-05 9043.5539
4.8474772e-05 9043.5538
5.1959955e-05 9043.5537
5.5695713e-05 9043.5536
5.9700059e-05 9043.5535
6.3992306e-05 9043.5533
6.8593152e-05 9043.5532
7.3524784e-05 9043.553
7.8810985e-05 9043.5528
8.4477247e-05 9043.5525
9.0550895e-05 9043.5523
9.706122e-05 9043.5519
0.00010403962 9043.5516
0.00011151974 9043.5512
0.00011953766 9043.5507
0.00012813204 9043.5501
0.00013734433 9043.5495
0.00014721895 9043.5487
0.00015780354 9043.5479
0.00016914911 9043.5469
0.0001813104 9043.5458
0.00019434605 9043.5445
0.00020831892 9043.5431
0.0002232964 9043.5414
0.00023935071 9043.5395
0.00025655927 9043.5372
0.00027500507 9043.5347
0.00029477707 9043.5317
0.00031597062 9043.5283
0.00033868791 9043.5245
0.00036303851 9043.52
0.00038913984 9043.5149
0.00041711777 9043.509
0.00044710723 9043.5022
0.00047925283 9043.4945
0.0005137096 9043.4855
0.00055064371 9043.4753
0.00059023326 9043.4635
0.00063266918 9043.4499
0.0006781561 9043.4344
0.00072691339 9043.4165
0.00077917618 9043.396
0.0008351965 9043.3724
0.0008952445 9043.3453
0.00095960977 9043.3141
0.0010286027 9043.2784
0.001102556 9043.2373
0.0011818263 9043.19
0.0012667959 9043.1358
0.0013578745 9043.0735
0.0014555015 9043.0019
0.0015601474 9042.9197
0.0016723171 9042.8252
0.0017925515 9042.7167
0.0019214303 9042.5921
0.0020595751 9042.449
0.0022076521 9042.2846
0.0023663753 9042.0959
0.0025365103 9041.8791
0.0027188774 9041.6301
0.0029143561 9041.3443
0.0031238892 9041.0161
0.003348487 9040.6393
0.0035892327 9040.2067
0.0038472872 9039.7102
0.0041238951 9039.1403
0.0044203902 9038.4862
0.0047382023 9037.7357
0.0050788642 9036.8746
0.0054440186 9035.8867
0.0058354264 9034.7537
0.0062549752 9033.4544
0.0067046883 9031.9646
0.0071867343 9030.257
0.0077034379 9028.3001
0.0082572908 9026.0582
0.0088509641 9023.4906
0.0094873206 9020.551
0.010169429 9017.187
0.010900579 9013.339
0.011684297 9008.9397
0.012524361 9003.9129
0.013424823 8998.1727
0.014390025 8991.6222
0.015424623 8984.1524
0.016533605 8975.641
0.017722319 8965.9509
0.018996498 8954.9289
0.020362287 8942.4039
0.021826271 8928.1849
0.023395511 8912.0585
0.025077575 8893.7863
0.026880574 8873.1021
0.028813203 8849.7099
0.030884782 8823.2824
0.0331053 8793.4587
0.035485467 8759.8431
0.038036761 8722.005
0.040771484 8679.4806
0.043702826 8631.7736
0.046844922 8578.3598
0.050212924 8518.6911
0.053823076 8452.2007
0.057692786 8378.3104
0.061840716 8296.4386
0.066286869 8206.0133
0.071052686 8106.4913
0.076161151 7997.3878
0.081636899 7878.3175
0.087506335 7749.0422
0.093797765 7609.5115
0.10054153 7459.868
0.10777015 7300.3911
0.11551848 7131.3825
0.1238239 6953.0529
0.13272645 6765.5134
0.14226906 6568.9484
0.15249776 6363.9083
0.16346187 6151.4579
0.17521427 5932.9034
0.18781162 5709.2486
0.20131469 5481.0625
0.21578858 5249.091
0.2313031 5014.7318
0.24793307 4779.4375
0.26575868 4544.0659
0.28486589 4309.4983
0.30534685 4077.0582
0.32730033 3847.748
0.3508322 3622.362
0.37605593 3401.9041
0.40309317 3187.1167
0.4320743 2978.7076
0.46313909 2777.3232
0.49643733 2583.4634
0.53212961 2397.5734
0.57038806 2219.9746
0.61139717 2050.9085
0.6553547 1890.5264
0.70247265 1738.9063
0.75297822 1596.0499
0.80711499 1461.881
0.86514402 1336.2585
0.92734516 1218.9913
0.99401836 1109.8428
1.0654852 1008.5408
1.1420902 914.78967
1.2242029 828.27034
1.3122192 748.63322
1.4065637 675.50626
1.5076912 608.51273
1.6160894 547.27995
1.7322812 491.44075
1.8568267 440.63736
1.9903267 394.5246
2.133425 352.76251
2.2868115 315.01211
2.4512261 280.9476
2.6274615 250.26746
2.8163678 222.6905
3.0188558 197.95136
3.235902 175.80213
3.4685532 156.01478
3.7179313 138.37671
3.9852388 122.69126
4.271765 108.78104
4.5788915 96.491412
4.9080994 85.682649
5.2609763 76.233826
5.6392239 68.035081
6.0446664 61.084308
6.4792589 55.606542
6.9450973 51.670206
7.4444279 48.768822
7.9796589 46.271427
8.5533713 43.748126
9.1683318 41.049495
9.8275061 36.999076
10.534073 28.756818
