1.0523249e-05 1221.9523
1.1279837e-05 1221.9523
1.2090822e-05 1221.9523
1.2960114e-05 1221.9523
1.3891905e-05 1221.9523
1.489069e-05 1221.9523
1.5961284e-05 1221.9523
1.710885e-05 1221.9523
1.8338922e-05 1221.9523
1.9657433e-05 1221.9523
2.1070741e-05 1221.9523
2.2585661e-05 1221.9523
2.4209499e-05 1221.9523
2.5950086e-05 1221.9523
2.7815815e-05 1221.9523
2.9815685e-05 1221.9523
3.1959339e-05 1221.9523
3.4257115e-05 1221.9523
3.6720094e-05 1221.9523
3.9360153e-05 1221.9523
4.2190024e-05 1221.9523
4.5223355e-05 1221.9523
4.8474772e-05 1221.9523
5.1959955e-05 1221.9522
5.5695713e-05 1221.9522
5.9700059e-05 1221.9522
6.3992306e-05 1221.9522
6.8593152e-05 1221.9522
7.3524784e-05 1221.9522
7.8810985e-05 1221.9521
8.4477247e-05 1221.9521
9.0550895e-05 1221.9521
9.706122e-05 1221.952
0.00010403962 1221.952
0.00011151974 1221.9519
0.00011953766 1221.9518
0.00012813204 1221.9518
0.00013734433 1221.9517
0.00014721895 1221.9516
0.00015780354 1221.9515
0.00016914911 1221.9513
0.0001813104 1221.9512
0.00019434605 1221.951
0.00020831892 1221.9508
0.0002232964 1221.9506
0.00023935071 1221.9503
0.00025655927 1221.95
0.00027500507 1221.9497
0.00029477707 1221.9493
0.00031597062 1221.9488
0.00033868791 1221.9483
0.00036303851 1221.9477
0.00038913984 1221.947
0.00041711777 1221.9462
0.00044710723 1221.9453
0.00047925283 1221.9442
0.0005137096 1221.943
0.00055064371 1221.9417
0.00059023326 1221.9401
0.00063266918 1221.9382
0.0006781561 1221.9361
0.00072691339 1221.9337
0.00077917618 1221.931
0.0008351965 1221.9278
0.0008952445 1221.9241
0.00095960977 1221.9199
0.0010286027 1221.9151
0.001102556 1221.9095
0.0011818263 1221.9031
0.0012667959 1221.8958
0.0013578745 1221.8874
0.0014555015 1221.8777
0.0015601474 1221.8666
0.0016723171 1221.8539
0.0017925515 1221.8392
0.0019214303 1221.8224
0.0020595751 1221.8031
0.0022076521 1221.7809
0.0023663753 1221.7554
0.0025365103 1221.7261
0.0027188774 1221.6925
0.0029143561 1221.6539
0.0031238892 1221.6096
0.003348487 1221.5587
0.0035892327 1221.5003
0.0038472872 1221.4333
0.0041238951 1221.3563
0.0044203902 1221.268
0.0047382023 1221.1667
0.0050788642 1221.0504
0.0054440186 1220.917
0.0058354264 1220.7641
0.0062549752 1220.5886
0.0067046883 1220.3875
0.0071867343 1220.1569
0.0077034379 1219.8927
0.0082572908 1219.5899
0.0088509641 1219.2432
0.0094873206 1218.8463
0.010169429 1218.3921
0.010900579 1217.8725
0.011684297 1217.2784
0.012524361 1216.5997
0.013424823 1215.8245
0.014390025 1214.9399
0.015424623 1213.9312
0.016533605 1212.7818
0.017722319 1211.4732
0.018996498 1209.9847
0.020362287 1208.2931
0.021826271 1206.3728
0.023395511 1204.1947
0.025077575 1201.7267
0.026880574 1198.9329
0.028813203 1195.7731
0.030884782 1192.2032
0.0331053 1188.1744
0.035485467 1183.633
0.038036761 1178.5211
0.040771484 1172.7757
0.043702826 1166.3299
0.046844922 1159.1127
0.050212924 1151.0501
0.053823076 1142.0656
0.057692786 1132.081
0.061840716 1121.018
0.066286869 1108.7993
0.071052686 1095.3516
0.076161151 1080.6097
0.081636899 1064.5215
0.087506335 1047.0548
0.093797765 1028.2025
0.10054153 1007.9836
0.10777015 986.43539
0.11551848 963.59869
0.1238239 939.50214
0.13272645 914.16122
0.14226906 887.60131
0.15249776 859.89671
0.16346187 831.19079
0.17521427 801.65952
0.18781162 771.43866
0.20131469 740.60572
0.21578858 709.26175
0.2313031 677.59507
0.24793307 645.80163
0.26575868 613.99784
0.28486589 582.30291
0.30534685 550.8953
0.32730033 519.91056
0.3508322 489.45618
0.37605593 459.66764
0.40309317 430.64532
0.4320743 402.48486
0.46313909 375.27359
0.49643733 349.07906
0.53212961 323.96143
0.57038806 299.96412
0.61139717 277.11978
0.6553547 255.44882
0.70247265 234.9618
0.75297822 215.65895
0.80711499 197.52996
0.86514402 180.55577
0.92734516 164.71056
0.99401836 149.96237
1.0654852 136.27439
1.1420902 123.6067
1.2242029 111.91617
1.3122192 101.15557
1.4065637 91.274635
1.5076912 82.222449
1.6160894 73.948659
1.7322812 66.403652
1.8568267 59.539086
1.9903267 53.308319
2.133425 47.665419
2.2868115 42.564579
2.4512261 37.961776
2.6274615 33.816271
2.8163678 30.090068
3.0188558 26.747312
3.235902 23.754506
3.4685532 21.080836
3.7179313 18.697578
3.9852388 16.578157
4.271765 14.698606
4.5788915 13.038029
4.9080994 11.577546
5.2609763 10.300818
5.6392239 9.1930011
6.0446664 8.2538098
6.4792589 7.513651
6.9450973 6.9817705
7.4444279 6.5897324
7.9796589 6.2522809
8.5533713 5.9113284
9.1683318 5.5466848
9.8275061 4.9993852
10.534073 3.8856771
