1.0523249e-05 -5.4943398e-06
1.1279837e-05 -5.682326e-06
1.2090822e-05 -6.3882155e-06
1.2960114e-05 -7.3910519e-06
1.3891905e-05 -8.4597941e-06
1.489069e-05 -9.6953355e-06
1.5961284e-05 -1.1104878e-05
1.710885e-05 -1.2724114e-05
1.8338922e-05 -1.458157e-05
1.9657433e-05 -1.6715344e-05
2.1070741e-05 -1.9167647e-05
2.2585661e-05 -2.1989845e-05
2.4209499e-05 -2.52329e-05
2.5950086e-05 -2.8961429e-05
2.7815815e-05 -3.3245369e-05
2.9815685e-05 -3.8169694e-05
3.1959339e-05 -4.3825542e-05
3.4257115e-05 -5.0324338e-05
3.6720094e-05 -5.7790011e-05
3.9360153e-05 -6.6369362e-05
4.2190024e-05 -7.6224924e-05
4.5223355e-05 -8.7550444e-05
4.8474772e-05 -0.00010056344
5.1959955e-05 -0.00011551705
5.5695713e-05 -0.0001326992
5.9700059e-05 -0.00015244312
6.3992306e-05 -0.00017513028
6.8593152e-05 -0.00020120028
7.3524784e-05 -0.00023115611
7.8810985e-05 -0.00026557837
8.4477247e-05 -0.00030513314
9.0550895e-05 -0.00035058649
9.706122e-05 -0.00040281785
0.00010403962 -0.00046283913
0.00011151974 -0.00053181199
0.00011953766 -0.00061107396
0.00012813204 -0.00070215939
0.00013734433 -0.00080683459
0.00014721895 -0.00092712843
0.00015780354 -0.0010653736
0.00016914911 -0.0012242513
0.0001813104 -0.0014068442
0.00019434605 -0.001616696
0.00020831892 -0.001857881
0.0002232964 -0.0021350835
0.00023935071 -0.0024536896
0.00025655927 -0.0028198921
0.00027500507 -0.0032408125
0.00029477707 -0.00372464
0.00031597062 -0.0042807924
0.00033868791 -0.0049201017
0.00036303851 -0.0056550265
0.00038913984 -0.0064998973
0.00041711777 -0.0074712
0.00044710723 -0.0085879005
0.00047925283 -0.0098718198
0.0005137096 -0.011348066
0.00055064371 -0.013045534
0.00059023326 -0.014997475
0.00063266918 -0.017242164
0.0006781561 -0.019823659
0.00072691339 -0.022792684
0.00077917618 -0.026207642
0.0008351965 -0.03013579
0.0008952445 -0.034654588
0.00095960977 -0.039853265
0.0010286027 -0.045834616
0.001102556 -0.052717088
0.0011818263 -0.060637183
0.0012667959 -0.069752241
0.0013578745 -0.08024365
0.0014555015 -0.092320561
0.0015601474 -0.10622419
0.0016723171 -0.12223279
0.0017925515 -0.14066741
0.0019214303 -0.16189854
0.0020595751 -0.18635386
0.0022076521 -0.21452715
0.0023663753 -0.24698868
0.0025365103 -0.28439721
0.0027188774 -0.32751394
0.0029143561 -0.37721869
0.0031238892 -0.43452875
0.003348487 -0.50062072
0.0035892327 -0.57685601
0.0038472872 -0.66481064
0.0041238951 -0.76630995
0.0044203902 -0.88346943
0.0047382023 -1.0187427
0.0050788642 -1.1749785
0.0054440186 -1.3554877
0.0058354264 -1.5641251
0.0062549752 -1.8053867
0.0067046883 -2.0845302
0.0071867343 -2.4077245
0.0077034379 -2.7822364
0.0082572908 -3.2166821
0.0088509641 -3.7215493
0.0094873206 -4.3099037
0.010169429 -4.997653
0.010900579 -5.8035539
0.011684297 -6.7496681
0.012524361 -7.8620404
0.013424823 -9.1712002
0.014390025 -10.711792
0.015424623 -12.520142
0.016533605 -14.632365
0.017722319 -17.086916
0.018996498 -19.927302
0.020362287 -23.199243
0.021826271 -26.942741
0.023395511 -31.185187
0.025077575 -35.943581
0.026880574 -41.227838
0.028813203 -47.033782
0.030884782 -53.336265
0.0331053 -60.0928
0.035485467 -67.252785
0.038036761 -74.761128
0.040771484 -82.566775
0.043702826 -90.641308
0.046844922 -98.985345
0.050212924 -107.63235
0.053823076 -116.64076
0.057692786 -126.06787
0.061840716 -135.93388
0.066286869 -146.16565
0.071052686 -156.54127
0.076161151 -166.66364
0.081636899 -176.00431
0.087506335 -184.03338
0.093797765 -190.4027
0.10054153 -195.11578
0.10777015 -198.57008
0.11551848 -201.39042
0.1238239 -204.06396
0.13272645 -206.51632
0.14226906 -207.99637
0.15249776 -207.5922
0.16346187 -205.07114
0.17521427 -201.17574
0.18781162 -196.92913
0.20131469 -192.5697
0.21578858 -187.37002
0.2313031 -180.77009
0.24793307 -173.30931
0.26575868 -165.82145
0.28486589 -158.1658
0.30534685 -149.86194
0.32730033 -141.32868
0.3508322 -132.94671
0.37605593 -124.43985
0.40309317 -115.98612
0.4320743 -107.74322
0.46313909 -99.672205
0.49643733 -91.886231
0.53212961 -84.402028
0.57038806 -77.261876
0.61139717 -70.486322
0.6553547 -64.095011
0.70247265 -58.10104
0.75297822 -52.509361
0.80711499 -47.314647
0.86514402 -42.507647
0.92734516 -38.078904
0.99401836 -34.015469
1.0654852 -30.304349
1.1420902 -26.933605
1.2242029 -23.884627
1.3122192 -21.130485
1.4065637 -18.645695
1.5076912 -16.410978
1.6160894 -14.408921
1.7322812 -12.622293
1.8568267 -11.036434
1.9903267 -9.6362774
2.133425 -8.399893
2.2868115 -7.304612
2.4512261 -6.3367445
2.6274615 -5.4871832
2.8163678 -4.7444109
3.0188558 -4.0965236
3.235902 -3.5347161
3.4685532 -3.0510103
3.7179313 -2.6359695
3.9852388 -2.282885
4.271765 -1.9902203
4.5788915 -1.7580265
4.9080994 -1.5858793
5.2609763 -1.4762867
5.6392239 -1.4391193
6.0446664 -1.6161521
6.4792589 -2.1585811
6.9450973 -2.8123748
7.4444279 -3.2166977
7.9796589 -3.3593661
8.5533713 -3.3287067
9.1683318 -3.1588804
9.8275061 -1.2247295
10.534073 2.6693507
