1.0523249e-05 6029.0361
1.1279837e-05 6029.036
1.2090822e-05 6029.036
1.2960114e-05 6029.0359
1.3891905e-05 6029.0359
1.489069e-05 6029.0358
1.5961284e-05 6029.0358
1.710885e-05 6029.0357
1.8338922e-05 6029.0356
1.9657433e-05 6029.0355
2.1070741e-05 6029.0354
2.2585661e-05 6029.0353
2.4209499e-05 6029.0351
2.5950086e-05 6029.0349
2.7815815e-05 6029.0347
2.9815685e-05 6029.0345
3.1959339e-05 6029.0343
3.4257115e-05 6029.034
3.6720094e-05 6029.0336
3.9360153e-05 6029.0332
4.2190024e-05 6029.0328
4.5223355e-05 6029.0322
4.8474772e-05 6029.0317
5.1959955e-05 6029.031
5.5695713e-05 6029.0302
5.9700059e-05 6029.0293
6.3992306e-05 6029.0282
6.8593152e-05 6029.027
7.3524784e-05 6029.0256
7.8810985e-05 6029.0241
8.4477247e-05 6029.0223
9.0550895e-05 6029.0202
9.706122e-05 6029.0178
0.00010403962 6029.015
0.00011151974 6029.0119
0.00011953766 6029.0082
0.00012813204 6029.004
0.00013734433 6028.9992
0.00014721895 6028.9937
0.00015780354 6028.9874
0.00016914911 6028.9801
0.0001813104 6028.9718
0.00019434605 6028.9622
0.00020831892 6028.9512
0.0002232964 6028.9385
0.00023935071 6028.924
0.00025655927 6028.9073
0.00027500507 6028.8881
0.00029477707 6028.8661
0.00031597062 6028.8408
0.00033868791 6028.8118
0.00036303851 6028.7784
0.00038913984 6028.7401
0.00041711777 6028.6962
0.00044710723 6028.6457
0.00047925283 6028.5877
0.0005137096 6028.5211
0.00055064371 6028.4447
0.00059023326 6028.3569
0.00063266918 6028.2562
0.0006781561 6028.1406
0.00072691339 6028.0078
0.00077917618 6027.8555
0.0008351965 6027.6807
0.0008952445 6027.4801
0.00095960977 6027.2499
0.0010286027 6026.9858
0.001102556 6026.6829
0.0011818263 6026.3353
0.0012667959 6025.9368
0.0013578745 6025.4797
0.0014555015 6024.9556
0.0015601474 6024.3547
0.0016723171 6023.666
0.0017925515 6022.8768
0.0019214303 6021.9724
0.0020595751 6020.9363
0.0022076521 6019.7498
0.0023663753 6018.3911
0.0025365103 6016.8357
0.0027188774 6015.0557
0.0029143561 6013.0192
0.0031238892 6010.6902
0.003348487 6008.0274
0.0035892327 6004.9842
0.0038472872 6001.5079
0.0041238951 5997.5384
0.0044203902 5993.0082
0.0047382023 5987.8409
0.0050788642 5981.9502
0.0054440186 5975.2394
0.0058354264 5967.5995
0.0062549752 5958.9087
0.0067046883 5949.0307
0.0071867343 5937.814
0.0077034379 5925.0901
0.0082572908 5910.6732
0.0088509641 5894.3587
0.0094873206 5875.9236
0.010169429 5855.1268
0.010900579 5831.7099
0.011684297 5805.398
0.012524361 5775.9027
0.013424823 5742.9245
0.014390025 5706.1574
0.015424623 5665.2928
0.016533605 5620.0215
0.017722319 5570.0382
0.018996498 5515.049
0.020362287 5454.7816
0.021826271 5388.9925
0.023395511 5317.4684
0.025077575 5240.0254
0.026880574 5156.5121
0.028813203 5066.8096
0.030884782 4970.8251
0.0331053 4868.4807
0.035485467 4759.706
0.038036761 4644.4345
0.040771484 4522.6043
0.043702826 4394.1753
0.046844922 4259.165
0.050212924 4117.7043
0.053823076 3970.1119
0.057692786 3816.9731
0.061840716 3659.2017
0.066286869 3498.0524
0.071052686 3335.0394
0.076161151 3171.7414
0.081636899 3009.5098
0.087506335 2849.1709
0.093797765 2690.8627
0.10054153 2534.1634
0.10777015 2378.5711
0.11551848 2224.1906
0.1238239 2072.2289
0.13272645 1924.807
0.14226906 1783.9225
0.15249776 1650.2145
0.16346187 1522.7396
0.17521427 1400.2692
0.18781162 1282.9005
0.20131469 1172.0509
0.21578858 1068.7035
0.2313031 972.31385
0.24793307 881.95307
0.26575868 797.65216
0.28486589 719.81491
0.30534685 648.18985
0.32730033 582.21755
0.3508322 521.72051
0.37605593 466.59146
0.40309317 416.41214
0.4320743 370.87942
0.46313909 329.72509
0.49643733 292.60291
0.53212961 259.22501
0.57038806 229.28985
0.61139717 202.51955
0.6553547 178.64242
0.70247265 157.3921
0.75297822 138.51544
0.80711499 121.78564
0.86514402 106.99469
0.92734516 93.944984
0.99401836 82.45551
1.0654852 72.360091
1.1420902 63.499225
1.2242029 55.724396
1.3122192 48.908904
1.4065637 42.945574
1.5076912 37.736622
1.6160894 33.191219
1.7322812 29.227346
1.8568267 25.770302
1.9903267 22.750068
2.133425 20.106309
2.2868115 17.792315
2.4512261 15.768504
2.6274615 13.996208
2.8163678 12.440204
3.0188558 11.070694
3.235902 9.8620798
3.4685532 8.7909909
3.7179313 7.8384243
3.9852388 6.9890535
4.271765 6.2293032
4.5788915 5.5442143
4.9080994 4.920361
5.2609763 4.3425586
5.6392239 3.8017523
6.0446664 3.2613633
6.4792589 2.5868122
6.9450973 1.6653846
7.4444279 0.5787259
7.9796589 -0.54611646
8.5533713 -1.6327461
9.1683318 -2.7203093
9.8275061 -3.5591554
10.534073 -3.1326988
