2e-05 95.875047
2.0766314e-05 95.875044
2.156199e-05 95.875041
2.2388154e-05 95.875037
2.3245972e-05 95.875034
2.4136658e-05 95.87503
2.5061471e-05 95.875026
2.6021719e-05 95.875021
2.701876e-05 95.875016
2.8054003e-05 95.875011
2.9128912e-05 95.875005
3.0245007e-05 95.874999
3.1403866e-05 95.874993
3.2607128e-05 95.874986
3.3856493e-05 95.874978
3.5153729e-05 95.87497
3.6500669e-05 95.874961
3.7899218e-05 95.874951
3.9351354e-05 95.874941
4.0859129e-05 95.87493
4.2424676e-05 95.874918
4.4050208e-05 95.874905
4.5738023e-05 95.874891
4.7490508e-05 95.874876
4.9310141e-05 95.87486
5.1199494e-05 95.874843
5.3161239e-05 95.874824
5.519815e-05 95.874804
5.7313107e-05 95.874782
5.9509099e-05 95.874758
6.1789233e-05 95.874733
6.4156732e-05 95.874706
6.6614943e-05 95.874676
6.9167342e-05 95.874644
7.1817538e-05 95.87461
7.4569278e-05 95.874573
7.7426453e-05 95.874533
8.0393103e-05 95.87449
8.3473422e-05 95.874444
8.6671766e-05 95.874394
8.9992657e-05 95.87434
9.344079e-05 95.874282
9.702104e-05 95.874219
0.00010073847 95.874152
0.00010459834 95.874079
0.0001086061 95.874001
0.00011276742 95.873916
0.00011708818 95.873825
0.0001215745 95.873727
0.00012623271 95.873621
0.00013106941 95.873507
0.00013609143 95.873384
0.00014130587 95.873251
0.0001467201 95.873108
0.00015234179 95.872953
0.00015817887 95.872787
0.00016423961 95.872608
0.00017053257 95.872415
0.00017706665 95.872206
0.00018385108 95.871981
0.00019089547 95.871739
0.00019820976 95.871478
0.00020580431 95.871197
0.00021368985 95.870893
0.00022187753 95.870566
0.00023037892 95.870213
0.00023920606 95.869833
0.00024837141 95.869423
0.00025788794 95.868981
0.0002677691 95.868505
0.00027802886 95.867991
0.00028868174 95.867438
0.00029974278 95.866841
0.00031122764 95.866197
0.00032315255 95.865504
0.00033553437 95.864756
0.00034839061 95.86395
0.00036173945 95.863081
0.00037559975 95.862144
0.00038999113 95.861135
0.00040493391 95.860046
0.00042044925 95.858873
0.00043655906 95.857608
0.00045328613 95.856245
0.00047065411 95.854775
0.00048868756 95.853191
0.00050741198 95.851484
0.00052685383 95.849643
0.00054704061 95.847659
0.00056800086 95.845521
0.00058976422 95.843216
0.00061236146 95.840732
0.00063582452 95.838055
0.00066018659 95.835169
0.00068548212 95.832059
0.00071174685 95.828707
0.00073901794 95.825095
0.00076733394 95.821202
0.00079673489 95.817007
0.00082726236 95.812486
0.00085895951 95.807615
0.00089187115 95.802365
0.00092604383 95.796709
0.00096152586 95.790615
0.00099836742 95.784049
0.0010366206 95.776975
0.0010763394 95.769353
0.0011175801 95.761143
0.001160401 95.752299
0.0012048626 95.742773
0.0012510278 95.732512
0.0012989618 95.721461
0.0013487325 95.709559
0.0014004101 95.696743
0.0014540678 95.682942
0.0015097815 95.668083
0.0015676298 95.652085
0.0016276947 95.634864
0.001690061 95.616327
0.0017548169 95.596375
0.0018220539 95.574904
0.0018918672 95.5518
0.0019643555 95.526941
0.0020396212 95.500199
0.0021177707 95.471435
0.0021989146 95.440499
0.0022831676 95.407234
0.0023706488 95.371469
0.0024614819 95.333023
0.0025557953 95.291703
0.0026537225 95.247302
0.0027554017 95.1996
0.0028609769 95.148363
0.0029705973 95.09334
0.0030844178 95.034266
0.0032025995 94.970858
0.0033253094 94.902816
0.003452721 94.829819
0.0035850145 94.751531
0.0037223769 94.667591
0.0038650024 94.57762
0.0040130927 94.481216
0.0041668572 94.377953
0.0043265134 94.267384
0.0044922868 94.149034
0.004664412 94.022405
0.0048431323 93.886973
0.0050287003 93.742185
0.0052213786 93.587463
0.0054214394 93.422199
0.0056291658 93.24576
0.0058448513 93.057479
0.0060688009 92.856664
0.0063013314 92.642592
0.0065427714 92.414511
0.0067934623 92.17164
0.0070537587 91.913168
0.0073240285 91.638256
0.0076046539 91.346037
0.0078960316 91.035615
0.0081985737 90.706069
0.0085127079 90.356452
0.0088388784 89.985791
0.0091775464 89.593091
0.0095291906 89.177337
0.0098943084 88.737489
0.010273416 88.272494
0.010667049 87.78128
0.011075765 87.262762
0.011500141 86.715841
0.011940777 86.139413
0.012398296 85.532362
0.012873346 84.893573
0.013366597 84.221927
0.013878748 83.516309
0.014410522 82.77561
0.014962671 81.998733
0.015535977 81.184596
0.016131249 80.332137
0.016749329 79.440324
0.017391092 78.508155
0.018057444 77.534675
0.018749328 76.518983
0.019467722 75.460243
0.020213641 74.357698
0.020988141 73.210683
0.021792317 72.018645
0.022627305 70.78116
0.023494287 69.497958
0.024394487 68.168946
0.025329179 66.794228
0.026299685 65.374136
0.027307376 63.909244
0.028353678 62.400396
0.029440069 60.848723
0.030568086 59.25566
0.031739324 57.62295
0.032955439 55.952641
0.03421815 54.247081
0.035529243 52.508893
0.036890572 50.740941
0.03830406 48.946285
0.039771708 47.128101
0.041295589 45.2896
0.042877859 43.433938
0.044520755 41.564155
0.046226599 39.683105
0.047997805 37.793384
0.049836875 35.897252
0.05174641 33.996574
0.053729111 32.092796
0.05578778 30.18703
0.057925329 28.280244
0.060144779 26.373513
0.062449269 24.468293
0.064842058 22.56677
0.067326528 20.672286
0.069906192 18.789792
0.072584697 16.926194
0.075365832 15.090433
0.078253528 13.293296
0.081251867 11.546925
0.084365091 9.8639832
0.087597599 8.2563808
0.090953964 6.7336644
0.09443893 5.3015656
0.098057425 3.9612281
0.10181457 2.7090673
0.10571566 1.537059
0.10976623 0.43348631
0.11397201 -0.61580601
0.11833893 -1.6252159
0.12287317 -2.6057655
0.12758114 -3.5612174
0.1324695 -4.4858719
0.13754516 -5.3646307
0.14281531 -6.1753801
0.14828738 -6.8942761
0.15396911 -7.5035637
0.15986855 -7.9985852
0.16599403 -8.3899644
0.17235421 -8.7008639
0.17895808 -8.9613546
0.18581499 -9.2001953
0.19293462 -9.4339528
0.20032705 -9.6577151
0.20800272 -9.8461647
0.2159725 -9.9675352
0.22424764 -10.001518
0.23283985 -9.9513604
0.24176127 -9.8449912
0.25102453 -9.7217054
0.26064271 -9.6076101
0.27062942 -9.4973338
0.28099878 -9.3607131
0.29176545 -9.1705647
0.30294465 -8.9279235
0.3145522 -8.6627271
0.32660449 -8.4060164
0.33911857 -8.15957
0.35211214 -7.8992377
0.36560357 -7.6091958
0.37961193 -7.3028857
0.39415704 -7.0038864
0.40925944 -6.7145091
0.42494051 -6.4187823
0.44122241 -6.1132742
0.45812816 -5.8120426
0.47568167 -5.5210005
0.49390775 -5.2323312
0.51283218 -4.9445142
0.53248171 -4.6644132
0.55288413 -4.3926237
0.57406828 -4.1266847
0.59606412 -3.869076
0.61890274 -3.6208253
0.64261644 -3.3806454
0.66723875 -3.1496172
0.69280448 -2.9284362
0.71934978 -2.7168746
0.74691218 -2.5152651
0.77553065 -2.3233853
0.80524566 -2.1407508
0.83609923 -1.9672032
0.86813497 -1.8030353
0.90139818 -1.6485246
0.93593589 -1.5035548
0.97179694 -1.3677135
1.009032 -1.2402801
1.0476938 -1.1205389
1.087837 -1.0082843
1.1295182 -0.90374033
1.1727965 -0.80711283
1.217733 -0.71822754
1.2643914 -0.6363973
1.3128374 -0.56063432
1.3631397 -0.49023787
1.4153694 -0.42509976
1.4696003 -0.36544071
1.5259091 -0.31149366
1.5843754 -0.26313846
1.6450818 -0.21960056
1.7081143 -0.17982572
1.7735619 -0.14325177
1.8415172 -0.10990993
1.9120763 -0.080045471
1.9853389 -0.053933783
2.0614085 -0.031531759
2.1403929 -0.012076037
2.2224036 0.0054228624
2.3075565 0.021340585
2.3959722 0.035528239
2.4877756 0.047738896
2.5830965 0.057683195
2.6820697 0.065337538
2.7848351 0.071387291
2.891538 0.076684205
3.0023294 0.081437273
3.1173658 0.085436476
3.2368099 0.088463083
3.3608306 0.090245706
3.4896032 0.090721013
3.6233098 0.090469265
3.7621395 0.090181489
3.9062886 0.089945085
4.0559608 0.089540608
4.2113679 0.088797179
4.3727294 0.087487499
4.5402737 0.085540564
4.7142375 0.083434776
4.8948669 0.081715254
5.0824172 0.08040581
5.2771537 0.079324636
5.4793516 0.078370728
5.6892969 0.07739271
5.9072863 0.076360326
6.1336282 0.075696068
6.3686426 0.075872415
6.6126617 0.076955712
6.8660305 0.078916854
7.1291074 0.081851122
7.4022642 0.085882654
7.6858873 0.091309949
7.9803776 0.098979437
8.2861514 0.11000168
8.6036412 0.12585959
8.9332959 0.14875636
9.2755815 0.18674834
9.630982 0.28608812
10 0.41839306
