1.0523249e-05 37.4067
1.1279837e-05 37.406699
1.2090822e-05 37.406699
1.2960114e-05 37.406698
1.3891905e-05 37.406697
1.489069e-05 37.406696
1.5961284e-05 37.406695
1.710885e-05 37.406693
1.8338922e-05 37.406692
1.9657433e-05 37.40669
2.1070741e-05 37.406687
2.2585661e-05 37.406685
2.4209499e-05 37.406682
2.5950086e-05 37.406679
2.7815815e-05 37.406675
2.9815685e-05 37.40667
3.1959339e-05 37.406665
3.4257115e-05 37.40666
3.6720094e-05 37.406653
3.9360153e-05 37.406645
4.2190024e-05 37.406637
4.5223355e-05 37.406626
4.8474772e-05 37.406615
5.1959955e-05 37.406602
5.5695713e-05 37.406586
5.9700059e-05 37.406569
6.3992306e-05 37.406548
6.8593152e-05 37.406525
7.3524784e-05 37.406499
7.8810985e-05 37.406468
8.4477247e-05 37.406433
9.0550895e-05 37.406393
9.706122e-05 37.406346
0.00010403962 37.406293
0.00011151974 37.406232
0.00011953766 37.406161
0.00012813204 37.406081
0.00013734433 37.405988
0.00014721895 37.405881
0.00015780354 37.405759
0.00016914911 37.405618
0.0001813104 37.405457
0.00019434605 37.405272
0.00020831892 37.405059
0.0002232964 37.404815
0.00023935071 37.404534
0.00025655927 37.404212
0.00027500507 37.403842
0.00029477707 37.403417
0.00031597062 37.40293
0.00033868791 37.40237
0.00036303851 37.401728
0.00038913984 37.40099
0.00041711777 37.400144
0.00044710723 37.399173
0.00047925283 37.398058
0.0005137096 37.39678
0.00055064371 37.395312
0.00059023326 37.393629
0.00063266918 37.391699
0.0006781561 37.389484
0.00072691339 37.386945
0.00077917618 37.384034
0.0008351965 37.380696
0.0008952445 37.37687
0.00095960977 37.372485
0.0010286027 37.367461
0.001102556 37.361705
0.0011818263 37.355113
0.0012667959 37.347564
0.0013578745 37.338923
0.0014555015 37.329034
0.0015601474 37.317719
0.0016723171 37.304778
0.0017925515 37.289982
0.0019214303 37.273072
0.0020595751 37.253753
0.0022076521 37.231692
0.0023663753 37.206512
0.0025365103 37.177787
0.0027188774 37.145036
0.0029143561 37.107718
0.0031238892 37.065225
0.003348487 37.016873
0.0035892327 36.9619
0.0038472872 36.89945
0.0041238951 36.828576
0.0044203902 36.748221
0.0047382023 36.65722
0.0050788642 36.554289
0.0054440186 36.438018
0.0058354264 36.30687
0.0062549752 36.159178
0.0067046883 35.993142
0.0071867343 35.806839
0.0077034379 35.598222
0.0082572908 35.365137
0.0088509641 35.105313
0.0094873206 34.816354
0.010169429 34.495746
0.010900579 34.140898
0.011684297 33.749152
0.012524361 33.31777
0.013424823 32.843925
0.014390025 32.324726
0.015424623 31.757397
0.016533605 31.139446
0.017722319 30.468534
0.018996498 29.742251
0.020362287 28.958192
0.021826271 28.11439
0.023395511 27.209764
0.025077575 26.244002
0.026880574 25.217288
0.028813203 24.130755
0.030884782 22.987076
0.0331053 21.790499
0.035485467 20.546526
0.038036761 19.262006
0.040771484 17.944956
0.043702826 16.603521
0.046844922 15.24545
0.050212924 13.877365
0.053823076 12.504251
0.057692786 11.129736
0.061840716 9.7567093
0.066286869 8.3895023
0.071052686 7.0370135
0.076161151 5.7156963
0.081636899 4.4500128
0.087506335 3.2685491
0.093797765 2.1961772
0.10054153 1.2440466
0.10777015 0.40276903
0.11551848 -0.35556806
0.1238239 -1.0631231
0.13272645 -1.7312343
0.14226906 -2.3328401
0.15249776 -2.8184447
0.16346187 -3.1618197
0.17521427 -3.3911505
0.18781162 -3.5671151
0.20131469 -3.7207609
0.21578858 -3.8203632
0.2313031 -3.8241526
0.24793307 -3.7537427
0.26575868 -3.6656543
0.28486589 -3.5601447
0.30534685 -3.4031325
0.32730033 -3.2170994
0.3508322 -3.0297822
0.37605593 -2.8234109
0.40309317 -2.6080171
0.4320743 -2.3942033
0.46313909 -2.1789877
0.49643733 -1.9694668
0.53212961 -1.7664729
0.57038806 -1.5726325
0.61139717 -1.3892274
0.6553547 -1.2175733
0.70247265 -1.058516
0.75297822 -0.91240455
0.80711499 -0.77908418
0.86514402 -0.65825768
0.92734516 -0.54963049
0.99401836 -0.45274702
1.0654852 -0.36720825
1.1420902 -0.29264649
1.2242029 -0.22823059
1.3122192 -0.17267398
1.4065637 -0.12489023
1.5076912 -0.084212235
1.6160894 -0.050068072
1.7322812 -0.021885565
1.8568267 0.00075951804
1.9903267 0.018374673
2.133425 0.031933006
2.2868115 0.04240302
2.4512261 0.050149157
2.6274615 0.055296211
2.8163678 0.058176339
3.0188558 0.059165889
3.235902 0.058457826
3.4685532 0.056234682
3.7179313 0.052796895
3.9852388 0.048279974
4.271765 0.04250319
4.5788915 0.035238648
4.9080994 0.026308615
5.2609763 0.015382862
5.6392239 0.0015961903
6.0446664 -0.024461725
6.4792589 -0.071585941
6.9450973 -0.12128021
7.4444279 -0.15008538
7.9796589 -0.15876183
8.5533713 -0.15428668
9.1683318 -0.13863614
9.8275061 -0.0053324977
10.534073 0.24582753
