2e-05 8.286815
2.0766314e-05 8.2868148
2.156199e-05 8.2868145
2.2388154e-05 8.2868142
2.3245972e-05 8.2868139
2.4136658e-05 8.2868136
2.5061471e-05 8.2868132
2.6021719e-05 8.2868128
2.701876e-05 8.2868124
2.8054003e-05 8.2868119
2.9128912e-05 8.2868114
3.0245007e-05 8.2868109
3.1403866e-05 8.2868104
3.2607128e-05 8.2868097
3.3856493e-05 8.2868091
3.5153729e-05 8.2868084
3.6500669e-05 8.2868076
3.7899218e-05 8.2868068
3.9351354e-05 8.2868059
4.0859129e-05 8.2868049
4.2424676e-05 8.2868039
4.4050208e-05 8.2868028
4.5738023e-05 8.2868016
4.7490508e-05 8.2868003
4.9310141e-05 8.2867989
5.1199494e-05 8.2867974
5.3161239e-05 8.2867958
5.519815e-05 8.286794
5.7313107e-05 8.2867921
5.9509099e-05 8.2867901
6.1789233e-05 8.2867879
6.4156732e-05 8.2867855
6.6614943e-05 8.286783
6.9167342e-05 8.2867802
7.1817538e-05 8.2867773
7.4569278e-05 8.2867741
7.7426453e-05 8.2867706
8.0393103e-05 8.2867669
8.3473422e-05 8.2867629
8.6671766e-05 8.2867586
8.9992657e-05 8.2867539
9.344079e-05 8.2867489
9.702104e-05 8.2867435
0.00010073847 8.2867377
0.00010459834 8.2867314
0.0001086061 8.2867246
0.00011276742 8.2867173
0.00011708818 8.2867094
0.0001215745 8.2867009
0.00012623271 8.2866918
0.00013106941 8.2866819
0.00013609143 8.2866713
0.00014130587 8.2866598
0.0001467201 8.2866474
0.00015234179 8.2866341
0.00015817887 8.2866197
0.00016423961 8.2866042
0.00017053257 8.2865875
0.00017706665 8.2865695
0.00018385108 8.2865501
0.00019089547 8.2865291
0.00019820976 8.2865066
0.00020580431 8.2864822
0.00021368985 8.286456
0.00022187753 8.2864277
0.00023037892 8.2863972
0.00023920606 8.2863644
0.00024837141 8.2863289
0.00025788794 8.2862908
0.0002677691 8.2862496
0.00027802886 8.2862052
0.00028868174 8.2861573
0.00029974278 8.2861058
0.00031122764 8.2860501
0.00032315255 8.2859902
0.00033553437 8.2859256
0.00034839061 8.2858559
0.00036173945 8.2857808
0.00037559975 8.2856998
0.00038999113 8.2856126
0.00040493391 8.2855185
0.00042044925 8.2854171
0.00043655906 8.2853078
0.00045328613 8.2851899
0.00047065411 8.2850629
0.00048868756 8.284926
0.00050741198 8.2847784
0.00052685383 8.2846193
0.00054704061 8.2844478
0.00056800086 8.284263
0.00058976422 8.2840638
0.00061236146 8.2838491
0.00063582452 8.2836177
0.00066018659 8.2833683
0.00068548212 8.2830995
0.00071174685 8.2828098
0.00073901794 8.2824975
0.00076733394 8.2821611
0.00079673489 8.2817985
0.00082726236 8.2814077
0.00085895951 8.2809867
0.00089187115 8.280533
0.00092604383 8.2800441
0.00096152586 8.2795173
0.00099836742 8.2789498
0.0010366206 8.2783384
0.0010763394 8.2776796
0.0011175801 8.27697
0.001160401 8.2762056
0.0012048626 8.2753822
0.0012510278 8.2744953
0.0012989618 8.2735401
0.0013487325 8.2725114
0.0014004101 8.2714037
0.0014540678 8.2702108
0.0015097815 8.2689265
0.0015676298 8.2675438
0.0016276947 8.2660553
0.001690061 8.2644531
0.0017548169 8.2627286
0.0018220539 8.2608728
0.0018918672 8.2588758
0.0019643555 8.2567273
0.0020396212 8.2544159
0.0021177707 8.2519296
0.0021989146 8.2492558
0.0022831676 8.2463805
0.0023706488 8.2432893
0.0024614819 8.2399663
0.0025557953 8.2363949
0.0026537225 8.2325572
0.0027554017 8.2284342
0.0028609769 8.2240056
0.0029705973 8.2192498
0.0030844178 8.2141439
0.0032025995 8.2086633
0.0033253094 8.2027822
0.003452721 8.1964729
0.0035850145 8.1897061
0.0037223769 8.182451
0.0038650024 8.1746745
0.0040130927 8.166342
0.0041668572 8.1574167
0.0043265134 8.1478598
0.0044922868 8.1376305
0.004664412 8.1266856
0.0048431323 8.1149797
0.0050287003 8.1024653
0.0052213786 8.0890921
0.0054214394 8.0748079
0.0056291658 8.0595576
0.0058448513 8.0432839
0.0060688009 8.0259269
0.0063013314 8.0074239
0.0065427714 7.9877102
0.0067934623 7.9667181
0.0070537587 7.9443775
0.0073240285 7.920616
0.0076046539 7.8953585
0.0078960316 7.8685278
0.0081985737 7.8400441
0.0085127079 7.8098255
0.0088388784 7.7777881
0.0091775464 7.7438458
0.0095291906 7.7079107
0.0098943084 7.6698933
0.010273416 7.6297022
0.010667049 7.587245
0.011075765 7.5424277
0.011500141 7.4951556
0.011940777 7.445333
0.012398296 7.3928636
0.012873346 7.3376509
0.013366597 7.2795983
0.013878748 7.2186093
0.014410522 7.1545882
0.014962671 7.0874401
0.015535977 7.0170715
0.016131249 6.9433907
0.016749329 6.8663082
0.017391092 6.7857377
0.018057444 6.7015966
0.018749328 6.6138069
0.019467722 6.5222963
0.020213641 6.4269995
0.020988141 6.3278591
0.021792317 6.2248272
0.022627305 6.1178671
0.023494287 6.0069556
0.024394487 5.8920844
0.025329179 5.7732628
0.026299685 5.6505193
0.027307376 5.5239036
0.028353678 5.3934886
0.029440069 5.2593722
0.030568086 5.1216782
0.031739324 4.9805573
0.032955439 4.8361867
0.03421815 4.6887691
0.035529243 4.5385314
0.036890572 4.3857212
0.03830406 4.2306027
0.039771708 4.0734507
0.041295589 3.9145426
0.042877859 3.7541513
0.044520755 3.5925393
0.046226599 3.4299536
0.047997805 3.2666184
0.049836875 3.102729
0.05174641 2.9384467
0.053729111 2.7738965
0.05578778 2.6091744
0.057925329 2.4443642
0.060144779 2.2795587
0.062449269 2.1148838
0.064842058 1.9505285
0.067326528 1.7867815
0.069906192 1.6240709
0.072584697 1.4629935
0.075365832 1.3043221
0.078253528 1.1489892
0.081251867 0.99804412
0.084365091 0.85258144
0.087597599 0.71363063
0.090953964 0.58201683
0.09443893 0.45823542
0.098057425 0.34238529
0.10181457 0.23415659
0.10571566 0.13285578
0.10976623 0.037470112
0.11397201 -0.05322392
0.11833893 -0.14047079
0.12287317 -0.22522318
0.12758114 -0.3078063
0.1324695 -0.3877275
0.13754516 -0.46368179
0.14281531 -0.53375778
0.14828738 -0.59589455
0.15396911 -0.64855748
0.15986855 -0.69134396
0.16599403 -0.72517227
0.17235421 -0.75204441
0.17895808 -0.77455955
0.18581499 -0.79520341
0.19293462 -0.81540793
0.20032705 -0.83474856
0.20800272 -0.851037
0.2159725 -0.86152752
0.22424764 -0.86446483
0.23283985 -0.86012953
0.24176127 -0.85093571
0.25102453 -0.84027972
0.26064271 -0.83041809
0.27062942 -0.82088657
0.28099878 -0.80907802
0.29176545 -0.79264286
0.30294465 -0.77167056
0.3145522 -0.74874873
0.32660449 -0.72656035
0.33911857 -0.70525914
0.35211214 -0.68275773
0.36560357 -0.6576884
0.37961193 -0.63121296
0.39415704 -0.60536942
0.40925944 -0.58035755
0.42494051 -0.55479687
0.44122241 -0.52839075
0.45812816 -0.50235428
0.47568167 -0.47719853
0.49390775 -0.45224786
0.51283218 -0.42737088
0.53248171 -0.4031608
0.55288413 -0.37966913
0.57406828 -0.35668313
0.59606412 -0.33441715
0.61890274 -0.31296005
0.64261644 -0.29220055
0.66723875 -0.27223202
0.69280448 -0.25311459
0.71934978 -0.23482862
0.74691218 -0.21740281
0.77553065 -0.20081791
0.80524566 -0.18503213
0.83609923 -0.17003182
0.86813497 -0.15584224
0.90139818 -0.14248737
0.93593589 -0.12995717
0.97179694 -0.11821598
1.009032 -0.10720152
1.0476938 -0.096851933
1.087837 -0.08714943
1.1295182 -0.078113381
1.1727965 -0.069761571
1.217733 -0.06207893
1.2643914 -0.055006063
1.3128374 -0.048457605
1.3631397 -0.042373005
1.4153694 -0.036742921
1.4696003 -0.031586428
1.5259091 -0.026923649
1.5843754 -0.022744188
1.6450818 -0.018981091
1.7081143 -0.015543239
1.7735619 -0.012382056
1.8415172 -0.0095002433
1.9120763 -0.0069189975
1.9853389 -0.0046621105
2.0614085 -0.0027258488
2.1403929 -0.0010442364
2.2224036 0.00046824096
2.3075565 0.0018440463
2.3959722 0.0030703121
2.4877756 0.0041256987
2.5830965 0.0049851951
2.6820697 0.0056467589
2.7848351 0.0061696285
2.891538 0.006627428
3.0023294 0.0070382267
3.1173658 0.0073838724
3.2368099 0.0076454554
3.3608306 0.0077995145
3.4896032 0.0078405754
3.6233098 0.007818795
3.7621395 0.0077939032
3.9062886 0.0077734547
4.0559608 0.0077384813
4.2113679 0.0076742135
4.3727294 0.0075610058
4.5402737 0.0073927206
4.7142375 0.0072107056
4.8948669 0.0070620749
5.0824172 0.0069488872
5.2771537 0.0068554322
5.4793516 0.0067729841
5.6892969 0.0066884589
5.9072863 0.0065992388
6.1336282 0.0065418386
6.3686426 0.006557096
6.6126617 0.0066507474
6.8660305 0.00682028
7.1291074 0.007073932
7.4022642 0.0074224359
7.6858873 0.0078915943
7.9803776 0.0085545698
8.2861514 0.0095073559
8.6036412 0.010878132
8.9332959 0.01285734
9.2755815 0.016141362
9.630982 0.024728207
10 0.036164548
