1.0523249e-05 20915.816
1.1279837e-05 20915.816
1.2090822e-05 20915.816
1.2960114e-05 20915.816
1.3891905e-05 20915.816
1.489069e-05 20915.816
1.5961284e-05 20915.816
1.710885e-05 20915.816
1.8338922e-05 20915.815
1.9657433e-05 20915.815
2.1070741e-05 20915.815
2.2585661e-05 20915.815
2.4209499e-05 20915.815
2.5950086e-05 20915.815
2.7815815e-05 20915.815
2.9815685e-05 20915.815
3.1959339e-05 20915.815
3.4257115e-05 20915.814
3.6720094e-05 20915.814
3.9360153e-05 20915.814
4.2190024e-05 20915.813
4.5223355e-05 20915.813
4.8474772e-05 20915.813
5.1959955e-05 20915.812
5.5695713e-05 20915.812
5.9700059e-05 20915.811
6.3992306e-05 20915.81
6.8593152e-05 20915.809
7.3524784e-05 20915.808
7.8810985e-05 20915.807
8.4477247e-05 20915.806
9.0550895e-05 20915.805
9.706122e-05 20915.803
0.00010403962 20915.801
0.00011151974 20915.799
0.00011953766 20915.796
0.00012813204 20915.793
0.00013734433 20915.79
0.00014721895 20915.786
0.00015780354 20915.781
0.00016914911 20915.776
0.0001813104 20915.77
0.00019434605 20915.764
0.00020831892 20915.756
0.0002232964 20915.747
0.00023935071 20915.737
0.00025655927 20915.725
0.00027500507 20915.711
0.00029477707 20915.696
0.00031597062 20915.678
0.00033868791 20915.657
0.00036303851 20915.634
0.00038913984 20915.607
0.00041711777 20915.575
0.00044710723 20915.54
0.00047925283 20915.499
0.0005137096 20915.452
0.00055064371 20915.398
0.00059023326 20915.335
0.00063266918 20915.264
0.0006781561 20915.182
0.00072691339 20915.088
0.00077917618 20914.98
0.0008351965 20914.857
0.0008952445 20914.715
0.00095960977 20914.551
0.0010286027 20914.364
0.001102556 20914.15
0.0011818263 20913.903
0.0012667959 20913.62
0.0013578745 20913.296
0.0014555015 20912.924
0.0015601474 20912.498
0.0016723171 20912.009
0.0017925515 20911.448
0.0019214303 20910.805
0.0020595751 20910.069
0.0022076521 20909.224
0.0023663753 20908.257
0.0025365103 20907.149
0.0027188774 20905.88
0.0029143561 20904.427
0.0031238892 20902.764
0.003348487 20900.861
0.0035892327 20898.684
0.0038472872 20896.194
0.0041238951 20893.348
0.0044203902 20890.096
0.0047382023 20886.38
0.0050788642 20882.138
0.0054440186 20877.296
0.0058354264 20871.771
0.0062549752 20865.47
0.0067046883 20858.29
0.0071867343 20850.101
0.0077034379 20840.828
0.0082572908 20830.39
0.0088509641 20818.005
0.0094873206 21169.992
0.010169429 21577.863
0.010900579 22013.309
0.011684297 22478.039
0.012524361 22973.679
0.013424823 23501.661
0.014390025 24064.628
0.015424623 24417.11
0.016533605 24259.996
0.017722319 24091.432
0.018996498 23907.844
0.020362287 23708.871
0.021826271 23376.747
0.023395511 22653.314
0.025077575 21881.692
0.026880574 21057.249
0.028813203 20109.923
0.030884782 19030.464
0.0331053 17881.891
0.035485467 16734.304
0.038036761 15602.551
0.040771484 14428.735
0.043702826 13474.826
0.046844922 12459.358
0.050212924 11694.436
0.053823076 10916.703
0.057692786 10278.239
0.061840716 9645.537
0.066286869 9015.1683
0.071052686 8336.6427
0.076161151 7580.5286
0.081636899 6773.8165
0.087506335 5956.278
0.093797765 5192.772
0.10054153 4542.181
0.10777015 4023.2141
0.11551848 3608.1694
0.1238239 3250.0125
0.13272645 2891.8912
0.14226906 2534.4243
0.15249776 2203.7425
0.16346187 1931.0959
0.17521427 1690.8826
0.18781162 1466.7713
0.20131469 1271.7818
0.21578858 1127.5667
0.2313031 1011.8974
0.24793307 887.24198
0.26575868 770.44746
0.28486589 689.97484
0.30534685 628.44334
0.32730033 562.55912
0.3508322 504.08538
0.37605593 464.83317
0.40309317 426.29938
0.4320743 391.11923
0.46313909 364.50651
0.49643733 338.10092
0.53212961 316.0964
0.57038806 295.50325
0.61139717 277.10815
0.6553547 260.37512
0.70247265 244.80317
0.75297822 229.77763
0.80711499 215.50279
0.86514402 202.14705
0.92734516 189.31435
0.99401836 177.02271
1.0654852 165.49039
1.1420902 154.46218
1.2242029 143.55769
1.3122192 132.92575
1.4065637 122.91619
1.5076912 113.5237
1.6160894 104.63124
1.7322812 96.254841
1.8568267 88.458231
1.9903267 81.01083
2.133425 73.79679
2.2868115 67.062679
2.4512261 60.979245
2.6274615 55.358725
2.8163678 50.117971
3.0188558 45.26816
3.235902 40.863902
3.4685532 36.760777
3.7179313 32.993232
3.9852388 29.559954
4.271765 26.559998
4.5788915 23.74542
4.9080994 21.311648
5.2609763 18.818228
5.6392239 17.309325
6.0446664 19.165119
6.4792589 19.050827
6.9450973 10.943275
7.4444279 3.6755733
7.9796589 -0.37954147
8.5533713 1.064625
9.1683318 -5.8136917
9.8275061 -41.548077
10.534073 -18.066338
