1.0523249e-05 12345.664
1.1279837e-05 12345.664
1.2090822e-05 12345.664
1.2960114e-05 12345.664
1.3891905e-05 12345.664
1.489069e-05 12345.664
1.5961284e-05 12345.664
1.710885e-05 12345.664
1.8338922e-05 12345.664
1.9657433e-05 12345.664
2.1070741e-05 12345.664
2.2585661e-05 12345.664
2.4209499e-05 12345.664
2.5950086e-05 12345.664
2.7815815e-05 12345.664
2.9815685e-05 12345.664
3.1959339e-05 12345.664
3.4257115e-05 12345.664
3.6720094e-05 12345.664
3.9360153e-05 12345.664
4.2190024e-05 12345.663
4.5223355e-05 12345.663
4.8474772e-05 12345.663
5.1959955e-05 12345.663
5.5695713e-05 12345.663
5.9700059e-05 12345.663
6.3992306e-05 12345.663
6.8593152e-05 12345.663
7.3524784e-05 12345.663
7.8810985e-05 12345.663
8.4477247e-05 12345.663
9.0550895e-05 12345.662
9.706122e-05 12345.662
0.00010403962 12345.662
0.00011151974 12345.662
0.00011953766 12345.662
0.00012813204 12345.661
0.00013734433 12345.661
0.00014721895 12345.66
0.00015780354 12345.66
0.00016914911 12345.659
0.0001813104 12345.659
0.00019434605 12345.658
0.00020831892 12345.657
0.0002232964 12345.656
0.00023935071 12345.655
0.00025655927 12345.654
0.00027500507 12345.652
0.00029477707 12345.65
0.00031597062 12345.648
0.00033868791 12345.646
0.00036303851 12345.643
0.00038913984 12345.64
0.00041711777 12345.637
0.00044710723 12345.633
0.00047925283 12345.628
0.0005137096 12345.623
0.00055064371 12345.617
0.00059023326 12345.61
0.00063266918 12345.602
0.0006781561 12345.593
0.00072691339 12345.582
0.00077917618 12345.57
0.0008351965 12345.556
0.0008952445 12345.54
0.00095960977 12345.522
0.0010286027 12345.501
0.001102556 12345.477
0.0011818263 12345.45
0.0012667959 12345.418
0.0013578745 12345.382
0.0014555015 12345.341
0.0015601474 12345.293
0.0016723171 12345.239
0.0017925515 12345.177
0.0019214303 12345.105
0.0020595751 12345.023
0.0022076521 12344.93
0.0023663753 12344.823
0.0025365103 12344.7
0.0027188774 12344.56
0.0029143561 12344.4
0.0031238892 12344.217
0.003348487 12344.008
0.0035892327 12343.769
0.0038472872 12343.497
0.0041238951 12343.186
0.0044203902 12342.832
0.0047382023 12342.428
0.0050788642 12341.969
0.0054440186 12341.446
0.0058354264 12340.851
0.0062549752 12340.176
0.0067046883 12339.409
0.0071867343 12338.539
0.0077034379 12337.559
0.0082572908 12336.465
0.0088509641 12335.167
0.0094873206 12550.509
0.010169429 12800.376
0.010900579 13068.028
0.011684297 13354.718
0.012524361 13661.761
0.013424823 13990.529
0.014390025 14342.631
0.015424623 14571.828
0.016533605 14500.753
0.017722319 14424.668
0.018996498 14342.865
0.020362287 14255.037
0.021826271 14089.663
0.023395511 13692.772
0.025077575 13268.066
0.026880574 12813.39
0.028813203 12285.667
0.030884782 11678.043
0.0331053 11028.141
0.035485467 10377.637
0.038036761 9734.6036
0.040771484 9066.1547
0.043702826 8528.2564
0.046844922 7956.0567
0.050212924 7535.6182
0.053823076 7112.3323
0.057692786 6776.2192
0.061840716 6447.1875
0.066286869 6118.9451
0.071052686 5755.3293
0.076161151 5331.2565
0.081636899 4857.2896
0.087506335 4356.615
0.093797765 3874.7859
0.10054153 3461.0738
0.10777015 3142.3628
0.11551848 2910.459
0.1238239 2728.0959
0.13272645 2533.85
0.14226906 2301.2862
0.15249776 2048.2656
0.16346187 1829.5533
0.17521427 1665.851
0.18781162 1539.9731
0.20131469 1413.7426
0.21578858 1279.1896
0.2313031 1160.0238
0.24793307 1064.8452
0.26575868 977.3525
0.28486589 891.18997
0.30534685 818.10275
0.32730033 753.66486
0.3508322 689.71694
0.37605593 635.52831
0.40309317 585.76119
0.4320743 538.3048
0.46313909 496.88652
0.49643733 457.36835
0.53212961 421.64769
0.57038806 388.28316
0.61139717 357.56921
0.6553547 329.12669
0.70247265 302.72907
0.75297822 278.10902
0.80711499 255.21891
0.86514402 234.01678
0.92734516 214.29745
0.99401836 195.98467
1.0654852 179.06432
1.1420902 163.38254
1.2242029 148.76087
1.3122192 135.18479
1.4065637 122.69658
1.5076912 111.22657
1.6160894 100.67546
1.7322812 90.991818
1.8568267 82.14221
1.9903267 74.002289
2.133425 66.495076
2.2868115 59.655858
2.4512261 53.493124
2.6274615 47.900995
2.8163678 42.816735
3.0188558 38.210325
3.235902 34.067364
3.4685532 30.310229
3.7179313 26.925062
3.9852388 23.885168
4.271765 21.19895
4.5788915 18.76123
4.9080994 16.620744
5.2609763 14.60959
5.6392239 13.063022
6.0446664 12.72558
6.4792589 11.790843
6.9450973 8.444881
7.4444279 5.7587445
7.9796589 4.3693322
8.5533713 4.9366635
9.1683318 2.7081854
9.8275061 -8.778718
10.534073 -0.05788484
