0.0077812074 0.035688996 3.5688996
0.0097959597 0.039518329 3.9518329
0.012332383 0.033403262 3.3403262
0.01552555 0.021584649 2.1584649
0.019545509 0.011365675 1.1365675
0.024606338 0.018089614 1.8089614
0.030977544 0.026167505 2.6167505
0.038998213 0.028402879 2.8402879
0.049068395 0.030343183 3.0343183
0.060906494 0.03381608 3.381608
0.070830805 0.046317065 4.6317065
0.078038492 0.042189734 4.2189734
0.083991274 0.040141671 4.0141671
0.089310515 0.039216578 3.9216578
0.09427391 0.037132576 3.7132576
0.099028726 0.035172841 3.5172841
0.10366339 0.033907858 3.3907858
0.10823605 0.033807976 3.3807976
0.11278772 0.037719047 3.7719047
0.11734902 0.041881795 4.1881795
0.12194393 0.042942699 4.2942699
0.12659199 0.047586741 4.7586741
0.13130972 0.052635189 5.2635189
0.13611152 0.051282685 5.1282685
0.14101025 0.044162331 4.4162331
0.14601767 0.04305009 4.305009
0.15114474 0.038409109 3.8409109
0.15640184 0.031456593 3.1456593
0.16179891 0.029865564 2.9865564
0.16734559 0.030207318 3.0207318
0.1730513 0.030218601 3.0218601
0.1789253 0.038896623 3.8896623
0.18497674 0.03941545 3.941545
0.19121472 0.041249328 4.1249328
0.19764829 0.046153974 4.6153974
