0.0077812074 0.018315116 1.8315116
0.0097959597 0.022230783 2.2230783
0.012332383 0.018000405 1.8000405
0.01552555 0.0091402226 0.91402226
0.019545509 0.00025742172 0.025742172
0.024606338 0.0010255784 0.10255784
0.030977544 0.004992305 0.4992305
0.038998213 0.0087708823 0.87708823
0.049068395 0.0094793616 0.94793616
0.060906494 0.0099559416 0.99559416
0.070830805 0.015284077 1.5284077
0.078038492 0.0085947373 0.85947373
0.083991274 0.0065054602 0.65054602
0.089310515 0.0027568565 0.27568565
0.09427391 0.0015316336 0.15316336
0.099028726 0.0006598689 0.06598689
0.10366339 0.0072760406 0.72760406
0.10823605 0.0090854844 0.90854844
0.11278772 0.0062864406 0.62864406
0.11734902 0.0043459768 0.43459768
0.12194393 0.0057324488 0.57324488
0.12659199 0.0044121805 0.44121805
0.13130972 0.0040058947 0.40058947
0.13611152 0.0082151354 0.82151354
0.14101025 0.015617757 1.5617757
0.14601767 0.022382031 2.2382031
0.15114474 0.027659542 2.7659542
0.15640184 0.033588837 3.3588837
0.16179891 0.037699165 3.7699165
0.16734559 0.039917622 3.9917622
0.1730513 0.045291596 4.5291596
0.1789253 0.03950181 3.950181
0.18497674 0.041601358 4.1601358
0.19121472 0.040952232 4.0952232
0.19764829 0.046148044 4.6148044
