0.0065935317 0.0005555808 0.05555808
0.0083007647 0.015907991 1.5907991
0.010450044 0.018186295 1.8186295
0.013155825 0.0098501714 0.98501714
0.016562203 0.0042374415 0.42374415
0.020850578 0.013325869 1.3325869
0.026249196 0.00062123472 0.062123472
0.033028399 0.0048062741 0.48062741
0.041019033 0.00011731562 0.011731562
0.047759533 0.0076515643 0.76515643
0.052647295 0.0012781663 0.12781663
0.056677354 0.003165164 0.3165164
0.060275336 0.005209065 0.5209065
0.063630905 0.00039800109 0.039800109
0.066844415 0.0035315316 0.35315316
0.069976028 0.0029256222 0.29256222
0.073065252 0.00070534097 0.070534097
0.076139929 0.00040834673 0.040834673
0.07922083 0.00091481348 0.091481348
0.082324206 0.0012304742 0.12304742
0.085463302 0.001581057 0.1581057
0.088649303 0.0016486117 0.16486117
0.091891947 0.00011406445 0.011406445
0.095199938 0.0027153047 0.27153047
0.09858123 0.0026000659 0.26000659
0.10204323 0.0015580889 0.15580889
0.10559296 0.003633417 0.3633417
0.10923714 0.0012727973 0.12727973
0.11298228 0.0017560595 0.17560595
0.11683475 0.0024171667 0.24171667
0.1208008 0.00048909953 0.048909953
0.12488662 0.0014165608 0.14165608
0.12909835 0.00090338702 0.090338702
0.13344209 0.0031674341 0.31674341
0.13792396 0.0034282253 0.34282253
0.14255005 0.0033798432 0.33798432
0.14732647 0.004994476 0.4994476
0.15225933 0.0050809696 0.50809696
0.15735479 0.0081658779 0.81658779
0.16261902 0.011965071 1.1965071
0.16805826 0.011955472 1.1955472
0.17367878 0.011701556 1.1701556
0.17948694 0.01355755 1.355755
0.18548922 0.012210636 1.2210636
0.19169218 0.012071 1.2071
0.19810257 0.01156044 1.156044
