0.0077812074 0.051287802 5.1287802
0.0097959597 0.051986246 5.1986246
0.012332383 0.043831186 4.3831186
0.01552555 0.030977412 3.0977412
0.019545509 0.020031015 2.0031015
0.024606338 0.024156534 2.4156534
0.030977544 0.031249801 3.1249801
0.038998213 0.030882587 3.0882587
0.049068395 0.031794864 3.1794864
0.060906494 0.034664878 3.4664878
0.070830805 0.042412715 4.2412715
0.078038492 0.033871864 3.3871864
0.083991274 0.031146801 3.1146801
0.089310515 0.030156845 3.0156845
0.09427391 0.028478283 2.8478283
0.099028726 0.025984886 2.5984886
0.10366339 0.022554753 2.2554753
0.10823605 0.021539124 2.1539124
0.11278772 0.024113288 2.4113288
0.11734902 0.026301106 2.6301106
0.12194393 0.02533598 2.533598
0.12659199 0.026566306 2.6566306
0.13130972 0.028230464 2.8230464
0.13611152 0.025426615 2.5426615
0.14101025 0.017875218 1.7875218
0.14601767 0.013552952 1.3552952
0.15114474 0.0082929298 0.82929298
0.15640184 0.003663903 0.3663903
0.16179891 0.0033038485 0.33038485
0.16734559 0.0015738538 0.15738538
0.1730513 0.002845237 0.2845237
0.1789253 0.0037132409 0.37132409
0.18497674 0.000832451 0.0832451
0.19121472 0.0016994372 0.16994372
0.19764829 0.0012387609 0.12387609
