0.0077527214 0.095962076 9.5962076
0.0097600979 0.098516926 9.8516926
0.012287235 0.088920529 8.8920529
0.015468713 0.071279023 7.1279023
0.019473956 0.054242947 5.4242947
0.024516258 0.056972547 5.6972547
0.030864139 0.05909136 5.909136
0.038855462 0.052593086 5.2593086
0.048890401 0.048637546 4.8637546
0.060718564 0.053351879 5.3351879
0.070696213 0.059223331 5.9223331
0.077931338 0.052714456 5.2714456
0.083896847 0.04902792 4.902792
0.089222772 0.046648879 4.6648879
0.094189865 0.049086698 4.9086698
0.098946674 0.049611812 4.9611812
0.10358225 0.045338655 4.5338655
0.10815509 0.048195653 4.8195653
0.11270639 0.054568646 5.4568646
0.1172669 0.0574331 5.74331
0.12186069 0.055650706 5.5650706
0.12650734 0.056788214 5.6788214
0.13122343 0.058600422 5.8600422
0.13602337 0.057167719 5.7167719
0.14092003 0.053025401 5.3025401
0.1459252 0.049971483 4.9971483
0.15104985 0.045758805 4.5758805
0.15630435 0.044096284 4.4096284
0.16169865 0.046444345 4.6444345
0.16724241 0.047464249 4.7464249
0.17294504 0.050078123 5.0078123
0.1788158 0.056664805 5.6664805
0.18486384 0.059141791 5.9141791
0.19109827 0.061044793 6.1044793
0.19752812 0.058676264 5.8676264
