0.0077812074 0.029089091 2.9089091
0.0097959597 0.034530851 3.4530851
0.012332383 0.029869146 2.9869146
0.01552555 0.019250146 1.9250146
0.019545509 0.009826466 0.9826466
0.024606338 0.016540521 1.6540521
0.030977544 0.024553207 2.4553207
0.038998213 0.028562745 2.8562745
0.049068395 0.030869494 3.0869494
0.060906494 0.033805068 3.3805068
0.070830805 0.047744992 4.7744992
0.078038492 0.045842158 4.5842158
0.083991274 0.044218067 4.4218067
0.089310515 0.042746321 4.2746321
0.09427391 0.040547098 4.0547098
0.099028726 0.038940843 3.8940843
0.10366339 0.038078304 3.8078304
0.10823605 0.03819128 3.819128
0.11278772 0.042718189 4.2718189
0.11734902 0.047721476 4.7721476
0.12194393 0.049608669 4.9608669
0.12659199 0.055864028 5.5864028
0.13130972 0.062165387 6.2165387
0.13611152 0.06114695 6.114695
0.14101025 0.054416501 5.4416501
0.14601767 0.054528134 5.4528134
0.15114474 0.050497313 5.0497313
0.15640184 0.042492821 4.2492821
0.16179891 0.039922967 3.9922967
0.16734559 0.041641585 4.1641585
0.1730513 0.043738794 4.3738794
0.1789253 0.053230154 5.3230154
0.18497674 0.055507928 5.5507928
0.19121472 0.05767202 5.767202
0.19764829 0.064194475 6.4194475
