0.0077812074 0.043355408 4.3355408
0.0097959597 0.045628379 4.5628379
0.012332383 0.038262513 3.8262513
0.01552555 0.025545613 2.5545613
0.019545509 0.014760276 1.4760276
0.024606338 0.021123864 2.1123864
0.030977544 0.029037937 2.9037937
0.038998213 0.029768704 2.9768704
0.049068395 0.031353744 3.1353744
0.060906494 0.035025375 3.5025375
0.070830805 0.045958194 4.5958194
0.078038492 0.039828262 3.9828262
0.083991274 0.037429582 3.7429582
0.089310515 0.036831657 3.6831657
0.09427391 0.034863479 3.4863479
0.099028726 0.032622008 3.2622008
0.10366339 0.0308347 3.08347
0.10823605 0.030470914 3.0470914
0.11278772 0.033816101 3.3816101
0.11734902 0.037202362 3.7202362
0.12194393 0.037492953 3.7492953
0.12659199 0.040703405 4.0703405
0.13130972 0.044519449 4.4519449
0.13611152 0.042757773 4.2757773
0.14101025 0.035380878 3.5380878
0.14601767 0.033132431 3.3132431
0.15114474 0.02809687 2.809687
0.15640184 0.022159456 2.2159456
0.16179891 0.021415577 2.1415577
0.16734559 0.020755306 2.0755306
0.1730513 0.018943909 1.8943909
0.1789253 0.026840133 2.6840133
0.18497674 0.025845848 2.5845848
0.19121472 0.027346309 2.7346309
0.19764829 0.030568732 3.0568732
