0.0065935317 0.0024566742 0.24566742
0.0083007647 0.014867412 1.4867412
0.010450044 0.018394663 1.8394663
0.013155825 0.010490335 1.0490335
0.016562203 0.0038827133 0.38827133
0.020850578 0.013430569 1.3430569
0.026249196 0.001160444 0.1160444
0.033028399 0.0045496768 0.45496768
0.041019033 0.0016805225 0.16805225
0.047759533 0.0062881149 0.62881149
0.052647295 0.00052658369 0.052658369
0.056677354 0.0035650059 0.35650059
0.060275336 0.0058254889 0.58254889
0.063630905 9.0818894e-05 0.0090818894
0.066844415 0.0045435211 0.45435211
0.069976028 0.0032646382 0.32646382
0.073065252 0.00079757598 0.079757598
0.076139929 0.00050521043 0.050521043
0.07922083 0.00066168371 0.066168371
0.082324206 0.00011326071 0.011326071
0.085463302 0.00061497753 0.061497753
0.088649303 0.00064338934 0.064338934
0.091891947 0.00076015749 0.076015749
0.095199938 0.0030217071 0.30217071
0.09858123 0.0029897982 0.29897982
0.10204323 0.00010245439 0.010245439
0.10559296 0.0015467043 0.15467043
0.10923714 0.00069763943 0.069763943
0.11298228 0.003787016 0.3787016
0.11683475 0.0046321881 0.46321881
0.1208008 0.001719658 0.1719658
0.12488662 0.00094704046 0.094704046
0.12909835 0.0039122925 0.39122925
0.13344209 0.0070481854 0.70481854
0.13792396 0.0066923021 0.66923021
0.14255005 0.0060303863 0.60303863
0.14732647 0.008845967 0.8845967
0.15225933 0.0089186622 0.89186622
0.15735479 0.011155871 1.1155871
0.16261902 0.014902214 1.4902214
0.16805826 0.015735906 1.5735906
0.17367878 0.01628358 1.628358
0.17948694 0.019010506 1.9010506
0.18548922 0.01750755 1.750755
0.19169218 0.016575034 1.6575034
0.19810257 0.017521335 1.7521335
