0.0077527214 0.071464482 7.1464482
0.0097600979 0.077422195 7.7422195
0.012287235 0.069790291 6.9790291
0.015468713 0.052655479 5.2655479
0.019473956 0.03511557 3.511557
0.024516258 0.038081272 3.8081272
0.030864139 0.040088315 4.0088315
0.038855462 0.034261026 3.4261026
0.048890401 0.029168514 2.9168514
0.060718564 0.02919365 2.919365
0.070696213 0.034897622 3.4897622
0.077931338 0.029901387 2.9901387
0.083896847 0.025216153 2.5216153
0.089222772 0.022213384 2.2213384
0.094189865 0.023092309 2.3092309
0.098946674 0.022974038 2.2974038
0.10358225 0.020483551 2.0483551
0.10815509 0.022858508 2.2858508
0.11270639 0.028427092 2.8427092
0.1172669 0.031062374 3.1062374
0.12186069 0.028959461 2.8959461
0.12650734 0.030394089 3.0394089
0.13122343 0.033642805 3.3642805
0.13602337 0.032581164 3.2581164
0.14092003 0.026511071 2.6511071
0.1459252 0.024843571 2.4843571
0.15104985 0.021178869 2.1178869
0.15630435 0.017636217 1.7636217
0.16169865 0.018785575 1.8785575
0.16724241 0.020482068 2.0482068
0.17294504 0.023787808 2.3787808
0.1788158 0.03134621 3.134621
0.18486384 0.033718527 3.3718527
0.19109827 0.034185387 3.4185387
0.19752812 0.034341504 3.4341504
