0.0077812074 0.025272161 2.5272161
0.0097959597 0.032051806 3.2051806
0.012332383 0.028777624 2.8777624
0.01552555 0.019479824 1.9479824
0.019545509 0.011024895 1.1024895
0.024606338 0.017488589 1.7488589
0.030977544 0.025180914 2.5180914
0.038998213 0.030979308 3.0979308
0.049068395 0.033710449 3.3710449
0.060906494 0.035889155 3.5889155
0.070830805 0.051114058 5.1114058
0.078038492 0.051448669 5.1448669
0.083991274 0.050294543 5.0294543
0.089310515 0.048169104 4.8169104
0.09427391 0.045835339 4.5835339
0.099028726 0.044622943 4.4622943
0.10366339 0.044116506 4.4116506
0.10823605 0.044394169 4.4394169
0.11278772 0.049546043 4.9546043
0.11734902 0.055436897 5.5436897
0.12194393 0.05820985 5.820985
0.12659199 0.066188568 6.6188568
0.13130972 0.073720842 7.3720842
0.13611152 0.072977379 7.2977379
0.14101025 0.066780928 6.6780928
0.14601767 0.068198096 6.8198096
0.15114474 0.064966023 6.4966023
0.15640184 0.055990876 5.5990876
0.16179891 0.052519296 5.2519296
0.16734559 0.056004618 5.6004618
0.1730513 0.060376795 6.0376795
0.1789253 0.070694202 7.0694202
0.18497674 0.074904684 7.4904684
0.19121472 0.07742385 7.742385
0.19764829 0.085559277 8.5559277
