0.0077812074 0.11590948 11.590948
0.0097959597 0.10630437 10.630437
0.012332383 0.093433134 9.3433134
0.01552555 0.081241443 8.1241443
0.019545509 0.07448025 7.448025
0.024606338 0.078973481 7.8973481
0.030977544 0.082001317 8.2001317
0.038998213 0.084633876 8.4633876
0.049068395 0.085287876 8.5287876
0.060906494 0.087966479 8.7966479
0.070830805 0.094938478 9.4938478
0.078038492 0.087581442 8.7581442
0.083991274 0.084323261 8.4323261
0.089310515 0.082216368 8.2216368
0.09427391 0.078953827 7.8953827
0.099028726 0.073767401 7.3767401
0.10366339 0.070314329 7.0314329
0.10823605 0.07573925 7.573925
0.11278772 0.076671327 7.6671327
0.11734902 0.073428122 7.3428122
0.12194393 0.074188467 7.4188467
0.12659199 0.076814536 7.6814536
0.13130972 0.080919621 8.0919621
0.13611152 0.079201845 7.9201845
0.14101025 0.067268962 6.7268962
0.14601767 0.060901127 6.0901127
0.15114474 0.055184584 5.5184584
0.15640184 0.049064601 4.9064601
0.16179891 0.047566682 4.7566682
0.16734559 0.04663943 4.663943
0.1730513 0.04240118 4.240118
0.1789253 0.050463767 5.0463767
0.18497674 0.048566724 4.8566724
0.19121472 0.051129058 5.1129058
0.19764829 0.047448801 4.7448801
