0.0077812074 0.11166274 11.166274
0.0097959597 0.10049103 10.049103
0.012332383 0.08586609 8.586609
0.01552555 0.07192928 7.192928
0.019545509 0.06432249 6.432249
0.024606338 0.07172017 7.172017
0.030977544 0.077994904 7.7994904
0.038998213 0.080840548 8.0840548
0.049068395 0.082757693 8.2757693
0.060906494 0.085537256 8.5537256
0.070830805 0.09619762 9.619762
0.078038492 0.091188421 9.1188421
0.083991274 0.088780257 8.8780257
0.089310515 0.087208117 8.7208117
0.09427391 0.084765606 8.4765606
0.099028726 0.080913914 8.0913914
0.10366339 0.078382894 7.8382894
0.10823605 0.083030532 8.3030532
0.11278772 0.085637666 8.5637666
0.11734902 0.085112874 8.5112874
0.12194393 0.086691133 8.6691133
0.12659199 0.091250595 9.1250595
0.13130972 0.097575608 9.7575608
0.13611152 0.097155329 9.7155329
0.14101025 0.08626521 8.626521
0.14601767 0.081980896 8.1980896
0.15114474 0.076730071 7.6730071
0.15640184 0.069833265 6.9833265
0.16179891 0.067814624 6.7814624
0.16734559 0.067820446 6.7820446
0.1730513 0.067242212 6.7242212
0.1789253 0.076730842 7.6730842
0.18497674 0.077201144 7.7201144
0.19121472 0.079919015 7.9919015
0.19764829 0.081045392 8.1045392
