0.0077812074 0.11577109 11.577109
0.0097959597 0.1048365 10.48365
0.012332383 0.090888783 9.0888783
0.01552555 0.077921344 7.7921344
0.019545509 0.070934297 7.0934297
0.024606338 0.076514598 7.6514598
0.030977544 0.080564159 8.0564159
0.038998213 0.083278247 8.3278247
0.049068395 0.084394866 8.4394866
0.060906494 0.08720943 8.720943
0.070830805 0.095321438 9.5321438
0.078038492 0.088694464 8.8694464
0.083991274 0.085617551 8.5617551
0.089310515 0.083866348 8.3866348
0.09427391 0.080937835 8.0937835
0.099028726 0.076071828 7.6071828
0.10366339 0.072928305 7.2928305
0.10823605 0.078329137 7.8329137
0.11278772 0.079770554 7.9770554
0.11734902 0.077250885 7.7250885
0.12194393 0.078298297 7.8298297
0.12659199 0.081422669 8.1422669
0.13130972 0.086347468 8.6347468
0.13611152 0.085204131 8.5204131
0.14101025 0.073352228 7.3352228
0.14601767 0.067625742 6.7625742
0.15114474 0.062015557 6.2015557
0.15640184 0.055712362 5.5712362
0.16179891 0.054286474 5.4286474
0.16734559 0.053665201 5.3665201
0.1730513 0.050465405 5.0465405
0.1789253 0.059056809 5.9056809
0.18497674 0.057858472 5.7858472
0.19121472 0.060511695 6.0511695
0.19764829 0.058311846 5.8311846
