0.0077527214 0.097116991 9.7116991
0.0097600979 0.10636568 10.636568
0.012287235 0.1059298 10.59298
0.015468713 0.099577305 9.9577305
0.019473956 0.091866053 9.1866053
0.024516258 0.087218042 8.7218042
0.030864139 0.084399175 8.4399175
0.038855462 0.082235493 8.2235493
0.048890401 0.075991304 7.5991304
0.060718564 0.076709934 7.6709934
0.070696213 0.077749916 7.7749916
0.077931338 0.063245445 6.3245445
0.083896847 0.059740245 5.9740245
0.089222772 0.049741235 4.9741235
0.094189865 0.043099294 4.3099294
0.098946674 0.039090653 3.9090653
0.10358225 0.031558062 3.1558062
0.10815509 0.030566885 3.0566885
0.11270639 0.030290454 3.0290454
0.1172669 0.027370616 2.7370616
0.12186069 0.025456103 2.5456103
0.12650734 0.029147622 2.9147622
0.13122343 0.026861404 2.6861404
0.13602337 0.017912926 1.7912926
0.14092003 0.011403505 1.1403505
0.1459252 0.00048993955 0.048993955
0.15104985 0.0078605577 0.78605577
0.15630435 0.014922244 1.4922244
0.16169865 0.021185627 2.1185627
0.16724241 0.025898126 2.5898126
0.17294504 0.03410219 3.410219
0.1788158 0.029001905 2.9001905
0.18486384 0.034860673 3.4860673
0.19109827 0.036292619 3.6292619
0.19752812 0.048595059 4.8595059
