0.0077527214 0.11480117 11.480117
0.0097600979 0.10449326 10.449326
0.012287235 0.086500917 8.6500917
0.015468713 0.064947835 6.4947835
0.019473956 0.047804098 4.7804098
0.024516258 0.051981847 5.1981847
0.030864139 0.05869935 5.869935
0.038855462 0.055719659 5.5719659
0.048890401 0.049515706 4.9515706
0.060718564 0.047550717 4.7550717
0.070696213 0.059224415 5.9224415
0.077931338 0.052862313 5.2862313
0.083896847 0.048311449 4.8311449
0.089222772 0.043538285 4.3538285
0.094189865 0.045290783 4.5290783
0.098946674 0.045570785 4.5570785
0.10358225 0.042020362 4.2020362
0.10815509 0.051161821 5.1161821
0.11270639 0.056743385 5.6743385
0.1172669 0.05524203 5.524203
0.12186069 0.055169229 5.5169229
0.12650734 0.055991519 5.5991519
0.13122343 0.061296924 6.1296924
0.13602337 0.06393789 6.393789
0.14092003 0.054470035 5.4470035
0.1459252 0.047890726 4.7890726
0.15104985 0.0456743 4.56743
0.15630435 0.045081313 4.5081313
0.16169865 0.046492644 4.6492644
0.16724241 0.048615545 4.8615545
0.17294504 0.050523439 5.0523439
0.1788158 0.062486745 6.2486745
0.18486384 0.062288682 6.2288682
0.19109827 0.067467631 6.7467631
0.19752812 0.063826973 6.3826973
