0.0077527214 0.1428583 14.28583
0.0097600979 0.13629094 13.629094
0.012287235 0.13737013 13.737013
0.015468713 0.12491578 12.491578
0.019473956 0.11878082 11.878082
0.024516258 0.1232496 12.32496
0.030864139 0.13068475 13.068475
0.038855462 0.13404675 13.404675
0.048890401 0.13514252 13.514252
0.060718564 0.13988924 13.988924
0.070696213 0.14949832 14.949832
0.077931338 0.13944333 13.944333
0.083896847 0.1378604 13.78604
0.089222772 0.13336299 13.336299
0.094189865 0.13315305 13.315305
0.098946674 0.1324839 13.24839
0.10358225 0.12769366 12.769366
0.10815509 0.13358971 13.358971
0.11270639 0.13509214 13.509214
0.1172669 0.13047383 13.047383
0.12186069 0.12880286 12.880286
0.12650734 0.13010248 13.010248
0.13122343 0.13043057 13.043057
0.13602337 0.12600909 12.600909
0.14092003 0.11642751 11.642751
0.1459252 0.10680391 10.680391
0.15104985 0.10157727 10.157727
0.15630435 0.097559115 9.7559115
0.16169865 0.094857779 9.4857779
0.16724241 0.093416544 9.3416544
0.17294504 0.08679147 8.679147
0.1788158 0.091753122 9.1753122
0.18486384 0.08578796 8.578796
0.19109827 0.084910593 8.4910593
0.19752812 0.072572039 7.2572039
