0.0065935317 0.03841957 3.841957
0.0083007647 0.035996025 3.5996025
0.010450044 0.025615015 2.5615015
0.013155825 0.010015978 1.0015978
0.016562203 0.006335765 0.6335765
0.020850578 0.014668805 1.4668805
0.026249196 0.0015246444 0.15246444
0.033028399 0.0010072703 0.10072703
0.041019033 0.0035380516 0.35380516
0.047759533 0.0047136381 0.47136381
0.052647295 0.001779911 0.1779911
0.056677354 0.0022573787 0.22573787
0.060275336 0.0056431686 0.56431686
0.063630905 0.00028885507 0.028885507
0.066844415 0.006219989 0.6219989
0.069976028 0.0070836721 0.70836721
0.073065252 0.0050136287 0.50136287
0.076139929 0.0028268379 0.28268379
0.07922083 0.0014897914 0.14897914
0.082324206 0.0012738267 0.12738267
0.085463302 0.00063710307 0.063710307
0.088649303 0.00081344989 0.081344989
0.091891947 8.2858072e-05 0.0082858072
0.095199938 0.0039347914 0.39347914
0.09858123 0.0038083336 0.38083336
0.10204323 0.0012477744 0.12477744
0.10559296 0.00068925034 0.068925034
0.10923714 0.0091399972 0.91399972
0.11298228 0.0095298176 0.95298176
0.11683475 0.0049626617 0.49626617
0.1208008 0.003094828 0.3094828
0.12488662 0.0022457293 0.22457293
0.12909835 0.0037617251 0.37617251
0.13344209 0.0095843221 0.95843221
0.13792396 0.0094600682 0.94600682
0.14255005 0.0040951832 0.40951832
0.14732647 0.0025771574 0.25771574
0.15225933 0.0057872073 0.57872073
0.15735479 0.010817805 1.0817805
0.16261902 0.016160417 1.6160417
0.16805826 0.016815487 1.6815487
0.17367878 0.015320778 1.5320778
0.17948694 0.021705231 2.1705231
0.18548922 0.015697603 1.5697603
0.19169218 0.019761975 1.9761975
0.19810257 0.013133731 1.3133731
