0.0077527214 0.14448828 14.448828
0.0097600979 0.14272007 14.272007
0.012287235 0.13253009 13.253009
0.015468713 0.11758782 11.758782
0.019473956 0.10420916 10.420916
0.024516258 0.10391881 10.391881
0.030864139 0.10574777 10.574777
0.038855462 0.10362433 10.362433
0.048890401 0.097252934 9.7252934
0.060718564 0.1003752 10.03752
0.070696213 0.1082587 10.82587
0.077931338 0.096822691 9.6822691
0.083896847 0.093627371 9.3627371
0.089222772 0.086578689 8.6578689
0.094189865 0.085990775 8.5990775
0.098946674 0.084470713 8.4470713
0.10358225 0.077659439 7.7659439
0.10815509 0.086297779 8.6297779
0.11270639 0.089599938 8.9599938
0.1172669 0.085089733 8.5089733
0.12186069 0.085121535 8.5121535
0.12650734 0.086182083 8.6182083
0.13122343 0.086724472 8.6724472
0.13602337 0.084454702 8.4454702
0.14092003 0.076597074 7.6597074
0.1459252 0.065937371 6.5937371
0.15104985 0.060536425 6.0536425
0.15630435 0.058859288 5.8859288
0.16169865 0.058561024 5.8561024
0.16724241 0.058423908 5.8423908
0.17294504 0.054727011 5.4727011
0.1788158 0.063911764 6.3911764
0.18486384 0.060279991 6.0279991
0.19109827 0.066535472 6.6535472
0.19752812 0.054614868 5.4614868
