0.0077527214 0.15806192 15.806192
0.0097600979 0.14160601 14.160601
0.012287235 0.12952189 12.952189
0.015468713 0.11069329 11.069329
0.019473956 0.10015425 10.015425
0.024516258 0.10742509 10.742509
0.030864139 0.11685901 11.685901
0.038855462 0.11933306 11.933306
0.048890401 0.1205961 12.05961
0.060718564 0.1191872 11.91872
0.070696213 0.13325939 13.325939
0.077931338 0.12693543 12.693543
0.083896847 0.12330475 12.330475
0.089222772 0.11921271 11.921271
0.094189865 0.11805498 11.805498
0.098946674 0.11701506 11.701506
0.10358225 0.11398463 11.398463
0.10815509 0.1163366 11.63366
0.11270639 0.11941934 11.941934
0.1172669 0.11985508 11.985508
0.12186069 0.11886918 11.886918
0.12650734 0.12112128 12.112128
0.13122343 0.1250339 12.50339
0.13602337 0.12252247 12.252247
0.14092003 0.11069643 11.069643
0.1459252 0.10498037 10.498037
0.15104985 0.099205728 9.9205728
0.15630435 0.089611548 8.9611548
0.16169865 0.083192013 8.3192013
0.16724241 0.082193215 8.2193215
0.17294504 0.080647466 8.0647466
0.1788158 0.085355344 8.5355344
0.18486384 0.082964329 8.2964329
0.19109827 0.079496426 7.9496426
0.19752812 0.076569371 7.6569371
