0.0077812074 0.10618207 10.618207
0.0097959597 0.097963539 9.7963539
0.012332383 0.08450105 8.450105
0.01552555 0.07017928 7.017928
0.019545509 0.061594952 6.1594952
0.024606338 0.070573385 7.0573385
0.030977544 0.079437401 7.9437401
0.038998213 0.082382925 8.2382925
0.049068395 0.084903271 8.4903271
0.060906494 0.087014601 8.7014601
0.070830805 0.101043 10.1043
0.078038492 0.098137942 9.8137942
0.083991274 0.096863962 9.6863962
0.089310515 0.094772407 9.4772407
0.09427391 0.092605408 9.2605408
0.099028726 0.09042713 9.042713
0.10366339 0.088668919 8.8668919
0.10823605 0.09148738 9.148738
0.11278772 0.095693843 9.5693843
0.11734902 0.098361437 9.8361437
0.12194393 0.10062226 10.062226
0.12659199 0.10754681 10.754681
0.13130972 0.11520657 11.520657
0.13611152 0.11505467 11.505467
0.14101025 0.10652143 10.652143
0.14601767 0.10441837 10.441837
0.15114474 0.09998539 9.998539
0.15640184 0.092169849 9.2169849
0.16179891 0.088702931 8.8702931
0.16734559 0.089934178 8.9934178
0.1730513 0.093412563 9.3412563
0.1789253 0.10376249 10.376249
0.18497674 0.10670474 10.670474
0.19121472 0.10937787 10.937787
0.19764829 0.11507085 11.507085
