0.0077812074 0.10566073 10.566073
0.0097959597 0.098287457 9.8287457
0.012332383 0.085224414 8.5224414
0.01552555 0.070903559 7.0903559
0.019545509 0.062115222 6.2115222
0.024606338 0.071322077 7.1322077
0.030977544 0.080617927 8.0617927
0.038998213 0.083583694 8.3583694
0.049068395 0.086165365 8.6165365
0.060906494 0.088073176 8.8073176
0.070830805 0.10277493 10.277493
0.078038492 0.10028506 10.028506
0.083991274 0.099244571 9.9244571
0.089310515 0.096987483 9.6987483
0.09427391 0.094833298 9.4833298
0.099028726 0.093002475 9.3002475
0.10366339 0.091403243 9.1403243
0.10823605 0.093799869 9.3799869
0.11278772 0.09833284 9.833284
0.11734902 0.10169519 10.169519
0.12194393 0.10411894 10.411894
0.12659199 0.11156619 11.156619
0.13130972 0.11945151 11.945151
0.13611152 0.11929815 11.929815
0.14101025 0.1113372 11.13372
0.14601767 0.10972464 10.972464
0.15114474 0.10550354 10.550354
0.15640184 0.097500414 9.7500414
0.16179891 0.093732231 9.3732231
0.16734559 0.095315348 9.5315348
0.1730513 0.09967345 9.967345
0.1789253 0.11017358 11.017358
0.18497674 0.11365787 11.365787
0.19121472 0.11633047 11.633047
0.19764829 0.12295702 12.295702
