0.0077812074 0.11515912 11.515912
0.0097959597 0.10656183 10.656183
0.012332383 0.094439197 9.4439197
0.01552555 0.082718016 8.2718016
0.019545509 0.076045648 7.6045648
0.024606338 0.0799549 7.99549
0.030977544 0.082518447 8.2518447
0.038998213 0.085109591 8.5109591
0.049068395 0.085528092 8.5528092
0.060906494 0.088108912 8.8108912
0.070830805 0.094562468 9.4562468
0.078038492 0.086871995 8.6871995
0.083991274 0.083572762 8.3572762
0.089310515 0.081213395 8.1213395
0.09427391 0.077761118 7.7761118
0.099028726 0.07247131 7.247131
0.10366339 0.068862185 6.8862185
0.10823605 0.074196671 7.4196671
0.11278772 0.074899194 7.4899194
0.11734902 0.071376951 7.1376951
0.12194393 0.071987986 7.1987986
0.12659199 0.074431154 7.4431154
0.13130972 0.078098601 7.8098601
0.13611152 0.076037126 7.6037126
0.14101025 0.064173848 6.4173848
0.14601767 0.057500088 5.7500088
0.15114474 0.051740825 5.1740825
0.15640184 0.045670365 4.5670365
0.16179891 0.044017119 4.4017119
0.16734559 0.042920951 4.2920951
0.1730513 0.038239473 3.8239473
0.1789253 0.046018588 4.6018588
0.18497674 0.043814515 4.3814515
0.19121472 0.04631713 4.631713
0.19764829 0.041953695 4.1953695
