0.0077812074 0.10794284 10.794284
0.0097959597 0.098232756 9.8232756
0.012332383 0.084107269 8.4107269
0.01552555 0.069852185 6.9852185
0.019545509 0.06167388 6.167388
0.024606338 0.07011006 7.011006
0.030977544 0.078006955 7.8006955
0.038998213 0.080916697 8.0916697
0.049068395 0.083255628 8.3255628
0.060906494 0.085711647 8.5711647
0.070830805 0.098388316 9.8388316
0.078038492 0.094644013 9.4644013
0.083991274 0.092899962 9.2899962
0.089310515 0.09109013 9.109013
0.09427391 0.088855925 8.8855925
0.099028726 0.085982234 8.5982234
0.10366339 0.083911717 8.3911717
0.10823605 0.087538126 8.7538126
0.11278772 0.091095264 9.1095264
0.11734902 0.092419226 9.2419226
0.12194393 0.094389919 9.4389919
0.12659199 0.10031165 10.031165
0.13130972 0.10748486 10.748486
0.13611152 0.1072913 10.72913
0.14101025 0.097696664 9.7696664
0.14601767 0.094666872 9.4666872
0.15114474 0.08985593 8.985593
0.15640184 0.082415651 8.2415651
0.16179891 0.079564392 7.9564392
0.16734559 0.080212561 8.0212561
0.1730513 0.081988096 8.1988096
0.1789253 0.092020718 9.2020718
0.18497674 0.093927501 9.3927501
0.19121472 0.09662025 9.662025
0.19764829 0.10045591 10.045591
