0.0077527214 0.09819142 9.819142
0.0097600979 0.117283 11.7283
0.012287235 0.12271444 12.271444
0.015468713 0.11830007 11.830007
0.019473956 0.10917677 10.917677
0.024516258 0.10180019 10.180019
0.030864139 0.10360455 10.360455
0.038855462 0.10193936 10.193936
0.048890401 0.093254757 9.3254757
0.060718564 0.10193466 10.193466
0.070696213 0.096562472 9.6562472
0.077931338 0.083915121 8.3915121
0.083896847 0.078042956 7.8042956
0.089222772 0.06684114 6.684114
0.094189865 0.059738274 5.9738274
0.098946674 0.05625766 5.625766
0.10358225 0.050017552 5.0017552
0.10815509 0.048471245 4.8471245
0.11270639 0.047038955 4.7038955
0.1172669 0.044525303 4.4525303
0.12186069 0.044253198 4.4253198
0.12650734 0.047213896 4.7213896
0.13122343 0.046611507 4.6611507
0.13602337 0.041064508 4.1064508
0.14092003 0.034515854 3.4515854
0.1459252 0.024587387 2.4587387
0.15104985 0.01576784 1.576784
0.15630435 0.0067729892 0.67729892
0.16169865 0.00049380066 0.049380066
0.16724241 0.0060506388 0.60506388
0.17294504 0.013843484 1.3843484
0.1788158 0.0038180469 0.38180469
0.18486384 0.0081665517 0.81665517
0.19109827 0.013054658 1.3054658
0.19752812 0.02191491 2.191491
