0.0077527214 0.11227892 11.227892
0.0097600979 0.12958693 12.958693
0.012287235 0.13578799 13.578799
0.015468713 0.13401608 13.401608
0.019473956 0.1271027 12.71027
0.024516258 0.11495308 11.495308
0.030864139 0.1110128 11.10128
0.038855462 0.10526495 10.526495
0.048890401 0.099667767 9.9667767
0.060718564 0.10572353 10.572353
0.070696213 0.093491982 9.3491982
0.077931338 0.081945666 8.1945666
0.083896847 0.072123282 7.2123282
0.089222772 0.058651616 5.8651616
0.094189865 0.050060469 5.0060469
0.098946674 0.044841455 4.4841455
0.10358225 0.037189801 3.7189801
0.10815509 0.033569977 3.3569977
0.11270639 0.029845177 2.9845177
0.1172669 0.025594043 2.5594043
0.12186069 0.024552304 2.4552304
0.12650734 0.027079205 2.7079205
0.13122343 0.022873601 2.2873601
0.13602337 0.014349392 1.4349392
0.14092003 0.0088496764 0.88496764
0.1459252 0.0079582047 0.79582047
0.15104985 0.016897025 1.6897025
0.15630435 0.026474035 2.6474035
0.16169865 0.03948509 3.948509
0.16724241 0.04483844 4.483844
0.17294504 0.057459169 5.7459169
0.1788158 0.048951172 4.8951172
0.18486384 0.054885741 5.4885741
0.19109827 0.064544244 6.4544244
0.19752812 0.072406487 7.2406487
