0.0077812074 0.060115861 6.0115861
0.0097959597 0.090845961 9.0845961
0.012332383 0.10455648 10.455648
0.01552555 0.10355921 10.355921
0.019545509 0.093087664 9.3087664
0.024606338 0.086213065 8.6213065
0.030977544 0.091193835 9.1193835
0.038998213 0.10133192 10.133192
0.049068395 0.093204581 9.3204581
0.060906494 0.10174788 10.174788
0.070830805 0.10996744 10.996744
0.078038492 0.10015178 10.015178
0.083991274 0.097232657 9.7232657
0.089310515 0.090549837 9.0549837
0.09427391 0.088551376 8.8551376
0.099028726 0.087497146 8.7497146
0.10366339 0.081734685 8.1734685
0.10823605 0.080908986 8.0908986
0.11278772 0.080897047 8.0897047
0.11734902 0.080112015 8.0112015
0.12194393 0.081986572 8.1986572
0.12659199 0.089124076 8.9124076
0.13130972 0.090243399 9.0243399
0.13611152 0.083440714 8.3440714
0.14101025 0.077070975 7.7070975
0.14601767 0.070342047 7.0342047
0.15114474 0.064633056 6.4633056
0.15640184 0.055522103 5.5522103
0.16179891 0.046573582 4.6573582
0.16734559 0.04316694 4.316694
0.1730513 0.039037272 3.9037272
0.1789253 0.047795447 4.7795447
0.18497674 0.050459614 5.0459614
0.19121472 0.050715637 5.0715637
0.19764829 0.046196597 4.6196597
