0.0077812074 0.066136422 6.6136422
0.0097959597 0.092120303 9.2120303
0.012332383 0.10229449 10.229449
0.01552555 0.099417657 9.9417657
0.019545509 0.089035211 8.9035211
0.024606338 0.084085859 8.4085859
0.030977544 0.08973156 8.973156
0.038998213 0.10208448 10.208448
0.049068395 0.092855959 9.2855959
0.060906494 0.10151296 10.151296
0.070830805 0.11574436 11.574436
0.078038492 0.10530771 10.530771
0.083991274 0.10551543 10.551543
0.089310515 0.10080082 10.080082
0.09427391 0.097618275 9.7618275
0.099028726 0.095961728 9.5961728
0.10366339 0.091741833 9.1741833
0.10823605 0.091962913 9.1962913
0.11278772 0.095367892 9.5367892
0.11734902 0.097472665 9.7472665
0.12194393 0.098489111 9.8489111
0.12659199 0.10646797 10.646797
0.13130972 0.11108686 11.108686
0.13611152 0.10547828 10.547828
0.14101025 0.096982631 9.6982631
0.14601767 0.095689901 9.5689901
0.15114474 0.089971975 8.9971975
0.15640184 0.079714632 7.9714632
0.16179891 0.073079989 7.3079989
0.16734559 0.070173012 7.0173012
0.1730513 0.070920562 7.0920562
0.1789253 0.079795051 7.9795051
0.18497674 0.08455047 8.455047
0.19121472 0.087863159 8.7863159
0.19764829 0.085929203 8.5929203
