0.0077812074 0.068628338 6.8628338
0.0097959597 0.098885133 9.8885133
0.012332383 0.1130195 11.30195
0.01552555 0.11320312 11.320312
0.019545509 0.10354858 10.354858
0.024606338 0.093736539 9.3736539
0.030977544 0.096503117 9.6503117
0.038998213 0.10306986 10.306986
0.049068395 0.097698946 9.7698946
0.060906494 0.10380082 10.380082
0.070830805 0.10414885 10.414885
0.078038492 0.095632415 9.5632415
0.083991274 0.089465465 8.9465465
0.089310515 0.07983262 7.983262
0.09427391 0.077427261 7.7427261
0.099028726 0.076073387 7.6073387
0.10366339 0.068714798 6.8714798
0.10823605 0.0662493 6.62493
0.11278772 0.062759792 6.2759792
0.11734902 0.059345592 5.9345592
0.12194393 0.06170694 6.170694
0.12659199 0.067538493 6.7538493
0.13130972 0.064689638 6.4689638
0.13611152 0.056626912 5.6626912
0.14101025 0.052727456 5.2727456
0.14601767 0.039990404 3.9990404
0.15114474 0.033813055 3.3813055
0.15640184 0.025610355 2.5610355
0.16179891 0.014279503 1.4279503
0.16734559 0.010675664 1.0675664
0.1730513 0.0016951348 0.16951348
0.1789253 0.0097835631 0.97835631
0.18497674 0.010284823 1.0284823
0.19121472 0.0069697082 0.69697082
0.19764829 0.0014394106 0.14394106
