0.0077812074 0.060502545 6.0502545
0.0097959597 0.091670077 9.1670077
0.012332383 0.10576728 10.576728
0.01552555 0.10504782 10.504782
0.019545509 0.09462373 9.462373
0.024606338 0.087312576 8.7312576
0.030977544 0.092042733 9.2042733
0.038998213 0.10163392 10.163392
0.049068395 0.093846481 9.3846481
0.060906494 0.10215781 10.215781
0.070830805 0.10909259 10.909259
0.078038492 0.09945375 9.945375
0.083991274 0.095935364 9.5935364
0.089310515 0.088798343 8.8798343
0.09427391 0.086890036 8.6890036
0.099028726 0.085876552 8.5876552
0.10366339 0.079820234 7.9820234
0.10823605 0.07874372 7.874372
0.11278772 0.078086074 7.8086074
0.11734902 0.076789199 7.6789199
0.12194393 0.078800008 7.8800008
0.12659199 0.085740342 8.5740342
0.13130972 0.086165129 8.6165129
0.13611152 0.07914214 7.914214
0.14101025 0.073211688 7.3211688
0.14601767 0.065420326 6.5420326
0.15114474 0.059686073 5.9686073
0.15640184 0.050782525 5.0782525
0.16179891 0.041409279 4.1409279
0.16734559 0.037961645 3.7961645
0.1730513 0.032928106 3.2928106
0.1789253 0.041625846 4.1625846
0.18497674 0.043902342 4.3902342
0.19121472 0.043531855 4.3531855
0.19764829 0.038687589 3.8687589
