0.0077812074 0.084948326 8.4948326
0.0097959597 0.10615998 10.615998
0.012332383 0.11567892 11.567892
0.01552555 0.11592794 11.592794
0.019545509 0.10877423 10.877423
0.024606338 0.095323201 9.5323201
0.030977544 0.094144762 9.4144762
0.038998213 0.097096272 9.7096272
0.049068395 0.096495503 9.6495503
0.060906494 0.09804153 9.804153
0.070830805 0.090981573 9.0981573
0.078038492 0.084374744 8.4374744
0.083991274 0.076254371 7.6254371
0.089310515 0.063365471 6.3365471
0.09427391 0.058029607 5.8029607
0.099028726 0.054881726 5.4881726
0.10366339 0.046500419 4.6500419
0.10823605 0.042281487 4.2281487
0.11278772 0.036694949 3.6694949
0.11734902 0.031981954 3.1981954
0.12194393 0.033945585 3.3945585
0.12659199 0.038367338 3.8367338
0.13130972 0.032450357 3.2450357
0.13611152 0.023290163 2.3290163
0.14101025 0.021023503 2.1023503
0.14601767 0.0035097443 0.35097443
0.15114474 0.0042923598 0.42923598
0.15640184 0.012918128 1.2918128
0.16179891 0.02643283 2.643283
0.16734559 0.030646451 3.0646451
0.1730513 0.042781422 4.2781422
0.1789253 0.036150391 3.6150391
0.18497674 0.037228841 3.7228841
0.19121472 0.043073736 4.3073736
0.19764829 0.047531053 4.7531053
