0.0077527214 0.12969662 12.969662
0.0097600979 0.15958972 15.958972
0.012287235 0.16798007 16.798007
0.015468713 0.15743431 15.743431
0.019473956 0.13678811 13.678811
0.024516258 0.12939602 12.939602
0.030864139 0.13504733 13.504733
0.038855462 0.13671228 13.671228
0.048890401 0.12189736 12.189736
0.060718564 0.12815705 12.815705
0.070696213 0.13707589 13.707589
0.077931338 0.12595044 12.595044
0.083896847 0.12692149 12.692149
0.089222772 0.1206967 12.06967
0.094189865 0.11924413 11.924413
0.098946674 0.12035384 12.035384
0.10358225 0.11748971 11.748971
0.10815509 0.12420158 12.420158
0.11270639 0.1311509 13.11509
0.1172669 0.13243083 13.243083
0.12186069 0.13143374 13.143374
0.12650734 0.13371773 13.371773
0.13122343 0.13779836 13.779836
0.13602337 0.13570502 13.570502
0.14092003 0.12631448 12.631448
0.1459252 0.12727326 12.727326
0.15104985 0.12357358 12.357358
0.15630435 0.11948154 11.948154
0.16169865 0.12085103 12.085103
0.16724241 0.11899744 11.899744
0.17294504 0.12511791 12.511791
0.1788158 0.13584792 13.584792
0.18486384 0.14056457 14.056457
0.19109827 0.14705229 14.705229
0.19752812 0.1464122 14.64122
