0.0077812074 0.17478086 17.478086
0.0097959597 0.14419647 14.419647
0.012332383 0.13052526 13.052526
0.01552555 0.13413299 13.413299
0.019545509 0.146755 14.6755
0.024606338 0.12634976 12.634976
0.030977544 0.10569514 10.569514
0.038998213 0.10639375 10.639375
0.049068395 0.10510914 10.510914
0.060906494 0.11455542 11.455542
0.070830805 0.091841618 9.1841618
0.078038492 0.088672672 8.8672672
0.083991274 0.075814919 7.5814919
0.089310515 0.064355987 6.4355987
0.09427391 0.045644276 4.5644276
0.099028726 0.041029083 4.1029083
0.10366339 0.04973269 4.973269
0.10823605 0.027449552 2.7449552
0.11278772 0.015561817 1.5561817
0.11734902 0.018881567 1.8881567
0.12194393 0.020117267 2.0117267
0.12659199 0.028637235 2.8637235
0.13130972 0.021270935 2.1270935
0.13611152 0.0027945448 0.27945448
0.14101025 0.0039903589 0.39903589
0.14601767 0.017162656 1.7162656
0.15114474 0.026146963 2.6146963
0.15640184 0.039300644 3.9300644
0.16179891 0.052982183 5.2982183
0.16734559 0.05683685 5.683685
0.1730513 0.070450183 7.0450183
0.1789253 0.066989004 6.6989004
0.18497674 0.067907615 6.7907615
0.19121472 0.069384873 6.9384873
0.19764829 0.086119318 8.6119318
