0.0077812074 0.10265455 10.265455
0.0097959597 0.12504106 12.504106
0.012332383 0.13230859 13.230859
0.01552555 0.12729514 12.729514
0.019545509 0.11488092 11.488092
0.024606338 0.10551637 10.551637
0.030977544 0.1075819 10.75819
0.038998213 0.11565173 11.565173
0.049068395 0.11329753 11.329753
0.060906494 0.12490988 12.490988
0.070830805 0.13184342 13.184342
0.078038492 0.12461627 12.461627
0.083991274 0.12443044 12.443044
0.089310515 0.1168256 11.68256
0.09427391 0.11183921 11.183921
0.099028726 0.11176582 11.176582
0.10366339 0.10861905 10.861905
0.10823605 0.10358896 10.358896
0.11278772 0.10675211 10.675211
0.11734902 0.11361457 11.361457
0.12194393 0.11648106 11.648106
0.12659199 0.1227925 12.27925
0.13130972 0.12515217 12.515217
0.13611152 0.12293281 12.293281
0.14101025 0.12099166 12.099166
0.14601767 0.11129278 11.129278
0.15114474 0.1043206 10.43206
0.15640184 0.091362105 9.1362105
0.16179891 0.081931 8.1931
0.16734559 0.089465454 8.9465454
0.1730513 0.08669325 8.669325
0.1789253 0.099413243 9.9413243
0.18497674 0.10007762 10.007762
0.19121472 0.10517624 10.517624
0.19764829 0.10050426 10.050426
