0.0065935317 0.0372002 3.72002
0.0083007647 0.010242935 1.0242935
0.010450044 0.0063334752 0.63334752
0.013155825 0.013682484 1.3682484
0.016562203 0.013240074 1.3240074
0.020850578 0.0055286677 0.55286677
0.026249196 0.0089753779 0.89753779
0.033028399 0.0024007101 0.24007101
0.041019033 0.0065538659 0.65538659
0.047759533 0.0062026195 0.62026195
0.052647295 0.00031117951 0.031117951
0.056677354 0.0068787805 0.68787805
0.060275336 0.010480329 1.0480329
0.063630905 0.009243257 0.9243257
0.066844415 0.0061946174 0.61946174
0.069976028 0.0036632367 0.36632367
0.073065252 0.0017378661 0.17378661
0.076139929 0.0011147977 0.11147977
0.07922083 0.0016480187 0.16480187
0.082324206 0.0030398347 0.30398347
0.085463302 0.0042134408 0.42134408
0.088649303 0.0041130426 0.41130426
0.091891947 0.0020151343 0.20151343
0.095199938 0.00058506852 0.058506852
0.09858123 0.0033226708 0.33226708
0.10204323 0.01250464 1.250464
0.10559296 0.0099732721 0.99732721
0.10923714 0.00035165665 0.035165665
0.11298228 0.0035312076 0.35312076
0.11683475 0.011140981 1.1140981
0.1208008 0.006455367 0.6455367
0.12488662 0.0064355934 0.64355934
0.12909835 0.010516158 1.0516158
0.13344209 0.0060003144 0.60003144
0.13792396 0.0099927539 0.99927539
0.14255005 0.014349 1.4349
0.14732647 0.0077184511 0.77184511
0.15225933 0.015979411 1.5979411
0.15735479 0.014177634 1.4177634
0.16261902 0.014119813 1.4119813
0.16805826 0.020821082 2.0821082
0.17367878 0.013913268 1.3913268
0.17948694 0.018815934 1.8815934
0.18548922 0.021418712 2.1418712
0.19169218 0.024085217 2.4085217
0.19810257 0.014929607 1.4929607
