0.0077527214 0.21592817 21.592817
0.0097600979 0.17773522 17.773522
0.012287235 0.17565335 17.565335
0.015468713 0.19018225 19.018225
0.019473956 0.22178693 22.178693
0.024516258 0.20538006 20.538006
0.030864139 0.18441811 18.441811
0.038855462 0.17725772 17.725772
0.048890401 0.17617381 17.617381
0.060718564 0.17993406 17.993406
0.070696213 0.15773257 15.773257
0.077931338 0.15200049 15.200049
0.083896847 0.13525852 13.525852
0.089222772 0.11696783 11.696783
0.094189865 0.10578245 10.578245
0.098946674 0.10851563 10.851563
0.10358225 0.11223226 11.223226
0.10815509 0.091040907 9.1040907
0.11270639 0.079464921 7.9464921
0.1172669 0.077298858 7.7298858
0.12186069 0.069537453 6.9537453
0.12650734 0.076232937 7.6232937
0.13122343 0.07072273 7.072273
0.13602337 0.049608041 4.9608041
0.14092003 0.036728078 3.6728078
0.1459252 0.023152746 2.3152746
0.15104985 0.019789998 1.9789998
0.15630435 0.0076223673 0.76223673
0.16169865 0.011646165 1.1646165
0.16724241 0.01663617 1.663617
0.17294504 0.031023481 3.1023481
0.1788158 0.029107397 2.9107397
0.18486384 0.036812146 3.6812146
0.19109827 0.03661048 3.661048
0.19752812 0.060818079 6.0818079
