0.0077527214 0.16128708 16.128708
0.0097600979 0.17786479 17.786479
0.012287235 0.18818519 18.818519
0.015468713 0.19370502 19.370502
0.019473956 0.19212881 19.212881
0.024516258 0.16918733 16.918733
0.030864139 0.15355372 15.355372
0.038855462 0.14908815 14.908815
0.048890401 0.14406944 14.406944
0.060718564 0.16124748 16.124748
0.070696213 0.14259096 14.259096
0.077931338 0.13535393 13.535393
0.083896847 0.12965266 12.965266
0.089222772 0.12462114 12.462114
0.094189865 0.11344888 11.344888
0.098946674 0.11495491 11.495491
0.10358225 0.12757373 12.757373
0.10815509 0.11000503 11.000503
0.11270639 0.10797384 10.797384
0.1172669 0.11754646 11.754646
0.12186069 0.11166004 11.166004
0.12650734 0.11733511 11.733511
0.13122343 0.11400668 11.400668
0.13602337 0.10370987 10.370987
0.14092003 0.10682667 10.682667
0.1459252 0.093138521 9.3138521
0.15104985 0.090537355 9.0537355
0.15630435 0.086168206 8.6168206
0.16169865 0.075624823 7.5624823
0.16724241 0.08099298 8.099298
0.17294504 0.072693748 7.2693748
0.1788158 0.079270784 7.9270784
0.18486384 0.084497835 8.4497835
0.19109827 0.089577598 8.9577598
0.19752812 0.073962116 7.3962116
