0.0077812074 0.16247668 16.247668
0.0097959597 0.13996464 13.996464
0.012332383 0.12948429 12.948429
0.01552555 0.13223918 13.223918
0.019545509 0.14181909 14.181909
0.024606338 0.12370073 12.370073
0.030977544 0.10552929 10.552929
0.038998213 0.10789002 10.789002
0.049068395 0.10694083 10.694083
0.060906494 0.1191476 11.91476
0.070830805 0.097721166 9.7721166
0.078038492 0.09590356 9.590356
0.083991274 0.084441237 8.4441237
0.089310515 0.07466804 7.466804
0.09427391 0.056959374 5.6959374
0.099028726 0.052565422 5.2565422
0.10366339 0.061825165 6.1825165
0.10823605 0.041050192 4.1050192
0.11278772 0.030576083 3.0576083
0.11734902 0.03494043 3.494043
0.12194393 0.03678052 3.678052
0.12659199 0.045276581 4.5276581
0.13130972 0.038145135 3.8145135
0.13611152 0.020991057 2.0991057
0.14101025 0.016038196 1.6038196
0.14601767 0.0029137477 0.29137477
0.15114474 0.0062472283 0.62472283
0.15640184 0.019146536 1.9146536
0.16179891 0.032027922 3.2027922
0.16734559 0.034277813 3.4277813
0.1730513 0.046970206 4.6970206
0.1789253 0.042986343 4.2986343
0.18497674 0.042639787 4.2639787
0.19121472 0.044150829 4.4150829
0.19764829 0.059671261 5.9671261
