0.0077812074 0.11853366 11.853366
0.0097959597 0.12603396 12.603396
0.012332383 0.12755258 12.755258
0.01552555 0.12597084 12.597084
0.019545509 0.12209986 12.209986
0.024606338 0.11063217 11.063217
0.030977544 0.10464317 10.464317
0.038998213 0.1113581 11.13581
0.049068395 0.11028888 11.028888
0.060906494 0.12541373 12.541373
0.070830805 0.11846818 11.846818
0.078038492 0.11567421 11.567421
0.083991274 0.11111468 11.111468
0.089310515 0.10439043 10.439043
0.09427391 0.093680856 9.3680856
0.099028726 0.091399157 9.1399157
0.10366339 0.095526032 9.5526032
0.10823605 0.083829641 8.3829641
0.11278772 0.081254173 8.1254173
0.11734902 0.087975849 8.7975849
0.12194393 0.091001576 9.1001576
0.12659199 0.098295045 9.8295045
0.13130972 0.095583391 9.5583391
0.13611152 0.086842558 8.6842558
0.14101025 0.085656363 8.5656363
0.14601767 0.073670761 7.3670761
0.15114474 0.065187817 6.5187817
0.15640184 0.052496026 5.2496026
0.16179891 0.041893026 4.1893026
0.16734559 0.046133004 4.6133004
0.1730513 0.038746828 3.8746828
0.1789253 0.047102384 4.7102384
0.18497674 0.04916784 4.916784
0.19121472 0.050442984 5.0442984
0.19764829 0.041082653 4.1082653
