0.0077527214 0.18023877 18.023877
0.0097600979 0.18191472 18.191472
0.012287235 0.19379795 19.379795
0.015468713 0.20237183 20.237183
0.019473956 0.21196568 21.196568
0.024516258 0.1933003 19.33003
0.030864139 0.17856403 17.856403
0.038855462 0.17790255 17.790255
0.048890401 0.17935553 17.935553
0.060718564 0.19639827 19.639827
0.070696213 0.17467235 17.467235
0.077931338 0.16674331 16.674331
0.083896847 0.15870108 15.870108
0.089222772 0.15124157 15.124157
0.094189865 0.13813323 13.813323
0.098946674 0.13868495 13.868495
0.10358225 0.14971731 14.971731
0.10815509 0.12771994 12.771994
0.11270639 0.12189629 12.189629
0.1172669 0.12847168 12.847168
0.12186069 0.11961612 11.961612
0.12650734 0.12506748 12.506748
0.13122343 0.11948444 11.948444
0.13602337 0.10323436 10.323436
0.14092003 0.10086967 10.086967
0.1459252 0.085711996 8.5711996
0.15104985 0.079941008 7.9941008
0.15630435 0.068978341 6.8978341
0.16169865 0.051095861 5.1095861
0.16724241 0.049656516 4.9656516
0.17294504 0.038530819 3.8530819
0.1788158 0.040501606 4.0501606
0.18486384 0.03646542 3.646542
0.19109827 0.03167836 3.167836
0.19752812 0.014895821 1.4895821
