0.0077812074 0.15632655 15.632655
0.0097959597 0.13781098 13.781098
0.012332383 0.12892026 12.892026
0.01552555 0.13121376 13.121376
0.019545509 0.13920718 13.920718
0.024606338 0.12214449 12.214449
0.030977544 0.10532599 10.532599
0.038998213 0.10842868 10.842868
0.049068395 0.10759745 10.759745
0.060906494 0.12087528 12.087528
0.070830805 0.10048244 10.048244
0.078038492 0.099091125 9.9091125
0.083991274 0.088393832 8.8393832
0.089310515 0.079330715 7.9330715
0.09427391 0.062249517 6.2249517
0.099028726 0.058011771 5.8011771
0.10366339 0.067257509 6.7257509
0.10823605 0.047372915 4.7372915
0.11278772 0.037705159 3.7705159
0.11734902 0.042528731 4.2528731
0.12194393 0.044629231 4.4629231
0.12659199 0.053065515 5.3065515
0.13130972 0.046184268 4.6184268
0.13611152 0.029824333 2.9824333
0.14101025 0.025669715 2.5669715
0.14601767 0.012589749 1.2589749
0.15114474 0.0033865317 0.33865317
0.15640184 0.0094196362 0.94196362
0.16179891 0.021940233 2.1940233
0.16734559 0.023370871 2.3370871
0.1730513 0.035542878 3.5542878
0.1789253 0.031213423 3.1213423
0.18497674 0.030346277 3.0346277
0.19121472 0.031767701 3.1767701
0.19764829 0.046627309 4.6627309
