0.0077812074 0.20690995 20.690995
0.0097959597 0.15252901 15.252901
0.012332383 0.12964838 12.964838
0.01552555 0.13525648 13.525648
0.019545509 0.15565124 15.565124
0.024606338 0.12725536 12.725536
0.030977544 0.10139084 10.139084
0.038998213 0.095807798 9.5807798
0.049068395 0.09292856 9.292856
0.060906494 0.089643885 8.9643885
0.070830805 0.06956347 6.956347
0.078038492 0.058606026 5.8606026
0.083991274 0.042873708 4.2873708
0.089310515 0.024579536 2.4579536
0.09427391 0.0049176211 0.49176211
0.099028726 0.00029590004 0.029590004
0.10366339 0.0029274367 0.29274367
0.10823605 0.021536706 2.1536706
0.11278772 0.035942949 3.5942949
0.11734902 0.036504716 3.6504716
0.12194393 0.037540998 3.7540998
0.12659199 0.029663471 2.9663471
0.13130972 0.035770776 3.5770776
0.13611152 0.05603945 5.603945
0.14101025 0.069714472 6.9714472
0.14601767 0.08293432 8.293432
0.15114474 0.090885018 9.0885018
0.15640184 0.10537553 10.537553
0.16179891 0.12206234 12.206234
0.16734559 0.13028634 13.028634
0.1730513 0.14576522 14.576522
0.1789253 0.14266896 14.266896
0.18497674 0.14861647 14.861647
0.19121472 0.14851933 14.851933
0.19764829 0.16796949 16.796949
