0.0077527214 0.20310326 20.310326
0.0097600979 0.1828421 18.28421
0.012287235 0.18798075 18.798075
0.015468713 0.20178553 20.178553
0.019473956 0.22577392 22.577392
0.024516258 0.20732727 20.732727
0.030864139 0.18679422 18.679422
0.038855462 0.18218078 18.218078
0.048890401 0.18279439 18.279439
0.060718564 0.19371261 19.371261
0.070696213 0.16878079 16.878079
0.077931338 0.16229961 16.229961
0.083896847 0.14897318 14.897318
0.089222772 0.13643078 13.643078
0.094189865 0.12366324 12.366324
0.098946674 0.1252637 12.52637
0.10358225 0.13404167 13.404167
0.10815509 0.11073521 11.073521
0.11270639 0.1009167 10.09167
0.1172669 0.10302778 10.302778
0.12186069 0.094313314 9.4313314
0.12650734 0.10096303 10.096303
0.13122343 0.094825946 9.4825946
0.13602337 0.074806112 7.4806112
0.14092003 0.067397854 6.7397854
0.1459252 0.053115181 5.3115181
0.15104985 0.048772703 4.8772703
0.15630435 0.037552822 3.7552822
0.16169865 0.018869973 1.8869973
0.16724241 0.015124919 1.5124919
0.17294504 0.0019404863 0.19404863
0.1788158 0.0036691285 0.36691285
0.18486384 0.0024230725 0.24230725
0.19109827 0.0048058075 0.48058075
0.19752812 0.025901806 2.5901806
