0.0077527214 0.061474033 6.1474033
0.0097600979 0.053764529 5.3764529
0.012287235 0.055705371 5.5705371
0.015468713 0.068268455 6.8268455
0.019473956 0.08406909 8.406909
0.024516258 0.064002173 6.4002173
0.030864139 0.043024672 4.3024672
0.038855462 0.037294742 3.7294742
0.048890401 0.036423843 3.6423843
0.060718564 0.05284937 5.284937
0.070696213 0.035744236 3.5744236
0.077931338 0.034048842 3.4048842
0.083896847 0.026802568 2.6802568
0.089222772 0.020461367 2.0461367
0.094189865 0.010805045 1.0805045
0.098946674 0.01503161 1.503161
0.10358225 0.029483041 2.9483041
0.10815509 0.011541834 1.1541834
0.11270639 0.0065072371 0.65072371
0.1172669 0.014207522 1.4207522
0.12186069 0.011954129 1.1954129
0.12650734 0.0232683 2.32683
0.13122343 0.022412071 2.2412071
0.13602337 0.0096018904 0.96018904
0.14092003 0.009616261 0.9616261
0.1459252 0.00016571135 0.016571135
0.15104985 0.0011840773 0.11840773
0.15630435 0.0016553063 0.16553063
0.16169865 0.012198029 1.2198029
0.16724241 0.0086794 0.86794
0.17294504 0.015902086 1.5902086
0.1788158 0.0063291621 0.63291621
0.18486384 0.00035479671 0.035479671
0.19109827 0.010018528 1.0018528
0.19752812 0.0075940096 0.75940096
