-26.22621 -8.5725447 -1.9101493 0.0032648371
-25.568258 -8.4288666 -1.960396 0.003549136
-26.200198 -8.646724 -2.0370396 0.00386253
-27.36875 -9.026294 -2.1269852 0.0042082347
-28.41341 -9.371684 -2.2175402 0.0045898162
-29.502182 -9.7311645 -2.3119777 0.005011231
-30.622222 -10.101243 -2.4101846 0.005476872
-31.78241 -10.484402 -2.5124408 0.0059916185
-32.981513 -10.880359 -2.6188468 0.0065608941
-34.222213 -11.289876 -2.7295725 0.0071907303
-35.505021 -11.713132 -2.844751 0.0078878389
-36.831615 -12.150603 -2.9645346 0.0086596938
-38.202947 -12.602569 -3.0890625 0.0095146215
-39.620413 -13.069412 -3.2184792 0.010461904
-41.085099 -13.551425 -3.3529211 0.011511897
-42.598277 -14.048928 -3.4925229 0.012676167
-44.16105 -14.562183 -3.6374107 0.013967639
-45.774591 -15.091448 -3.7877042 0.015400727
-47.439948 -15.636926 -3.9435126 0.016991438
-49.15817 -16.198794 -4.104935 0.018757482
-50.930178 -16.777175 -4.2720571 0.020718455
-52.75684 -17.372144 -4.4449496 0.022896192
-54.63888 -17.983706 -4.6236616 0.025315265
-56.57692 -18.611793 -4.8082164 0.028003533
-58.571411 -19.25624 -4.9986044 0.030992642
-60.622677 -19.916785 -5.1947788 0.034318453
-62.730767 -20.593036 -5.396648 0.038021469
-64.894041 -21.283953 -5.604035 0.042147329
-67.084667 -21.955557 -5.8108587 0.046747386
-69.080028 -22.350885 -5.9717957 0.051879374
-71.103762 -22.727918 -6.1320784 0.057608163
-73.14484 -23.081043 -6.2907506 0.064006608
-75.196333 -23.405344 -6.4467959 0.071156529
-77.252634 -23.695989 -6.5990882 0.079149824
-79.306496 -23.94734 -6.7463186 0.088089824
-81.349419 -24.152917 -6.8869461 0.098095814
-83.371426 -24.3053 -7.0191721 0.10930432
-85.382505 -24.410449 -7.1442593 0.1216101
-87.405867 -24.48314 -7.265599 0.13474764
-89.442455 -24.523055 -7.3831496 0.14872897
-91.489584 -24.52743 -7.4962886 0.16361247
-93.545178 -24.493933 -7.6044758 0.17945008
-95.607154 -24.420251 -7.7071588 0.1962951
-97.673464 -24.304109 -7.8037728 0.21420234
-99.742114 -24.143301 -7.8937437 0.23322823
-101.81098 -23.935637 -7.9764872 0.25343049
-103.87895 -23.679209 -8.0514282 0.27486764
-105.74316 -23.175649 -8.0848755 0.29759815
-107.34205 -22.370043 -8.0675633 0.32167951
-108.88164 -21.465669 -8.0335935 0.34716714
-110.35448 -20.457506 -7.9819465 0.37411296
-111.75532 -19.341237 -7.9116761 0.40256376
-113.07977 -18.113015 -7.8219207 0.43255855
-114.32333 -16.769047 -7.711835 0.46413322
-115.47969 -15.304381 -7.5803065 0.49734227
-116.54095 -13.71311 -7.4259914 0.53225579
-117.49902 -11.989229 -7.247502 0.56894477
-118.34569 -10.126709 -7.0434182 0.60748008
-119.07272 -8.119498 -6.8122923 0.64793146
-119.67178 -5.9615561 -6.5526645 0.69036523
-120.13506 -3.647009 -6.2630897 0.73484193
-120.28194 -1.0237069 -5.9185346 0.78141449
-120.17039 1.8546597 -5.5273899 0.83012653
-119.86475 4.9308184 -5.0985441 0.88101049
-119.3543 8.2117976 -4.6305239 0.93408469
-118.62884 11.704316 -4.1219568 0.98935249
-117.67658 15.415959 -3.5713381 1.0468187
-116.48287 19.356019 -2.976836 1.106505
-115.0317 23.53465 -2.3364463 1.1684393
-113.30672 27.962363 -1.6481001 1.2326467
-111.29106 32.650097 -0.90968559 1.2991432
-108.96652 37.609393 -0.11907555 1.3679292
-106.60983 42.625772 0.69063991 1.4389873
-104.18895 47.726792 1.5242389 1.5122822
-101.47041 53.090928 2.4096494 1.5877612
-98.438167 58.728455 3.3484501 1.6653545
-95.073492 64.650982 4.3423181 1.744984
-91.354641 70.871926 5.3931632 1.8265761
-87.257906 77.406203 6.5031011 1.9100611
-82.75784 84.270118 7.6744089 1.9953666
-77.824974 91.482014 8.9095279 2.0824078
-73.917379 98.005878 10.052076 2.1710834
-69.915781 104.65126 11.22453 2.2612804
-65.604539 111.57226 12.449631 2.3528844
-60.957747 118.78614 13.729318 2.4457844
-55.946695 126.31173 15.065618 2.5398652
-50.54146 134.16893 16.460614 2.6350075
-44.708463 142.38013 17.916671 2.7310979
-38.985807 150.58336 19.379638 2.8280307
-34.767293 157.85791 20.71436 2.9257105
-30.300388 165.3906 22.094748 3.0240698
-25.550724 173.20596 23.523545 3.12308
-20.481807 181.3291 25.003437 3.2227116
-15.058463 189.78437 26.536793 3.3229165
-9.2406711 198.59866 28.126311 3.4236657
-4.3596104 206.92277 29.649295 3.5249725
-0.39454611 214.78759 31.110519 3.6269088
3.8005528 222.93161 32.615596 3.729624
8.2691128 231.38358 34.168295 3.8333129
13.05065 240.169 35.771805 3.9381564
18.185851 249.31283 37.429227 4.0443449
23.004198 258.40184 39.08245 4.1521344
27.556776 267.47226 40.737456 4.2618774
32.4618 276.90222 42.448319 4.3740221
37.767833 286.71634 44.21961 4.4890478
43.51781 296.93384 46.055184 4.6074175
49.873457 307.64219 47.968512 4.7296129
57.249477 319.07449 49.993402 4.8561776
65.285653 331.00038 52.100313 4.9877176
74.036432 343.43562 54.294123 5.1248534
83.550895 356.39028 56.579084 5.2681693
94.757299 370.38076 59.028269 5.4182093
108.10695 385.63506 61.675054 5.5754792
122.6113 401.54924 64.440433 5.7404264
138.33225 418.12898 67.328467 5.9134239
155.32968 435.37755 70.342896 6.0947454
175.21404 454.17184 73.6038 6.2845026
196.68292 473.73414 77.008942 6.4825951
219.80753 494.06889 80.560681 6.6887436
244.67409 515.1903 84.262395 6.9025247
270.09608 536.41009 88.024081 7.1232842
297.00722 558.22192 91.91089 7.3500485
325.77694 580.80269 95.944487 7.5815913
356.25 604.04424 100.10823 7.8165145
382.80042 624.87193 103.99792 8.0532094
410.94465 646.29855 108.00368 8.2898394
440.85033 668.40775 112.13029 8.5244164
467.17523 688.33308 116.00037 8.7548763
490.05035 706.18672 119.62373 8.9791371
514.17105 724.51268 123.32155 9.1951353
536.88844 741.92731 126.90731 9.4008662
551.00985 754.67557 129.89323 9.5945204
565.74341 767.69028 132.90402 9.7745702
580.07826 780.47517 135.86738 9.9397751
585.1513 788.44281 138.19382 10.089351
590.44511 796.61445 140.51642 10.223107
595.12373 804.58476 142.77817 10.341348
594.54014 809.97884 144.67643 10.444975
594.25206 815.69819 146.57619 10.535598
594.28165 821.75247 148.47858 10.615361
594.64482 828.13447 150.38474 10.686932
595.90215 835.10013 152.33115 10.753482
601.74784 844.47864 154.55133 10.818448
610.75256 855.46679 156.95185 10.885393
622.93075 867.98844 159.53166 10.95784
643.20359 884.42907 162.59413 11.038984
666.29176 902.02246 165.80549 11.13146
695.82784 922.49528 169.38621 11.237106
729.68004 944.68465 173.19861 11.356698
765.84328 967.51644 177.11455 11.489834
804.14596 990.8558 181.11852 11.634877
843.16687 1013.9732 185.11925 11.78899
877.72855 1034.3186 188.80143 11.94828
912.76641 1054.3721 192.4591 12.108013
936.38299 1068.3495 195.38045 12.262943
960.25253 1082.0886 198.26137 12.407706
969.11979 1088.2289 200.19951 12.537275
977.2488 1093.8724 202.04013 12.64742
972.68083 1093.3 203.08316 12.735144
966.7179 1092.1136 203.99378 12.799053
954.68995 1088.1092 204.50169 12.839569
943.38086 1084.6007 205.00226 12.859002
933.05435 1081.6949 205.51039 12.861375
928.55531 1081.662 206.30296 12.852052
928.55732 1083.7603 207.30091 12.837211
939.65942 1091.0261 208.87664 12.823147
956.66737 1100.8284 210.72972 12.81545
982.00792 1114.1975 212.99315 12.818203
1011.3264 1128.9521 215.41696 12.833428
1043.7704 1144.6278 217.95048 12.860748
1072.7513 1158.0874 220.22318 12.897367
1096.7083 1168.6413 222.14921 12.938559
1115.9711 1176.5418 223.74957 12.978352
1123.0523 1178.384 224.61263 13.010126
1119.7748 1175.1757 224.84292 13.027666
1110.3636 1169.0329 224.676 13.026628
1096.3022 1160.7398 224.1957 13.00537
1080.8385 1151.8559 223.58082 12.964982
1069.2263 1144.8178 223.11704 12.909064
1063.5439 1140.5188 222.91516 12.843127
1065.7313 1139.7516 223.07784 12.773507
1076.3579 1142.6586 223.63354 12.706075
1092.1548 1147.6153 224.4047 12.644967
1110.1133 1153.1645 225.22969 12.591683
1126.1072 1157.3882 225.88874 12.544891
1136.5835 1158.6926 226.19462 12.500894
1139.8775 1156.4021 226.0619 12.454572
1135.0736 1150.2068 225.44453 12.400579
1122.6934 1140.4491 224.37156 12.33473
1108.6067 1129.8942 223.15393 12.255356
1095.7458 1119.8947 221.94605 12.163825
1087.9106 1112.1498 220.94761 12.063925
1086.5525 1107.2475 220.23474 11.960553
1090.1673 1104.4187 219.72937 11.858122
1096.4476 1102.5557 219.31275 11.759192
1101.35 1099.8028 218.77643 11.663781
1101.6997 1094.7484 217.95763 11.569582
1096.568 1087.0352 216.81002 11.473076
1086.8473 1077.1373 215.38078 11.371018
1074.7626 1066.1126 213.78513 11.261641
1063.506 1055.4227 212.1878 11.145248
1055.2138 1046.0142 210.6994 11.023955
1050.331 1038.0495 209.34457 10.900686
1048.1117 1031.1562 208.08763 10.777854
1044.9858 1023.7063 206.74844 10.656366
1040.5377 1015.5287 205.30796 10.535465
1032.1313 1005.4657 203.63266 10.413341
1021.6802 994.41838 201.82032 10.288185
1010.1412 982.83928 199.91974 10.159218
999.9536 971.82877 198.05578 10.027029
991.17507 961.39821 196.23339 9.8931508
984.68231 951.92702 194.49955 9.7591047
976.39628 941.57614 192.65043 9.6255552
969.01176 931.56716 190.82351 9.4921667
957.51404 919.66556 188.76671 9.3580365
947.63578 908.46186 186.76901 9.2224177
935.28004 896.12733 184.62559 9.0852248
925.64247 884.99189 182.59914 8.9470271
915.10087 873.43037 180.51052 8.8086167
905.50829 862.27311 178.45441 8.6704342
894.61581 850.51985 176.31953 8.5324144
883.55223 838.68369 174.16286 8.3942532
871.91616 826.59257 171.96515 8.2557829
860.63174 814.66299 169.77371 8.1171598
849.35643 802.74291 167.5732 7.9787713
838.80449 791.1507 165.40052 7.8409547
827.11065 779.0576 163.16417 7.7037893
816.45219 767.43768 160.97274 7.5671652
803.7552 754.92905 158.67523 7.4309875
793.33246 743.45446 156.48619 7.2953275
780.49407 730.93418 154.17564 7.1602994
769.71776 719.36197 151.9657 7.0259674
757.13126 707.02292 149.66669 6.8923608
745.59461 695.19026 147.42032 6.7595039
733.63129 683.2117 145.15503 6.6275107
721.80341 671.33925 142.89947 6.4964905
709.96617 659.511 140.64741 6.3665208
698.28635 647.80182 138.40776 6.2377019
686.62927 636.15308 136.17463 6.1101166
675.05965 624.59588 133.95197 5.9837879
663.05862 612.90338 131.71529 5.8587359
652.09187 601.72473 129.53689 5.7350256
639.84234 590.03824 127.30448 5.6126828
629.0918 579.07449 125.15443 5.491732
616.99547 567.58015 122.94901 5.3721927
606.0401 556.65556 120.81002 5.2540551
594.28199 545.44657 118.64372 5.1373115
582.9394 534.4928 116.50999 5.0219793
571.91816 523.7532 114.40481 4.9081435
560.54734 512.93283 112.29606 4.7958574
549.75249 502.43998 110.22906 4.68515
538.76196 491.9354 108.16683 4.5760546
527.89675 481.561 106.12531 4.4685886
517.49266 471.46473 104.12114 4.3627789
506.50664 461.18872 102.1043 4.2586274
496.54749 451.44112 100.15291 4.1561308
485.57883 441.32833 98.16906 4.0552704
475.76893 431.80329 96.257728 3.9560636
465.46523 422.1399 94.339522 3.8585488
455.41481 412.66759 92.450833 3.7626926
445.56112 403.36345 90.589315 3.6684482
435.33244 393.97765 88.727743 3.5758083
426.16326 385.13837 86.935217 3.4848299
416.19944 376.03112 85.122633 3.3955538
407.25947 367.45284 83.377526 3.3079762
397.69645 358.68228 81.621009 3.2220617
388.55017 350.17622 79.903248 3.137767
379.6773 341.87179 78.217495 3.0550974
370.4698 333.5028 76.534663 2.9740394
362.00479 325.54026 74.906374 2.8945969
353.23064 317.52252 73.282144 2.8167844
344.82549 309.74471 71.694353 2.7406173
336.90805 302.25699 70.148639 2.6661123
328.20118 294.50149 68.58408 2.5931985
320.69571 287.35054 67.096079 2.521799
311.97201 279.74591 65.56898 2.451905
305.11349 273.03368 64.149964 2.3835569
296.67056 265.70508 62.674209 2.3167419
289.76997 259.12698 61.291088 2.2514098
281.9295 252.2151 59.882174 2.1875279
274.74405 245.66671 58.523532 2.1250532
267.63015 239.22562 57.187103 2.0640019
260.58505 232.88883 55.872453 2.004384
253.79595 226.73639 54.588228 1.9461954
247.23777 220.75564 53.332953 1.8894254
240.37794 214.71234 52.081026 1.8340645
234.71946 209.26032 50.903829 1.7801136
227.47083 203.18192 49.668576 1.7275004
222.33408 198.09272 48.55146 1.6761697
215.11195 192.16166 47.352772 1.6260955
210.27646 187.33831 46.285052 1.5772681
203.46534 181.72038 45.140877 1.5296528
198.31339 176.89327 44.092898 1.4831975
192.33625 171.77243 43.022748 1.4379165
187.02327 167.00565 42.000821 1.3938025
181.60427 162.25557 40.990188 1.3508508
176.46668 157.68934 40.008899 1.3090511
171.21457 153.13294 39.037855 1.2683855
166.59028 148.90826 38.111973 1.228835
161.14052 144.38055 37.162018 1.1903838
157.41642 140.65891 36.308763 1.1530289
151.49476 136.03479 35.366218 1.1167101
148.37664 132.68559 34.571482 1.0813989
142.46368 128.17477 33.659366 1.0470347
139.09825 124.82962 32.88298 1.013558
133.97822 120.77606 32.038133 0.98098482
130.26071 117.38728 31.273992 0.94930419
125.88085 113.76273 30.492331 0.91852294
122.05867 110.4318 29.750556 0.8886325
118.04453 107.06696 29.012865 0.85961639
114.42169 103.92074 28.30657 0.83145746
110.42989 100.66121 27.595414 0.80413647
107.32301 97.832595 26.938444 0.77763481
103.02104 94.528703 26.236968 0.75193855
100.80073 92.172706 25.645819 0.72705261
95.999071 88.737477 24.944728 0.70290952
94.091642 86.604974 24.392653 0.67947038
89.511247 83.355109 23.72647 0.65669931
87.152496 81.117251 23.177302 0.63455347
83.460539 78.343734 22.576556 0.61306687
80.763939 76.045448 22.0339 0.59223788
77.592536 73.582266 21.479578 0.57205506
74.825057 71.335257 20.954846 0.55250536
71.855835 69.040425 20.430862 0.5335728
69.298766 66.963879 19.936401 0.51524207
66.222614 64.700262 19.427275 0.49749743
64.168502 62.918557 18.97607 0.48032662
60.70311 60.560812 18.467747 0.46371336
59.380647 59.170329 18.070115 0.44766122
55.493991 56.704009 17.561493 0.43210384
54.108252 55.364577 17.180885 0.41699969
50.713836 53.192735 16.715266 0.4023568
48.861862 51.731965 16.331979 0.38815657
46.10278 49.917883 15.91517 0.37440741
43.925565 48.39767 15.534967 0.36110071
41.470185 46.798787 15.150812 0.34822125
39.196037 45.322251 14.784393 0.33575411
36.734037 43.80998 14.418506 0.32367928
34.573808 42.477579 14.076424 0.31197757
31.775188 40.920906 13.714325 0.30062288
29.918577 39.831692 13.407312 0.28959569
26.47246 38.120396 13.03763 0.27882406
24.472941 37.118257 12.74949 0.26824799
20.501355 35.360399 12.384898 0.25775469
17.487198 34.147612 12.084257 0.2472087
12.82844 32.402004 11.734541 0.23625795
7.3741792 30.575757 11.382915 0.22449823
7.2363656 31.588314 11.392288 0.20955879
-37.480968 14.913855 9.3374409 0.17052772
-302.23347 -96.70212 -3.9740653 0.12648692
