-52.742875 -33.435935 -10.909508 0.023710518
-52.223054 -33.341891 -11.092814 0.025775202
-53.739716 -34.403555 -11.506824 0.028051186
-56.116363 -35.995094 -12.03113 0.030561821
-58.324007 -37.502687 -12.549014 0.033333005
-60.625928 -39.07933 -13.090098 0.036393473
-63.003197 -40.71556 -13.652967 0.039775126
-65.470877 -42.420783 -14.239814 0.0435134
-68.028284 -44.195822 -14.851197 0.047647683
-70.680915 -46.044885 -15.488325 0.052221778
-73.430934 -47.97047 -16.152078 0.057284428
-76.282392 -49.976133 -16.84354 0.06288991
-79.238275 -52.064943 -17.563698 0.069098695
-82.302338 -54.240437 -18.313618 0.07597819
-85.477922 -56.50601 -19.09433 0.083603606
-88.76874 -58.865317 -19.906898 0.092058942
-92.178322 -61.321993 -20.752359 0.10143806
-95.710398 -63.879841 -21.631755 0.11184563
-99.368593 -66.542682 -22.546101 0.12339792
-103.15663 -69.314451 -23.496391 0.13622353
-107.07813 -72.199106 -24.483578 0.15046479
-111.13674 -75.200673 -25.508564 0.16628026
-115.336 -78.32318 -26.572182 0.18384838
-119.6794 -81.570673 -27.675173 0.20337149
-124.17027 -84.947156 -28.818159 0.22507941
-128.8119 -88.456612 -30.001628 0.24923257
-133.60725 -92.102923 -31.225897 0.27612512
-138.55682 -95.888251 -32.490764 0.30608849
-143.58408 -99.702308 -33.762316 0.33949564
-148.06785 -102.67306 -34.781334 0.37676586
-152.64292 -105.69026 -35.80936 0.41837023
-157.2937 -108.74273 -36.841907 0.46483786
-162.01106 -111.82192 -37.874523 0.51676296
-166.78802 -114.91995 -38.902399 0.57481291
-171.61509 -118.02686 -39.919787 0.63973814
-176.4809 -121.13067 -40.919813 0.71240494
-181.37182 -124.21703 -41.894322 0.79380484
-186.30417 -127.3026 -42.84919 0.88317341
-191.31422 -130.42492 -43.80015 0.97858247
-196.4049 -133.587 -44.747303 1.0801193
-201.57376 -136.78625 -45.688087 1.188208
-206.81925 -140.02111 -46.620299 1.3032257
-212.13985 -143.29009 -47.541657 1.4255594
-217.53409 -146.59184 -48.449808 1.5556072
-223.0006 -149.92518 -49.342348 1.693779
-228.53782 -153.28896 -50.216791 1.8404938
-234.14579 -156.68283 -51.070723 1.9961767
-239.32275 -159.44474 -51.711284 2.1612522
-243.92875 -161.39752 -52.086086 2.3361381
-248.48423 -163.23216 -52.392031 2.5212365
-252.97709 -164.93738 -52.623851 2.7169247
-257.39854 -166.50372 -52.776701 2.9235423
-261.74095 -167.92274 -52.84611 3.1413729
-265.9964 -169.18585 -52.827626 3.3706769
-270.15409 -170.28155 -52.715485 3.6118501
-274.20069 -171.19579 -52.502773 3.8654016
-278.12235 -171.91399 -52.18232 4.131847
-281.90494 -172.42123 -51.746766 4.4117008
-285.53396 -172.70221 -51.188588 4.7054696
-288.99468 -172.74131 -50.500141 5.013635
-292.27286 -172.52299 -49.673777 5.3366366
-294.96404 -171.54597 -48.566016 5.6748588
-297.20849 -169.99252 -47.225486 6.0286184
-299.15672 -168.05517 -45.703445 6.3981511
-300.78802 -165.7121 -43.991321 6.7835897
-302.08217 -162.94168 -42.080887 7.1849588
-303.0162 -159.71958 -39.963088 7.6022933
-303.56248 -156.0167 -37.627134 8.0357504
-303.69093 -151.80134 -35.061394 8.4855334
-303.37055 -147.04047 -32.253991 8.9518238
-302.56915 -141.69951 -29.192811 9.4347378
-301.25199 -135.74161 -25.865439 9.9342792
-300.00615 -129.86968 -22.461769 10.450321
-298.75733 -123.99114 -18.953526 10.982607
-297.01265 -117.52029 -15.178971 11.530754
-294.74037 -110.42255 -11.127633 12.094256
-291.90425 -102.65921 -6.7882331 12.672545
-288.463 -94.186444 -2.1481824 13.265087
-284.37192 -84.956407 2.8060117 13.871375
-279.58315 -74.917564 8.0884706 14.490885
-274.04216 -64.012638 13.714318 15.122999
-270.67606 -55.600658 18.785173 15.766982
-267.21367 -47.053867 24.007376 16.422015
-263.22332 -37.876139 29.513606 17.087265
-258.65782 -28.016274 35.31708 17.761926
-253.46528 -17.418658 41.431593 18.445164
-247.5915 -6.0247962 47.870969 19.13611
-240.9763 6.22989 54.650208 19.833941
-234.66776 18.173077 61.458975 20.53789
-231.34299 26.842893 67.520932 21.247264
-227.60079 36.044045 73.838013 21.961572
-223.38272 45.840545 80.427231 22.680607
-218.62664 56.298783 87.305282 23.404155
-213.27191 67.483549 94.486968 24.131867
-207.25021 79.466581 101.98865 24.863531
-203.06651 89.525147 109.10491 25.599244
-200.66151 97.74837 115.8635 26.339529
-197.88728 106.47305 122.872 27.085471
-194.67272 115.77233 130.15171 27.838484
-190.95203 125.71278 137.72055 28.599881
-186.65719 136.3616 145.59607 29.371047
-183.02367 146.39877 153.44353 30.153839
-179.95406 155.93155 161.29643 30.950818
-176.32309 166.14834 169.46435 31.765239
-172.05032 177.12243 177.97169 32.600582
-167.06307 188.91729 186.83904 33.46021
-161.07484 201.81684 196.1428 34.347621
-153.34983 216.56633 206.07628 35.266763
-144.54328 232.45677 216.46777 36.222037
-134.56116 249.56207 227.34328 37.217949
-123.31652 267.94704 238.72562 38.258742
-109.16798 289.27094 251.03429 39.348368
-91.332266 314.29172 264.46079 40.490498
-71.559443 341.17071 278.55027 41.688383
-49.736835 369.98757 293.32602 42.944732
-25.753719 400.8198 308.80952 44.261531
3.1989493 436.47433 325.69236 45.639592
34.849103 474.5996 343.38889 47.078186
69.327248 515.28856 361.91664 48.575286
106.7893 558.66199 381.29826 50.127814
145.20329 602.65592 401.01905 51.731022
186.19438 648.8788 421.45997 53.377839
230.40284 697.94403 442.75422 55.059357
277.56542 749.56746 464.81402 56.765425
318.11417 794.27202 485.32236 58.48436
361.4765 841.42122 506.53599 60.202823
407.92835 891.28124 528.49533 61.906377
448.43834 934.99142 549.03992 63.580031
483.27083 972.884 568.23931 65.208665
520.34776 1012.765 587.95695 66.777294
555.20423 1050.3064 607.13246 68.27136
575.8105 1073.8789 622.97151 69.677721
597.60282 1098.58 639.08295 70.985284
618.86335 1122.7783 655.06379 72.18504
624.83914 1132.2849 667.53347 73.271297
631.31339 1142.419 680.14568 74.242658
636.86642 1151.8367 692.58072 75.101355
633.79898 1153.1824 703.10344 75.853919
631.29057 1155.2854 713.81813 76.512037
629.35132 1158.1404 724.7315 77.091299
627.98834 1161.725 735.84739 77.611062
628.10851 1166.8565 747.3698 78.094358
635.74856 1179.193 760.63244 78.566156
648.54672 1196.3903 775.08509 79.052322
666.52154 1218.3609 790.70533 79.578449
697.68547 1252.5426 809.21883 80.167734
733.43735 1290.696 828.68292 80.839316
779.69114 1338.2714 850.34258 81.60654
832.99362 1391.9156 873.38233 82.475048
890.11766 1448.5284 897.04469 83.441912
950.80991 1507.8279 921.22547 84.49525
1012.7961 1567.6764 945.39091 85.614454
1067.7598 1620.3593 967.72608 86.771254
1123.6665 1673.3543 989.93055 87.931273
1161.416 1709.0321 1007.9252 89.056413
1199.762 1744.9167 1025.7392 90.10772
1214.2594 1758.5306 1038.2132 91.048679
1227.7447 1771.1391 1050.2482 91.848578
1221.0881 1765.2276 1057.857 92.485649
1212.3222 1757.5285 1064.9065 92.949766
1193.974 1741.2333 1069.8762 93.244001
1176.822 1726.2628 1075.0664 93.385123
1161.2565 1712.935 1080.574 93.402359
1154.9466 1708.1775 1087.989 93.334647
1155.7712 1709.9148 1096.8367 93.226867
1174.1731 1727.512 1109.2218 93.124737
1201.9283 1753.2965 1123.3635 93.068838
1242.8856 1790.6198 1139.9669 93.088828
1290.1863 1833.1306 1157.5328 93.199394
1342.5084 1879.5706 1175.7173 93.397805
1389.4962 1920.5591 1192.3563 93.663735
1428.7171 1953.9711 1206.947 93.96288
1460.6988 1980.4091 1219.6169 94.251866
1473.6896 1989.4311 1228.0236 94.482618
1470.5551 1983.8074 1232.8245 94.609997
1457.8992 1969.6341 1235.4509 94.602459
1438.0176 1949.0703 1236.4524 94.448082
1415.9697 1926.6955 1236.9031 94.154772
1399.9468 1909.8211 1238.4692 93.748679
1393.1769 1901.2353 1241.781 93.26983
1398.6806 1903.5011 1247.391 92.764232
1417.3471 1917.2638 1255.3986 92.274528
1444.0961 1937.8627 1264.7041 91.830748
1474.2625 1961.0708 1274.3054 91.443787
1501.4459 1981.1853 1282.8904 91.103973
1520.1369 1993.3693 1289.3671 90.784454
1527.7552 1995.4461 1293.2595 90.448056
1522.8769 1986.288 1294.3429 90.055946
1506.3009 1966.725 1292.8482 89.57773
1487.1028 1944.8763 1290.6353 89.001298
1469.8025 1924.743 1288.6385 88.33658
1460.2673 1911.4581 1288.0112 87.611083
1460.7378 1906.9057 1289.1551 86.86037
1468.8946 1908.9396 1291.557 86.116489
1481.1855 1914.3632 1294.4631 85.398038
1491.3828 1917.6763 1296.6201 84.705141
1494.5978 1914.6183 1297.0726 84.02104
1489.399 1904.0088 1295.5749 83.320193
1477.1534 1887.1307 1292.4442 82.57902
1461.2754 1867.0386 1288.392 81.784698
1446.6657 1848.0479 1284.3979 80.939425
1436.6022 1833.0059 1281.1001 80.058565
1431.7685 1822.4626 1278.6118 79.163353
1431.0228 1815.3755 1276.6811 78.271318
1428.8902 1806.9328 1274.2298 77.389041
1424.7365 1796.6011 1271.1303 76.511031
1414.5192 1780.8816 1266.621 75.624134
1401.1666 1762.3795 1261.2907 74.715226
1386.138 1742.3928 1255.4483 73.778636
1373.1639 1724.1792 1249.824 72.81865
1362.3312 1707.7946 1244.4361 71.846392
1354.9819 1694.3916 1239.5272 70.872918
1344.881 1678.5257 1233.8989 69.90305
1336.1481 1663.8016 1228.3331 68.934351
1321.121 1643.5624 1221.3858 67.960264
1308.5513 1625.4506 1214.7341 66.975367
1292.1822 1604.0273 1207.2086 65.979039
1279.9399 1586.1894 1200.3194 64.975413
1266.2987 1567.1262 1193.0227 63.970244
1254.0851 1549.2957 1185.8487 62.966731
1239.8714 1529.726 1178.1513 61.964399
1225.377 1509.9197 1170.2603 60.961039
1209.9891 1489.3523 1162.0689 59.955435
1195.114 1469.2472 1153.8495 58.948722
1180.2293 1449.1513 1145.5102 57.943714
1166.4209 1430.0047 1137.2566 56.942858
1150.8533 1409.3531 1128.5586 55.946732
1136.8355 1390.0665 1120.041 54.954535
1119.6924 1368.1042 1110.8378 53.965575
1105.9787 1349.1423 1102.1852 52.980373
1088.5756 1327.0282 1092.7576 51.999762
1074.2762 1307.64 1083.8304 51.024216
1057.1997 1285.8995 1074.3094 50.053944
1041.6881 1265.562 1065.0096 49.089116
1025.5006 1244.6948 1055.5179 48.130556
1009.4911 1224.0375 1045.9948 47.179058
993.44013 1203.403 1036.4036 46.235184
977.60025 1183.0095 1026.795 45.299667
961.76805 1162.6823 1017.1336 44.373108
946.04077 1142.5074 1007.4407 43.455676
929.63234 1121.8099 997.57714 42.547517
914.76199 1102.5025 987.95913 41.649102
897.92185 1081.5659 977.94 40.760619
883.32248 1062.6272 968.30622 39.882245
866.6585 1041.983 958.26517 39.014122
851.69249 1022.8739 948.51838 38.156179
835.48412 1002.774 938.52548 37.308358
819.87623 983.27058 928.631 36.470787
804.72628 964.2411 918.81044 35.644084
789.02079 944.81507 908.87692 34.828635
774.15845 926.19466 899.09175 34.024651
758.97343 907.37862 889.24174 33.232375
743.95129 888.78437 879.41974 32.451932
729.59848 870.84658 869.72201 31.683517
714.34101 852.21499 859.86217 30.927144
700.60762 834.97441 850.29092 30.18279
685.32436 816.48898 840.4454 29.450318
671.76415 799.56607 830.93173 28.729855
657.43383 782.06709 821.29376 28.021679
643.46022 764.95963 811.74212 27.325549
629.75835 748.17281 802.26413 26.641125
615.46586 730.96881 792.7026 25.968353
602.74698 715.20039 783.45458 25.307648
588.80606 698.47118 774.00746 24.659304
576.38498 683.12878 764.86756 24.023295
563.00142 667.04825 755.58287 23.399363
550.22283 651.57279 746.44385 22.787195
537.83329 636.51735 737.4116 22.186827
524.91755 621.09883 728.31814 21.598163
513.09866 606.7052 719.46052 21.021231
500.79239 591.97965 710.54766 20.456138
489.02109 577.79468 701.76835 19.902994
477.96337 564.30077 693.15859 19.361922
465.69631 549.85472 684.37211 18.832404
455.21808 537.02152 675.95976 18.313884
442.88535 522.6868 667.25531 17.806297
433.34139 510.8167 659.10616 17.309938
421.39283 496.97224 650.56624 16.824712
411.74661 485.17561 642.49856 16.350255
400.66753 472.23625 634.22244 15.88633
390.55554 460.20496 626.17415 15.432623
380.53341 448.33104 618.19009 14.989254
370.59738 436.60937 610.26641 14.556294
361.02964 425.27903 602.45373 14.133715
351.79269 414.30609 594.74461 13.721437
342.08609 403.00531 586.9949 13.319393
334.17048 393.30376 579.62054 12.92759
323.8476 381.6191 571.86356 12.545501
316.6849 372.70281 564.74068 12.172725
306.37138 361.17013 557.1035 11.809074
299.63137 352.757 550.17663 11.454479
289.90624 341.86873 542.76809 11.108685
282.66115 333.16784 535.86989 10.771315
274.16137 323.46759 528.79753 10.442474
266.64658 314.67654 521.95463 10.122107
258.95937 305.80602 515.12823 9.8101817
251.6821 297.35083 508.42263 9.5066218
244.22044 288.80273 501.72934 9.2112976
237.69023 281.11134 495.25076 8.9240724
229.90791 272.41369 488.59105 8.6448311
224.70659 265.9745 482.45139 8.373551
216.19237 256.77098 475.76903 8.1097955
211.87835 251.20537 469.91392 7.8533563
203.3549 242.11321 463.36488 7.6037949
198.6474 236.33442 457.57445 7.3606791
191.29348 228.3621 451.36185 7.1241248
186.03576 222.23569 445.58194 6.8940526
179.77336 215.31187 439.66717 6.6705117
174.3391 209.15032 433.94831 6.4534403
168.60702 202.79079 428.22006 6.2427185
163.45353 196.97852 422.64082 6.0382217
157.73721 190.74043 417.00308 5.8398102
153.34101 185.67879 411.64826 5.6473489
147.14204 179.13316 406.0102 5.4607365
144.06048 175.29064 400.98942 5.2800088
137.09525 168.19186 395.32931 5.104676
134.46699 164.83665 390.52228 4.9344555
127.81783 158.11127 385.05588 4.7690866
124.49596 154.27268 380.2502 4.6082581
119.16553 148.777 375.12643 4.4522172
115.322 144.5982 370.31564 4.3009522
110.75869 139.85734 365.41645 4.1543799
106.79503 135.67676 360.66716 4.0124054
102.52192 131.28237 355.90232 3.8749126
98.860994 127.4581 351.2886 3.7417906
94.41483 123.01454 346.5723 3.6129248
91.496256 119.9193 342.17366 3.4882261
86.453944 115.06542 337.43295 3.3675766
84.621731 112.99032 333.3273 3.2510021
78.935474 107.68681 328.59384 3.1380208
76.996003 105.62447 324.59862 3.028331
72.036725 101.04729 320.11049 2.9219907
69.386112 98.48981 316.08514 2.8188653
65.368991 94.826045 311.85062 2.7190156
62.219366 91.957528 307.80925 2.6223791
58.646902 88.788654 303.72729 2.5288454
55.34103 85.908402 299.72647 2.4383059
51.747771 82.849058 295.70727 2.3506156
48.601551 80.239696 291.79725 2.265635
44.491898 76.886628 287.74328 2.1831746
41.789288 74.813364 283.97002 2.1030926
36.695317 70.802291 279.80575 2.0248665
33.764052 68.742921 276.04236 1.9480608
27.865402 64.297309 271.77128 1.8718563
23.392612 61.237455 267.70088 1.795269
16.43798 56.303727 263.21887 1.7157424
8.2709484 50.677723 258.2939 1.630341
8.0314747 52.444595 256.17509 1.5218484
-59.188458 -0.73185557 233.5938 1.2384008
-456.31643 -333.5925 107.6622 0.91857237
