-22.41766 -16.235118 -6.4877295 0.01219916
-22.477659 -16.278407 -6.6395466 0.013261449
-23.19239 -16.821141 -6.8974575 0.014432453
-24.188761 -17.595128 -7.2078718 0.015724186
-25.141086 -18.337326 -7.5188527 0.017149973
-26.133199 -19.113547 -7.8437827 0.018724598
-27.159474 -19.919947 -8.1822012 0.020464474
-28.225083 -20.760781 -8.5352654 0.022387833
-29.330216 -21.636638 -8.9034121 0.024514941
-30.477042 -22.54957 -9.2873768 0.026868334
-31.666687 -23.500905 -9.6877596 0.029473092
-32.900892 -24.492442 -10.10526 0.032357139
-34.181078 -25.525783 -10.540544 0.035551588
-35.508927 -26.602747 -10.994327 0.039091122
-36.88601 -27.725106 -11.467317 0.043014435
-38.314035 -28.894761 -11.96025 0.047364747
-39.794669 -30.113621 -12.473863 0.052190347
-41.329667 -31.383686 -13.008907 0.057545094
-42.92077 -32.706981 -13.566136 0.063488805
-44.569774 -34.0856 -14.146309 0.070087646
-46.278465 -35.52167 -14.750181 0.077414842
-48.048662 -37.017364 -15.378503 0.085551979
-49.882172 -38.574883 -16.032007 0.094590868
-51.780815 -40.196455 -16.711407 0.10463561
-53.746391 -41.88432 -17.417377 0.11580444
-55.780705 -43.640735 -18.150551 0.12823136
-57.885494 -45.467941 -18.911507 0.14206771
-60.061741 -47.36747 -19.700608 0.15748402
-62.27753 -49.287379 -20.498218 0.17467217
-64.271783 -50.814 -21.150977 0.19384788
-66.312921 -52.370681 -21.814631 0.21525354
-68.396469 -53.953067 -22.48737 0.23916138
-70.520029 -55.557945 -23.167403 0.26587711
-72.681882 -57.182416 -23.852775 0.2957441
-74.879522 -58.822711 -24.541109 0.32914847
-77.109859 -60.474216 -25.22952 0.36653591
-79.369095 -62.131338 -25.914542 0.40841658
-81.662632 -63.801314 -26.599201 0.45439717
-84.002038 -65.500047 -27.291093 0.50348563
-86.388666 -67.229181 -27.990606 0.5557269
-88.822201 -68.988047 -28.69691 0.61133911
-91.302613 -70.77641 -29.409356 0.67051632
-93.829874 -72.594073 -30.127274 0.73345768
-96.403973 -74.440894 -30.849972 0.80036804
-99.024924 -76.316817 -31.576753 0.87145816
-101.69267 -78.221791 -32.306898 0.94694379
-104.40767 -80.156114 -33.039735 1.0270435
-106.96742 -81.808776 -33.661595 1.1119758
-109.31726 -83.097444 -34.142142 1.2019556
-111.66887 -84.347898 -34.598968 1.2971899
-114.01831 -85.555387 -35.029738 1.3978726
-116.36263 -86.715925 -35.432301 1.5041786
-118.69923 -87.825909 -35.804662 1.6162538
-121.02537 -88.881663 -36.144823 1.7342321
-123.33736 -89.87826 -36.450166 1.8583172
-125.63072 -90.809691 -36.717525 1.988771
-127.90072 -91.66969 -36.943597 2.1258587
-130.14252 -92.451805 -37.124967 2.2698453
-132.3511 -93.1494 -37.258121 2.4209912
-134.5213 -93.755656 -37.339459 2.5795442
-136.64807 -94.263746 -37.365351 2.7457305
-138.57432 -94.440487 -37.251553 2.919748
-140.35615 -94.371542 -37.027731 3.1017596
-142.05293 -94.147038 -36.725058 3.2918865
-143.65707 -93.757081 -36.339118 3.4901971
-145.16106 -93.191788 -35.865592 3.6967041
-146.55645 -92.440066 -35.299716 3.9114254
-147.83326 -91.488765 -34.635857 4.1344418
-148.98064 -90.323565 -33.86791 4.3658581
-149.98738 -88.929518 -32.989565 4.6057676
-150.84177 -87.290942 -31.994305 4.85423
-151.53121 -85.391107 -30.875372 5.1112473
-152.27809 -83.555035 -29.745944 5.376754
-153.05306 -81.739426 -28.589707 5.6506187
-153.66955 -79.673575 -27.311076 5.9326443
-154.11581 -77.341579 -25.90411 6.2225694
-154.37855 -74.72569 -24.362384 6.5201031
-154.44283 -71.805924 -22.67874 6.8249698
-154.29252 -68.560516 -20.845461 7.1369095
-153.9104 -64.966065 -18.854378 7.4556511
-153.277 -60.996639 -16.696697 7.7808781
-153.47306 -58.193446 -14.905461 8.1122119
-153.65531 -55.348879 -13.061875 8.4492307
-153.66438 -52.235449 -11.087476 8.7915063
-153.48352 -48.830092 -8.9747663 9.1386243
-153.09441 -45.107788 -6.7158373 9.4901546
-152.47787 -41.042218 -4.3025955 9.8456509
-151.61274 -36.604424 -1.726222 10.20469
-150.87993 -32.329877 0.82901488 10.566876
-151.24563 -29.568135 2.9022411 10.931854
-151.47492 -26.583113 5.0870235 11.299371
-151.54777 -23.346647 7.3923842 11.669319
-151.44287 -19.82946 9.8273373 12.04159
-151.13925 -16.002846 12.400188 12.416002
-150.61338 -11.835087 15.120125 12.792448
-150.75926 -8.5624064 17.567895 13.170978
-151.55119 -6.1428935 19.758643 13.55186
-152.22332 -3.5170208 22.05088 13.935652
-152.75167 -0.65294195 24.45529 14.323082
-153.11373 2.4785501 26.981159 14.714827
-153.28616 5.9070752 29.637728 15.111597
-153.70426 9.0356671 32.224877 15.514349
-154.33216 11.912977 34.760365 15.9244
-154.77464 15.074922 37.425286 16.343425
-155.00422 18.55384 40.231955 16.773215
-154.99561 22.378138 43.191097 17.215499
-154.64906 26.67561 46.34667 17.672079
-153.70956 31.781214 49.811809 18.144984
-152.40577 37.375881 53.483106 18.636478
-150.70483 43.493385 57.374871 19.148882
-148.57582 50.163937 61.500224 19.684377
-145.45229 58.132831 66.108129 20.244997
-141.06656 67.740011 71.312839 20.832631
-136.02134 78.162759 76.845884 21.448951
-130.27646 89.439116 82.723046 22.095351
-123.79215 101.60648 88.959826 22.772853
-115.60797 115.92177 95.970228 23.481875
-106.50002 131.3364 103.41167 24.222041
-96.422091 147.89518 111.2999 24.992309
-85.319579 165.65515 119.65426 25.791095
-73.878911 183.70017 128.17642 26.615956
-61.545526 202.75127 137.10005 27.463255
-48.101658 223.08455 146.51198 28.328407
-33.635962 244.57579 156.368 29.206191
-21.367021 263.01608 165.30157 30.090595
-8.1144372 282.57176 174.65828 30.974756
6.2121889 303.36105 184.46879 31.851246
18.586304 321.45363 193.45797 32.712353
29.105358 337.00144 201.67103 33.550296
40.419894 353.46496 210.21539 34.357368
51.036426 368.92468 218.46432 35.126075
56.952117 378.23438 224.76041 35.849658
63.31087 388.07522 231.24124 36.522408
69.535296 397.72048 237.66427 37.139691
70.732489 400.89884 242.01897 37.698578
72.137711 404.3763 246.46411 38.19835
73.274583 407.55395 250.80204 38.640156
71.598183 407.18427 253.99497 39.027356
70.138431 407.15873 257.28089 39.365962
68.893928 407.4714 260.65565 39.663996
67.863947 408.11042 264.1147 39.931418
67.34465 409.43495 267.77336 40.180078
69.314578 413.93403 272.42043 40.422821
72.995199 420.57701 277.7305 40.672957
78.392272 429.32841 283.69461 40.943653
88.124545 443.45866 291.34521 41.246844
99.380308 459.35353 299.54281 41.592377
114.09171 479.41084 309.04223 41.98712
131.1339 502.16498 319.37961 42.433973
149.46004 526.26317 330.12683 42.931431
168.99213 551.58799 341.24303 43.473381
188.99471 577.2075 352.43085 44.049219
206.7745 599.74843 362.62945 44.6444
224.91706 622.48513 372.85794 45.241237
237.24082 637.70639 380.702 45.82013
249.81559 653.0734 388.54991 46.361034
254.74116 658.75832 393.33324 46.845164
259.39218 664.04782 397.94464 47.256717
257.59441 661.28674 399.99986 47.584494
255.15754 657.77397 401.7701 47.823286
249.66965 650.53209 402.33075 47.974672
244.5936 643.88384 403.02542 48.04728
240.04911 637.96432 403.89647 48.056149
238.49386 635.7916 405.87891 48.02131
239.24397 636.46286 408.692 47.965856
245.64433 644.05952 413.59494 47.913309
255.0601 655.24619 419.55158 47.884548
268.72545 671.48813 427.00761 47.894833
284.45032 690.02874 435.10466 47.95172
301.81623 710.32628 443.66826 48.053804
317.52123 728.3065 451.43786 48.190627
330.79355 743.04771 458.12784 48.344539
341.80217 754.80949 463.81716 48.493225
346.80492 759.05363 467.11095 48.611948
346.71448 756.97855 468.38055 48.677486
343.62659 751.2225 468.44355 48.673608
338.26468 742.71504 467.59346 48.59418
332.23122 733.43807 466.44253 48.44327
328.12145 726.55907 465.96281 48.234333
326.95547 723.28655 466.52364 47.987962
329.68935 724.7337 468.46166 47.727829
336.60509 731.18442 471.85683 47.475872
346.0964 740.62508 476.08562 47.247545
356.69059 751.22984 480.58259 47.048451
366.36634 760.53232 484.5905 46.873614
373.38416 766.4391 487.47048 46.709219
376.92927 768.00588 488.93689 46.53614
376.55077 764.7406 488.84328 46.334397
372.49814 756.99746 487.30356 46.088351
367.62895 748.28188 485.39239 45.791771
363.3628 740.3195 483.64165 45.449769
361.54501 735.32753 482.72744 45.076496
362.87991 734.12128 482.89512 44.690248
366.63864 735.77669 483.85882 44.307517
371.70611 738.91652 485.1942 43.937869
376.12625 741.16754 486.17659 43.581368
378.36404 740.69056 486.24703 43.229394
377.96912 736.97389 485.25356 42.868805
375.36838 730.56768 483.36847 42.487467
371.63052 722.78637 480.99558 42.078783
368.29007 715.48887 478.7018 41.643885
366.37308 709.90217 476.86052 41.190677
366.09332 706.26383 475.5434 40.730085
367.09375 704.12568 474.61261 40.271127
367.66104 701.4152 473.44027 39.817189
367.59674 697.90184 471.95583 39.365448
365.63528 692.07725 469.70558 38.909134
362.69154 685.06185 467.03011 38.441494
359.22017 677.41296 464.10173 37.959612
356.38552 670.5317 461.34613 37.465693
354.21403 664.44179 458.77299 36.96546
353.12466 659.63904 456.5312 36.464601
351.1715 653.78135 453.91593 35.965597
349.63996 648.41882 451.39287 35.467195
346.13893 640.68724 448.10305 34.966021
343.39694 633.87219 445.03556 34.459285
339.46239 625.63414 441.49141 33.946668
336.80516 618.93741 438.36304 33.430295
333.70295 611.71345 435.03177 32.913129
331.03661 605.01886 431.81454 32.396813
327.7385 597.57607 428.32878 31.881106
324.34341 590.03002 424.76865 31.364871
320.66006 582.15468 421.06811 30.84748
317.12554 574.475 417.38647 30.32952
313.57719 566.796 413.66765 29.812436
310.35261 559.52128 410.03365 29.297488
306.57006 551.59653 406.17005 28.784974
303.25767 544.25358 402.44628 28.274482
298.96284 535.75779 398.34617 27.765657
295.72093 528.54427 394.60004 27.258765
291.32011 519.97127 390.42032 26.754236
287.87037 512.5618 386.56236 26.25231
283.54613 504.1368 382.37653 25.753096
279.6948 496.30697 378.34496 25.256683
275.62083 488.24273 374.22147 24.763497
271.58891 480.26096 370.10127 24.273945
267.53087 472.28103 365.96157 23.788316
263.525 464.39645 361.83151 23.306987
259.5082 456.53208 357.6896 22.830267
255.5106 448.72467 353.5478 22.358243
251.28839 440.68447 349.32171 21.89099
247.5293 433.23136 345.25699 21.42875
243.14643 425.07091 340.96921 20.971619
239.44407 417.75752 336.9231 20.519689
235.0887 409.70375 332.64737 20.073033
231.24556 402.29832 328.55684 19.631615
227.00411 394.45833 324.33019 19.195405
222.93491 386.86385 320.17087 18.764469
218.99393 379.46235 316.06396 18.339125
214.86754 371.88069 311.89876 17.919571
210.98864 364.63392 307.82944 17.505916
206.99665 357.2931 303.72913 17.098285
203.04173 350.03683 299.65195 16.696742
199.28073 343.05144 295.65424 16.301387
195.22684 335.7584 291.5651 15.912227
191.63123 329.05065 287.65094 15.529252
187.54368 321.79941 283.57721 15.15239
183.97583 315.20659 279.70213 14.781707
180.15716 308.35645 275.75451 14.417346
176.43605 301.66327 271.85835 14.059182
172.78642 295.09675 268.00543 13.707041
168.94199 288.34103 264.10232 13.360895
165.57137 282.18917 260.3846 13.020957
161.81125 275.61558 256.54816 12.68738
158.50855 269.62509 252.89218 12.36015
154.89689 263.30836 249.14771 12.039133
151.4602 257.23998 245.48605 11.724168
148.13208 251.34097 241.88404 11.415276
144.63006 245.2762 238.24226 11.112405
141.45535 239.6397 234.73697 10.81557
138.11925 233.85117 231.19592 10.524826
134.93727 228.28386 227.73037 10.240229
131.96472 223.00233 224.36047 9.9618437
128.60849 217.30376 220.87922 9.6894031
125.79356 212.28524 217.61247 9.4226207
122.39623 206.61472 214.16537 9.1614637
119.84886 201.98873 211.04062 8.9060833
116.54984 196.50881 207.67635 8.6564314
113.951 191.89537 204.5832 8.4123199
110.9005 186.78376 201.35717 8.1736272
108.13861 182.05119 198.25765 7.9401923
105.39497 177.37673 195.18878 7.7120757
102.66869 172.75842 192.14926 7.489315
100.04695 168.29871 189.16926 7.2718948
97.518293 163.98318 186.24445 7.0597754
94.836148 159.51899 183.28861 6.8529209
92.697457 155.73033 180.54686 6.6513352
89.808414 151.08556 177.56745 6.4547479
87.884818 147.61614 174.95239 6.2629522
84.982034 143.01998 172.02044 6.0758514
83.172324 139.74956 169.49762 5.8934095
80.434858 135.41307 166.67648 5.7154962
78.453639 132.00382 164.14619 5.5419176
76.078232 128.15969 161.50247 5.3727265
73.998707 124.69665 158.98583 5.2078957
71.85871 121.19229 156.47066 5.047408
69.837876 117.85841 154.01927 4.8912243
67.753213 114.47785 151.56729 4.739278
65.948439 111.45657 149.23472 4.5914988
63.751255 107.99856 146.78636 4.4478271
62.342261 105.49936 144.63621 4.3082516
59.906501 101.81235 142.15132 4.1725477
58.757533 99.673691 140.14218 4.0406082
56.305934 96.02158 137.70479 3.9122074
55.022809 93.77904 135.7022 3.787123
52.918673 90.592982 133.43676 3.6654143
51.453752 88.189688 131.41733 3.5470407
49.673588 85.439865 129.30883 3.4320274
48.142454 83.010056 127.30785 3.3203426
46.513898 80.49017 125.29287 3.2119247
45.057762 78.198752 123.35787 3.1067096
43.422815 75.720177 121.37985 3.0046254
42.188709 73.739211 119.56117 2.9056028
40.394359 71.119278 117.56591 2.8095895
39.554 69.649365 115.92491 2.716604
37.513076 66.783469 113.88879 2.626394
36.801574 65.512265 112.34183 2.5388143
34.847347 62.796407 110.38637 2.4537308
33.911855 61.309216 108.80937 2.3709834
32.353117 59.109497 107.03425 2.2906991
31.246959 57.4681 105.43589 2.2128722
29.914372 55.582394 103.77669 2.1374597
28.761339 53.931901 102.19808 2.0644129
27.508219 52.186082 100.60213 1.993672
26.438617 50.679935 99.087698 1.9251799
25.12265 48.905499 97.504471 1.8588776
24.271891 47.703375 96.101064 1.7947195
22.762942 45.746358 94.485687 1.7326445
22.236858 44.972928 93.233739 1.6726662
20.52033 42.816916 91.591006 1.6145365
19.951611 42.041827 90.371151 1.5581003
18.449165 40.189044 88.846289 1.5033875
17.652155 39.195559 87.586211 1.4503287
16.430029 37.726164 86.194729 1.3989554
15.470042 36.593212 84.911122 1.3492353
14.375259 35.328735 83.596928 1.3011116
13.357701 34.184275 82.325485 1.2545285
12.246955 32.960038 81.037719 1.2094113
11.268905 31.92467 79.811376 1.1656882
9.9896527 30.568164 78.496018 1.1232617
9.1382704 29.754643 77.345419 1.082059
7.5463245 28.10933 75.956874 1.0418111
6.6144163 27.29296 74.812264 1.002294
4.7644791 25.451749 73.368088 0.96308627
3.3474742 24.195353 72.077151 0.92368158
1.1609377 22.128834 70.549093 0.88276452
-1.4054112 19.752435 68.864474 0.83882483
-1.5463324 20.503015 68.426731 0.78300445
-22.312456 -2.2987323 58.913242 0.6371678
-144.5005 -144.54592 3.2768071 0.47261279
