2.000000000000000164e-05 9.834138349271274171e-01
2.066869842267550072e-05 9.834151440129421662e-01
2.135975472437544027e-05 9.834149168840505828e-01
2.207391643902171255e-05 9.834147533708482714e-01
2.281195609427394449e-05 9.834140463967248058e-01
2.357467204719313169e-05 9.834150740930528434e-01
2.436288934784564352e-05 9.834162318935704139e-01
2.517746063178175121e-05 9.834169781846924252e-01
2.601926704235410016e-05 9.834153030421828312e-01
2.688921918387384303e-05 9.834159286171485492e-01
2.778825810663545582e-05 9.834165447278657712e-01
2.871735632487579741e-05 9.834138065658998284e-01
2.967751886876853870e-05 9.834166912913430147e-01
3.066978437159193627e-05 9.834162530386143519e-01
3.169522619324599853e-05 9.834166405731555871e-01
3.275495358133433647e-05 9.834193818175398505e-01
3.385011287106671010e-05 9.834201857048087136e-01
3.498188872528021299e-05 9.834165987833839440e-01
3.615150541592045298e-05 9.834197598118831207e-01
3.736022814836899319e-05 9.834254802690639563e-01
3.860936443004954884e-05 9.834165808343590109e-01
3.990026548479344494e-05 9.834144616136542005e-01
4.123432771449419843e-05 9.834184090804468648e-01
4.261299420963254024e-05 9.834220092382218725e-01
4.403775631030562105e-05 9.834192842063741447e-01
4.551015521944909301e-05 9.834189742387684507e-01
4.703178366999723984e-05 9.834231248558608085e-01
4.860428764778435972e-05 9.834216651449383395e-01
5.022936817205134787e-05 9.834244941952610120e-01
5.190878313548323190e-05 9.834224658490611226e-01
5.364434920576834987e-05 9.834242268873988335e-01
5.543794379073590958e-05 9.834228833475382459e-01
5.729150706919781900e-05 9.834250851810135696e-01
5.920704408969155763e-05 9.834297520031359818e-01
6.118662693939432690e-05 9.834255175445777430e-01
6.323239698555469304e-05 9.834277510909894549e-01
6.534656719186627638e-05 9.834296548416623374e-01
6.753142451228926792e-05 9.834293413138813778e-01
6.978933236490913268e-05 9.834328784886957608e-01
7.212273318850868345e-05 9.834292736547540770e-01
7.453415108461877573e-05 9.834269508298043583e-01
7.702619454790587906e-05 9.834358039216615222e-01
7.960155928784993205e-05 9.834349638421860940e-01
8.226303114476471348e-05 9.834382058490249712e-01
8.501348910331518868e-05 9.834353000109709031e-01
8.785590840679157983e-05 9.834381170005463968e-01
9.079336377550881697e-05 9.834389103330575255e-01
9.382903273281309529e-05 9.834433533713528020e-01
9.696619904229312483e-05 9.834407999173678805e-01
1.002082562599141270e-04 9.834461072546915039e-01
1.035587114049174785e-04 9.834463256544786480e-01
1.070211887534562421e-04 9.834476371362459446e-01
1.105994337590709140e-04 9.834540712031266674e-01
1.142973171042456330e-04 9.834519799251331129e-01
1.181188388874281471e-04 9.834550941070188124e-01
1.220681329500424115e-04 9.834599647414038470e-01
1.261494713481742377e-04 9.834614083494850334e-01
1.303672689737678670e-04 9.834669934360983357e-01
1.347260883303314362e-04 9.834680183345758664e-01
1.392306444683180742e-04 9.834713585655981971e-01
1.438858100855209437e-04 9.834792747600602514e-01
1.486966207979997041e-04 9.834766281797699961e-01
1.536682805872396744e-04 9.834871106345847158e-01
1.588061674294368483e-04 9.834914733004528342e-01
1.641158391129971276e-04 9.834966646711700289e-01
1.696030392505434848e-04 9.835002309091428474e-01
1.752737034919339915e-04 9.835068922416003723e-01
1.811339659450114388e-04 9.835149008067894938e-01
1.871901658110307874e-04 9.835199331148734014e-01
1.934488542419408646e-04 9.835317270763253017e-01
1.999168014269393128e-04 9.835371968807568033e-01
2.066010039159656652e-04 9.835457090901817967e-01
2.135086921880547338e-04 9.835525359972202564e-01
2.206473384727377968e-04 9.835614548155272585e-01
2.280246648329511538e-04 9.835713575152582600e-01
2.356486515181963309e-04 9.835849400057649072e-01
2.435275455969876748e-04 9.835958809969047589e-01
2.516698698779247295e-04 9.836108865638228949e-01
2.600844321290405573e-04 9.836175589132510888e-01
2.687803346053976817e-04 9.836375942876813827e-01
2.777669838952388651e-04 9.836534193488533084e-01
2.870541010953427292e-04 9.836670585159804636e-01
2.966517323265922064e-04 9.836846785533183146e-01
3.065702596011295341e-04 9.837090522769802448e-01
3.168204120528543403e-04 9.837232099855915957e-01
3.274132775434116785e-04 9.837497449964007767e-01
3.383603146562264279e-04 9.837686405841641335e-01
3.496733650915567022e-04 9.837957296175775523e-01
3.613646664759745386e-04 9.838233895781259841e-01
3.734468656001317080e-04 9.838534716210225461e-01
3.859330320991275886e-04 9.838826649187581985e-01
3.988366725902805230e-04 9.839137585499840855e-01
4.121717452835938129e-04 9.839437702193131186e-01
4.259526750807212541e-04 9.839848029075797253e-01
4.401943691787655547e-04 9.840246093046912668e-01
4.549122331957894719e-04 9.840713795722565438e-01
4.701221878354804149e-04 9.841134613473008219e-01
4.858406861089974399e-04 9.841607053584965348e-01
5.020847311326308640e-04 9.842174878277957228e-01
5.188718945205230424e-04 9.842807769445013344e-01
5.362203353923492141e-04 9.843325132425927437e-01
5.541488200165187389e-04 9.843980896911307399e-01
5.726767421101455150e-04 9.844724250457145276e-01
5.918241438177454907e-04 9.845471575490104543e-01
6.116117373913557359e-04 9.846266454305296900e-01
6.320609275955268004e-04 9.847140189448244652e-01
6.531938348614238542e-04 9.848075903946957865e-01
6.750333192150836329e-04 9.849109487048726130e-01
6.976030050057104547e-04 9.850128149506236497e-01
7.209273064607610694e-04 9.851331719153761934e-01
7.450314540954613768e-04 9.852522009773546641e-01
7.699415220053250396e-04 9.853853082984392886e-01
7.956844560711916160e-04 9.855322042711540664e-01
8.222881031073025473e-04 9.856857275531545337e-01
8.497812409839368810e-04 9.858522433117563599e-01
8.781936097571961097e-04 9.860310640570817409e-01
9.075559438396131216e-04 9.862258641185835950e-01
9.379000052463793693e-04 9.864276438499954835e-01
9.692586179531593148e-04 9.866561081161656643e-01
1.001665703402655023e-03 9.868921666636366608e-01
1.035156317198330069e-03 9.871550473855362773e-01
1.069766687024985286e-03 9.874288917717214398e-01
1.105534251837205851e-03 9.877322366246044094e-01
1.142497702358069404e-03 9.880499559606870097e-01
1.180697022931930960e-03 9.883888213363593023e-01
1.220173534776542454e-03 9.887609608042240428e-01
1.260969940681316284e-03 9.891599922760875296e-01
1.303130371200056587e-03 9.895852024631518473e-01
1.346700432388157767e-03 9.900441786050441229e-01
1.391727255135877424e-03 9.905292818136660626e-01
1.438259546151070007e-03 9.910536931037942088e-01
1.486347640646530459e-03 9.916130064778077013e-01
1.536043556788919398e-03 9.922138194937705213e-01
1.587401051968200579e-03 9.928531590930761430e-01
1.640475680948428249e-03 9.935375246544596584e-01
1.695324855962815390e-03 9.942662513767963617e-01
1.752007908818060174e-03 9.950401801020800630e-01
1.810586155075142928e-03 9.958668121139868656e-01
1.871122960375984270e-03 9.967430658856641923e-01
1.933683808987751848e-03 9.976691501199435042e-01
1.998336374638913938e-03 9.986623915577468313e-01
2.065150593723721201e-03 9.997014630716443140e-01
2.134198740954243185e-03 1.000817005514510027e+00
2.205555507541849362e-03 1.001987289479176368e+00
2.279298081992675151e-03 1.003221590461133683e+00
2.355506233604463730e-03 1.004533808866537203e+00
2.434262398755145627e-03 1.005912503722684592e+00
2.515651770076436904e-03 1.007361570564135222e+00
2.599762388608985089e-03 1.008891227406306212e+00
2.686685239038679764e-03 1.010494691428845737e+00
2.776514348117217236e-03 1.012184925544087344e+00
2.869346886373309435e-03 1.013951488050501171e+00
2.965283273224645581e-03 1.015806496910796497e+00
3.064427285604211931e-03 1.017743243060829972e+00
3.166886170218578649e-03 1.019761531749807437e+00
3.272770759559481216e-03 1.021867753924168509e+00
3.382195591794276077e-03 1.024070158197968761e+00
3.495279034664920681e-03 1.026346476392615781e+00
3.612143413529477973e-03 1.028710788314146196e+00
3.732915143684721951e-03 1.031151029461605084e+00
3.857724867112893516e-03 1.033691587152851588e+00
3.986707593800617976e-03 1.036293605640907556e+00
4.120002847782761740e-03 1.038979338861435453e+00
4.257754818069308354e-03 1.041734661950595831e+00
4.400112514618404608e-03 1.044557730792658568e+00
4.547229929524409554e-03 1.047444883251996250e+00
4.699266203595197679e-03 1.050397221154231397e+00
4.856385798499019031e-03 1.053409575670373188e+00
5.018758674667020935e-03 1.056463007380778585e+00
5.186560475143959549e-03 1.059577207785182829e+00
5.359972715585955248e-03 1.062726220242553365e+00
5.539182980610755057e-03 1.065924141957274696e+00
5.724385126713026593e-03 1.069166582777295815e+00
5.915779491964028892e-03 1.072439436148276748e+00
6.113573112722652143e-03 1.075765301520532846e+00
6.317979947592099882e-03 1.079130557049356343e+00
6.529221108864616957e-03 1.082533667762230145e+00
6.747525101704480652e-03 1.085983248408162405e+00
6.973128071328140755e-03 1.089489887218864306e+00
7.206274058448705437e-03 1.093044891898919735e+00
7.447215263261310406e-03 1.096672871235691904e+00
7.696212318254701257e-03 1.100353980540180077e+00
7.953534570144332738e-03 1.104110197170805607e+00
8.219460371231864307e-03 1.107943515780366983e+00
8.494277380506187053e-03 1.111856162477754983e+00
8.778282874811823774e-03 1.115851296449928753e+00
9.071784070421121463e-03 1.119935696476659581e+00
9.375098455358292851e-03 1.124099670614687740e+00
9.688554132834568261e-03 1.128348899205459777e+00
1.001249017616620725e-02 1.132696142895462055e+00
1.034725699555901803e-02 1.137117560682201045e+00
1.069321671715643858e-02 1.141633779101524748e+00
1.105074357476093505e-02 1.146221080865306163e+00
1.142022431465263173e-02 1.150904447074374115e+00
1.180205861394306721e-02 1.155663183586955078e+00
1.219665951291643881e-02 1.160509780949856795e+00
1.260445386182631328e-02 1.165434220202141713e+00
1.302588278263077520e-02 1.170439488962052188e+00
1.346140214616583890e-02 1.175525277047831052e+00
1.391148306527291781e-02 1.180688695327703819e+00
1.437661240441416924e-02 1.185931394018791218e+00
1.485729330632660182e-02 1.191262612077359950e+00
1.535404573628500365e-02 1.196657789310948905e+00
1.586740704456205894e-02 1.202140021040154938e+00
1.639793254769450481e-02 1.207684256396482247e+00
1.694619612918364313e-02 1.213317810738881342e+00
1.751279086028037155e-02 1.219026711118864847e+00
1.809832964152614798e-02 1.224789173925969088e+00
1.870344586574363213e-02 1.230634779277562263e+00
1.932879410319460894e-02 1.236555079510465394e+00
1.997505080964588620e-02 1.242534452217383567e+00
2.064291505810955316e-02 1.248584348523798404e+00
2.133310929504865505e-02 1.254702035236836100e+00
2.204638012186681956e-02 1.260869254976706877e+00
2.278349910252664909e-02 1.267112355481886166e+00
2.354526359817107548e-02 1.273411820673153061e+00
2.433249762964985810e-02 1.279764860728692444e+00
2.514605276888498206e-02 1.286182535403227023e+00
2.598680906003840441e-02 1.292647617193320997e+00
2.685567597147924673e-02 1.299158623694028680e+00
2.775359337957988490e-02 1.305732986236841864e+00
2.868153258540498754e-02 1.312346964953191586e+00
2.964049736539381419e-02 1.319002277500656906e+00
3.063152505717161092e-02 1.325706385815462962e+00
3.165568768166540647e-02 1.332451177075182791e+00
3.271409310273729054e-02 1.339240326982604978e+00
3.380788622559029871e-02 1.346067003775884618e+00
3.493825023524253087e-02 1.352921506495620818e+00
3.610640787640997940e-02 1.359808092372992494e+00
3.731362277618164441e-02 1.366728531584018969e+00
3.856120081091872487e-02 1.373673510413198962e+00
3.985049151885547425e-02 1.380642248287065943e+00
4.118288955993056055e-02 1.387634868195951388e+00
4.255983622442782027e-02 1.394653608830956903e+00
4.398282099205792772e-02 1.401675092678363432e+00
4.545338314316834522e-02 1.408726169965921926e+00
4.697311342382341770e-02 1.415782470261637727e+00
4.854365576655684383e-02 1.422848854274242125e+00
5.016670906865677154e-02 1.429923159170258806e+00
5.184402902990837420e-02 1.437009169284842347e+00
5.357743005178047802e-02 1.444093956342219043e+00
5.536878720011212396e-02 1.451180915392579651e+00
5.722003823342062395e-02 1.458258457774783023e+00
5.913318569902666078e-02 1.465324254965236994e+00
6.111029909926251474e-02 1.472398374595669912e+00
6.315351713010779189e-02 1.479469008372104044e+00
6.526504999467336310e-02 1.486520238892196533e+00
6.744718179403717817e-02 1.493536805120501798e+00
6.970227299801623477e-02 1.500562796470639171e+00
7.203276299854979858e-02 1.507581421285395518e+00
7.444117274845411802e-02 1.514550680001212957e+00
7.693010748840443946e-02 1.521465832234355275e+00
7.950225956509210379e-02 1.528438336702732769e+00
8.216041134360790865e-02 1.535335966352399550e+00
8.490743821719984319e-02 1.542157569764230907e+00
8.774631171766281157e-02 1.549072212333782339e+00
9.068010272972255870e-02 1.555797393045212473e+00
9.371198481289348681e-02 1.562633315666682510e+00
9.684523763440215649e-02 1.569298426328909146e+00
1.000832505168899600e-01 1.576055208981763656e+00
1.034295261047340625e-01 1.582619143840613640e+00
1.068876841529496080e-01 1.589321579271985030e+00
1.104614654427753945e-01 1.595795841064258758e+00
1.141547358281756464e-01 1.602318747358036921e+00
1.179714904176376727e-01 1.608849159397965245e+00
1.219158578957853512e-01 1.615202070141916524e+00
1.259921049894874856e-01 1.621573575989020188e+00
1.302046410832891354e-01 1.627875965617952003e+00
1.345580229891604751e-01 1.634113884062582622e+00
1.390569598757198100e-01 1.640285930457170638e+00
1.437063183622670492e-01 1.646434977866827465e+00
1.485111277831346888e-01 1.652524728533057541e+00
1.534765856280515817e-01 1.658548446472528415e+00
1.586080631644066208e-01 1.664557178810269544e+00
1.639111112474894438e-01 1.670416449707714968e+00
1.693914663249987407e-01 1.676187263994676213e+00
1.750550566423093313e-01 1.682006339290962327e+00
1.809080086552135869e-01 1.687729773573741099e+00
1.869566536570689830e-01 1.693337161302729710e+00
1.932075346275276828e-01 1.698917276147505762e+00
1.996674133102498971e-01 1.704412401989149117e+00
2.063432775272630582e-01 1.709787130903178243e+00
2.132423487378718452e-01 1.715144337060435120e+00
2.203720898503036263e-01 1.720627918292019665e+00
2.277402132945338109e-01 1.725810184014519466e+00
2.353546893650253491e-01 1.730900892906632071e+00
2.432237548424092122e-01 1.736081732183956561e+00
2.513559219034258718e-01 1.741037540818179297e+00
2.597599873287743666e-01 1.745870446057564918e+00
2.684450420188219666e-01 1.750837798083802355e+00
2.774204808274743361e-01 1.755715557577276709e+00
2.866960127248350254e-01 1.760321090331462113e+00
2.962816712996577673e-01 1.765148359865610361e+00
3.061878256129444420e-01 1.769672772755190637e+00
3.164251914144354805e-01 1.774085922598271248e+00
3.270048427341168962e-01 1.778720818915241697e+00
3.379382238612947953e-01 1.782888417823168981e+00
3.492371617241852855e-01 1.787341806298406111e+00
3.609138786834163448e-01 1.791592535331072655e+00
3.729810057532814693e-01 1.795931186314937422e+00
3.854515962650386651e-01 1.799872448431518279e+00
3.983391399870480631e-01 1.803940351482987925e+00
4.116575777170102257e-01 1.808003986107872496e+00
4.254213163620995108e-01 1.811756471198577856e+00
4.396452445232932327e-01 1.815908621421693958e+00
4.543447486007690661e-01 1.819288045194913828e+00
4.695357294377799362e-01 1.822777486495399835e+00
4.852346195210218704e-01 1.826677209684834935e+00
5.014584007560848322e-01 1.830305257140545372e+00
5.182246228372336949e-01 1.833796321526517614e+00
5.355514222313770833e-01 1.837207019521389428e+00
5.534575417967635413e-01 1.840518598009002638e+00
5.719623510576314906e-01 1.844062245296073099e+00
5.910858671567322808e-01 1.847028957176676922e+00
6.108487765084068544e-01 1.850217176933049990e+00
6.312724571756275216e-01 1.853453541353908163e+00
6.523790019952193653e-01 1.856420417991748728e+00
6.741912424762606104e-01 1.859769242974973480e+00
6.967327734975364839e-01 1.862092293182855407e+00
7.200279788307419881e-01 1.864850929038965655e+00
7.441020575170596008e-01 1.867873391908235758e+00
7.689810511256225389e-01 1.870839719152869618e+00
7.946918719233755368e-01 1.873575626503146019e+00
8.212623319867858873e-01 1.876152897997628965e+00
8.487211732869031078e-01 1.878666660756605600e+00
8.770980987803161932e-01 1.881170156768738222e+00
9.064238045396205701e-01 1.883637628437992761e+00
9.367300129581793700e-01 1.886034709412601540e+00
9.680495070650749767e-01 1.888351741722884336e+00
1.000416165987385808e+00 1.890631188792022188e+00
1.033865001598128330e+00 1.892921978128872196e+00
1.068432196389532240e+00 1.895232536771906506e+00
1.104155142612600837e+00 1.897475551478103650e+00
1.141072482725305592e+00 1.899549988577623472e+00
1.179224151193147607e+00 1.901415383555397076e+00
1.218651417687333982e+00 1.903192037666774583e+00
1.259396931727273516e+00 1.905026581387851969e+00
1.301504768815691548e+00 1.907002552580874477e+00
1.345020478116276896e+00 1.909015055620998380e+00
1.389991131725407447e+00 1.910924177741035068e+00
1.436465375591293947e+00 1.912637589663467308e+00
1.484493482135585296e+00 1.914223173686390611e+00
1.534127404634392455e+00 1.915782494816501202e+00
1.585420833417506836e+00 1.917388499083138687e+00
1.638429253946665609e+00 1.919005358387226856e+00
1.693210006835640158e+00 1.920571406220726640e+00
1.749822349877109051e+00 1.922037119626663459e+00
1.808327522143368116e+00 1.923405112553489671e+00
1.868788810230267217e+00 1.924691988221355343e+00
1.931271616715998229e+00 1.925920967630870617e+00
1.995843530908793184e+00 1.927147377237940384e+00
2.062574401960084458e+00 1.928436266214505590e+00
2.131536414422164238e+00 1.929829834067061434e+00
2.202804166332139602e+00 1.931244853074851386e+00
2.276454749906602792e+00 1.932555286459194832e+00
2.352567834934338631e+00 1.933659812579335835e+00
2.431225754957225149e+00 1.934611084402625414e+00
2.512513596332623944e+00 1.935520868280906415e+00
2.596519290273538783e+00 1.936486172248287563e+00
2.683333707966161441e+00 1.937498836124282642e+00
2.773050758867611432e+00 1.938505380234656350e+00
2.865767492290306695e+00 1.939455667382914417e+00
2.961584202382770314e+00 1.940327922290883578e+00
3.060604536620467719e+00 1.941114061530254897e+00
3.162935607924048931e+00 1.941811822275764321e+00
3.268688110526199786e+00 1.942471806830341929e+00
3.377976439712552459e+00 1.943173152338516951e+00
3.490918815566087297e+00 1.943985162974695369e+00
3.607637410848952619e+00 1.944869840378092851e+00
3.728258483159945236e+00 1.945724529042811346e+00
3.852912511510727001e+00 1.946453593469867682e+00
3.981734337468417539e+00 1.947058592337832739e+00
4.114863311017320058e+00 1.947606373413837355e+00
4.252443441297450555e+00 1.948161180562375749e+00
4.394623552383071896e+00 1.948732584386480005e+00
4.541557444269631816e+00 1.949289262013373936e+00
4.693404059243289517e+00 1.949801194175449615e+00
4.850327653813030437e+00 1.950276985959856768e+00
5.012497976391239618e+00 1.950757386316064323e+00
5.180090450915090017e+00 1.951281312461425221e+00
5.353286366607249214e+00 1.951831233721645242e+00
5.532273074081278885e+00 1.952337382369709884e+00
5.717244188003695271e+00 1.952730822040064540e+00
5.908399796532135539e+00 1.953010399193202851e+00
6.105946677756002750e+00 1.953244700137642065e+00
6.310098523373801171e+00 1.953503667306452529e+00
6.521076169849157722e+00 1.953802795553019278e+00
6.739107837295406966e+00 1.954095291278444169e+00
6.964429376347387013e+00 1.954332460749116152e+00
7.197284523287298619e+00 1.954521693936605464e+00
7.437925163700752407e+00 1.954741742450059938e+00
7.686611604948010879e+00 1.955074348419859609e+00
7.943612857745410594e+00 1.955523597831980487e+00
8.209206927161357470e+00 1.955983591271737376e+00
8.483681113341843272e+00 1.956341216870787214e+00
8.767332322290526392e+00 1.956554625235025213e+00
9.060467387039910392e+00 1.956694412741325939e+00
9.363403399560734641e+00 1.956840524857295760e+00
9.676468053768756405e+00 1.957024258093034597e+00
1.000000000000001243e+01 1.957191272252691627e+00
