2.000000000000000164e-05 3.353904140909769183e+01
2.066869842267550072e-05 3.461756491739073738e+01
2.135975472437544027e-05 3.573076429846560842e+01
2.207391643902171255e-05 3.687976766913959636e+01
2.281195609427394449e-05 3.806571330162665845e+01
2.357467204719313169e-05 3.928980024957694894e+01
2.436288934784564352e-05 4.055324427229761142e+01
2.517746063178175121e-05 4.185731677412518792e+01
2.601926704235410016e-05 4.320331763741141629e+01
2.688921918387384303e-05 4.459260555996051067e+01
2.778825810663545582e-05 4.602656285251855905e+01
2.871735632487579741e-05 4.750662909927207522e+01
2.967751886876853870e-05 4.903428803745266862e+01
3.066978437159193627e-05 5.061106297533083875e+01
3.169522619324599853e-05 5.223854693363888657e+01
3.275495358133433647e-05 5.391835494873257772e+01
3.385011287106671010e-05 5.565217958613889948e+01
3.498188872528021299e-05 5.744174446757772756e+01
3.615150541592045298e-05 5.928885627014888371e+01
3.736022814836899319e-05 6.119535434140646402e+01
3.860936443004954884e-05 6.316314381971256608e+01
3.990026548479344494e-05 6.519421789296244185e+01
4.123432771449419843e-05 6.729058994567954244e+01
4.261299420963254024e-05 6.945435648718883215e+01
4.403775631030562105e-05 7.168769818520404158e+01
4.551015521944909301e-05 7.399282993491476645e+01
4.703178366999723984e-05 7.637208512449871023e+01
4.860428764778435972e-05 7.882783528219172808e+01
5.022936817205134787e-05 8.136252004050147946e+01
5.190878313548323190e-05 8.397870138522453942e+01
5.364434920576834987e-05 8.667897781308408867e+01
5.543794379073590958e-05 8.946605773603316436e+01
5.729150706919781900e-05 9.234274280351165487e+01
5.920704408969155763e-05 9.531190929413023127e+01
6.118662693939432690e-05 9.837649918930250692e+01
6.323239698555469304e-05 1.015395943407378070e+02
6.534656719186627638e-05 1.048043700787432897e+02
6.753142451228926792e-05 1.081740919491560646e+02
6.978933236490913268e-05 1.116520910182721167e+02
7.212273318850868345e-05 1.152418809339814914e+02
7.453415108461877573e-05 1.189470532364250346e+02
7.702619454790587906e-05 1.227712786228156006e+02
7.960155928784993205e-05 1.267184187724220124e+02
8.226303114476471348e-05 1.307923862902572125e+02
8.501348910331518868e-05 1.349972649538546534e+02
8.785590840679157983e-05 1.393372424679004666e+02
9.079336377550881697e-05 1.438166669727386022e+02
9.382903273281309529e-05 1.484399851546717173e+02
9.696619904229312483e-05 1.532118218556969964e+02
1.002082562599141270e-04 1.581369499709883257e+02
1.035587114049174785e-04 1.632203064343626124e+02
1.070211887534562421e-04 1.684668677448727863e+02
1.105994337590709140e-04 1.738819341605659190e+02
1.142973171042456330e-04 1.794709599020495148e+02
1.181188388874281471e-04 1.852393537500321656e+02
1.220681329500424115e-04 1.911929922240552173e+02
1.261494713481742377e-04 1.973377210215109869e+02
1.303672689737678670e-04 2.036796868024897549e+02
1.347260883303314362e-04 2.102252552679125586e+02
1.392306444683180742e-04 2.169808052456904761e+02
1.438858100855209437e-04 2.239531205584134455e+02
1.486966207979997041e-04 2.311491467957777957e+02
1.536682805872396744e-04 2.385759339275094533e+02
1.588061674294368483e-04 2.462409086275664265e+02
1.641158391129971276e-04 2.541516739012337780e+02
1.696030392505434848e-04 2.623160846449834480e+02
1.752737034919339915e-04 2.707420560146904904e+02
1.811339659450114388e-04 2.794380764267411905e+02
1.871901658110307874e-04 2.884126968532166302e+02
1.934488542419408646e-04 2.976747545138596820e+02
1.999168014269393128e-04 3.072333434629457543e+02
2.066010039159656652e-04 3.170979375587195932e+02
2.135086921880547338e-04 3.272781892307676230e+02
2.206473384727377968e-04 3.377841063930895302e+02
2.280246648329511538e-04 3.486259683315795428e+02
2.356486515181963309e-04 3.598143900366375192e+02
2.435275455969876748e-04 3.713604061892366985e+02
2.516698698779247295e-04 3.832751211344103126e+02
2.600844321290405573e-04 3.955702996916706979e+02
2.687803346053976817e-04 4.082577751945511864e+02
2.777669838952388651e-04 4.213499250615084293e+02
2.870541010953427292e-04 4.348593857400317688e+02
2.966517323265922064e-04 4.487992995637939089e+02
3.065702596011295341e-04 4.631829397038362686e+02
3.168204120528543403e-04 4.780243127391570965e+02
3.274132775434116785e-04 4.933377635382833546e+02
3.383603146562264279e-04 5.091374639557440105e+02
3.496733650915567022e-04 5.254390124524798011e+02
3.613646664759745386e-04 5.422577093956348335e+02
3.734468656001317080e-04 5.596093121319762531e+02
3.859330320991275886e-04 5.775104052010584610e+02
3.988366725902805230e-04 5.959778649218848159e+02
4.121717452835938129e-04 6.150289104603034502e+02
4.259526750807212541e-04 6.346811281851421427e+02
4.401943691787655547e-04 6.549531791494687241e+02
4.549122331957894719e-04 6.758634423526651744e+02
4.701221878354804149e-04 6.974313297241617420e+02
4.858406861089974399e-04 7.196767426873832392e+02
5.020847311326308640e-04 7.426194529179969095e+02
5.188718945205230424e-04 7.662805612466816001e+02
5.362203353923492141e-04 7.906815350702282785e+02
5.541488200165187389e-04 8.158436776305117064e+02
5.726767421101455150e-04 8.417895576644998528e+02
5.918241438177454907e-04 8.685421372393921047e+02
6.116117373913557359e-04 8.961246735198682245e+02
6.320609275955268004e-04 9.245611488818609587e+02
6.531938348614238542e-04 9.538760244756516613e+02
6.750333192150836329e-04 9.840941861613923720e+02
6.976030050057104547e-04 1.015241372283566875e+03
7.209273064607610694e-04 1.047343514086687264e+03
7.450314540954613768e-04 1.080427079473816320e+03
7.699415220053250396e-04 1.114519420254037414e+03
7.956844560711916160e-04 1.149648257835001459e+03
8.222881031073025473e-04 1.185841047017970823e+03
8.497812409839368810e-04 1.223126857544154973e+03
8.781936097571961097e-04 1.261534627318577577e+03
9.075559438396131216e-04 1.301094044873568464e+03
9.379000052463793693e-04 1.341834669167821630e+03
9.692586179531593148e-04 1.383786942274889952e+03
1.001665703402655023e-03 1.426982023915489435e+03
1.035156317198330069e-03 1.471449909258095431e+03
1.069766687024985286e-03 1.517222798441483747e+03
1.105534251837205851e-03 1.564331960981800648e+03
1.142497702358069404e-03 1.612809130693946145e+03
1.180697022931930960e-03 1.662686131536611583e+03
1.220173534776542454e-03 1.713994508211163748e+03
1.260969940681316284e-03 1.766766482639675132e+03
1.303130371200056587e-03 1.821034002296086101e+03
1.346700432388157767e-03 1.876827937619118302e+03
1.391727255135877424e-03 1.934180101826600094e+03
1.438259546151070007e-03 1.993120571882185914e+03
1.486347640646530459e-03 2.053680276921061704e+03
1.536043556788919398e-03 2.115887853229115990e+03
1.587401051968200579e-03 2.179772218601525765e+03
1.640475680948428249e-03 2.245361488709345849e+03
1.695324855962815390e-03 2.312682229628263485e+03
1.752007908818060174e-03 2.381758595118159064e+03
1.810586155075142928e-03 2.452615867210568467e+03
1.871122960375984270e-03 2.525274480562800363e+03
1.933683808987751848e-03 2.599755836514729253e+03
1.998336374638913938e-03 2.676077731901161769e+03
2.065150593723721201e-03 2.754255226437417150e+03
2.134198740954243185e-03 2.834303206872282317e+03
2.205555507541849362e-03 2.916231195484393538e+03
2.279298081992675151e-03 3.000047141074422598e+03
2.355506233604463730e-03 3.085756686493154575e+03
2.434262398755145627e-03 3.173359825235255357e+03
2.515651770076436904e-03 3.262855282564228673e+03
2.599762388608985089e-03 3.354235474152594179e+03
2.686685239038679764e-03 3.447491320313713913e+03
2.776514348117217236e-03 3.542608823484556069e+03
2.869346886373309435e-03 3.639567545568295373e+03
2.965283273224645581e-03 3.738344926165953893e+03
3.064427285604211931e-03 3.838913265937686447e+03
3.166886170218578649e-03 3.941237151200739845e+03
3.272770759559481216e-03 4.045277989383031127e+03
3.382195591794276077e-03 4.150991793057502036e+03
3.495279034664920681e-03 4.258325512402594541e+03
3.612143413529477973e-03 4.367222715746284848e+03
3.732915143684721951e-03 4.477619489192082256e+03
3.857724867112893516e-03 4.589445072245884148e+03
3.986707593800617976e-03 4.702620726158233992e+03
4.120002847782761740e-03 4.817061284397666896e+03
4.257754818069308354e-03 4.932676303005172485e+03
4.400112514618404608e-03 5.049365249766252418e+03
4.547229929524409554e-03 5.167022542317416082e+03
4.699266203595197679e-03 5.285535962301838481e+03
4.856385798499019031e-03 5.404786731711981702e+03
5.018758674667020935e-03 5.524647631925132373e+03
5.186560475143959549e-03 5.644988641637316505e+03
5.359972715585955248e-03 5.765669849764419268e+03
5.539182980610755057e-03 5.886543747708563387e+03
5.724385126713026593e-03 6.007457428792624341e+03
5.915779491964028892e-03 6.128244598745537587e+03
6.113573112722652143e-03 6.248737023771277563e+03
6.317979947592099882e-03 6.368747227352398113e+03
6.529221108864616957e-03 6.488087554741864551e+03
6.747525101704480652e-03 6.606555006922524626e+03
6.973128071328140755e-03 6.723943643556220195e+03
7.206274058448705437e-03 6.840032783206026579e+03
7.447215263261310406e-03 6.954599487717235206e+03
7.696212318254701257e-03 7.067407019451448832e+03
7.953534570144332738e-03 7.178205951314382219e+03
8.219460371231864307e-03 7.286740913215672663e+03
8.494277380506187053e-03 7.392738673778100747e+03
8.778282874811823774e-03 7.495916927654297979e+03
9.071784070421121463e-03 7.595981680723933096e+03
9.375098455358292851e-03 7.692631197690452609e+03
9.688554132834568261e-03 7.785558602354416507e+03
1.001249017616620725e-02 7.874443520091792379e+03
1.034725699555901803e-02 7.958956521943308871e+03
1.069321671715643858e-02 8.038755053080962170e+03
1.105074357476093505e-02 8.113492066538546169e+03
1.142022431465263173e-02 8.182808301356289121e+03
1.180205861394306721e-02 8.246342842027506777e+03
1.219665951291643881e-02 8.303737978854735047e+03
1.260445386182631328e-02 8.354617661880794913e+03
1.302588278263077520e-02 8.398611994539545776e+03
1.346140214616583890e-02 8.435346737365953231e+03
1.391148306527291781e-02 8.464446862959504870e+03
1.437661240441416924e-02 8.485552122523315120e+03
1.485729330632660182e-02 8.498304054177355283e+03
1.535404573628500365e-02 8.502351839189359453e+03
1.586740704456205894e-02 8.497358714852907724e+03
1.639793254769450481e-02 8.483013448693154714e+03
1.694619612918364313e-02 8.459024447604168017e+03
1.751279086028037155e-02 8.425124454093234817e+03
1.809832964152614798e-02 8.381082155253299788e+03
1.870344586574363213e-02 8.326712576709724090e+03
1.932879410319460894e-02 8.261868943752449923e+03
1.997505080964588620e-02 8.186459970887723102e+03
2.064291505810955316e-02 8.100454082662643486e+03
2.133310929504865505e-02 8.003891468851649734e+03
2.204638012186681956e-02 7.896879010650772216e+03
2.278349910252664909e-02 7.779614039530169975e+03
2.354526359817107548e-02 7.652372802114938168e+03
2.433249762964985810e-02 7.515533583839057428e+03
2.514605276888498206e-02 7.369568179874953785e+03
2.598680906003840441e-02 7.215054854874016200e+03
2.685567597147924673e-02 7.052676130682764779e+03
2.775359337957988490e-02 6.883222837564345355e+03
2.868153258540498754e-02 6.707588345028981166e+03
2.964049736539381419e-02 6.526764785894648412e+03
3.063152505717161092e-02 6.341839014471048358e+03
3.165568768166540647e-02 6.153983919993366726e+03
3.271409310273729054e-02 5.964434335025231121e+03
3.380788622559029871e-02 5.774485672957963288e+03
3.493825023524253087e-02 5.585465058290817979e+03
3.610640787640997940e-02 5.398705693898562458e+03
3.731362277618164441e-02 5.215530254890778451e+03
3.856120081091872487e-02 5.037215015825125192e+03
3.985049151885547425e-02 4.864959313720546561e+03
4.118288955993056055e-02 4.699862499695635051e+03
4.255983622442782027e-02 4.542876650319627515e+03
4.398282099205792772e-02 4.394784635774562958e+03
4.545338314316834522e-02 4.256164490559239312e+03
4.697311342382341770e-02 4.127350868949216419e+03
4.854365576655684383e-02 4.008411140518593584e+03
5.016670906865677154e-02 3.899113959053117014e+03
5.184402902990837420e-02 3.798903570792644132e+03
5.357743005178047802e-02 3.706889220516725345e+03
5.536878720011212396e-02 3.621825482962804472e+03
5.722003823342062395e-02 3.542135881837701618e+03
5.913318569902666078e-02 3.465925257781538221e+03
6.111029909926251474e-02 3.391041920308654881e+03
6.315351713010779189e-02 3.315157268781435050e+03
6.526504999467336310e-02 3.235892492457338903e+03
6.744718179403717817e-02 3.150967523837482531e+03
6.970227299801623477e-02 3.058395867669479230e+03
7.203276299854979858e-02 2.956684259990756800e+03
7.444117274845411802e-02 2.845038922352431655e+03
7.693010748840443946e-02 2.723534443363353603e+03
7.950225956509210379e-02 2.593224212587595503e+03
8.216041134360790865e-02 2.456155523565395924e+03
8.490743821719984319e-02 2.315271036036014721e+03
8.774631171766281157e-02 2.174192723516340266e+03
9.068010272972255870e-02 2.036897545509602878e+03
9.371198481289348681e-02 1.907332449132176862e+03
9.684523763440215649e-02 1.788999327019708062e+03
1.000832505168899600e-01 1.684576470630724089e+03
1.034295261047340625e-01 1.595609245634049103e+03
1.068876841529496080e-01 1.522291282323604946e+03
1.104614654427753945e-01 1.463356738511514777e+03
1.141547358281756464e-01 1.416093113891550274e+03
1.179714904176376727e-01 1.376517906727176751e+03
1.219158578957853512e-01 1.339763288041388705e+03
1.259921049894874856e-01 1.300724221594821302e+03
1.302046410832891354e-01 1.254931170607313106e+03
1.345580229891604751e-01 1.199517017771868041e+03
1.390569598757198100e-01 1.133993281482338261e+03
1.437063183622670492e-01 1.060540050959481960e+03
1.485111277831346888e-01 9.835894770946996459e+02
1.534765856280515817e-01 9.087588965831926089e+02
1.586080631644066208e-01 8.414310122723868517e+02
1.639111112474894438e-01 7.854075324769742110e+02
1.693914663249987407e-01 7.420016590813443145e+02
1.750550566423093313e-01 7.097279861639647152e+02
1.809080086552135869e-01 6.846395983257492617e+02
1.869566536570689830e-01 6.613489176268690244e+02
1.932075346275276828e-01 6.346723646597056359e+02
1.996674133102498971e-01 6.015006688874505016e+02
2.063432775272630582e-01 5.620677677629170148e+02
2.132423487378718452e-01 5.198041704743520768e+02
2.203720898503036263e-01 4.796717187170598322e+02
2.277402132945338109e-01 4.458219348013162175e+02
2.353546893650253491e-01 4.197745768178035064e+02
2.432237548424092122e-01 3.999015863263946926e+02
2.513559219034258718e-01 3.823826789567066839e+02
2.597599873287743666e-01 3.632941704584638387e+02
2.684450420188219666e-01 3.408520738527696494e+02
2.774204808274743361e-01 3.163401709901946788e+02
2.866960127248350254e-01 2.929212039564235397e+02
2.962816712996577673e-01 2.732140146474553717e+02
3.061878256129444420e-01 2.575096457529986651e+02
3.164251914144354805e-01 2.438560981257881792e+02
3.270048427341168962e-01 2.298376780711327285e+02
3.379382238612947953e-01 2.145995241688864326e+02
3.492371617241852855e-01 1.993088988702197923e+02
3.609138786834163448e-01 1.856692720813483106e+02
3.729810057532814693e-01 1.741418188754169023e+02
3.854515962650386651e-01 1.637090152488622152e+02
3.983391399870480631e-01 1.532237503363614906e+02
4.116575777170102257e-01 1.426677944977284085e+02
4.254213163620995108e-01 1.328526607568692839e+02
4.396452445232932327e-01 1.241737779785776610e+02
4.543447486007690661e-01 1.161859021104637009e+02
4.695357294377799362e-01 1.083958548469192067e+02
4.852346195210218704e-01 1.009162247563501182e+02
5.014584007560848322e-01 9.406474735200434623e+01
5.182246228372336949e-01 8.777690723526553995e+01
5.355514222313770833e-01 8.180283725467221245e+01
5.534575417967635413e-01 7.614029945711571656e+01
5.719623510576314906e-01 7.090178226233933856e+01
5.910858671567322808e-01 6.603300625200263596e+01
6.108487765084068544e-01 6.144353797340625079e+01
6.312724571756275216e-01 5.715300932148308988e+01
6.523790019952193653e-01 5.316651093070759515e+01
6.741912424762606104e-01 4.943659202805518049e+01
6.967327734975364839e-01 4.595024918695108340e+01
7.200279788307419881e-01 4.270201486939436109e+01
7.441020575170596008e-01 3.967498271110728325e+01
7.689810511256225389e-01 3.685284172555174820e+01
7.946918719233755368e-01 3.422152445309146884e+01
8.212623319867858873e-01 3.176929191775749572e+01
8.487211732869031078e-01 2.948511822232800128e+01
8.770980987803161932e-01 2.735842120054051207e+01
9.064238045396205701e-01 2.537900037226924255e+01
9.367300129581793700e-01 2.353723603729505953e+01
9.680495070650749767e-01 2.182404438060629559e+01
1.000416165987385808e+00 2.023082115962634830e+01
1.033865001598128330e+00 1.874950284722078919e+01
1.068432196389532240e+00 1.737258944372419478e+01
1.104155142612600837e+00 1.609315242580150951e+01
1.141072482725305592e+00 1.490469368190750110e+01
1.179224151193147607e+00 1.380107661160757004e+01
1.218651417687333982e+00 1.277647048090495652e+01
1.259396931727273516e+00 1.182541674744388160e+01
1.301504768815691548e+00 1.094283782330142607e+01
1.345020478116276896e+00 1.012403991778373324e+01
1.389991131725407447e+00 9.364636712344903913e+00
1.436465375591293947e+00 8.660510612929446239e+00
1.484493482135585296e+00 8.007777459592130498e+00
1.534127404634392455e+00 7.402808182926271741e+00
1.585420833417506836e+00 6.842225502923573011e+00
1.638429253946665609e+00 6.322898672907117046e+00
1.693210006835640158e+00 5.841909966478336713e+00
1.749822349877109051e+00 5.396535102763100333e+00
1.808327522143368116e+00 4.984226727249470024e+00
1.868788810230267217e+00 4.602610033283965230e+00
1.931271616715998229e+00 4.249473721485803601e+00
1.995843530908793184e+00 3.922759374140137645e+00
2.062574401960084458e+00 3.620551412371192157e+00
2.131536414422164238e+00 3.341067735276883166e+00
2.202804166332139602e+00 3.082651081334589538e+00
2.276454749906602792e+00 2.843760507458715114e+00
2.352567834934338631e+00 2.622963491410420289e+00
2.431225754957225149e+00 2.418928459564490208e+00
2.512513596332623944e+00 2.230418237192008490e+00
2.596519290273538783e+00 2.056283758302842823e+00
2.683333707966161441e+00 1.895457972473244768e+00
2.773050758867611432e+00 1.746950341185096844e+00
2.865767492290306695e+00 1.609841620365428660e+00
2.961584202382770314e+00 1.483278814715512484e+00
3.060604536620467719e+00 1.366470707668147933e+00
3.162935607924048931e+00 1.258683624460502193e+00
3.268688110526199786e+00 1.159237288424068923e+00
3.377976439712552459e+00 1.067501173157324290e+00
3.490918815566087297e+00 9.828910783213478108e-01
3.607637410848952619e+00 9.048658783706824416e-01
3.728258483159945236e+00 8.329244317779284090e-01
3.852912511510727001e+00 7.666026994373280612e-01
3.981734337468417539e+00 7.054710583481220709e-01
4.114863311017320058e+00 6.491318527617976342e-01
4.252443441297450555e+00 5.972171097641668647e-01
4.394623552383071896e+00 5.493863071576414736e-01
4.541557444269631816e+00 5.053244349389999224e-01
4.693404059243289517e+00 4.647402166617639607e-01
4.850327653813030437e+00 4.273643975121441119e-01
5.012497976391239618e+00 3.929481143505248464e-01
5.180090450915090017e+00 3.612613693744447518e-01
5.353286366607249214e+00 3.320916181550858104e-01
5.532273074081278885e+00 3.052424880402993534e-01
5.717244188003695271e+00 2.805326003796061451e-01
5.908399796532135539e+00 2.577944403635797355e-01
6.105946677756002750e+00 2.368733275826162832e-01
6.310098523373801171e+00 2.176264734448347393e-01
6.521076169849157722e+00 1.999220791861051894e-01
6.739107837295406966e+00 1.836385110441805246e-01
6.964429376347387013e+00 1.686635466809481010e-01
7.197284523287298619e+00 1.548936681477993127e-01
7.437925163700752407e+00 1.422334013859547219e-01
7.686611604948010879e+00 1.305946983990374233e-01
7.943612857745410594e+00 1.198963609613138831e-01
8.209206927161357470e+00 1.100635176890479294e-01
8.483681113341843272e+00 1.010271569643527712e-01
8.767332322290526392e+00 9.272367351086489851e-02
9.060467387039910392e+00 8.509445163440526594e-02
9.363403399560734641e+00 7.808548923918201545e-02
9.676468053768756405e+00 7.164704998960835791e-02
1.000000000000001243e+01 6.573333594733073160e-02
