2.000000000000000164e-05 3.353904668898108099e+01
2.066869842267550072e-05 3.461756857446383862e+01
2.135975472437544027e-05 3.573077630760332113e+01
2.207391643902171255e-05 3.687978031893653252e+01
2.281195609427394449e-05 3.806572656169251445e+01
2.357467204719313169e-05 3.928981394016751238e+01
2.436288934784564352e-05 4.055325817885698569e+01
2.517746063178175121e-05 4.185733035864820550e+01
2.601926704235410016e-05 4.320334016400700961e+01
2.688921918387384303e-05 4.459262211546947441e+01
2.778825810663545582e-05 4.602659009210150742e+01
2.871735632487579741e-05 4.750665672384316451e+01
2.967751886876853870e-05 4.903431908159483044e+01
3.066978437159193627e-05 5.061109239048138164e+01
3.169522619324599853e-05 5.223858003829099772e+01
3.275495358133433647e-05 5.391838856108110178e+01
3.385011287106671010e-05 5.565221235223793173e+01
3.498188872528021299e-05 5.744178662912287336e+01
3.615150541592045298e-05 5.928890767860441002e+01
3.736022814836899319e-05 6.119540548934929092e+01
3.860936443004954884e-05 6.316320765262340586e+01
3.990026548479344494e-05 6.519428609936338148e+01
4.123432771449419843e-05 6.729065950131733587e+01
4.261299420963254024e-05 6.945443409833275439e+01
4.403775631030562105e-05 7.168778333115609769e+01
4.551015521944909301e-05 7.399293393048428413e+01
4.703178366999723984e-05 7.637219191096168913e+01
4.860428764778435972e-05 7.882794538677667617e+01
5.022936817205134787e-05 8.136265025160803077e+01
5.190878313548323190e-05 8.397883718685322663e+01
5.364434920576834987e-05 8.667913777858758806e+01
5.543794379073590958e-05 8.946623704992707360e+01
5.729150706919781900e-05 9.234293006855992303e+01
5.920704408969155763e-05 9.531210755126923573e+01
6.118662693939432690e-05 9.837672760788983339e+01
6.323239698555469304e-05 1.015398556002211166e+02
6.534656719186627638e-05 1.048046488532263254e+02
6.753142451228926792e-05 1.081743915580909885e+02
6.978933236490913268e-05 1.116524293763828126e+02
7.212273318850868345e-05 1.152422647262464750e+02
7.453415108461877573e-05 1.189474554090260057e+02
7.702619454790587906e-05 1.227717508806104973e+02
7.960155928784993205e-05 1.267189000497677540e+02
8.226303114476471348e-05 1.307929437994247621e+02
8.501348910331518868e-05 1.349978453743287616e+02
8.785590840679157983e-05 1.393378851141305006e+02
9.079336377550881697e-05 1.438173832407963175e+02
9.382903273281309529e-05 1.484407927885708318e+02
9.696619904229312483e-05 1.532127266199930773e+02
1.002082562599141270e-04 1.581379170490759805e+02
1.035587114049174785e-04 1.632213630758107854e+02
1.070211887534562421e-04 1.684680537308465773e+02
1.105994337590709140e-04 1.738832588706509625e+02
1.142973171042456330e-04 1.794723504129470655e+02
1.181188388874281471e-04 1.852409362421579146e+02
1.220681329500424115e-04 1.911947540230511606e+02
1.261494713481742377e-04 1.973396694987374644e+02
1.303672689737678670e-04 2.036818298277377153e+02
1.347260883303314362e-04 2.102275778571423928e+02
1.392306444683180742e-04 2.169833683322250693e+02
1.438858100855209437e-04 2.239559782158333121e+02
1.486966207979997041e-04 2.311522309095597905e+02
1.536682805872396744e-04 2.385793857355697583e+02
1.588061674294368483e-04 2.462447176971882357e+02
1.641158391129971276e-04 2.541558502701392399e+02
1.696030392505434848e-04 2.623206234607050646e+02
1.752737034919339915e-04 2.707470942187458149e+02
1.811339659450114388e-04 2.794436206210571072e+02
1.871901658110307874e-04 2.884188025102419033e+02
1.934488542419408646e-04 2.976814927663002095e+02
1.999168014269393128e-04 3.072407221894767417e+02
2.066010039159656652e-04 3.171060952650717013e+02
2.135086921880547338e-04 3.272871075430783208e+02
2.206473384727377968e-04 3.377939846644813997e+02
2.280246648329511538e-04 3.486368151779736309e+02
2.356486515181963309e-04 3.598263022012487227e+02
2.435275455969876748e-04 3.713734223587252359e+02
2.516698698779247295e-04 3.832895337856347169e+02
2.600844321290405573e-04 3.955861173726632956e+02
2.687803346053976817e-04 4.082751422201495188e+02
2.777669838952388651e-04 4.213689956852127239e+02
2.870541010953427292e-04 4.348803199402693167e+02
2.966517323265922064e-04 4.488223093868957676e+02
3.065702596011295341e-04 4.632082938546190576e+02
3.168204120528543403e-04 4.780521947301423324e+02
3.274132775434116785e-04 4.933682470823202948e+02
3.383603146562264279e-04 5.091709653789304184e+02
3.496733650915567022e-04 5.254758128214236876e+02
3.613646664759745386e-04 5.422979078523588896e+02
3.734468656001317080e-04 5.596534934368389713e+02
3.859330320991275886e-04 5.775588581626099085e+02
3.988366725902805230e-04 5.960308856131869106e+02
4.121717452835938129e-04 6.150868107930135693e+02
4.259526750807212541e-04 6.347447905293432768e+02
4.401943691787655547e-04 6.550227281058369044e+02
4.549122331957894719e-04 6.759395187865841308e+02
4.701221878354804149e-04 6.975145758410654935e+02
4.858406861089974399e-04 7.197674621908954578e+02
5.020847311326308640e-04 7.427186021136506042e+02
5.188718945205230424e-04 7.663887883850923117e+02
5.362203353923492141e-04 7.907994764098377800e+02
5.541488200165187389e-04 8.159720499967147589e+02
5.726767421101455150e-04 8.419294955402725691e+02
5.918241438177454907e-04 8.686943899720159834e+02
6.116117373913557359e-04 8.962900649998697418e+02
6.320609275955268004e-04 9.247408370726391240e+02
6.531938348614238542e-04 9.540708678307056516e+02
6.750333192150836329e-04 9.843055439964838342e+02
6.976030050057104547e-04 1.015470058362856889e+03
7.209273064607610694e-04 1.047590766750323837e+03
7.450314540954613768e-04 1.080694362154543796e+03
7.699415220053250396e-04 1.114807774821100338e+03
7.956844560711916160e-04 1.149958801633618805e+03
8.222881031073025473e-04 1.186175544358407706e+03
8.497812409839368810e-04 1.223486278689462551e+03
8.781936097571961097e-04 1.261920083845406452e+03
9.075559438396131216e-04 1.301506916162538573e+03
9.379000052463793693e-04 1.342276397285801750e+03
9.692586179531593148e-04 1.384258828640871116e+03
1.001665703402655023e-03 1.427484536983387898e+03
1.035156317198330069e-03 1.471985061205436295e+03
1.069766687024985286e-03 1.517791247116592103e+03
1.105534251837205851e-03 1.564934373663089673e+03
1.142497702358069404e-03 1.613446596597492089e+03
1.180697022931930960e-03 1.663359108391426162e+03
1.220173534776542454e-03 1.714703579491275377e+03
1.260969940681316284e-03 1.767512590910265089e+03
1.303130371200056587e-03 1.821816544091089554e+03
1.346700432388157767e-03 1.877647683104903535e+03
1.391727255135877424e-03 1.935036891706299684e+03
1.438259546151070007e-03 1.994014472710533028e+03
1.486347640646530459e-03 2.054610730981081360e+03
1.536043556788919398e-03 2.116855307989211724e+03
1.587401051968200579e-03 2.180776545039838311e+03
1.640475680948428249e-03 2.246402485268655255e+03
1.695324855962815390e-03 2.313759109974665535e+03
1.752007908818060174e-03 2.382872525834136013e+03
1.810586155075142928e-03 2.453765832844235319e+03
1.871122960375984270e-03 2.526462326274451243e+03
1.933683808987751848e-03 2.600981649497213766e+03
1.998336374638913938e-03 2.677343157329637506e+03
2.065150593723721201e-03 2.755562648025332692e+03
2.134198740954243185e-03 2.835654754992595372e+03
2.205555507541849362e-03 2.917630472759812619e+03
2.279298081992675151e-03 3.001498186697249821e+03
2.355506233604463730e-03 3.087263340930569484e+03
2.434262398755145627e-03 3.174927769942370105e+03
2.515651770076436904e-03 3.264490759309353962e+03
2.599762388608985089e-03 3.355944085245932001e+03
2.686685239038679764e-03 3.449281125935060118e+03
2.776514348117217236e-03 3.544486150579664354e+03
2.869346886373309435e-03 3.641540908689279604e+03
2.965283273224645581e-03 3.740421085975037386e+03
3.064427285604211931e-03 3.841098989443029495e+03
3.166886170218578649e-03 3.943539935321664871e+03
3.272770759559481216e-03 4.047706250979083961e+03
3.382195591794276077e-03 4.153550370718588965e+03
3.495279034664920681e-03 4.261022520101129885e+03
3.612143413529477973e-03 4.370063822689167864e+03
3.732915143684721951e-03 4.480612805754972214e+03
3.857724867112893516e-03 4.592597804517040458e+03
3.986707593800617976e-03 4.705942826203586264e+03
4.120002847782761740e-03 4.820564437391746651e+03
4.257754818069308354e-03 4.936373600056934265e+03
4.400112514618404608e-03 5.053271716883486988e+03
4.547229929524409554e-03 5.171156353652375401e+03
4.699266203595197679e-03 5.289917826261988921e+03
4.856385798499019031e-03 5.409436284083835744e+03
5.018758674667020935e-03 5.529589754155531409e+03
5.186560475143959549e-03 5.650244082785407045e+03
5.359972715585955248e-03 5.771263838951902471e+03
5.539182980610755057e-03 5.892500126838818687e+03
5.724385126713026593e-03 6.013799258778642979e+03
5.915779491964028892e-03 6.135000883901747329e+03
6.113573112722652143e-03 6.255933833929419052e+03
6.317979947592099882e-03 6.376421288878234918e+03
6.529221108864616957e-03 6.496274290724909406e+03
6.747525101704480652e-03 6.615297908910205479e+03
6.973128071328140755e-03 6.733285963488548987e+03
7.206274058448705437e-03 6.850025895995871906e+03
7.447215263261310406e-03 6.965290314484806004e+03
7.696212318254701257e-03 7.078846572361164363e+03
7.953534570144332738e-03 7.190452100819568841e+03
8.219460371231864307e-03 7.299850740821259024e+03
8.494277380506187053e-03 7.406773235357853082e+03
8.778282874811823774e-03 7.510947650727899600e+03
9.071784070421121463e-03 7.612083013135342298e+03
9.375098455358292851e-03 7.709885694414650970e+03
9.688554132834568261e-03 7.804048899963008807e+03
1.001249017616620725e-02 7.894254199794271699e+03
1.034725699555901803e-02 7.980178353967061412e+03
1.069321671715643858e-02 8.061484578290112040e+03
1.105074357476093505e-02 8.137831555786657191e+03
1.142022431465263173e-02 8.208871571334579130e+03
1.180205861394306721e-02 8.274243585183980031e+03
1.219665951291643881e-02 8.333589299773635503e+03
1.260445386182631328e-02 8.386543147003405466e+03
1.302588278263077520e-02 8.432736203126816690e+03
1.346140214616583890e-02 8.471797720818834932e+03
1.391148306527291781e-02 8.503363404528163301e+03
1.437661240441416924e-02 8.527067026193244601e+03
1.485729330632660182e-02 8.542551937692502179e+03
1.535404573628500365e-02 8.549470871423152857e+03
1.586740704456205894e-02 8.547487921437437763e+03
1.639793254769450481e-02 8.536285049250720476e+03
1.694619612918364313e-02 8.515568939808770665e+03
1.751279086028037155e-02 8.485067317508919587e+03
1.809832964152614798e-02 8.444541571546240448e+03
1.870344586574363213e-02 8.393794879539218527e+03
1.932879410319460894e-02 8.332666965594220528e+03
1.997505080964588620e-02 8.261056967616468683e+03
2.064291505810955316e-02 8.178909992094269001e+03
2.133310929504865505e-02 8.086245868210789013e+03
2.204638012186681956e-02 7.983148541256934550e+03
2.278349910252664909e-02 7.869785220414910327e+03
2.354526359817107548e-02 7.746404719176958679e+03
2.433249762964985810e-02 7.613347177596480833e+03
2.514605276888498206e-02 7.471050404442140461e+03
2.598680906003840441e-02 7.320052208526598406e+03
2.685567597147924673e-02 7.160991504501400414e+03
2.775359337957988490e-02 6.994615639009967708e+03
2.868153258540498754e-02 6.821771547394877416e+03
2.964049736539381419e-02 6.643408990039354649e+03
3.063152505717161092e-02 6.460567846358389943e+03
3.165568768166540647e-02 6.274373927987533534e+03
3.271409310273729054e-02 6.086024560250955801e+03
3.380788622559029871e-02 5.896775749805115993e+03
3.493825023524253087e-02 5.707920253105357915e+03
3.610640787640997940e-02 5.520766701284300325e+03
3.731362277618164441e-02 5.336614722960028303e+03
3.856120081091872487e-02 5.156728812268472211e+03
3.985049151885547425e-02 4.982304778721674666e+03
4.118288955993056055e-02 4.814446095420502388e+03
4.255983622442782027e-02 4.654120963472384574e+03
4.398282099205792772e-02 4.502136916149742319e+03
4.545338314316834522e-02 4.359107278861775740e+03
4.697311342382341770e-02 4.225415424761115901e+03
4.854365576655684383e-02 4.101187442255508358e+03
5.016670906865677154e-02 3.986261719124607225e+03
5.184402902990837420e-02 3.880167965118065240e+03
5.357743005178047802e-02 3.782113078323617174e+03
5.536878720011212396e-02 3.690964806876183957e+03
5.722003823342062395e-02 3.605270499066834873e+03
5.913318569902666078e-02 3.523274487966683409e+03
6.111029909926251474e-02 3.442970155376834100e+03
6.315351713010779189e-02 3.362179295278667269e+03
6.526504999467336310e-02 3.278663126734792968e+03
6.744718179403717817e-02 3.190267960473246603e+03
6.970227299801623477e-02 3.095099244870156781e+03
7.203276299854979858e-02 2.991711272487424139e+03
7.444117274845411802e-02 2.879298367540019626e+03
7.693010748840443946e-02 2.757855965932567415e+03
7.950225956509210379e-02 2.628290824882772995e+03
8.216041134360790865e-02 2.492440226763062583e+03
8.490743821719984319e-02 2.352995578783590190e+03
8.774631171766281157e-02 2.213303849334904044e+03
9.068010272972255870e-02 2.077079769102598675e+03
9.371198481289348681e-02 1.948043735477831206e+03
9.684523763440215649e-02 1.829533981755351078e+03
1.000832505168899600e-01 1.724139054090278478e+03
1.034295261047340625e-01 1.633397577467245810e+03
1.068876841529496080e-01 1.557573787418951952e+03
1.104614654427753945e-01 1.495547342077150915e+03
1.141547358281756464e-01 1.444822488747798388e+03
1.179714904176376727e-01 1.401692083092442545e+03
1.219158578957853512e-01 1.361604599995453555e+03
1.259921049894874856e-01 1.319771635724929411e+03
1.302046410832891354e-01 1.271979936955808625e+03
1.345580229891604751e-01 1.215490872434392259e+03
1.390569598757198100e-01 1.149763853701320841e+03
1.437063183622670492e-01 1.076742844535835957e+03
1.485111277831346888e-01 1.000494402939085148e+03
1.534765856280515817e-01 9.262384069157552631e+02
1.586080631644066208e-01 8.590336454991474966e+02
1.639111112474894438e-01 8.025056099029393408e+02
1.693914663249987407e-01 7.579622015582015138e+02
1.750550566423093313e-01 7.240732397896723569e+02
1.809080086552135869e-01 6.971721420783958365e+02
1.869566536570689830e-01 6.722160470130393151e+02
1.932075346275276828e-01 6.443292740736852693e+02
1.996674133102498971e-01 6.105525701399642458e+02
2.063432775272630582e-01 5.710365867159282516e+02
2.132423487378718452e-01 5.289311731800562484e+02
2.203720898503036263e-01 4.888604502740806197e+02
2.277402132945338109e-01 4.547417043835653772e+02
2.353546893650253491e-01 4.280508401991293681e+02
2.432237548424092122e-01 4.073022667632444040e+02
2.513559219034258718e-01 3.889266785332442282e+02
2.597599873287743666e-01 3.692296695087648004e+02
2.684450420188219666e-01 3.464995277160568889e+02
2.774204808274743361e-01 3.218958837557557899e+02
2.866960127248350254e-01 2.983645034022224536e+02
2.962816712996577673e-01 2.783768288708333785e+02
3.061878256129444420e-01 2.622348169117058774e+02
3.164251914144354805e-01 2.481223626592516496e+02
3.270048427341168962e-01 2.337642306484798951e+02
3.379382238612947953e-01 2.183326630990013939e+02
3.492371617241852855e-01 2.029011359393961413e+02
3.609138786834163448e-01 1.890674934119539046e+02
3.729810057532814693e-01 1.772785147161338841e+02
3.854515962650386651e-01 1.665866307906265718e+02
3.983391399870480631e-01 1.559071214489194972e+02
4.116575777170102257e-01 1.452080569586773606e+02
4.254213163620995108e-01 1.352451328005460880e+02
4.396452445232932327e-01 1.263941651174719141e+02
4.543447486007690661e-01 1.182403482073452352e+02
4.695357294377799362e-01 1.103153807380619185e+02
4.852346195210218704e-01 1.027177275366038458e+02
5.014584007560848322e-01 9.574421555266435746e+01
5.182246228372336949e-01 8.933558509573518336e+01
5.355514222313770833e-01 8.325506635443346681e+01
5.534575417967635413e-01 7.749653391678424441e+01
5.719623510576314906e-01 7.216411554734955303e+01
5.910858671567322808e-01 6.720627308658993115e+01
6.108487765084068544e-01 6.253611763592203943e+01
6.312724571756275216e-01 5.817003873237268863e+01
6.523790019952193653e-01 5.411176808866891008e+01
6.741912424762606104e-01 5.031562087090932067e+01
6.967327734975364839e-01 4.676750751006063211e+01
7.200279788307419881e-01 4.346149362400539218e+01
7.441020575170596008e-01 4.038050616675916871e+01
7.689810511256225389e-01 3.750807147850412093e+01
7.946918719233755368e-01 3.482992288827434635e+01
8.212623319867858873e-01 3.233408028773824583e+01
8.487211732869031078e-01 3.000929056056358490e+01
8.770980987803161932e-01 2.784476956526198776e+01
9.064238045396205701e-01 2.583014205856531831e+01
9.367300129581793700e-01 2.395562394337954260e+01
9.680495070650749767e-01 2.221197203294374489e+01
1.000416165987385808e+00 2.059042531304586277e+01
1.033865001598128330e+00 1.908277337306693155e+01
1.068432196389532240e+00 1.768138134555877272e+01
1.104155142612600837e+00 1.637919881415193757e+01
1.141072482725305592e+00 1.516961340186174390e+01
1.179224151193147607e+00 1.404637986164703811e+01
1.218651417687333982e+00 1.300356300974390145e+01
1.259396931727273516e+00 1.203560647982337350e+01
1.301504768815691548e+00 1.113734194326365667e+01
1.345020478116276896e+00 1.030399214551969145e+01
1.389991131725407447e+00 9.531092830629360080e+00
1.436465375591293947e+00 8.814453281972705057e+00
1.484493482135585296e+00 8.150120500435209081e+00
1.534127404634392455e+00 7.534401073747301503e+00
1.585420833417506836e+00 6.963857696101266370e+00
1.638429253946665609e+00 6.435303625603501665e+00
1.693210006835640158e+00 5.945768937124435105e+00
1.749822349877109051e+00 5.492480748564601889e+00
1.808327522143368116e+00 5.072846574649738649e+00
1.868788810230267217e+00 4.684449573054924265e+00
1.931271616715998229e+00 4.325039229802660756e+00
1.995843530908793184e+00 3.992520451855131380e+00
2.062574401960084458e+00 3.684943502030204154e+00
2.131536414422164238e+00 3.400494537860278665e+00
2.202804166332139602e+00 3.137486873599705017e+00
2.276454749906602792e+00 2.894352225492540676e+00
2.352567834934338631e+00 2.669632636130984338e+00
2.431225754957225149e+00 2.461972842492772262e+00
2.512513596332623944e+00 2.270113649127315281e+00
2.596519290273538783e+00 2.092885545982254403e+00
2.683333707966161441e+00 1.929202517577167431e+00
2.773050758867611432e+00 1.778056426878369845e+00
2.865767492290306695e+00 1.638511699782457365e+00
2.961584202382770314e+00 1.509700204803597012e+00
3.060604536620467719e+00 1.390816688443934135e+00
3.162935607924048931e+00 1.281114451228480000e+00
3.268688110526199786e+00 1.179901112250228312e+00
3.377976439712552459e+00 1.086534916854333677e+00
3.490918815566087297e+00 1.000421269597889795e+00
3.607637410848952619e+00 9.210094518953302334e-01
3.728258483159945236e+00 8.477894511538137667e-01
3.852912511510727001e+00 7.802890031325524500e-01
3.981734337468417539e+00 7.180708298181233129e-01
4.114863311017320058e+00 6.607301725288637906e-01
4.252443441297450555e+00 6.078924970472309175e-01
4.394623552383071896e+00 5.592112624834142398e-01
4.541557444269631816e+00 5.143659171786311157e-01
4.693404059243289517e+00 4.730600456925072028e-01
4.850327653813030437e+00 4.350195920198883237e-01
5.012497976391239618e+00 3.999912259653109481e-01
5.180090450915090017e+00 3.677408308801876635e-01
5.353286366607249214e+00 3.380520898099834137e-01
5.532273074081278885e+00 3.107251669008611050e-01
5.717244188003695271e+00 2.855754800284281969e-01
5.908399796532135539e+00 2.624325490810206496e-01
6.105946677756002750e+00 2.411389503192225281e-01
6.310098523373801171e+00 2.215493603323997474e-01
6.521076169849157722e+00 2.035296338393139393e-01
6.739107837295406966e+00 1.869559661503991388e-01
6.964429376347387013e+00 1.717141334588871693e-01
7.197284523287298619e+00 1.576987802631837354e-01
7.437925163700752407e+00 1.448127456965579984e-01
7.686611604948010879e+00 1.329664241789928203e-01
7.943612857745410594e+00 1.220771779719959232e-01
8.209206927161357470e+00 1.120688056204740823e-01
8.483681113341843272e+00 1.028710686867764512e-01
8.767332322290526392e+00 9.441923101934487916e-02
9.060467387039910392e+00 8.665363484404375871e-02
9.363403399560734641e+00 7.951931767492546876e-02
9.676468053768756405e+00 7.296566091482338534e-02
1.000000000000001243e+01 6.694605754313046053e-02
