2.000000000000000164e-05 9.042768048612540355e+00
2.066869842267550072e-05 9.333560972660434274e+00
2.135975472437544027e-05 9.633701930718263640e+00
2.207391643902171255e-05 9.943496158777040961e+00
2.281195609427394449e-05 1.026325169841441287e+01
2.357467204719313169e-05 1.059328786583950865e+01
2.436288934784564352e-05 1.093393933044866806e+01
2.517746063178175121e-05 1.128554335617390691e+01
2.601926704235410016e-05 1.164845400190380253e+01
2.688921918387384303e-05 1.202303448524438423e+01
2.778825810663545582e-05 1.240965859327291732e+01
2.871735632487579741e-05 1.280871548546407901e+01
2.967751886876853870e-05 1.322060259430270257e+01
3.066978437159193627e-05 1.364573410291097133e+01
3.169522619324599853e-05 1.408453870532732388e+01
3.275495358133433647e-05 1.453745078598756457e+01
3.385011287106671010e-05 1.500492619905742941e+01
3.498188872528021299e-05 1.548743275953916587e+01
3.615150541592045298e-05 1.598545322919625633e+01
3.736022814836899319e-05 1.649948570060942643e+01
3.860936443004954884e-05 1.703004872279379711e+01
3.990026548479344494e-05 1.757767111053479070e+01
4.123432771449419843e-05 1.814289877343318125e+01
4.261299420963254024e-05 1.872629926049176774e+01
4.403775631030562105e-05 1.932846057495456904e+01
4.551015521944909301e-05 1.994997956404229100e+01
4.703178366999723984e-05 2.059148248052493102e+01
4.860428764778435972e-05 2.125361112872414182e+01
5.022936817205134787e-05 2.193702420724955715e+01
5.190878313548323190e-05 2.264241116780116769e+01
5.364434920576834987e-05 2.337047543747578970e+01
5.543794379073590958e-05 2.412194255539481702e+01
5.729150706919781900e-05 2.489757310988649408e+01
5.920704408969155763e-05 2.569813459220216600e+01
6.118662693939432690e-05 2.652443048841812256e+01
6.323239698555469304e-05 2.737729577149575988e+01
6.534656719186627638e-05 2.825756787192777963e+01
6.753142451228926792e-05 2.916613696626468766e+01
6.978933236490913268e-05 3.010391439187114315e+01
7.212273318850868345e-05 3.107183133719319201e+01
7.453415108461877573e-05 3.207085466095172421e+01
7.702619454790587906e-05 3.310199450034129853e+01
7.960155928784993205e-05 3.416626873750919202e+01
8.226303114476471348e-05 3.526474627387657534e+01
8.501348910331518868e-05 3.639852335900681624e+01
8.785590840679157983e-05 3.756873592019489649e+01
9.079336377550881697e-05 3.877655627709771125e+01
9.382903273281309529e-05 4.002317588148660121e+01
9.696619904229312483e-05 4.130985353782850211e+01
1.002082562599141270e-04 4.263786911858262130e+01
1.035587114049174785e-04 4.400854551568922801e+01
1.070211887534562421e-04 4.542325819754881877e+01
1.105994337590709140e-04 4.688340387533315834e+01
1.142973171042456330e-04 4.839045727045334644e+01
1.181188388874281471e-04 4.994590460442882573e+01
1.220681329500424115e-04 5.155130874214907521e+01
1.261494713481742377e-04 5.320825439582898753e+01
1.303672689737678670e-04 5.491840874522368665e+01
1.347260883303314362e-04 5.668345689627226136e+01
1.392306444683180742e-04 5.850516700234425826e+01
1.438858100855209437e-04 6.038534533492044432e+01
1.486966207979997041e-04 6.232585995835542292e+01
1.536682805872396744e-04 6.432864141202355768e+01
1.588061674294368483e-04 6.639567873399734310e+01
1.641158391129971276e-04 6.852901311245423699e+01
1.696030392505434848e-04 7.073078277367535804e+01
1.752737034919339915e-04 7.300314415056185169e+01
1.811339659450114388e-04 7.534835945651461486e+01
1.871901658110307874e-04 7.776874531059782214e+01
1.934488542419408646e-04 8.026670230173679954e+01
1.999168014269393128e-04 8.284468362776381412e+01
2.066010039159656652e-04 8.550524657184881505e+01
2.135086921880547338e-04 8.825100337788957461e+01
2.206473384727377968e-04 9.108464532406220826e+01
2.280246648329511538e-04 9.400899124913934202e+01
2.356486515181963309e-04 9.702690299820034170e+01
2.435275455969876748e-04 1.001413135581592257e+02
2.516698698779247295e-04 1.033553018237229395e+02
2.600844321290405573e-04 1.066720040916236627e+02
2.687803346053976817e-04 1.100946425000483657e+02
2.777669838952388651e-04 1.136266049405314220e+02
2.870541010953427292e-04 1.172712447384731433e+02
2.966517323265922064e-04 1.210321556199753132e+02
3.065702596011295341e-04 1.249129755677193003e+02
3.168204120528543403e-04 1.289174536939758866e+02
3.274132775434116785e-04 1.330494278119548710e+02
3.383603146562264279e-04 1.373129163507673240e+02
3.496733650915567022e-04 1.417119959984500497e+02
3.613646664759745386e-04 1.462508445140350375e+02
3.734468656001317080e-04 1.509338096715930533e+02
3.859330320991275886e-04 1.557653435138769282e+02
3.988366725902805230e-04 1.607500138000620495e+02
4.121717452835938129e-04 1.658925639098757188e+02
4.259526750807212541e-04 1.711977631311394816e+02
4.401943691787655547e-04 1.766706474239854288e+02
4.549122331957894719e-04 1.823162543467648220e+02
4.701221878354804149e-04 1.881398324636140273e+02
4.858406861089974399e-04 1.941468039252615938e+02
5.020847311326308640e-04 2.003425989756727859e+02
5.188718945205230424e-04 2.067329766434773717e+02
5.362203353923492141e-04 2.133236362646959492e+02
5.541488200165187389e-04 2.201205488088320976e+02
5.726767421101455150e-04 2.271298360307717132e+02
5.918241438177454907e-04 2.343576955875772398e+02
6.116117373913557359e-04 2.418105257095086813e+02
6.320609275955268004e-04 2.494947826307556795e+02
6.531938348614238542e-04 2.574171819872882452e+02
6.750333192150836329e-04 2.655845803912607721e+02
6.976030050057104547e-04 2.740037964886647046e+02
7.209273064607610694e-04 2.826820613576966252e+02
7.450314540954613768e-04 2.916265310521499146e+02
7.699415220053250396e-04 3.008445511707795959e+02
7.956844560711916160e-04 3.103437561143188077e+02
8.222881031073025473e-04 3.201316355049627305e+02
8.497812409839368810e-04 3.302159846265233796e+02
8.781936097571961097e-04 3.406046812424236236e+02
9.075559438396131216e-04 3.513057120548763805e+02
9.379000052463793693e-04 3.623271856335975940e+02
9.692586179531593148e-04 3.736773701364749058e+02
1.001665703402655023e-03 3.853644160608251923e+02
1.035156317198330069e-03 3.973968386318594526e+02
1.069766687024985286e-03 4.097829957607162896e+02
1.105534251837205851e-03 4.225313894033768634e+02
1.142497702358069404e-03 4.356507207216703819e+02
1.180697022931930960e-03 4.491493772385814509e+02
1.220173534776542454e-03 4.630361154515092608e+02
1.260969940681316284e-03 4.773194952678537675e+02
1.303130371200056587e-03 4.920080407857851696e+02
1.346700432388157767e-03 5.071105068246338874e+02
1.391727255135877424e-03 5.226351233623393000e+02
1.438259546151070007e-03 5.385904638267566042e+02
1.486347640646530459e-03 5.549846471567556137e+02
1.536043556788919398e-03 5.718259422953741478e+02
1.587401051968200579e-03 5.891221792452801083e+02
1.640475680948428249e-03 6.068810781959201677e+02
1.695324855962815390e-03 6.251100071778258780e+02
1.752007908818060174e-03 6.438162126547312027e+02
1.810586155075142928e-03 6.630064135307336528e+02
1.871122960375984270e-03 6.826868232485900307e+02
1.933683808987751848e-03 7.028633390580577043e+02
1.998336374638913938e-03 7.235412644563410822e+02
2.065150593723721201e-03 7.447254517005923162e+02
2.134198740954243185e-03 7.664197447824800520e+02
2.205555507541849362e-03 7.886277771032556529e+02
2.279298081992675151e-03 8.113521644012495244e+02
2.355506233604463730e-03 8.345942986074127248e+02
2.434262398755145627e-03 8.583553220222758000e+02
2.515651770076436904e-03 8.826350564219400212e+02
2.599762388608985089e-03 9.074323829570638509e+02
2.686685239038679764e-03 9.327449829829614600e+02
2.776514348117217236e-03 9.585695545763095424e+02
2.869346886373309435e-03 9.849014682080753573e+02
2.965283273224645581e-03 1.011734809191091927e+03
3.064427285604211931e-03 1.039062264449764371e+03
3.166886170218578649e-03 1.066875102962129631e+03
3.272770759559481216e-03 1.095163219814715148e+03
3.382195591794276077e-03 1.123914640620640739e+03
3.495279034664920681e-03 1.153116317297757860e+03
3.612143413529477973e-03 1.182752642338718260e+03
3.732915143684721951e-03 1.212807134754011713e+03
3.857724867112893516e-03 1.243261023420924857e+03
3.986707593800617976e-03 1.274094119182256918e+03
4.120002847782761740e-03 1.305283819581243506e+03
4.257754818069308354e-03 1.336806233647604586e+03
4.400112514618404608e-03 1.368635353551651178e+03
4.547229929524409554e-03 1.400743284567049614e+03
4.699266203595197679e-03 1.433100402428491861e+03
4.856385798499019031e-03 1.465674955943642090e+03
5.018758674667020935e-03 1.498433683178862793e+03
5.186560475143959549e-03 1.531340713350246233e+03
5.359972715585955248e-03 1.564359278051081219e+03
5.539182980610755057e-03 1.597449479844075540e+03
5.724385126713026593e-03 1.630570345390213788e+03
5.915779491964028892e-03 1.663677795017452354e+03
6.113573112722652143e-03 1.696726473084113650e+03
6.317979947592099882e-03 1.729667862559439982e+03
6.529221108864616957e-03 1.762451298321602508e+03
6.747525101704480652e-03 1.795024456868452717e+03
6.973128071328140755e-03 1.827331145634493168e+03
7.206274058448705437e-03 1.859313777203218933e+03
7.447215263261310406e-03 1.890911604841382996e+03
7.696212318254701257e-03 1.922061289444043950e+03
7.953534570144332738e-03 1.952696357766539450e+03
8.219460371231864307e-03 1.982748171127806017e+03
8.494277380506187053e-03 2.012143443790223955e+03
8.778282874811823774e-03 2.040807459851046133e+03
9.071784070421121463e-03 2.068661671596072210e+03
9.375098455358292851e-03 2.095625441298537680e+03
9.688554132834568261e-03 2.121613911974568509e+03
1.001249017616620725e-02 2.146541635573029907e+03
1.034725699555901803e-02 2.170318619121480879e+03
1.069321671715643858e-02 2.192853384107746479e+03
1.105074357476093505e-02 2.214050987603030990e+03
1.142022431465263173e-02 2.233815541335420676e+03
1.180205861394306721e-02 2.252048181662537900e+03
1.219665951291643881e-02 2.268650492220518117e+03
1.260445386182631328e-02 2.283520637152695599e+03
1.302588278263077520e-02 2.296556975972298005e+03
1.346140214616583890e-02 2.307657076597963623e+03
1.391148306527291781e-02 2.316719085046696364e+03
1.437661240441416924e-02 2.323641916518427024e+03
1.485729330632660182e-02 2.328326596367556704e+03
1.535404573628500365e-02 2.330675446397426185e+03
1.586740704456205894e-02 2.330596021721290981e+03
1.639793254769450481e-02 2.327998651785757374e+03
1.694619612918364313e-02 2.322800935370895331e+03
1.751279086028037155e-02 2.314926636022857565e+03
1.809832964152614798e-02 2.304308830042340105e+03
1.870344586574363213e-02 2.290890829399681024e+03
1.932879410319460894e-02 2.274627316700922620e+03
1.997505080964588620e-02 2.255487292655954207e+03
2.064291505810955316e-02 2.233455786312211330e+03
2.133310929504865505e-02 2.208535064507449079e+03
2.204638012186681956e-02 2.180746617385261288e+03
2.278349910252664909e-02 2.150134818235420425e+03
2.354526359817107548e-02 2.116766343868889180e+03
2.433249762964985810e-02 2.080733158799686862e+03
2.514605276888498206e-02 2.042154170416508123e+03
2.598680906003840441e-02 2.001176018214579926e+03
2.685567597147924673e-02 1.957973728829955917e+03
2.775359337957988490e-02 1.912751647162746622e+03
2.868153258540498754e-02 1.865742605851926783e+03
2.964049736539381419e-02 1.817207167674369657e+03
3.063152505717161092e-02 1.767430880285764260e+03
3.165568768166540647e-02 1.716724396453989584e+03
3.271409310273729054e-02 1.665416837203155865e+03
3.380788622559029871e-02 1.613854820090885141e+03
3.493825023524253087e-02 1.562393743668777688e+03
3.610640787640997940e-02 1.511395520776224430e+03
3.731362277618164441e-02 1.461218754639741974e+03
3.856120081091872487e-02 1.412210940556506557e+03
3.985049151885547425e-02 1.364703522850606987e+03
4.118288955993056055e-02 1.319000515728239179e+03
4.255983622442782027e-02 1.275368864692701891e+03
4.398282099205792772e-02 1.234032089131493876e+03
4.545338314316834522e-02 1.195158816412623310e+03
4.697311342382341770e-02 1.158854636366662135e+03
4.854365576655684383e-02 1.125153393928142805e+03
5.016670906865677154e-02 1.094009804395679566e+03
5.184402902990837420e-02 1.065292316424369801e+03
5.357743005178047802e-02 1.038779862318591313e+03
5.536878720011212396e-02 1.014157059954941815e+03
5.722003823342062395e-02 9.910194084258665725e+02
5.913318569902666078e-02 9.688778540751734454e+02
6.111029909926251474e-02 9.471735538181131915e+02
6.315351713010779189e-02 9.252993186144481115e+02
6.526504999467336310e-02 9.026312980165542967e+02
6.744718179403717817e-02 8.785697214706443674e+02
6.970227299801623477e-02 8.525871815730848766e+02
7.203276299854979858e-02 8.242813831008195393e+02
7.444117274845411802e-02 7.934294161100460769e+02
7.693010748840443946e-02 7.600329736862888694e+02
7.950225956509210379e-02 7.243476637540192087e+02
8.216041134360790865e-02 6.868896334151345400e+02
8.490743821719984319e-02 6.484132639204481166e+02
8.774631171766281157e-02 6.098555736679134043e+02
9.068010272972255870e-02 5.722551184709702738e+02
9.371198481289348681e-02 5.366515973701272060e+02
9.684523763440215649e-02 5.039763949875890034e+02
1.000832505168899600e-01 4.749512161454184138e+02
1.034295261047340625e-01 4.500036022728469334e+02
1.068876841529496080e-01 4.292056829446610209e+02
1.104614654427753945e-01 4.122431080311893652e+02
1.141547358281756464e-01 3.984173211565522479e+02
1.179714904176376727e-01 3.866916883646879910e+02
1.219158578957853512e-01 3.757937711908590472e+02
1.259921049894874856e-01 3.643846422560931160e+02
1.302046410832891354e-01 3.512869486175834481e+02
1.345580229891604751e-01 3.357364654798308266e+02
1.390569598757198100e-01 3.175854719207843573e+02
1.437063183622670492e-01 2.973818409411515518e+02
1.485111277831346888e-01 2.762674805804915650e+02
1.534765856280515817e-01 2.557055002970544990e+02
1.586080631644066208e-01 2.371116421115324329e+02
1.639111112474894438e-01 2.214987371984335027e+02
1.693914663249987407e-01 2.092302308570407376e+02
1.750550566423093313e-01 1.999316574332192999e+02
1.809080086552135869e-01 1.925756934498754731e+02
1.869566536570689830e-01 1.857502024915200991e+02
1.932075346275276828e-01 1.780908747861913923e+02
1.996674133102498971e-01 1.687710223020899889e+02
2.063432775272630582e-01 1.578358514455867407e+02
2.132423487378718452e-01 1.461704517212370149e+02
2.203720898503036263e-01 1.350714352820763224e+02
2.277402132945338109e-01 1.256350931299208611e+02
2.353546893650253491e-01 1.182728925271492244e+02
2.432237548424092122e-01 1.125670685397249429e+02
2.513559219034258718e-01 1.075173375049008229e+02
2.597599873287743666e-01 1.020894596839775232e+02
2.684450420188219666e-01 9.580571268163812704e+01
2.774204808274743361e-01 8.899304266048726220e+01
2.866960127248350254e-01 8.247780500121463376e+01
2.962816712996577673e-01 7.695190165774194213e+01
3.061878256129444420e-01 7.249869712086626805e+01
3.164251914144354805e-01 6.860874879871458631e+01
3.270048427341168962e-01 6.464494503797776304e+01
3.379382238612947953e-01 6.037659253256430958e+01
3.492371617241852855e-01 5.610551695616027246e+01
3.609138786834163448e-01 5.227959600864849676e+01
3.729810057532814693e-01 4.902341872503329512e+01
3.854515962650386651e-01 4.607113138848829692e+01
3.983391399870480631e-01 4.311916179770339141e+01
4.116575777170102257e-01 4.015928584985364580e+01
4.254213163620995108e-01 3.740360126734400126e+01
4.396452445232932327e-01 3.495723839154110379e+01
4.543447486007690661e-01 3.270381674746860057e+01
4.695357294377799362e-01 3.051235859559414010e+01
4.852346195210218704e-01 2.841081248808677628e+01
5.014584007560848322e-01 2.648246607056152868e+01
5.182246228372336949e-01 2.471066619495364947e+01
5.355514222313770833e-01 2.302915461797172725e+01
5.534575417967635413e-01 2.143642086002494906e+01
5.719623510576314906e-01 1.996172760336493468e+01
5.910858671567322808e-01 1.859067410825234745e+01
6.108487765084068544e-01 1.729900060643705473e+01
6.312724571756275216e-01 1.609140431969458618e+01
6.523790019952193653e-01 1.496898876378773657e+01
6.741912424762606104e-01 1.391899613915259515e+01
6.967327734975364839e-01 1.293760891660193835e+01
7.200279788307419881e-01 1.202316787293836597e+01
7.441020575170596008e-01 1.117095233339652616e+01
7.689810511256225389e-01 1.037640949950622193e+01
7.946918719233755368e-01 9.635596176372580146e+00
8.212623319867858873e-01 8.945200819032191220e+00
8.487211732869031078e-01 8.302112635318808387e+00
8.770980987803161932e-01 7.703350243702270284e+00
9.064238045396205701e-01 7.146045061555134303e+00
9.367300129581793700e-01 6.627491841036459164e+00
9.680495070650749767e-01 6.145134905156951710e+00
1.000416165987385808e+00 5.696551984806666802e+00
1.033865001598128330e+00 5.279472930444356393e+00
1.068432196389532240e+00 4.891786463139697894e+00
1.104155142612600837e+00 4.531542534503406827e+00
1.141072482725305592e+00 4.196912216815966268e+00
1.179224151193147607e+00 3.886168255634886215e+00
1.218651417687333982e+00 3.597669412679558310e+00
1.259396931727273516e+00 3.329879163032349876e+00
1.301504768815691548e+00 3.081368136532683710e+00
1.345020478116276896e+00 2.850814871409246276e+00
1.389991131725407447e+00 2.636984451052099665e+00
1.436465375591293947e+00 2.438717666540095141e+00
1.484493482135585296e+00 2.254921167400522730e+00
1.534127404634392455e+00 2.084573392827958838e+00
1.585420833417506836e+00 1.926723569712564865e+00
1.638429253946665609e+00 1.780490145549048719e+00
1.693210006835640158e+00 1.645051527679909809e+00
1.749822349877109051e+00 1.519640638647535624e+00
1.808327522143368116e+00 1.403540328052587105e+00
1.868788810230267217e+00 1.296082030661271922e+00
1.931271616715998229e+00 1.196643182723125642e+00
1.995843530908793184e+00 1.104644205362772524e+00
2.062574401960084458e+00 1.019545723271094939e+00
2.131536414422164238e+00 9.408459478911666007e-01
2.202804166332139602e+00 8.680782562900237753e-01
2.276454749906602792e+00 8.008087767806733037e-01
2.352567834934338631e+00 7.386341595748668887e-01
2.431225754957225149e+00 6.811794726473416883e-01
2.512513596332623944e+00 6.280963600908294753e-01
2.596519290273538783e+00 5.790612713477536477e-01
2.683333707966161441e+00 5.337737402140976251e-01
2.773050758867611432e+00 4.919548423494771172e-01
2.865767492290306695e+00 4.533457311863873795e-01
2.961584202382770314e+00 4.177062246033413362e-01
3.060604536620467719e+00 3.848135380374003711e-01
3.162935607924048931e+00 3.544610856231238394e-01
3.268688110526199786e+00 3.264573077568427295e-01
3.377976439712552459e+00 3.006246504949143805e-01
3.490918815566087297e+00 2.767986073673807668e-01
3.607637410848952619e+00 2.548268140895092460e-01
3.728258483159945236e+00 2.345681688938733300e-01
3.852912511510727001e+00 2.158920120275612808e-01
3.981734337468417539e+00 1.986773604123781845e-01
4.114863311017320058e+00 1.828122265547071079e-01
4.252443441297450555e+00 1.681929846369630555e-01
4.394623552383071896e+00 1.547237480948815691e-01
4.541557444269631816e+00 1.423158188130003721e-01
4.693404059243289517e+00 1.308871799231683675e-01
4.850327653813030437e+00 1.203620131871190602e-01
5.012497976391239618e+00 1.106702408605426402e-01
5.180090450915090017e+00 1.017470969104882494e-01
5.353286366607249214e+00 9.353272789740797732e-02
5.532273074081278885e+00 8.597183306086886301e-02
5.717244188003695271e+00 7.901333483569440708e-02
5.908399796532135539e+00 7.261006468130995484e-02
6.105946677756002750e+00 6.671847142845471756e-02
6.310098523373801171e+00 6.129835059517885903e-02
6.521076169849157722e+00 5.631258735437055796e-02
6.739107837295406966e+00 5.172692556638509853e-02
6.964429376347387013e+00 4.750976030162375185e-02
7.197284523287298619e+00 4.363194156954934566e-02
7.437925163700752407e+00 4.006658771334521002e-02
7.686611604948010879e+00 3.678890720088074523e-02
7.943612857745410594e+00 3.377603507105021718e-02
8.209206927161357470e+00 3.100688594485152480e-02
8.483681113341843272e+00 2.846202476932998063e-02
8.767332322290526392e+00 2.612354059917329149e-02
9.060467387039910392e+00 2.397492936488621745e-02
9.363403399560734641e+00 2.200098557059562351e-02
9.676468053768756405e+00 2.018770371544954118e-02
1.000000000000001243e+01 1.852218609404460148e-02
