2.000000000000000164e-05 5.300237561847548351e-01
2.066869842267550072e-05 5.300262201000558449e-01
2.135975472437544027e-05 5.300296696141501007e-01
2.207391643902171255e-05 5.300353242264050913e-01
2.281195609427394449e-05 5.300303681950782053e-01
2.357467204719313169e-05 5.300290625577077641e-01
2.436288934784564352e-05 5.300305645860734494e-01
2.517746063178175121e-05 5.300302080121032100e-01
2.601926704235410016e-05 5.300375723795314187e-01
2.688921918387384303e-05 5.300311162839522749e-01
2.778825810663545582e-05 5.300343888366771949e-01
2.871735632487579741e-05 5.300332437148135289e-01
2.967751886876853870e-05 5.300239614264509180e-01
3.066978437159193627e-05 5.300284984377419129e-01
3.169522619324599853e-05 5.300369313809866201e-01
3.275495358133433647e-05 5.300365805798137320e-01
3.385011287106671010e-05 5.300409269420219838e-01
3.498188872528021299e-05 5.300389491736745562e-01
3.615150541592045298e-05 5.300315496642163948e-01
3.736022814836899319e-05 5.300383472777134841e-01
3.860936443004954884e-05 5.300336123575363212e-01
3.990026548479344494e-05 5.300434650814930260e-01
4.123432771449419843e-05 5.300406367444646660e-01
4.261299420963254024e-05 5.300383314184052841e-01
4.403775631030562105e-05 5.300369718593607171e-01
4.551015521944909301e-05 5.300377174277663972e-01
4.703178366999723984e-05 5.300453582199351477e-01
4.860428764778435972e-05 5.300534699102908975e-01
5.022936817205134787e-05 5.300451562309381748e-01
5.190878313548323190e-05 5.300404100792051043e-01
5.364434920576834987e-05 5.300581566739711592e-01
5.543794379073590958e-05 5.300488173641979550e-01
5.729150706919781900e-05 5.300478309633730456e-01
5.920704408969155763e-05 5.300633784093802259e-01
6.118662693939432690e-05 5.300477473895204295e-01
6.323239698555469304e-05 5.300569499931654383e-01
6.534656719186627638e-05 5.300442811634590301e-01
6.753142451228926792e-05 5.300646169654672502e-01
6.978933236490913268e-05 5.300609412469005077e-01
7.212273318850868345e-05 5.300653036771416637e-01
7.453415108461877573e-05 5.300722886387307931e-01
7.702619454790587906e-05 5.300636157802071091e-01
7.960155928784993205e-05 5.300723406429953544e-01
8.226303114476471348e-05 5.300724766472657556e-01
8.501348910331518868e-05 5.300802580725525459e-01
8.785590840679157983e-05 5.300801215764023855e-01
9.079336377550881697e-05 5.300883007668805158e-01
9.382903273281309529e-05 5.300855419168436500e-01
9.696619904229312483e-05 5.300887118522757957e-01
1.002082562599141270e-04 5.301072824478256784e-01
1.035587114049174785e-04 5.301144099606249771e-01
1.070211887534562421e-04 5.301078769905468446e-01
1.105994337590709140e-04 5.301147094677134408e-01
1.142973171042456330e-04 5.301270030413361978e-01
1.181188388874281471e-04 5.301352264831733496e-01
1.220681329500424115e-04 5.301460280245294809e-01
1.261494713481742377e-04 5.301370072729162386e-01
1.303672689737678670e-04 5.301523600710621453e-01
1.347260883303314362e-04 5.301576749904115538e-01
1.392306444683180742e-04 5.301696083874380960e-01
1.438858100855209437e-04 5.301777990355936998e-01
1.486966207979997041e-04 5.301951554962192059e-01
1.536682805872396744e-04 5.302082810960125903e-01
1.588061674294368483e-04 5.302125952303167189e-01
1.641158391129971276e-04 5.302293186755191456e-01
1.696030392505434848e-04 5.302397488630871125e-01
1.752737034919339915e-04 5.302448432729500727e-01
1.811339659450114388e-04 5.302813340307357404e-01
1.871901658110307874e-04 5.302851756828955709e-01
1.934488542419408646e-04 5.303037843896516446e-01
1.999168014269393128e-04 5.303313644919448455e-01
2.066010039159656652e-04 5.303365094070251473e-01
2.135086921880547338e-04 5.303649640353640393e-01
2.206473384727377968e-04 5.303861756219817591e-01
2.280246648329511538e-04 5.304109304392032875e-01
2.356486515181963309e-04 5.304367235115837742e-01
2.435275455969876748e-04 5.304557394678587334e-01
2.516698698779247295e-04 5.304984817477992332e-01
2.600844321290405573e-04 5.305386822080035980e-01
2.687803346053976817e-04 5.305600130769880796e-01
2.777669838952388651e-04 5.306035672594638930e-01
2.870541010953427292e-04 5.306468929324729134e-01
2.966517323265922064e-04 5.306835006139848376e-01
3.065702596011295341e-04 5.307285600551354676e-01
3.168204120528543403e-04 5.307805675078770546e-01
3.274132775434116785e-04 5.308229794854583128e-01
3.383603146562264279e-04 5.308840485691104227e-01
3.496733650915567022e-04 5.309482643003375912e-01
3.613646664759745386e-04 5.309976165332107589e-01
3.734468656001317080e-04 5.310719209560887943e-01
3.859330320991275886e-04 5.311406513708747390e-01
3.988366725902805230e-04 5.312109650683256579e-01
4.121717452835938129e-04 5.313037030450812326e-01
4.259526750807212541e-04 5.313827872274885511e-01
4.401943691787655547e-04 5.314700163088722507e-01
4.549122331957894719e-04 5.315815892892262751e-01
4.701221878354804149e-04 5.316835879202826964e-01
4.858406861089974399e-04 5.317923007956113501e-01
5.020847311326308640e-04 5.319229360029725795e-01
5.188718945205230424e-04 5.320402942272683955e-01
5.362203353923492141e-04 5.321870080294368588e-01
5.541488200165187389e-04 5.323417645008985399e-01
5.726767421101455150e-04 5.324863722544018740e-01
5.918241438177454907e-04 5.326739519647433196e-01
6.116117373913557359e-04 5.328357581538055721e-01
6.320609275955268004e-04 5.330307276386483384e-01
6.531938348614238542e-04 5.332457936136250076e-01
6.750333192150836329e-04 5.334563938008605177e-01
6.976030050057104547e-04 5.336828235968514855e-01
7.209273064607610694e-04 5.339347094208664046e-01
7.450314540954613768e-04 5.342021924098733221e-01
7.699415220053250396e-04 5.344770419172774067e-01
7.956844560711916160e-04 5.347758384202191406e-01
8.222881031073025473e-04 5.350962517974714450e-01
8.497812409839368810e-04 5.354445960279017314e-01
8.781936097571961097e-04 5.357879554843240077e-01
9.075559438396131216e-04 5.361774444267519701e-01
9.379000052463793693e-04 5.365820314503757515e-01
9.692586179531593148e-04 5.370124571072623088e-01
1.001665703402655023e-03 5.374820170112907247e-01
1.035156317198330069e-03 5.379543056621420849e-01
1.069766687024985286e-03 5.384641430747900692e-01
1.105534251837205851e-03 5.390192539870463095e-01
1.142497702358069404e-03 5.395836419378312598e-01
1.180697022931930960e-03 5.402021840016144605e-01
1.220173534776542454e-03 5.408297392797587477e-01
1.260969940681316284e-03 5.414991734070879748e-01
1.303130371200056587e-03 5.422032549933656354e-01
1.346700432388157767e-03 5.429705917446573382e-01
1.391727255135877424e-03 5.437481348144116433e-01
1.438259546151070007e-03 5.445790145232752844e-01
1.486347640646530459e-03 5.454366080142519779e-01
1.536043556788919398e-03 5.463600153021245243e-01
1.587401051968200579e-03 5.473004942606621848e-01
1.640475680948428249e-03 5.482857909386964490e-01
1.695324855962815390e-03 5.493262700527591358e-01
1.752007908818060174e-03 5.503947941432890678e-01
1.810586155075142928e-03 5.515322740803888513e-01
1.871122960375984270e-03 5.526899188259529749e-01
1.933683808987751848e-03 5.539021875970032704e-01
1.998336374638913938e-03 5.551573203792522504e-01
2.065150593723721201e-03 5.564390792375965011e-01
2.134198740954243185e-03 5.577740310703973581e-01
2.205555507541849362e-03 5.591418062584405657e-01
2.279298081992675151e-03 5.605699409732854965e-01
2.355506233604463730e-03 5.620206634386459843e-01
2.434262398755145627e-03 5.634894072530406417e-01
2.515651770076436904e-03 5.650131355397001176e-01
2.599762388608985089e-03 5.665447363412507986e-01
2.686685239038679764e-03 5.681197003326575734e-01
2.776514348117217236e-03 5.697326824527957356e-01
2.869346886373309435e-03 5.713623522533318733e-01
2.965283273224645581e-03 5.730055788269865502e-01
3.064427285604211931e-03 5.746920445329061211e-01
3.166886170218578649e-03 5.764094669835655438e-01
3.272770759559481216e-03 5.781370654046891211e-01
3.382195591794276077e-03 5.798971750825907545e-01
3.495279034664920681e-03 5.816830314030123628e-01
3.612143413529477973e-03 5.835030105119560773e-01
3.732915143684721951e-03 5.853461326944823240e-01
3.857724867112893516e-03 5.872372649653513355e-01
3.986707593800617976e-03 5.891590599492985136e-01
4.120002847782761740e-03 5.911232906289204392e-01
4.257754818069308354e-03 5.931285114083778565e-01
4.400112514618404608e-03 5.952047195263391322e-01
4.547229929524409554e-03 5.972992912594622394e-01
4.699266203595197679e-03 5.994675839346554902e-01
4.856385798499019031e-03 6.016858383828638246e-01
5.018758674667020935e-03 6.039613509027926819e-01
5.186560475143959549e-03 6.062836144662845372e-01
5.359972715585955248e-03 6.086776099511513882e-01
5.539182980610755057e-03 6.111307658720533942e-01
5.724385126713026593e-03 6.136353184061241750e-01
5.915779491964028892e-03 6.161942436403211598e-01
6.113573112722652143e-03 6.188136612991043117e-01
6.317979947592099882e-03 6.214849989772656125e-01
6.529221108864616957e-03 6.242211146592085980e-01
6.747525101704480652e-03 6.269962805479429857e-01
6.973128071328140755e-03 6.298485585851607560e-01
7.206274058448705437e-03 6.327400106911822419e-01
7.447215263261310406e-03 6.356997309726654111e-01
7.696212318254701257e-03 6.387152749960366416e-01
7.953534570144332738e-03 6.417864232354073550e-01
8.219460371231864307e-03 6.449098283432794787e-01
8.494277380506187053e-03 6.480916815206649861e-01
8.778282874811823774e-03 6.513371108797018083e-01
9.071784070421121463e-03 6.546469336118629911e-01
9.375098455358292851e-03 6.580083195695257681e-01
9.688554132834568261e-03 6.614157533308119286e-01
1.001249017616620725e-02 6.648913097782517267e-01
1.034725699555901803e-02 6.684185341214269327e-01
1.069321671715643858e-02 6.720163909097511823e-01
1.105074357476093505e-02 6.756564141452805483e-01
1.142022431465263173e-02 6.793649298199241349e-01
1.180205861394306721e-02 6.831244980997277505e-01
1.219665951291643881e-02 6.869279358040711880e-01
1.260445386182631328e-02 6.907982149659311899e-01
1.302588278263077520e-02 6.947366565960039209e-01
1.346140214616583890e-02 6.987200400860752447e-01
1.391148306527291781e-02 7.027695574132463152e-01
1.437661240441416924e-02 7.068591402630294285e-01
1.485729330632660182e-02 7.110080431521786926e-01
1.535404573628500365e-02 7.152162970429591926e-01
1.586740704456205894e-02 7.194794602313003828e-01
1.639793254769450481e-02 7.237894228753259940e-01
1.694619612918364313e-02 7.281628355020300924e-01
1.751279086028037155e-02 7.325889755239889389e-01
1.809832964152614798e-02 7.370593056043220903e-01
1.870344586574363213e-02 7.416016869735018169e-01
1.932879410319460894e-02 7.461718934349425014e-01
1.997505080964588620e-02 7.508122134350256882e-01
2.064291505810955316e-02 7.554815411536397463e-01
2.133310929504865505e-02 7.602202969389240117e-01
2.204638012186681956e-02 7.650085954214305151e-01
2.278349910252664909e-02 7.698448115384310952e-01
2.354526359817107548e-02 7.747371479572544573e-01
2.433249762964985810e-02 7.796702801526170790e-01
2.514605276888498206e-02 7.846381472724386352e-01
2.598680906003840441e-02 7.896827866062503531e-01
2.685567597147924673e-02 7.947537414498363484e-01
2.775359337957988490e-02 7.998745183929407698e-01
2.868153258540498754e-02 8.050467619016322685e-01
2.964049736539381419e-02 8.102570790040154458e-01
3.063152505717161092e-02 8.155185192052235577e-01
3.165568768166540647e-02 8.208194313411343312e-01
3.271409310273729054e-02 8.261768448573242329e-01
3.380788622559029871e-02 8.315650745918921061e-01
3.493825023524253087e-02 8.369826838420049153e-01
3.610640787640997940e-02 8.424551679194549614e-01
3.731362277618164441e-02 8.479789977577966154e-01
3.856120081091872487e-02 8.535251848901082017e-01
3.985049151885547425e-02 8.591229712001449137e-01
4.118288955993056055e-02 8.647477159820826653e-01
4.255983622442782027e-02 8.704121204022721159e-01
4.398282099205792772e-02 8.761193685277381960e-01
4.545338314316834522e-02 8.818565047505475540e-01
4.697311342382341770e-02 8.876265984992937064e-01
4.854365576655684383e-02 8.934396867209327686e-01
5.016670906865677154e-02 8.992717194360080324e-01
5.184402902990837420e-02 9.051645829163871282e-01
5.357743005178047802e-02 9.110502988754433096e-01
5.536878720011212396e-02 9.169988210503678960e-01
5.722003823342062395e-02 9.229532925253574049e-01
5.913318569902666078e-02 9.289303696975945712e-01
6.111029909926251474e-02 9.349699307104816226e-01
6.315351713010779189e-02 9.409832991803306346e-01
6.526504999467336310e-02 9.470804678388256015e-01
6.744718179403717817e-02 9.531633072967246045e-01
6.970227299801623477e-02 9.592707431591986911e-01
7.203276299854979858e-02 9.654041058443163514e-01
7.444117274845411802e-02 9.715630935231047705e-01
7.693010748840443946e-02 9.777359129630681656e-01
7.950225956509210379e-02 9.839176232434411196e-01
8.216041134360790865e-02 9.901259039702675624e-01
8.490743821719984319e-02 9.963546083678637144e-01
8.774631171766281157e-02 1.002585778701359676e+00
9.068010272972255870e-02 1.008814233740549460e+00
9.371198481289348681e-02 1.015089632843136025e+00
9.684523763440215649e-02 1.021362887894206928e+00
1.000832505168899600e-01 1.027615736107991395e+00
1.034295261047340625e-01 1.033889516784645357e+00
1.068876841529496080e-01 1.040177852659428304e+00
1.104614654427753945e-01 1.046473670479380225e+00
1.141547358281756464e-01 1.052783779367775674e+00
1.179714904176376727e-01 1.059062036006610086e+00
1.219158578957853512e-01 1.065323451179806424e+00
1.259921049894874856e-01 1.071621778151582438e+00
1.302046410832891354e-01 1.077917367656414216e+00
1.345580229891604751e-01 1.084170117811382283e+00
1.390569598757198100e-01 1.090455380503386307e+00
1.437063183622670492e-01 1.096698245346950040e+00
1.485111277831346888e-01 1.102939470346163242e+00
1.534765856280515817e-01 1.109171416253753151e+00
1.586080631644066208e-01 1.115381782193846760e+00
1.639111112474894438e-01 1.121633708994632883e+00
1.693914663249987407e-01 1.127783562976435228e+00
1.750550566423093313e-01 1.133960247942948030e+00
1.809080086552135869e-01 1.140148729018098051e+00
1.869566536570689830e-01 1.146259192081981348e+00
1.932075346275276828e-01 1.152342856765818713e+00
1.996674133102498971e-01 1.158438595726887677e+00
2.063432775272630582e-01 1.164459140618669286e+00
2.132423487378718452e-01 1.170498177217455638e+00
2.203720898503036263e-01 1.176496884775352747e+00
2.277402132945338109e-01 1.182438834099569069e+00
2.353546893650253491e-01 1.188346195792709725e+00
2.432237548424092122e-01 1.194272641221332476e+00
2.513559219034258718e-01 1.200079042389930128e+00
2.597599873287743666e-01 1.205943260317523080e+00
2.684450420188219666e-01 1.211700560573450991e+00
2.774204808274743361e-01 1.217454734913133052e+00
2.866960127248350254e-01 1.223178965604352575e+00
2.962816712996577673e-01 1.228833016510223253e+00
3.061878256129444420e-01 1.234450309958387004e+00
3.164251914144354805e-01 1.240022885771104422e+00
3.270048427341168962e-01 1.245484757786919694e+00
3.379382238612947953e-01 1.251007362341914009e+00
3.492371617241852855e-01 1.256413613114652161e+00
3.609138786834163448e-01 1.261760000280893967e+00
3.729810057532814693e-01 1.267062116664878335e+00
3.854515962650386651e-01 1.272328916877711880e+00
3.983391399870480631e-01 1.277569414440376194e+00
4.116575777170102257e-01 1.282755877492470775e+00
4.254213163620995108e-01 1.287854961167237411e+00
4.396452445232932327e-01 1.292916106891092154e+00
4.543447486007690661e-01 1.297895468345353187e+00
4.695357294377799362e-01 1.302875305206005141e+00
4.852346195210218704e-01 1.307732598484883990e+00
5.014584007560848322e-01 1.312471002279387955e+00
5.182246228372336949e-01 1.317309323810263111e+00
5.355514222313770833e-01 1.321992122146298465e+00
5.534575417967635413e-01 1.326680610862759346e+00
5.719623510576314906e-01 1.331233131339262243e+00
5.910858671567322808e-01 1.335749370655925805e+00
6.108487765084068544e-01 1.340177609414280990e+00
6.312724571756275216e-01 1.344545198430052269e+00
6.523790019952193653e-01 1.348906317904317920e+00
6.741912424762606104e-01 1.352779848054731504e+00
6.967327734975364839e-01 1.357470646400662284e+00
7.200279788307419881e-01 1.361734986049967455e+00
7.441020575170596008e-01 1.365664863535261953e+00
7.689810511256225389e-01 1.369497535198417326e+00
7.946918719233755368e-01 1.373372325440948893e+00
8.212623319867858873e-01 1.377256762300227422e+00
8.487211732869031078e-01 1.381101095433483250e+00
8.770980987803161932e-01 1.384869723821055443e+00
9.064238045396205701e-01 1.388554777828692410e+00
9.367300129581793700e-01 1.392151640457055306e+00
9.680495070650749767e-01 1.395661807915525632e+00
1.000416165987385808e+00 1.399100185130473406e+00
1.033865001598128330e+00 1.402483437219717244e+00
1.068432196389532240e+00 1.405821708835122807e+00
1.104155142612600837e+00 1.409109106424559998e+00
1.141072482725305592e+00 1.412337315752414835e+00
1.179224151193147607e+00 1.415498660957143384e+00
1.218651417687333982e+00 1.418587230471508143e+00
1.259396931727273516e+00 1.421597416906806854e+00
1.301504768815691548e+00 1.424527743886191411e+00
1.345020478116276896e+00 1.427389590505352857e+00
1.389991131725407447e+00 1.430196828971568968e+00
1.436465375591293947e+00 1.432958233338947673e+00
1.484493482135585296e+00 1.435664682172977935e+00
1.534127404634392455e+00 1.438303129630642996e+00
1.585420833417506836e+00 1.440865851647024076e+00
1.638429253946665609e+00 1.443366218042374083e+00
1.693210006835640158e+00 1.445822824238978122e+00
1.749822349877109051e+00 1.448248251265393360e+00
1.808327522143368116e+00 1.450628148810953810e+00
1.868788810230267217e+00 1.452940631492485757e+00
1.931271616715998229e+00 1.455167954021423959e+00
1.995843530908793184e+00 1.457313327730561658e+00
2.062574401960084458e+00 1.459386578653766309e+00
2.131536414422164238e+00 1.461397347041158312e+00
2.202804166332139602e+00 1.463354194264304908e+00
2.276454749906602792e+00 1.465265298145194572e+00
2.352567834934338631e+00 1.467137905809506870e+00
2.431225754957225149e+00 1.468973219190948365e+00
2.512513596332623944e+00 1.470770024498426087e+00
2.596519290273538783e+00 1.472525692061531721e+00
2.683333707966161441e+00 1.474227174393003548e+00
2.773050758867611432e+00 1.475856754519618841e+00
2.865767492290306695e+00 1.477401251365068946e+00
2.961584202382770314e+00 1.478885939353968393e+00
3.060604536620467719e+00 1.480355389793970300e+00
3.162935607924048931e+00 1.481847458208560342e+00
3.268688110526199786e+00 1.483333630897547328e+00
3.377976439712552459e+00 1.484748179110443989e+00
3.490918815566087297e+00 1.486032701541057932e+00
3.607637410848952619e+00 1.487215108172401212e+00
3.728258483159945236e+00 1.488377309205734855e+00
3.852912511510727001e+00 1.489595319725522726e+00
3.981734337468417539e+00 1.490858125602015249e+00
4.114863311017320058e+00 1.492094037885817182e+00
4.252443441297450555e+00 1.493233832502356861e+00
4.394623552383071896e+00 1.494264333869399719e+00
4.541557444269631816e+00 1.495215862554666986e+00
4.693404059243289517e+00 1.496118984942003127e+00
4.850327653813030437e+00 1.496988279276497025e+00
5.012497976391239618e+00 1.497824521713077006e+00
5.180090450915090017e+00 1.498628572025668682e+00
5.353286366607249214e+00 1.499412773024533463e+00
5.532273074081278885e+00 1.500200489278319393e+00
5.717244188003695271e+00 1.501013989286080541e+00
5.908399796532135539e+00 1.501835590640533846e+00
6.105946677756002750e+00 1.502604977655874086e+00
6.310098523373801171e+00 1.503262479043500965e+00
6.521076169849157722e+00 1.503835511387277668e+00
6.739107837295406966e+00 1.504454836853648114e+00
6.964429376347387013e+00 1.505253326484327081e+00
7.197284523287298619e+00 1.506206817518280783e+00
7.437925163700752407e+00 1.507083840604800384e+00
7.686611604948010879e+00 1.507642384287711801e+00
7.943612857745410594e+00 1.507831084589269066e+00
8.209206927161357470e+00 1.507878807615934402e+00
8.483681113341843272e+00 1.508034982725087847e+00
8.767332322290526392e+00 1.508420113768438542e+00
9.060467387039910392e+00 1.508943491629027411e+00
9.363403399560734641e+00 1.509495319779464495e+00
9.676468053768756405e+00 1.510012919571334322e+00
1.000000000000001243e+01 1.510519768827724540e+00
