2.000000000000000164e-05 8.867155044212813308e+00
2.066869842267550072e-05 9.152299104616210101e+00
2.135975472437544027e-05 9.446612555929348787e+00
2.207391643902171255e-05 9.750388121823865717e+00
2.281195609427394449e-05 1.006393344246353649e+01
2.357467204719313169e-05 1.038756152246287989e+01
2.436288934784564352e-05 1.072159477047097909e+01
2.517746063178175121e-05 1.106637129882589221e+01
2.601926704235410016e-05 1.142223197834910486e+01
2.688921918387384303e-05 1.178953643841056476e+01
2.778825810663545582e-05 1.216865166754375061e+01
2.871735632487579741e-05 1.255995592549412621e+01
2.967751886876853870e-05 1.296384453882145493e+01
3.066978437159193627e-05 1.338071895266245726e+01
3.169522619324599853e-05 1.381099836713288020e+01
3.275495358133433647e-05 1.425511142086933880e+01
3.385011287106671010e-05 1.471350776416354122e+01
3.498188872528021299e-05 1.518664020392002278e+01
3.615150541592045298e-05 1.567498827999929567e+01
3.736022814836899319e-05 1.617903449845216812e+01
3.860936443004954884e-05 1.669929165448052899e+01
3.990026548479344494e-05 1.723626977394982873e+01
4.123432771449419843e-05 1.779051987726826312e+01
4.261299420963254024e-05 1.836258775266312071e+01
4.403775631030562105e-05 1.895304702339270264e+01
4.551015521944909301e-05 1.956248953034371496e+01
4.703178366999723984e-05 2.019152839748224082e+01
4.860428764778435972e-05 2.084078753634053527e+01
5.022936817205134787e-05 2.151092510384533441e+01
5.190878313548323190e-05 2.220260150714041458e+01
5.364434920576834987e-05 2.291652095188604576e+01
5.543794379073590958e-05 2.365338330024982838e+01
5.729150706919781900e-05 2.441393885268110964e+01
5.920704408969155763e-05 2.519893855693992535e+01
6.118662693939432690e-05 2.600917754950262761e+01
6.323239698555469304e-05 2.684545570891849664e+01
6.534656719186627638e-05 2.770861885619720510e+01
6.753142451228926792e-05 2.859952444228785495e+01
6.978933236490913268e-05 2.951906472887166899e+01
7.212273318850868345e-05 3.046816798952621852e+01
7.453415108461877573e-05 3.144776363067068203e+01
7.702619454790587906e-05 3.245884117843230143e+01
7.960155928784993205e-05 3.350241925434473700e+01
8.226303114476471348e-05 3.457953363009591641e+01
8.501348910331518868e-05 3.569124835252380734e+01
8.785590840679157983e-05 3.683869117073918886e+01
9.079336377550881697e-05 3.802300767195976050e+01
9.382903273281309529e-05 3.924536993235691540e+01
9.696619904229312483e-05 4.050699509054351921e+01
1.002082562599141270e-04 4.180916050524015759e+01
1.035587114049174785e-04 4.315314899421903050e+01
1.070211887534562421e-04 4.454030750374724335e+01
1.105994337590709140e-04 4.597201127997475112e+01
1.142973171042456330e-04 4.744970667446013124e+01
1.181188388874281471e-04 4.897484337391063747e+01
1.220681329500424115e-04 5.054894484044584146e+01
1.261494713481742377e-04 5.217359682056687120e+01
1.303672689737678670e-04 5.385039345769211394e+01
1.347260883303314362e-04 5.558101760420237269e+01
1.392306444683180742e-04 5.736718029974850452e+01
1.438858100855209437e-04 5.921065098970669283e+01
1.486966207979997041e-04 6.111328580211550587e+01
1.536682805872396744e-04 6.307694413560977864e+01
1.588061674294368483e-04 6.510358402391682375e+01
1.641158391129971276e-04 6.719521966200113638e+01
1.696030392505434848e-04 6.935391378189210343e+01
1.752737034919339915e-04 7.158181391772926361e+01
1.811339659450114388e-04 7.388111786143329596e+01
1.871901658110307874e-04 7.625410825227071143e+01
1.934488542419408646e-04 7.870309126445543768e+01
1.999168014269393128e-04 8.123052409546873776e+01
2.066010039159656652e-04 8.383886455803666138e+01
2.135086921880547338e-04 8.653070053924484739e+01
2.206473384727377968e-04 8.930866611424303869e+01
2.280246648329511538e-04 9.217548929064942342e+01
2.356486515181963309e-04 9.513400168721166494e+01
2.435275455969876748e-04 9.818704529396612202e+01
2.516698698779247295e-04 1.013376536252242346e+02
2.600844321290405573e-04 1.045888705484733379e+02
2.687803346053976817e-04 1.079438893859925628e+02
2.777669838952388651e-04 1.114059413192733388e+02
2.870541010953427292e-04 1.149783770898391850e+02
2.966517323265922064e-04 1.186647027734441906e+02
3.065702596011295341e-04 1.224684422131408468e+02
3.168204120528543403e-04 1.263932409083998323e+02
3.274132775434116785e-04 1.304428939239775218e+02
3.383603146562264279e-04 1.346212942751436401e+02
3.496733650915567022e-04 1.389324027491117306e+02
3.613646664759745386e-04 1.433803516538185931e+02
3.734468656001317080e-04 1.479693302385244920e+02
3.859330320991275886e-04 1.527036751050076759e+02
3.988366725902805230e-04 1.575878688033043318e+02
4.121717452835938129e-04 1.626264644593816797e+02
4.259526750807212541e-04 1.678242262123955015e+02
4.401943691787655547e-04 1.731859561474377642e+02
4.549122331957894719e-04 1.787165427100355828e+02
4.701221878354804149e-04 1.844211732286401855e+02
4.858406861089974399e-04 1.903050013337908979e+02
5.020847311326308640e-04 1.963733921316908777e+02
5.188718945205230424e-04 2.026318858171205193e+02
5.362203353923492141e-04 2.090860633095670948e+02
5.541488200165187389e-04 2.157416640075686871e+02
5.726767421101455150e-04 2.226045859791182977e+02
5.918241438177454907e-04 2.296809049285330104e+02
6.116117373913557359e-04 2.369766920444640164e+02
6.320609275955268004e-04 2.444983284203576090e+02
6.531938348614238542e-04 2.522522628421903050e+02
6.750333192150836329e-04 2.602449456312474467e+02
6.976030050057104547e-04 2.684832117924046884e+02
7.209273064607610694e-04 2.769737191295945991e+02
7.450314540954613768e-04 2.857236518473671936e+02
7.699415220053250396e-04 2.947398803143229884e+02
7.956844560711916160e-04 3.040296908008272112e+02
8.222881031073025473e-04 3.136004606144687727e+02
8.497812409839368810e-04 3.234595566858394022e+02
8.781936097571961097e-04 3.336144098748053466e+02
9.075559438396131216e-04 3.440728450295464427e+02
9.379000052463793693e-04 3.548424897206063520e+02
9.692586179531593148e-04 3.659310812068140990e+02
1.001665703402655023e-03 3.773467545885778236e+02
1.035156317198330069e-03 3.890972195564555136e+02
1.069766687024985286e-03 4.011907056006880907e+02
1.105534251837205851e-03 4.136350942194658842e+02
1.142497702358069404e-03 4.264386661513938748e+02
1.180697022931930960e-03 4.396094865674314747e+02
1.220173534776542454e-03 4.531556490651765898e+02
1.260969940681316284e-03 4.670853490655749738e+02
1.303130371200056587e-03 4.814067163494901820e+02
1.346700432388157767e-03 4.961277187088789447e+02
1.391727255135877424e-03 5.112563971438354429e+02
1.438259546151070007e-03 5.268006463546921623e+02
1.486347640646530459e-03 5.427680882222459786e+02
1.536043556788919398e-03 5.591666466376011613e+02
1.587401051968200579e-03 5.760035466251210892e+02
1.640475680948428249e-03 5.932860716434868209e+02
1.695324855962815390e-03 6.110212471417769393e+02
1.752007908818060174e-03 6.292157936000422751e+02
1.810586155075142928e-03 6.478759983076872686e+02
1.871122960375984270e-03 6.670079861775524250e+02
1.933683808987751848e-03 6.866172202757657033e+02
1.998336374638913938e-03 7.067089991887287397e+02
2.065150593723721201e-03 7.272879686854796546e+02
2.134198740954243185e-03 7.483582594499459901e+02
2.205555507541849362e-03 7.699234902435302956e+02
2.279298081992675151e-03 7.919869153581429373e+02
2.355506233604463730e-03 8.145506675359445126e+02
2.434262398755145627e-03 8.376165339457224945e+02
2.515651770076436904e-03 8.611858359030354677e+02
2.599762388608985089e-03 8.852589556680275109e+02
2.686685239038679764e-03 9.098357312918557227e+02
2.776514348117217236e-03 9.349149210753878378e+02
2.869346886373309435e-03 9.604950049685198792e+02
2.965283273224645581e-03 9.865730840073447325e+02
3.064427285604211931e-03 1.013146108278355541e+03
3.166886170218578649e-03 1.040209513824682062e+03
3.272770759559481216e-03 1.067757635170803496e+03
3.382195591794276077e-03 1.095784033477361390e+03
3.495279034664920681e-03 1.124280875583622446e+03
3.612143413529477973e-03 1.153238906093671858e+03
3.732915143684721951e-03 1.182647919053860505e+03
3.857724867112893516e-03 1.212495090417898382e+03
3.986707593800617976e-03 1.242766903243010347e+03
4.120002847782761740e-03 1.273447663202752892e+03
4.257754818069308354e-03 1.304520384833409707e+03
4.400112514618404608e-03 1.335965211401141005e+03
4.547229929524409554e-03 1.367761142655257572e+03
4.699266203595197679e-03 1.399885071874080722e+03
4.856385798499019031e-03 1.432311853188460873e+03
5.018758674667020935e-03 1.465014437636953971e+03
5.186560475143959549e-03 1.497963533857288894e+03
5.359972715585955248e-03 1.531128018763628916e+03
5.539182980610755057e-03 1.564473434461672923e+03
5.724385126713026593e-03 1.597963316406865033e+03
5.915779491964028892e-03 1.631558994902556606e+03
6.113573112722652143e-03 1.665216892529507277e+03
6.317979947592099882e-03 1.698891992465915337e+03
6.529221108864616957e-03 1.732535014962769083e+03
6.747525101704480652e-03 1.766094681970535248e+03
6.973128071328140755e-03 1.799516155158838728e+03
7.206274058448705437e-03 1.832742702128589599e+03
7.447215263261310406e-03 1.865714097770264289e+03
7.696212318254701257e-03 1.898367472063683863e+03
7.953534570144332738e-03 1.930636196710107242e+03
8.219460371231864307e-03 1.962450099024481460e+03
8.494277380506187053e-03 1.993733603207669603e+03
8.778282874811823774e-03 2.024409482974263710e+03
9.071784070421121463e-03 2.054394883685469722e+03
9.375098455358292851e-03 2.083605239961852931e+03
9.688554132834568261e-03 2.111953185193874560e+03
1.001249017616620725e-02 2.139347653455493401e+03
1.034725699555901803e-02 2.165693915965900487e+03
1.069321671715643858e-02 2.190892885014747208e+03
1.105074357476093505e-02 2.214841395393949824e+03
1.142022431465263173e-02 2.237434264550848638e+03
1.180205861394306721e-02 2.258563814927666044e+03
1.219665951291643881e-02 2.278122626379594294e+03
1.260445386182631328e-02 2.295996729441557818e+03
1.302588278263077520e-02 2.312073034535313582e+03
1.346140214616583890e-02 2.326236050258201885e+03
1.391148306527291781e-02 2.338368365342314974e+03
1.437661240441416924e-02 2.348357142393871072e+03
1.485729330632660182e-02 2.356088671534399964e+03
1.535404573628500365e-02 2.361450166978263951e+03
1.586740704456205894e-02 2.364330962701837962e+03
1.639793254769450481e-02 2.364627968287267777e+03
1.694619612918364313e-02 2.362243316567629790e+03
1.751279086028037155e-02 2.357083973707774931e+03
1.809832964152614798e-02 2.349067143156586098e+03
1.870344586574363213e-02 2.338121841619000406e+03
1.932879410319460894e-02 2.324188584808805444e+03
1.997505080964588620e-02 2.307223292835305983e+03
2.064291505810955316e-02 2.287196842360469873e+03
2.133310929504865505e-02 2.264103209323403007e+03
2.204638012186681956e-02 2.237953809266505687e+03
2.278349910252664909e-02 2.208785075974611573e+03
2.354526359817107548e-02 2.176658937140146463e+03
2.433249762964985810e-02 2.141665573213040716e+03
2.514605276888498206e-02 2.103923287096368767e+03
2.598680906003840441e-02 2.063581182835132495e+03
2.685567597147924673e-02 2.020821463291571717e+03
2.775359337957988490e-02 1.975855509317710585e+03
2.868153258540498754e-02 1.928930036524686102e+03
2.964049736539381419e-02 1.880319151631611248e+03
3.063152505717161092e-02 1.830328225166275843e+03
3.165568768166540647e-02 1.779288079509109366e+03
3.271409310273729054e-02 1.727552070557377192e+03
3.380788622559029871e-02 1.675492266252092804e+03
3.493825023524253087e-02 1.623492096641826038e+03
3.610640787640997940e-02 1.571942260812830682e+03
3.731362277618164441e-02 1.521230605069874400e+03
3.856120081091872487e-02 1.471735420742279302e+03
3.985049151885547425e-02 1.423816508078300785e+03
4.118288955993056055e-02 1.377803562866989978e+03
4.255983622442782027e-02 1.333989929012024277e+03
4.398282099205792772e-02 1.292618879541234492e+03
4.545338314316834522e-02 1.253875741760456776e+03
4.697311342382341770e-02 1.217876418963917331e+03
4.854365576655684383e-02 1.184658794793905599e+03
5.016670906865677154e-02 1.154172663377280514e+03
5.184402902990837420e-02 1.126272731059476428e+03
5.357743005178047802e-02 1.100712131985029828e+03
5.536878720011212396e-02 1.077138713301477537e+03
5.722003823342062395e-02 1.055097561483311665e+03
5.913318569902666078e-02 1.034036591658501038e+03
6.111029909926251474e-02 1.013321555674526167e+03
6.315351713010779189e-02 9.922598509133309790e+02
6.526504999467336310e-02 9.701362042942035941e+02
6.744718179403717817e-02 9.462580842734984117e+02
6.970227299801623477e-02 9.200118153750477177e+02
7.203276299854979858e-02 8.909254042712626642e+02
7.444117274845411802e-02 8.587298699957659665e+02
7.693010748840443946e-02 8.234147377647991561e+02
7.950225956509210379e-02 7.852641444766389895e+02
8.216041134360790865e-02 7.448661264415933374e+02
8.490743821719984319e-02 7.030879799889670494e+02
8.774631171766281157e-02 6.610156362542306852e+02
9.068010272972255870e-02 6.198581310148570083e+02
9.371198481289348681e-02 5.808329283439364872e+02
9.684523763440215649e-02 5.450382879250389578e+02
1.000832505168899600e-01 5.133375589449211702e+02
1.034295261047340625e-01 4.862592568796031287e+02
1.068876841529496080e-01 4.639266962773535283e+02
1.104614654427753945e-01 4.460192599353504761e+02
1.141547358281756464e-01 4.317696300726502727e+02
1.179714904176376727e-01 4.200084887807187215e+02
1.219158578957853512e-01 4.092721938140039128e+02
1.259921049894874856e-01 3.979893111743263034e+02
1.302046410832891354e-01 3.847421801689598624e+02
1.345580229891604751e-01 3.685650926471182061e+02
1.390569598757198100e-01 3.491990087068992921e+02
1.437063183622670492e-01 3.272071683468412289e+02
1.485111277831346888e-01 3.038796838197332022e+02
1.534765856280515817e-01 2.809274837757619707e+02
1.586080631644066208e-01 2.600521227415135854e+02
1.639111112474894438e-01 2.425190846738107666e+02
1.693914663249987407e-01 2.288546708407391748e+02
1.750550566423093313e-01 2.187222299220029811e+02
1.809080086552135869e-01 2.109968990538064872e+02
1.869566536570689830e-01 2.040492505511134311e+02
1.932075346275276828e-01 1.962306146310725978e+02
1.996674133102498971e-01 1.864558714205987542e+02
2.063432775272630582e-01 1.746423834673664715e+02
2.132423487378718452e-01 1.617368502874346632e+02
2.203720898503036263e-01 1.492560837368379225e+02
2.277402132945338109e-01 1.385674064718536727e+02
2.353546893650253491e-01 1.302811796132025677e+02
2.432237548424092122e-01 1.240252711599053868e+02
2.513559219034258718e-01 1.186781503113644902e+02
2.597599873287743666e-01 1.129797194943701442e+02
2.684450420188219666e-01 1.062485774243040453e+02
2.774204808274743361e-01 9.875510270242385502e+01
2.866960127248350254e-01 9.144314659605601037e+01
2.962816712996577673e-01 8.519756232986300404e+01
3.061878256129444420e-01 8.022771441935640269e+01
3.164251914144354805e-01 7.600259403318572993e+01
3.270048427341168962e-01 7.174774960669438428e+01
3.379382238612947953e-01 6.710211265125975899e+01
3.492371617241852855e-01 6.235622034888914555e+01
3.609138786834163448e-01 5.805705054588523950e+01
3.729810057532814693e-01 5.442431107879600916e+01
3.854515962650386651e-01 5.118970403581194262e+01
3.983391399870480631e-01 4.796980067676942383e+01
4.116575777170102257e-01 4.470092436177003492e+01
4.254213163620995108e-01 4.162225426036214770e+01
4.396452445232932327e-01 3.889535744427224273e+01
4.543447486007690661e-01 3.641030691205365599e+01
4.695357294377799362e-01 3.399626920078571146e+01
4.852346195210218704e-01 3.166172580208213105e+01
5.014584007560848322e-01 2.951187173421394405e+01
5.182246228372336949e-01 2.754657231356717872e+01
5.355514222313770833e-01 2.568564494847365509e+01
5.534575417967635413e-01 2.391530462229948739e+01
5.719623510576314906e-01 2.227311040928992725e+01
5.910858671567322808e-01 2.075024269865575022e+01
6.108487765084068544e-01 1.931524092883053711e+01
6.312724571756275216e-01 1.797059314711454547e+01
6.523790019952193653e-01 1.672124700821396814e+01
6.741912424762606104e-01 1.555285329461771404e+01
6.967327734975364839e-01 1.445995833294073130e+01
7.200279788307419881e-01 1.344119999452481373e+01
7.441020575170596008e-01 1.249145512225674359e+01
7.689810511256225389e-01 1.160572691438759740e+01
7.946918719233755368e-01 1.077966599551810312e+01
8.212623319867858873e-01 1.000960562826538691e+01
8.487211732869031078e-01 9.292102258768347056e+00
8.770980987803161932e-01 8.623858673432927446e+00
9.064238045396205701e-01 8.001704987613441844e+00
9.367300129581793700e-01 7.422650272852066244e+00
9.680495070650749767e-01 6.883868016774580489e+00
1.000416165987385808e+00 6.382677886488591135e+00
1.033865001598128330e+00 5.916566255855960854e+00
1.068432196389532240e+00 5.483193124306951383e+00
1.104155142612600837e+00 5.080395257191909764e+00
1.141072482725305592e+00 4.706143202226781064e+00
1.179224151193147607e+00 4.358520451903625137e+00
1.218651417687333982e+00 4.035706075490969269e+00
1.259396931727273516e+00 3.735994381424454502e+00
1.301504768815691548e+00 3.457797409338398520e+00
1.345020478116276896e+00 3.199645925140087055e+00
1.389991131725407447e+00 2.960166482505085295e+00
1.436465375591293947e+00 2.738069557482776251e+00
1.484493482135585296e+00 2.532138498132464832e+00
1.534127404634392455e+00 2.341236046697791728e+00
1.585420833417506836e+00 2.164303369316182835e+00
1.638429253946665609e+00 2.000358544600993937e+00
1.693210006835640158e+00 1.848486192056247424e+00
1.749822349877109051e+00 1.707831332627967269e+00
1.808327522143368116e+00 1.577594189897204346e+00
1.868788810230267217e+00 1.457028886675172830e+00
1.931271616715998229e+00 1.345440690511969128e+00
1.995843530908793184e+00 1.242182714065967808e+00
2.062574401960084458e+00 1.146652783240499351e+00
2.131536414422164238e+00 1.058290521193593792e+00
2.202804166332139602e+00 9.765746643192706467e-01
2.276454749906602792e+00 9.010204008699345124e-01
2.352567834934338631e+00 8.311769044333463530e-01
2.431225754957225149e+00 7.666249985763583519e-01
2.512513596332623944e+00 7.069751172264012729e-01
2.596519290273538783e+00 6.518653464304946521e-01
2.683333707966161441e+00 6.009595267887180015e-01
2.773050758867611432e+00 5.539455260103666179e-01
2.865767492290306695e+00 5.105336021988501338e-01
2.961584202382770314e+00 4.704548073270781172e-01
3.060604536620467719e+00 4.334596068763186261e-01
3.162935607924048931e+00 3.993165695431140638e-01
3.268688110526199786e+00 3.678110861470431647e-01
3.377976439712552459e+00 3.387442074533936198e-01
3.490918815566087297e+00 3.119315573331089553e-01
3.607637410848952619e+00 2.872023109770497351e-01
3.728258483159945236e+00 2.643982292728042638e-01
3.852912511510727001e+00 2.433727556243304446e-01
3.981734337468417539e+00 2.239901517378362628e-01
4.114863311017320058e+00 2.061247446817118800e-01
4.252443441297450555e+00 1.896602308594659281e-01
4.394623552383071896e+00 1.744890052843588724e-01
4.541557444269631816e+00 1.605115279998066413e-01
4.693404059243289517e+00 1.476357316526874519e-01
4.850327653813030437e+00 1.357764591849373315e-01
5.012497976391239618e+00 1.248549678479562303e-01
5.180090450915090017e+00 1.147984776399755269e-01
5.353286366607249214e+00 1.055397394004950890e-01
5.532273074081278885e+00 9.701662349203377111e-02
5.717244188003695271e+00 8.917173264323360882e-02
5.908399796532135539e+00 8.195204220718171895e-02
6.105946677756002750e+00 7.530857751871088135e-02
6.310098523373801171e+00 6.919612219828126520e-02
6.521076169849157722e+00 6.357293346378803389e-02
6.739107837295406966e+00 5.840048193266009213e-02
6.964429376347387013e+00 5.364321472471023783e-02
7.197284523287298619e+00 4.926833381740822193e-02
7.437925163700752407e+00 4.524558739191830714e-02
7.686611604948010879e+00 4.154707239556765241e-02
7.943612857745410594e+00 3.814705211933841489e-02
8.209206927161357470e+00 3.502179100826938868e-02
8.483681113341843272e+00 3.214940818542399298e-02
8.767332322290526392e+00 2.950973504477881135e-02
9.060467387039910392e+00 2.708418361165618529e-02
9.363403399560734641e+00 2.485562646081302882e-02
9.676468053768756405e+00 2.280828559635582689e-02
1.000000000000001243e+01 2.092762879643933135e-02
