2.000000000000000164e-05 9.140904922201121963e+01
2.066869842267550072e-05 9.434852249437489036e+01
2.135975472437544027e-05 9.738248983308484696e+01
2.207391643902171255e-05 1.005140312214487182e+02
2.281195609427394449e-05 1.037462598876302877e+02
2.357467204719313169e-05 1.070824210306887494e+02
2.436288934784564352e-05 1.105258717916607054e+02
2.517746063178175121e-05 1.140800458896740537e+02
2.601926704235410016e-05 1.177485097735044235e+02
2.688921918387384303e-05 1.215349088666735753e+02
2.778825810663545582e-05 1.254430811554958609e+02
2.871735632487579741e-05 1.294768988910792586e+02
2.967751886876853870e-05 1.336404145141922299e+02
3.066978437159193627e-05 1.379378166688668728e+02
3.169522619324599853e-05 1.423734230645957837e+02
3.275495358133433647e-05 1.469516054630479687e+02
3.385011287106671010e-05 1.516770051094210032e+02
3.498188872528021299e-05 1.565543727949832089e+02
3.615150541592045298e-05 1.615885152329216510e+02
3.736022814836899319e-05 1.667845319070539460e+02
3.860936443004954884e-05 1.721475996329339182e+02
3.990026548479344494e-05 1.776830820442788479e+02
4.123432771449419843e-05 1.833965870039367019e+02
4.261299420963254024e-05 1.892937371347002227e+02
4.403775631030562105e-05 1.953804840393898132e+02
4.551015521944909301e-05 2.016629116222986227e+02
4.703178366999723984e-05 2.081473270987165449e+02
4.860428764778435972e-05 2.148402419089702846e+02
5.022936817205134787e-05 2.217482390639056291e+02
5.190878313548323190e-05 2.288783351110258479e+02
5.364434920576834987e-05 2.362376371564942588e+02
5.543794379073590958e-05 2.438334821386552846e+02
5.729150706919781900e-05 2.516735370680959818e+02
5.920704408969155763e-05 2.597655590294701824e+02
6.118662693939432690e-05 2.681177259811589124e+02
6.323239698555469304e-05 2.767383173680067330e+02
6.534656719186627638e-05 2.856359147553033040e+02
6.753142451228926792e-05 2.948195101274015997e+02
6.978933236490913268e-05 3.042983211342950085e+02
7.212273318850868345e-05 3.140816571710208223e+02
7.453415108461877573e-05 3.241794253895492375e+02
7.702619454790587906e-05 3.346016253696576541e+02
7.960155928784993205e-05 3.453587698052880910e+02
8.226303114476471348e-05 3.564614701942476245e+02
8.501348910331518868e-05 3.679209013988652828e+02
8.785590840679157983e-05 3.797484939044064163e+02
9.079336377550881697e-05 3.919560516367722585e+02
9.382903273281309529e-05 4.045556699077660028e+02
9.696619904229312483e-05 4.175600354202459812e+02
1.002082562599141270e-04 4.309820440822975911e+02
1.035587114049174785e-04 4.448350295268331820e+02
1.070211887534562421e-04 4.591329204118943039e+02
1.105994337590709140e-04 4.738897946851825509e+02
1.142973171042456330e-04 4.891205032660931806e+02
1.181188388874281471e-04 5.048400962544694721e+02
1.220681329500424115e-04 5.210642607174842169e+02
1.261494713481742377e-04 5.378091023295625064e+02
1.303672689737678670e-04 5.550912008252871601e+02
1.347260883303314362e-04 5.729278179050188555e+02
1.392306444683180742e-04 5.913366318591885147e+02
1.438858100855209437e-04 6.103358000226836566e+02
1.486966207979997041e-04 6.299442707810261481e+02
1.536682805872396744e-04 6.501814667164341017e+02
1.588061674294368483e-04 6.710672735760025489e+02
1.641158391129971276e-04 6.926225455869115422e+02
1.696030392505434848e-04 7.148684277533996010e+02
1.752737034919339915e-04 7.378267328487203258e+02
1.811339659450114388e-04 7.615204866903055745e+02
1.871901658110307874e-04 7.859726853802793585e+02
1.934488542419408646e-04 8.112077259291519340e+02
1.999168014269393128e-04 8.372499887419631932e+02
2.066010039159656652e-04 8.641252613332299006e+02
2.135086921880547338e-04 8.918600559270247459e+02
2.206473384727377968e-04 9.204811740134242655e+02
2.280246648329511538e-04 9.500167266690594943e+02
2.356486515181963309e-04 9.804953699419576196e+02
2.435275455969876748e-04 1.011947300734504665e+03
2.516698698779247295e-04 1.044402525792251481e+03
2.600844321290405573e-04 1.077892790801540741e+03
2.687803346053976817e-04 1.112450353568389573e+03
2.777669838952388651e-04 1.148108916408663845e+03
2.870541010953427292e-04 1.184902624222910617e+03
2.966517323265922064e-04 1.222866677254676688e+03
3.065702596011295341e-04 1.262037763132935197e+03
3.168204120528543403e-04 1.302453137631176787e+03
3.274132775434116785e-04 1.344151545100929980e+03
3.383603146562264279e-04 1.387172648275167148e+03
3.496733650915567022e-04 1.431556884996789449e+03
3.613646664759745386e-04 1.477346120405218244e+03
3.734468656001317080e-04 1.524583715242797325e+03
3.859330320991275886e-04 1.573314099286315923e+03
3.988366725902805230e-04 1.623581908507991329e+03
4.121717452835938129e-04 1.675434857972820282e+03
4.259526750807212541e-04 1.728920140494764610e+03
4.401943691787655547e-04 1.784087724579412225e+03
4.549122331957894719e-04 1.840987332142152354e+03
4.701221878354804149e-04 1.899670569773193165e+03
4.858406861089974399e-04 1.960191382084139150e+03
5.020847311326308640e-04 2.022603940149999517e+03
5.188718945205230424e-04 2.086964421823719476e+03
5.362203353923492141e-04 2.153329154718658629e+03
5.541488200165187389e-04 2.221757237893751153e+03
5.726767421101455150e-04 2.292308019956502903e+03
5.918241438177454907e-04 2.365044217578214557e+03
6.116117373913557359e-04 2.440026982985561972e+03
6.320609275955268004e-04 2.517321050364123039e+03
6.531938348614238542e-04 2.596992004906873262e+03
6.750333192150836329e-04 2.679106219298648739e+03
6.976030050057104547e-04 2.763732221810635565e+03
7.209273064607610694e-04 2.850940047053247781e+03
7.450314540954613768e-04 2.940799680065376833e+03
7.699415220053250396e-04 3.033383301326342462e+03
7.956844560711916160e-04 3.128765006206000180e+03
8.222881031073025473e-04 3.227018610808172070e+03
8.497812409839368810e-04 3.328220080433914518e+03
8.781936097571961097e-04 3.432446628688481269e+03
9.075559438396131216e-04 3.539776435893418693e+03
9.379000052463793693e-04 3.650287477457071873e+03
9.692586179531593148e-04 3.764059901579531470e+03
1.001665703402655023e-03 3.881173857862034311e+03
1.035156317198330069e-03 4.001711685886491978e+03
1.069766687024985286e-03 4.125753242753163249e+03
1.105534251837205851e-03 4.253381587957396732e+03
1.142497702358069404e-03 4.384679227674146205e+03
1.180697022931930960e-03 4.519727435763282301e+03
1.220173534776542454e-03 4.658609150241980387e+03
1.260969940681316284e-03 4.801406310987158577e+03
1.303130371200056587e-03 4.948200851446335946e+03
1.346700432388157767e-03 5.099072878403745563e+03
1.391727255135877424e-03 5.254102164104490839e+03
1.438259546151070007e-03 5.413367929375011954e+03
1.486347640646530459e-03 5.576947663203099182e+03
1.536043556788919398e-03 5.744916080055919338e+03
1.587401051968200579e-03 5.917348659748301543e+03
1.640475680948428249e-03 6.094313214196366062e+03
1.695324855962815390e-03 6.275882633407503818e+03
1.752007908818060174e-03 6.462120155652961330e+03
1.810586155075142928e-03 6.653089314258479135e+03
1.871122960375984270e-03 6.848849972521503332e+03
1.933683808987751848e-03 7.049454953738611039e+03
1.998336374638913938e-03 7.254955784109274646e+03
2.065150593723721201e-03 7.465400847513927147e+03
2.134198740954243185e-03 7.680829599497925301e+03
2.205555507541849362e-03 7.901278055061030500e+03
2.279298081992675151e-03 8.126775722906035298e+03
2.355506233604463730e-03 8.357350885377036320e+03
2.434262398755145627e-03 8.593017231333202290e+03
2.515651770076436904e-03 8.833787837653695533e+03
2.599762388608985089e-03 9.079668050189111455e+03
2.686685239038679764e-03 9.330654894653174779e+03
2.776514348117217236e-03 9.586740388065671141e+03
2.869346886373309435e-03 9.847901294345121642e+03
2.965283273224645581e-03 1.011411084101470442e+04
3.064427285604211931e-03 1.038533784323062719e+04
3.166886170218578649e-03 1.066152886259888146e+04
3.272770759559481216e-03 1.094263201150204623e+04
3.382195591794276077e-03 1.122857202098378548e+04
3.495279034664920681e-03 1.151927294059151609e+04
3.612143413529477973e-03 1.181463710219612949e+04
3.732915143684721951e-03 1.211455353422074586e+04
3.857724867112893516e-03 1.241889819382268615e+04
3.986707593800617976e-03 1.272752880673744585e+04
4.120002847782761740e-03 1.304028141353850151e+04
4.257754818069308354e-03 1.335698002215617271e+04
4.400112514618404608e-03 1.367742849958230909e+04
4.547229929524409554e-03 1.400141258603681672e+04
4.699266203595197679e-03 1.432868808458957210e+04
4.856385798499019031e-03 1.465900782923940460e+04
5.018758674667020935e-03 1.499208867985100733e+04
5.186560475143959549e-03 1.532763764238610202e+04
5.359972715585955248e-03 1.566533131851396138e+04
5.539182980610755057e-03 1.600482263367169253e+04
5.724385126713026593e-03 1.634574633915879349e+04
5.915779491964028892e-03 1.668770265489557642e+04
6.113573112722652143e-03 1.703025886587469358e+04
6.317979947592099882e-03 1.737296728459951555e+04
6.529221108864616957e-03 1.771532400617152962e+04
6.747525101704480652e-03 1.805683245161587547e+04
6.973128071328140755e-03 1.839693785845292223e+04
7.206274058448705437e-03 1.873507303552503072e+04
7.447215263261310406e-03 1.907062779306731682e+04
7.696212318254701257e-03 1.940297889197035329e+04
7.953534570144332738e-03 1.973145522857099422e+04
8.219460371231864307e-03 2.005535141374303566e+04
8.494277380506187053e-03 2.037392141564449048e+04
8.778282874811823774e-03 2.068639698529997258e+04
9.071784070421121463e-03 2.099195377699219171e+04
9.375098455358292851e-03 2.128974870108859250e+04
9.688554132834568261e-03 2.157890859820467085e+04
1.001249017616620725e-02 2.185852377638315374e+04
1.034725699555901803e-02 2.212765382042731653e+04
1.069321671715643858e-02 2.238531234373421830e+04
1.105074357476093505e-02 2.263047206481034300e+04
1.142022431465263173e-02 2.286209653972089654e+04
1.180205861394306721e-02 2.307911079029474058e+04
1.219665951291643881e-02 2.328042922181816175e+04
1.260445386182631328e-02 2.346493080605928117e+04
1.302588278263077520e-02 2.363148997892079569e+04
1.346140214616583890e-02 2.377894447337661768e+04
1.391148306527291781e-02 2.390613807781952710e+04
1.437661240441416924e-02 2.401193540862918962e+04
1.485729330632660182e-02 2.409519129596969651e+04
1.535404573628500365e-02 2.415477887891333376e+04
1.586740704456205894e-02 2.418959049855246849e+04
1.639793254769450481e-02 2.419858326785993631e+04
1.694619612918364313e-02 2.418076084647877724e+04
1.751279086028037155e-02 2.413518660409932636e+04
1.809832964152614798e-02 2.406100138726438308e+04
1.870344586574363213e-02 2.395747169779816250e+04
1.932879410319460894e-02 2.382397782914397249e+04
1.997505080964588620e-02 2.366002904372734702e+04
2.064291505810955316e-02 2.346530411107447071e+04
2.133310929504865505e-02 2.323967464358758662e+04
2.204638012186681956e-02 2.298321074450098240e+04
2.278349910252664909e-02 2.269620380564356674e+04
2.354526359817107548e-02 2.237921565191609261e+04
2.433249762964985810e-02 2.203305395900575604e+04
2.514605276888498206e-02 2.165881733196837013e+04
2.598680906003840441e-02 2.125791936602517308e+04
2.685567597147924673e-02 2.083207751092793842e+04
2.775359337957988490e-02 2.038331300102798195e+04
2.868153258540498754e-02 1.991399210247140581e+04
2.964049736539381419e-02 1.942676816878137470e+04
3.063152505717161092e-02 1.892459160876445821e+04
3.165568768166540647e-02 1.841068061436852076e+04
3.271409310273729054e-02 1.788849666209868155e+04
3.380788622559029871e-02 1.736168417828864767e+04
3.493825023524253087e-02 1.683402565671285629e+04
3.610640787640997940e-02 1.630938901531551892e+04
3.731362277618164441e-02 1.579163043605855819e+04
3.856120081091872487e-02 1.528452764671801742e+04
3.985049151885547425e-02 1.479170056885132544e+04
4.118288955993056055e-02 1.431649468303285721e+04
4.255983622442782027e-02 1.386190473387267775e+04
4.398282099205792772e-02 1.343045473617607786e+04
4.545338314316834522e-02 1.302411024599689335e+04
4.697311342382341770e-02 1.264417027412172865e+04
4.854365576655684383e-02 1.229117704648110885e+04
5.016670906865677154e-02 1.196482232011101223e+04
5.184402902990837420e-02 1.166386931626379192e+04
5.357743005178047802e-02 1.138609934815490487e+04
5.536878720011212396e-02 1.112826909516111118e+04
5.722003823342062395e-02 1.088614613181872483e+04
5.913318569902666078e-02 1.065454886793033438e+04
6.111029909926251474e-02 1.042749512683304602e+04
6.315351713010779189e-02 1.019843419534686109e+04
6.526504999467336310e-02 9.960563787980348934e+03
6.744718179403717817e-02 9.707268250833516504e+03
6.970227299801623477e-02 9.432648891431517768e+03
7.203276299854979858e-02 9.132101472810600171e+03
7.444117274845411802e-02 8.802908456520779509e+03
7.693010748840443946e-02 8.444763956881535705e+03
7.950225956509210379e-02 8.060130267075856864e+03
8.216041134360790865e-02 7.654354596893796952e+03
8.490743821719984319e-02 7.235458921856235065e+03
8.774631171766281157e-02 6.813600581343068370e+03
9.068010272972255870e-02 6.400204105825584520e+03
9.371198481289348681e-02 6.006866760123526547e+03
9.684523763440215649e-02 5.644169042368277587e+03
1.000832505168899600e-01 5.320527056551334681e+03
1.034295261047340625e-01 5.041218898427480781e+03
1.068876841529496080e-01 4.807663101152624222e+03
1.104614654427753945e-01 4.617016435545609966e+03
1.141547358281756464e-01 4.462133866178330209e+03
1.179714904176376727e-01 4.331999831313172763e+03
1.219158578957853512e-01 4.212759349003216812e+03
1.259921049894874856e-01 4.089497131889029788e+03
1.302046410832891354e-01 3.948709359213170501e+03
1.345580229891604751e-01 3.781097669300424968e+03
1.390569598757198100e-01 3.583980374462070813e+03
1.437063183622670492e-01 3.362414542442016227e+03
1.485111277831346888e-01 3.128370537137021074e+03
1.534765856280515817e-01 2.897929021647402351e+03
1.586080631644066208e-01 2.687250854600109506e+03
1.639111112474894438e-01 2.508515042480966713e+03
1.693914663249987407e-01 2.366943767492954521e+03
1.750550566423093313e-01 2.259533129580215245e+03
1.809080086552135869e-01 2.175713314822569828e+03
1.869566536570689830e-01 2.100048586129758860e+03
1.932075346275276828e-01 2.016855850610865446e+03
1.996674133102498971e-01 1.915722959186970002e+03
2.063432775272630582e-01 1.795672813756702453e+03
2.132423487378718452e-01 1.665485692901766470e+03
2.203720898503036263e-01 1.539455797753440947e+03
2.277402132945338109e-01 1.430613806282128508e+03
2.353546893650253491e-01 1.344900434336208491e+03
2.432237548424092122e-01 1.278911060528155303e+03
2.513559219034258718e-01 1.222048868185520178e+03
2.597599873287743666e-01 1.162316615564619497e+03
2.684450420188219666e-01 1.093141646941226554e+03
2.774204808274743361e-01 1.016957780517041783e+03
2.866960127248350254e-01 9.426500308760095095e+02
2.962816712996577673e-01 8.786517910198967911e+02
3.061878256129444420e-01 8.270363376329985385e+02
3.164251914144354805e-01 7.828134124404539307e+02
3.270048427341168962e-01 7.386102524208118894e+02
3.379382238612947953e-01 6.909269440885125277e+02
3.492371617241852855e-01 6.424522606154737332e+02
3.609138786834163448e-01 5.983701173846001211e+02
3.729810057532814693e-01 5.608060201554104651e+02
3.854515962650386651e-01 5.272383112347215501e+02
3.983391399870480631e-01 4.940057168928952365e+02
4.116575777170102257e-01 4.604594930272469924e+02
4.254213163620995108e-01 4.288482397894067049e+02
4.396452445232932327e-01 4.007178052919005040e+02
4.543447486007690661e-01 3.750355183167177415e+02
4.695357294377799362e-01 3.501652255335873178e+02
4.852346195210218704e-01 3.261646468041622597e+02
5.014584007560848322e-01 3.040262295177965370e+02
5.182246228372336949e-01 2.837525474010572566e+02
5.355514222313770833e-01 2.645766519208461887e+02
5.534575417967635413e-01 2.463552117419304182e+02
5.719623510576314906e-01 2.294391495509393053e+02
5.910858671567322808e-01 2.137430969448304836e+02
6.108487765084068544e-01 1.989625197857338890e+02
6.312724571756275216e-01 1.851144420710511156e+02
6.523790019952193653e-01 1.722423128484768995e+02
6.741912424762606104e-01 1.602061923325121029e+02
6.967327734975364839e-01 1.489492377806260492e+02
7.200279788307419881e-01 1.384550692217019048e+02
7.441020575170596008e-01 1.286713539811074156e+02
7.689810511256225389e-01 1.195471270388544127e+02
7.946918719233755368e-01 1.110377978271438622e+02
8.212623319867858873e-01 1.031054775007174413e+02
8.487211732869031078e-01 9.571457715945392408e+01
8.770980987803161932e-01 8.883107669910033621e+01
9.064238045396205701e-01 8.242234132389393153e+01
9.367300129581793700e-01 7.645758145137516237e+01
9.680495070650749767e-01 7.090768889295738120e+01
1.000416165987385808e+00 6.574504501052209093e+01
1.033865001598128330e+00 6.094374852215896254e+01
1.068432196389532240e+00 5.647969026715998098e+01
1.104155142612600837e+00 5.233058682145898644e+01
1.141072482725305592e+00 4.847553327685051272e+01
1.179224151193147607e+00 4.489478756084762523e+01
1.218651417687333982e+00 4.156959108526379509e+01
1.259396931727273516e+00 3.848237243890149983e+01
1.301504768815691548e+00 3.561677341246543449e+01
1.345020478116276896e+00 3.295765950409653300e+01
1.389991131725407447e+00 3.049088299520694534e+01
1.436465375591293947e+00 2.820316040308946981e+01
1.484493482135585296e+00 2.608195826924223226e+01
1.534127404634392455e+00 2.411556106330631266e+01
1.585420833417506836e+00 2.229306151246762724e+01
1.638429253946665609e+00 2.060434543900263904e+01
1.693210006835640158e+00 1.903998415167998104e+01
1.749822349877109051e+00 1.759117091277055067e+01
1.808327522143368116e+00 1.624966712299088911e+01
1.868788810230267217e+00 1.500778934952930577e+01
1.931271616715998229e+00 1.385838113754905088e+01
1.995843530908793184e+00 1.279477918960756000e+01
2.062574401960084458e+00 1.181078083411383517e+01
2.131536414422164238e+00 1.090061380257703050e+01
2.202804166332139602e+00 1.005890821819059866e+01
2.276454749906602792e+00 9.280669670197220000e+00
2.352567834934338631e+00 8.561254106212496495e+00
2.431225754957225149e+00 7.896344276625925751e+00
2.512513596332623944e+00 7.281928060760100685e+00
2.596519290273538783e+00 6.714277915033092903e+00
2.683333707966161441e+00 6.189930954170009159e+00
2.773050758867611432e+00 5.705671634373854495e+00
2.865767492290306695e+00 5.258515178230283027e+00
2.961584202382770314e+00 4.845691248553500863e+00
3.060604536620467719e+00 4.464629571829738630e+00
3.162935607924048931e+00 4.112946337732998892e+00
3.268688110526199786e+00 3.788431008933780042e+00
3.377976439712552459e+00 3.489034346814441800e+00
3.490918815566087297e+00 3.212857204309649273e+00
3.607637410848952619e+00 2.958139914782525803e+00
3.728258483159945236e+00 2.723252420949932695e+00
3.852912511510727001e+00 2.506685054400738188e+00
3.981734337468417539e+00 2.307039761869952077e+00
4.114863311017320058e+00 2.123022240168532804e+00
4.252443441297450555e+00 1.953434633313111624e+00
4.394623552383071896e+00 1.797168496633282153e+00
4.541557444269631816e+00 1.653198368458394629e+00
4.693404059243289517e+00 1.520575808609360813e+00
4.850327653813030437e+00 1.398423692368065741e+00
5.012497976391239618e+00 1.285931041480019799e+00
5.180090450915090017e+00 1.182348266573563400e+00
5.353286366607249214e+00 1.086982645872538011e+00
5.532273074081278885e+00 9.991941279134157750e-01
5.717244188003695271e+00 9.183914349183170955e-01
5.908399796532135539e+00 8.440284029460760618e-01
6.105946677756002750e+00 7.756006361803817750e-01
6.310098523373801171e+00 7.126424370297675948e-01
6.521076169849157722e+00 6.547238525704940360e-01
6.739107837295406966e+00 6.014480018489187785e-01
6.964429376347387013e+00 5.524486664022804083e-01
7.197284523287298619e+00 5.073880041469378543e-01
7.437925163700752407e+00 4.659543996298591284e-01
7.686611604948010879e+00 4.278604352574489345e-01
7.943612857745410594e+00 3.928410152032748015e-01
8.209206927161357470e+00 3.606516630016253222e-01
8.483681113341843272e+00 3.310670056747536116e-01
8.767332322290526392e+00 3.038792994131608305e-01
9.060467387039910392e+00 2.788970723777038363e-01
9.363403399560734641e+00 2.559439005604809414e-01
9.676468053768756405e+00 2.348572706945763200e-01
1.000000000000001243e+01 2.154875142249752240e-01
