2.000000000000000164e-05 3.354016623833538802e+01
2.066869842267550072e-05 3.461872436761222360e+01
2.135975472437544027e-05 3.573196658537093384e+01
2.207391643902171255e-05 3.688100845440672515e+01
2.281195609427394449e-05 3.806698928247439540e+01
2.357467204719313169e-05 3.929111931971917215e+01
2.436288934784564352e-05 4.055459903986636050e+01
2.517746063178175121e-05 4.185871693560208229e+01
2.601926704235410016e-05 4.320476685926452376e+01
2.688921918387384303e-05 4.459409346091398163e+01
2.778825810663545582e-05 4.602809483528154999e+01
2.871735632487579741e-05 4.750820623919794627e+01
2.967751886876853870e-05 4.903591991169516717e+01
3.066978437159193627e-05 5.061274484804236096e+01
3.169522619324599853e-05 5.224027312683633539e+01
3.275495358133433647e-05 5.392013217900842648e+01
3.385011287106671010e-05 5.565400927275923948e+01
3.498188872528021299e-05 5.744363004242911330e+01
3.615150541592045298e-05 5.929080115925022199e+01
3.736022814836899319e-05 6.119735886791460189e+01
3.860936443004954884e-05 6.316520939192127315e+01
3.990026548479344494e-05 6.519634409368717343e+01
4.123432771449419843e-05 6.729277022294874655e+01
4.261299420963254024e-05 6.945660852440127542e+01
4.403775631030562105e-05 7.169001081593803804e+01
4.551015521944909301e-05 7.399520860349994678e+01
4.703178366999723984e-05 7.637453247436742743e+01
4.860428764778435972e-05 7.883034525216066868e+01
5.022936817205134787e-05 8.136509523555045575e+01
5.190878313548323190e-05 8.398134804599376935e+01
5.364434920576834987e-05 8.668168697252279742e+01
5.543794379073590958e-05 8.946885266745859155e+01
5.729150706919781900e-05 9.234561617200962758e+01
5.920704408969155763e-05 9.531484821901233317e+01
6.118662693939432690e-05 9.837949635149060157e+01
6.323239698555469304e-05 1.015426765795352537e+02
6.534656719186627638e-05 1.048075282717193488e+02
6.753142451228926792e-05 1.081773140902854635e+02
6.978933236490913268e-05 1.116553845411616379e+02
7.212273318850868345e-05 1.152452561559622950e+02
7.453415108461877573e-05 1.189504936931767389e+02
7.702619454790587906e-05 1.227747880160397784e+02
7.960155928784993205e-05 1.267219959466645918e+02
8.226303114476471348e-05 1.307960229695152066e+02
8.501348910331518868e-05 1.350009516378239027e+02
8.785590840679157983e-05 1.393409855339806143e+02
9.079336377550881697e-05 1.438204577718355779e+02
9.382903273281309529e-05 1.484438302339420943e+02
9.696619904229312483e-05 1.532157355165505237e+02
1.002082562599141270e-04 1.581408861038073610e+02
1.035587114049174785e-04 1.632242235345288179e+02
1.070211887534562421e-04 1.684708226880658231e+02
1.105994337590709140e-04 1.738859292696797354e+02
1.142973171042456330e-04 1.794748933275145362e+02
1.181188388874281471e-04 1.852432594923309921e+02
1.220681329500424115e-04 1.911968710080700191e+02
1.261494713481742377e-04 1.973415654810054889e+02
1.303672689737678670e-04 2.036834431273098573e+02
1.347260883303314362e-04 2.102288807527496601e+02
1.392306444683180742e-04 2.169843132018295933e+02
1.438858100855209437e-04 2.239565004713839755e+02
1.486966207979997041e-04 2.311522863439105322e+02
1.536682805872396744e-04 2.385788788930323960e+02
1.588061674294368483e-04 2.462435782479786326e+02
1.641158391129971276e-04 2.541540221801077166e+02
1.696030392505434848e-04 2.623179952381844373e+02
1.752737034919339915e-04 2.707435798717751823e+02
1.811339659450114388e-04 2.794391193039092514e+02
1.871901658110307874e-04 2.884131583463071706e+02
1.934488542419408646e-04 2.976745767685195574e+02
1.999168014269393128e-04 3.072324552905672022e+02
2.066010039159656652e-04 3.170961956723837147e+02
2.135086921880547338e-04 3.272755064854127909e+02
2.206473384727377968e-04 3.377803795954417865e+02
2.280246648329511538e-04 3.486209956557677856e+02
2.356486515181963309e-04 3.598081412003114679e+02
2.435275455969876748e-04 3.713525712169382018e+02
2.516698698779247295e-04 3.832656555326504986e+02
2.600844321290405573e-04 3.955588328403990772e+02
2.687803346053976817e-04 4.082441968121532341e+02
2.777669838952388651e-04 4.213339082033385807e+02
2.870541010953427292e-04 4.348407540002965561e+02
2.966517323265922064e-04 4.487776290639630474e+02
3.065702596011295341e-04 4.631580573896041528e+02
3.168204120528543403e-04 4.779958016522896287e+02
3.274132775434116785e-04 4.933048897111145266e+02
3.383603146562264279e-04 5.091001754937061605e+02
3.496733650915567022e-04 5.253965402722504905e+02
3.613646664759745386e-04 5.422094748641255819e+02
3.734468656001317080e-04 5.595547860436016663e+02
3.859330320991275886e-04 5.774488913804589174e+02
3.988366725902805230e-04 5.959085080700078834e+02
4.121717452835938129e-04 6.149507767821085054e+02
4.259526750807212541e-04 6.345934612236751491e+02
4.401943691787655547e-04 6.548548862189933288e+02
4.549122331957894719e-04 6.757532636094055079e+02
4.701221878354804149e-04 6.973079640917884490e+02
4.858406861089974399e-04 7.195387725170422755e+02
5.020847311326308640e-04 7.424652478440335699e+02
5.188718945205230424e-04 7.661085049434173015e+02
5.362203353923492141e-04 7.904893516285126225e+02
5.541488200165187389e-04 8.156293753050871373e+02
5.726767421101455150e-04 8.415508723537884634e+02
5.918241438177454907e-04 8.682763331663929876e+02
6.116117373913557359e-04 8.958287095691767945e+02
6.320609275955268004e-04 9.242318210448064519e+02
6.531938348614238542e-04 9.535097307638857274e+02
6.750333192150836329e-04 9.836871149942514876e+02
6.976030050057104547e-04 1.014788931630564662e+03
7.209273064607610694e-04 1.046840979075928999e+03
7.450314540954613768e-04 1.079868947446250331e+03
7.699415220053250396e-04 1.113899867905867040e+03
7.956844560711916160e-04 1.148960577212591716e+03
8.222881031073025473e-04 1.185078301928522023e+03
8.497812409839368810e-04 1.222281132723802557e+03
8.781936097571961097e-04 1.260597495979291580e+03
9.075559438396131216e-04 1.300055507518725108e+03
9.379000052463793693e-04 1.340684522418879169e+03
9.692586179531593148e-04 1.382513921815095728e+03
1.001665703402655023e-03 1.425573149454942950e+03
1.035156317198330069e-03 1.469892500896590036e+03
1.069766687024985286e-03 1.515501351437281073e+03
1.105534251837205851e-03 1.562431001761717880e+03
1.142497702358069404e-03 1.610710612735969335e+03
1.180697022931930960e-03 1.660371621948642769e+03
1.220173534776542454e-03 1.711443499636854312e+03
1.260969940681316284e-03 1.763957820566523424e+03
1.303130371200056587e-03 1.817943718702119440e+03
1.346700432388157767e-03 1.873431254020446659e+03
1.391727255135877424e-03 1.930450576827781333e+03
1.438259546151070007e-03 1.989030745373123182e+03
1.486347640646530459e-03 2.049200108864748927e+03
1.536043556788919398e-03 2.110987222583504263e+03
1.587401051968200579e-03 2.174419236047382583e+03
1.640475680948428249e-03 2.239522238006269617e+03
1.695324855962815390e-03 2.306323175549672214e+03
1.752007908818060174e-03 2.374845282832380235e+03
1.810586155075142928e-03 2.445113189825060090e+03
1.871122960375984270e-03 2.517147808033459569e+03
1.933683808987751848e-03 2.590971182286119529e+03
1.998336374638913938e-03 2.666601945792237984e+03
2.065150593723721201e-03 2.744057822207726986e+03
2.134198740954243185e-03 2.823355310742223537e+03
2.205555507541849362e-03 2.904507486898227398e+03
2.279298081992675151e-03 2.987526930506599001e+03
2.355506233604463730e-03 3.072422791509553917e+03
2.434262398755145627e-03 3.159202630866884647e+03
2.515651770076436904e-03 3.247871790423111634e+03
2.599762388608985089e-03 3.338433151168945642e+03
2.686685239038679764e-03 3.430884379149094002e+03
2.776514348117217236e-03 3.525224301560991535e+03
2.869346886373309435e-03 3.621444173674783997e+03
2.965283273224645581e-03 3.719535749283976656e+03
3.064427285604211931e-03 3.819485895445716324e+03
3.166886170218578649e-03 3.921276406256307837e+03
3.272770759559481216e-03 4.024887897150198569e+03
3.382195591794276077e-03 4.130294234281643185e+03
3.495279034664920681e-03 4.237465922462961316e+03
3.612143413529477973e-03 4.346369331877892364e+03
3.732915143684721951e-03 4.456963323685793512e+03
3.857724867112893516e-03 4.569204674141228679e+03
3.986707593800617976e-03 4.683040714977220887e+03
4.120002847782761740e-03 4.798414396544513693e+03
4.257754818069308354e-03 4.915262262358432054e+03
4.400112514618404608e-03 5.033514201112851879e+03
4.547229929524409554e-03 5.153091690595331784e+03
4.699266203595197679e-03 5.273910831277961734e+03
4.856385798499019031e-03 5.395876778722038580e+03
5.018758674667020935e-03 5.518891293552270326e+03
5.186560475143959549e-03 5.642844809622765752e+03
5.359972715585955248e-03 5.767617850990721308e+03
5.539182980610755057e-03 5.893086681195291931e+03
5.724385126713026593e-03 6.019113543803125140e+03
5.915779491964028892e-03 6.145554241190277935e+03
6.113573112722652143e-03 6.272251682293943304e+03
6.317979947592099882e-03 6.399040661484781594e+03
6.529221108864616957e-03 6.525745209145712579e+03
6.747525101704480652e-03 6.652174550639404515e+03
6.973128071328140755e-03 6.778134085982450415e+03
7.206274058448705437e-03 6.903412581622887046e+03
7.447215263261310406e-03 7.027787852633149669e+03
7.696212318254701257e-03 7.151030864237670357e+03
7.953534570144332738e-03 7.272893589872248413e+03
8.219460371231864307e-03 7.393119748755435467e+03
8.494277380506187053e-03 7.511435104957613476e+03
8.778282874811823774e-03 7.627559663486985301e+03
9.071784070421121463e-03 7.741194456569818612e+03
9.375098455358292851e-03 7.852030820715399386e+03
9.688554132834568261e-03 7.959746149805945606e+03
1.001249017616620725e-02 8.064006055897230908e+03
1.034725699555901803e-02 8.164466090283233825e+03
1.069321671715643858e-02 8.260760646296943378e+03
1.105074357476093505e-02 8.352521452888369822e+03
1.142022431465263173e-02 8.439361908624065109e+03
1.180205861394306721e-02 8.520890995723239030e+03
1.219665951291643881e-02 8.596706767669546025e+03
1.260445386182631328e-02 8.666397733704758139e+03
1.302588278263077520e-02 8.729545268270177985e+03
1.346140214616583890e-02 8.785727407429752930e+03
1.391148306527291781e-02 8.834518901240700870e+03
1.437661240441416924e-02 8.875495620579753449e+03
1.485729330632660182e-02 8.908235208818194224e+03
1.535404573628500365e-02 8.932320365170133300e+03
1.586740704456205894e-02 8.947345214638467951e+03
1.639793254769450481e-02 8.952917520307220911e+03
1.694619612918364313e-02 8.948665350835261052e+03
1.751279086028037155e-02 8.934238798253454661e+03
1.809832964152614798e-02 8.909320121421967997e+03
1.870344586574363213e-02 8.873625203642912311e+03
1.932879410319460894e-02 8.826918465054854096e+03
1.997505080964588620e-02 8.769009942089136530e+03
2.064291505810955316e-02 8.699770252936805264e+03
2.133310929504865505e-02 8.619139824115945885e+03
2.204638012186681956e-02 8.527125471247658425e+03
2.278349910252664909e-02 8.423822048994188663e+03
2.354526359817107548e-02 8.309417188595785774e+03
2.433249762964985810e-02 8.184190522980143214e+03
2.514605276888498206e-02 8.048527042156047173e+03
2.598680906003840441e-02 7.902923977512014972e+03
2.685567597147924673e-02 7.747990912752080476e+03
2.775359337957988490e-02 7.584453808740498971e+03
2.868153258540498754e-02 7.413154550816933806e+03
2.964049736539381419e-02 7.235050127962645092e+03
3.063152505717161092e-02 7.051202554157859595e+03
3.165568768166540647e-02 6.862779661324158951e+03
3.271409310273729054e-02 6.671031554709159536e+03
3.380788622559029871e-02 6.477285443677246803e+03
3.493825023524253087e-02 6.282917618427902198e+03
3.610640787640997940e-02 6.089341640749435101e+03
3.731362277618164441e-02 5.897968510606699056e+03
3.856120081091872487e-02 5.710187604429227576e+03
3.985049151885547425e-02 5.527330590221127750e+03
4.118288955993056055e-02 5.350637025903784888e+03
4.255983622442782027e-02 5.181219307210369152e+03
4.398282099205792772e-02 5.020024104527299642e+03
4.545338314316834522e-02 4.867797204152590894e+03
4.697311342382341770e-02 4.725043582355750914e+03
4.854365576655684383e-02 4.591995887193812450e+03
5.016670906865677154e-02 4.468579037606298698e+03
5.184402902990837420e-02 4.354382085460148119e+03
5.357743005178047802e-02 4.248640298159856684e+03
5.536878720011212396e-02 4.150216455900543224e+03
5.722003823342062395e-02 4.057615342745869839e+03
5.913318569902666078e-02 3.968998669336020157e+03
6.111029909926251474e-02 3.882236183241045183e+03
6.315351713010779189e-02 3.794988054272355384e+03
6.526504999467336310e-02 3.704821729102758127e+03
6.744718179403717817e-02 3.609361533953504022e+03
6.970227299801623477e-02 3.506480387920366866e+03
7.203276299854979858e-02 3.394509074410991616e+03
7.444117274845411802e-02 3.272440868010944541e+03
7.693010748840443946e-02 3.140125028159448448e+03
7.950225956509210379e-02 2.998398490840063914e+03
8.216041134360790865e-02 2.849128127005777515e+03
8.490743821719984319e-02 2.695144074437823747e+03
8.774631171766281157e-02 2.540052143426503790e+03
9.068010272972255870e-02 2.387928349681068994e+03
9.371198481289348681e-02 2.242931599888495839e+03
9.684523763440215649e-02 2.108875388808032312e+03
1.000832505168899600e-01 1.988814510889924804e+03
1.034295261047340625e-01 1.884688394098808658e+03
1.068876841529496080e-01 1.797054761622785463e+03
1.104614654427753945e-01 1.724938145412668746e+03
1.141547358281756464e-01 1.665812856986873840e+03
1.179714904176376727e-01 1.615756624195361383e+03
1.219158578957853512e-01 1.569821655518213220e+03
1.259921049894874856e-01 1.522672048951081024e+03
1.302046410832891354e-01 1.469464586454937717e+03
1.345580229891604751e-01 1.406844802461699373e+03
1.390569598757198100e-01 1.333807876302536442e+03
1.437063183622670492e-01 1.252108016391317960e+03
1.485111277831346888e-01 1.165975815063178061e+03
1.534765856280515817e-01 1.081135288437071040e+03
1.586080631644066208e-01 1.003371719598339496e+03
1.639111112474894438e-01 9.370745023860125684e+02
1.693914663249987407e-01 8.841567707465854937e+02
1.750550566423093313e-01 8.435822941432328435e+02
1.809080086552135869e-01 8.115918308585942214e+02
1.869566536570689830e-01 7.826691121896957384e+02
1.932075346275276828e-01 7.511949095241235455e+02
1.996674133102498971e-01 7.134195487912119233e+02
2.063432775272630582e-01 6.689554048770556847e+02
2.132423487378718452e-01 6.209046994456031143e+02
2.203720898503036263e-01 5.743636142158328539e+02
2.277402132945338109e-01 5.340055092270627028e+02
2.353546893650253491e-01 5.019848990793929033e+02
2.432237548424092122e-01 4.771093485090868853e+02
2.513559219034258718e-01 4.555961987297117162e+02
2.597599873287743666e-01 4.331455347140664571e+02
2.684450420188219666e-01 4.073837174142738036e+02
2.774204808274743361e-01 3.791558056990289742e+02
2.866960127248350254e-01 3.516275918832324692e+02
2.962816712996577673e-01 3.278240430835907091e+02
3.061878256129444420e-01 3.085039605903024267e+02
3.164251914144354805e-01 2.918915930500777449e+02
3.270048427341168962e-01 2.753443303640360682e+02
3.379382238612947953e-01 2.575949829862851175e+02
3.492371617241852855e-01 2.395925023407164929e+02
3.609138786834163448e-01 2.231908002874288570e+02
3.729810057532814693e-01 2.091584682132224486e+02
3.854515962650386651e-01 1.965980135020943464e+02
3.983391399870480631e-01 1.841948674520102713e+02
4.116575777170102257e-01 1.717081170700117241e+02
4.254213163620995108e-01 1.599384344322005234e+02
4.396452445232932327e-01 1.494415596291104862e+02
4.543447486007690661e-01 1.398500380984955029e+02
4.695357294377799362e-01 1.305754124124521525e+02
4.852346195210218704e-01 1.216340174969173091e+02
5.014584007560848322e-01 1.133798592422220821e+02
5.182246228372336949e-01 1.058146245546509618e+02
5.355514222313770833e-01 9.866271595686788487e+01
5.534575417967635413e-01 9.187046421487102066e+01
5.719623510576314906e-01 8.556237120039475030e+01
5.910858671567322808e-01 7.970762027731728949e+01
6.108487765084068544e-01 7.419607294615961735e+01
6.312724571756275216e-01 6.903253136618931762e+01
6.523790019952193653e-01 6.423189897286387406e+01
6.741912424762606104e-01 5.974322893341496865e+01
6.967327734975364839e-01 5.554579611430290242e+01
7.200279788307419881e-01 5.163244015455916980e+01
7.441020575170596008e-01 4.798381054009718838e+01
7.689810511256225389e-01 4.458112026195873057e+01
7.946918719233755368e-01 4.140783312143075534e+01
8.212623319867858873e-01 3.844977056256782078e+01
8.487211732869031078e-01 3.569361216044271856e+01
8.770980987803161932e-01 3.312664952125368245e+01
9.064238045396205701e-01 3.073672349005168414e+01
9.367300129581793700e-01 2.851236336279486139e+01
9.680495070650749767e-01 2.644271937445664733e+01
1.000416165987385808e+00 2.451748929487594708e+01
1.033865001598128330e+00 2.272701117524830394e+01
1.068432196389532240e+00 2.106229294213936853e+01
1.104155142612600837e+00 1.951502558594917147e+01
1.141072482725305592e+00 1.807741422222336425e+01
1.179224151193147607e+00 1.674209708041417244e+01
1.218651417687333982e+00 1.550207830157865807e+01
1.259396931727273516e+00 1.435080475222149587e+01
1.301504768815691548e+00 1.328217601912590240e+01
1.345020478116276896e+00 1.229054855608752028e+01
1.389991131725407447e+00 1.137064680199259747e+01
1.436465375591293947e+00 1.051751736926621028e+01
1.484493482135585296e+00 9.726486433643373175e+00
1.534127404634392455e+00 8.993185135695668464e+00
1.585420833417506836e+00 8.313545917840128752e+00
1.638429253946665609e+00 7.683796685820944994e+00
1.693210006835640158e+00 7.100420998876811218e+00
1.749822349877109051e+00 6.560134552280976195e+00
1.808327522143368116e+00 6.059865381511997384e+00
1.868788810230267217e+00 5.596748571436935826e+00
1.931271616715998229e+00 5.168115529843436917e+00
1.995843530908793184e+00 4.771481100493261351e+00
2.062574401960084458e+00 4.404531859844318831e+00
2.131536414422164238e+00 4.065115062700062509e+00
2.202804166332139602e+00 3.751228470174300167e+00
2.276454749906602792e+00 3.461009916171611689e+00
2.352567834934338631e+00 3.192727738971638196e+00
2.431225754957225149e+00 2.944771773697498318e+00
2.512513596332623944e+00 2.715645574128318085e+00
2.596519290273538783e+00 2.503958917490512359e+00
2.683333707966161441e+00 2.308420512887512377e+00
2.773050758867611432e+00 2.127831367407956975e+00
2.865767492290306695e+00 1.961078499919623574e+00
2.961584202382770314e+00 1.807128808782887397e+00
3.060604536620467719e+00 1.665023767912773067e+00
3.162935607924048931e+00 1.533874395522371259e+00
3.268688110526199786e+00 1.412856356212109699e+00
3.377976439712552459e+00 1.301205474633817971e+00
3.490918815566087297e+00 1.198213538173372950e+00
3.607637410848952619e+00 1.103224324756577390e+00
3.728258483159945236e+00 1.015629937072437095e+00
3.852912511510727001e+00 9.348673805985431295e-01
3.981734337468417539e+00 8.604153164874005499e-01
4.114863311017320058e+00 7.917911085944097094e-01
4.252443441297450555e+00 7.285480757214398695e-01
4.394623552383071896e+00 6.702728467105295573e-01
4.541557444269631816e+00 6.165829802622598832e-01
4.693404059243289517e+00 5.671247659479345948e-01
4.850327653813030437e+00 5.215711099406565854e-01
5.012497976391239618e+00 4.796195980978490425e-01
5.180090450915090017e+00 4.409907064187235104e-01
5.353286366607249214e+00 4.054261256059598639e-01
5.532273074081278885e+00 3.726871917008189317e-01
5.717244188003695271e+00 3.425534209842066580e-01
5.908399796532135539e+00 3.148211291495482400e-01
6.105946677756002750e+00 2.893021913137954759e-01
6.310098523373801171e+00 2.658229207292041041e-01
6.521076169849157722e+00 2.442229846766517110e-01
6.739107837295406966e+00 2.243544024143084292e-01
6.964429376347387013e+00 2.060806214219649546e-01
7.197284523287298619e+00 1.892756601298427321e-01
7.437925163700752407e+00 1.738233081618515974e-01
7.686611604948010879e+00 1.596163782383694663e-01
7.943612857745410594e+00 1.465560047631146445e-01
8.209206927161357470e+00 1.345510090547757109e-01
8.483681113341843272e+00 1.235173385376339555e-01
8.767332322290526392e+00 1.133775263137370842e-01
9.060467387039910392e+00 1.040601864237654800e-01
9.363403399560734641e+00 9.549953981862570329e-02
9.676468053768756405e+00 8.763498342867434565e-02
1.000000000000001243e+01 8.041069144529700008e-02
