2.000000000000000164e-05 5.393116531301415506e+01
2.066869842267550072e-05 5.566544462698834650e+01
2.135975472437544027e-05 5.745548221305357117e+01
2.207391643902171255e-05 5.930308435379907195e+01
2.281195609427394449e-05 6.121010403611312256e+01
2.357467204719313169e-05 6.317843988429750368e+01
2.436288934784564352e-05 6.521007058538675949e+01
2.517746063178175121e-05 6.730702552463763766e+01
2.601926704235410016e-05 6.947141399638216797e+01
2.688921918387384303e-05 7.170538828176813695e+01
2.778825810663545582e-05 7.401121115544661677e+01
2.871735632487579741e-05 7.639116454557317581e+01
2.967751886876853870e-05 7.884764364024442784e+01
3.066978437159193627e-05 8.138311395493224154e+01
3.169522619324599853e-05 8.400011382765978851e+01
3.275495358133433647e-05 8.670125089935946505e+01
3.385011287106671010e-05 8.948924430246870543e+01
3.498188872528021299e-05 9.236688023700197903e+01
3.615150541592045298e-05 9.533703169713483305e+01
3.736022814836899319e-05 9.840268783826432752e+01
3.860936443004954884e-05 1.015669013862418240e+02
3.990026548479344494e-05 1.048328592228620124e+02
4.123432771449419843e-05 1.082038168273216172e+02
4.261299420963254024e-05 1.116831580327445863e+02
4.403775631030562105e-05 1.152743640649886459e+02
4.551015521944909301e-05 1.189810176608872894e+02
4.703178366999723984e-05 1.228068459337307843e+02
4.860428764778435972e-05 1.267556739667323029e+02
5.022936817205134787e-05 1.308314282630716718e+02
5.190878313548323190e-05 1.350382160936514992e+02
5.364434920576834987e-05 1.393802459687426563e+02
5.543794379073590958e-05 1.438618460998363560e+02
5.729150706919781900e-05 1.484875147605572749e+02
5.920704408969155763e-05 1.532618851266028059e+02
6.118662693939432690e-05 1.581896701148833415e+02
6.323239698555469304e-05 1.632758877950921317e+02
6.534656719186627638e-05 1.685255929859252433e+02
6.753142451228926792e-05 1.739439896573458100e+02
6.978933236490913268e-05 1.795365707531178145e+02
7.212273318850868345e-05 1.853088551590843451e+02
7.453415108461877573e-05 1.912666212874153189e+02
7.702619454790587906e-05 1.974158714615803092e+02
7.960155928784993205e-05 2.037627083155308299e+02
8.226303114476471348e-05 2.103134882395602290e+02
8.501348910331518868e-05 2.170747274863740870e+02
8.785590840679157983e-05 2.240532027368805359e+02
9.079336377550881697e-05 2.312558503589721681e+02
9.382903273281309529e-05 2.386899180323273413e+02
9.696619904229312483e-05 2.463627500547005411e+02
1.002082562599141270e-04 2.542820057665872753e+02
1.035587114049174785e-04 2.624557094043213397e+02
1.070211887534562421e-04 2.708917460397605055e+02
1.105994337590709140e-04 2.795987999791431093e+02
1.142973171042456330e-04 2.885853388907656267e+02
1.181188388874281471e-04 2.978604150816581182e+02
1.220681329500424115e-04 3.074332300728981977e+02
1.261494713481742377e-04 3.173132499420135559e+02
1.303672689737678670e-04 3.275104402635989800e+02
1.347260883303314362e-04 3.380347715328769027e+02
1.392306444683180742e-04 3.488967617959517611e+02
1.438858100855209437e-04 3.601072097299654615e+02
1.486966207979997041e-04 3.716772071943266269e+02
1.536682805872396744e-04 3.836182609890335584e+02
1.588061674294368483e-04 3.959421258525480312e+02
1.641158391129971276e-04 4.086610525897911543e+02
1.696030392505434848e-04 4.217876496252582683e+02
1.752737034919339915e-04 4.353347649190607740e+02
1.811339659450114388e-04 4.493158079528396343e+02
1.871901658110307874e-04 4.637447110298341499e+02
1.934488542419408646e-04 4.786354404513058967e+02
1.999168014269393128e-04 4.940028577997580328e+02
2.066010039159656652e-04 5.098619692426044026e+02
2.135086921880547338e-04 5.262282937622096597e+02
2.206473384727377968e-04 5.431179808610974078e+02
2.280246648329511538e-04 5.605474781341575863e+02
2.356486515181963309e-04 5.785338093450494625e+02
2.435275455969876748e-04 5.970945751194119566e+02
2.516698698779247295e-04 6.162477438960394238e+02
2.600844321290405573e-04 6.360120848169051442e+02
2.687803346053976817e-04 6.564067020057552782e+02
2.777669838952388651e-04 6.774513287990012032e+02
2.870541010953427292e-04 6.991661210593458691e+02
2.966517323265922064e-04 7.215722792431045036e+02
3.065702596011295341e-04 7.446912258354376490e+02
3.168204120528543403e-04 7.685448862585611778e+02
3.274132775434116785e-04 7.931564781299794049e+02
3.383603146562264279e-04 8.185491954475904777e+02
3.496733650915567022e-04 8.447471714649908563e+02
3.613646664759745386e-04 8.717750814758462639e+02
3.734468656001317080e-04 8.996586862747826672e+02
3.859330320991275886e-04 9.284239730463942806e+02
3.988366725902805230e-04 9.580977573550080706e+02
4.121717452835938129e-04 9.887079889781551856e+02
4.259526750807212541e-04 1.020282865919338406e+03
4.401943691787655547e-04 1.052851580480893062e+03
4.549122331957894719e-04 1.086443927409756270e+03
4.701221878354804149e-04 1.121090626204436830e+03
4.858406861089974399e-04 1.156823067496207614e+03
5.020847311326308640e-04 1.193673704739823734e+03
5.188718945205230424e-04 1.231675307059314264e+03
5.362203353923492141e-04 1.270861859958292598e+03
5.541488200165187389e-04 1.311267911142764660e+03
5.726767421101455150e-04 1.352929204788951893e+03
5.918241438177454907e-04 1.395881762314451180e+03
6.116117373913557359e-04 1.440162551837156116e+03
6.320609275955268004e-04 1.485810123163508479e+03
6.531938348614238542e-04 1.532862411982164758e+03
6.750333192150836329e-04 1.581359335224609595e+03
6.976030050057104547e-04 1.631341117054405231e+03
7.209273064607610694e-04 1.682849093652606371e+03
7.450314540954613768e-04 1.735924413343172318e+03
7.699415220053250396e-04 1.790610801124125828e+03
7.956844560711916160e-04 1.846951014735116814e+03
8.222881031073025473e-04 1.904988819866950507e+03
8.497812409839368810e-04 1.964769391477063436e+03
8.781936097571961097e-04 2.026338175015218667e+03
9.075559438396131216e-04 2.089740852032760358e+03
9.379000052463793693e-04 2.155024646168854815e+03
9.692586179531593148e-04 2.222235643519453333e+03
1.001665703402655023e-03 2.291422355660506128e+03
1.035156317198330069e-03 2.362632486259136840e+03
1.069766687024985286e-03 2.435913564033196053e+03
1.105534251837205851e-03 2.511314980594806002e+03
1.142497702358069404e-03 2.588884444972085930e+03
1.180697022931930960e-03 2.668672082292240248e+03
1.220173534776542454e-03 2.750724769073305197e+03
1.260969940681316284e-03 2.835092355655287975e+03
1.303130371200056587e-03 2.921822541970409929e+03
1.346700432388157767e-03 3.010962854148478527e+03
1.391727255135877424e-03 3.102560952755062317e+03
1.438259546151070007e-03 3.196663780446135206e+03
1.486347640646530459e-03 3.293316062600389159e+03
1.536043556788919398e-03 3.392563868441677641e+03
1.587401051968200579e-03 3.494449667463119567e+03
1.640475680948428249e-03 3.599017045434948614e+03
1.695324855962815390e-03 3.706306371460018909e+03
1.752007908818060174e-03 3.816356416318037191e+03
1.810586155075142928e-03 3.929205733682764276e+03
1.871122960375984270e-03 4.044888834859835242e+03
1.933683808987751848e-03 4.163440303705280712e+03
1.998336374638913938e-03 4.284890248649453497e+03
2.065150593723721201e-03 4.409266659257370520e+03
2.134198740954243185e-03 4.536595059348475843e+03
2.205555507541849362e-03 4.666897655321090497e+03
2.279298081992675151e-03 4.800194109009303247e+03
2.355506233604463730e-03 4.936498474204237027e+03
2.434262398755145627e-03 5.075824298734946751e+03
2.515651770076436904e-03 5.218178131318977648e+03
2.599762388608985089e-03 5.363564662154333746e+03
2.686685239038679764e-03 5.511981012358914086e+03
2.776514348117217236e-03 5.663423725938298048e+03
2.869346886373309435e-03 5.817881624426544477e+03
2.965283273224645581e-03 5.975338486278699747e+03
3.064427285604211931e-03 6.135773085632255061e+03
3.166886170218578649e-03 6.299157978037228531e+03
3.272770759559481216e-03 6.465458647338445189e+03
3.382195591794276077e-03 6.634636278408664111e+03
3.495279034664920681e-03 6.806639215544380932e+03
3.612143413529477973e-03 6.981414092834069379e+03
3.732915143684721951e-03 7.158898176923371466e+03
3.857724867112893516e-03 7.339015970801194271e+03
3.986707593800617976e-03 7.521686190851161882e+03
4.120002847782761740e-03 7.706817449523838150e+03
4.257754818069308354e-03 7.894306051240041597e+03
4.400112514618404608e-03 8.084039810584744373e+03
4.547229929524409554e-03 8.275893063371511744e+03
4.699266203595197679e-03 8.469731043307014261e+03
4.856385798499019031e-03 8.665399998705466714e+03
5.018758674667020935e-03 8.862743332092459241e+03
5.186560475143959549e-03 9.061581584427478447e+03
5.359972715585955248e-03 9.261729541324124511e+03
5.539182980610755057e-03 9.462983391022244177e+03
5.724385126713026593e-03 9.665120707386193317e+03
5.915779491964028892e-03 9.867913129826742079e+03
6.113573112722652143e-03 1.007110879759438831e+04
6.317979947592099882e-03 1.027444104637668897e+04
6.529221108864616957e-03 1.047763046317259796e+04
6.747525101704480652e-03 1.068037302023508346e+04
6.973128071328140755e-03 1.088235081766949224e+04
7.206274058448705437e-03 1.108323296484364255e+04
7.447215263261310406e-03 1.128266261851580748e+04
7.696212318254701257e-03 1.148026375222758179e+04
7.953534570144332738e-03 1.167565082602154871e+04
8.219460371231864307e-03 1.186840595591282545e+04
8.494277380506187053e-03 1.205809432249812926e+04
8.778282874811823774e-03 1.224426769394693110e+04
9.071784070421121463e-03 1.242644666421976945e+04
9.375098455358292851e-03 1.260413535158199920e+04
9.688554132834568261e-03 1.277682581911191119e+04
1.001249017616620725e-02 1.294397191714759902e+04
1.034725699555901803e-02 1.310502845997760232e+04
1.069321671715643858e-02 1.325941232711988232e+04
1.105074357476093505e-02 1.340653337914927943e+04
1.142022431465263173e-02 1.354577289318944713e+04
1.180205861394306721e-02 1.367650830718241559e+04
1.219665951291643881e-02 1.379808951133586379e+04
1.260445386182631328e-02 1.390986531103371453e+04
1.302588278263077520e-02 1.401116543881731013e+04
1.346140214616583890e-02 1.410131433071496213e+04
1.391148306527291781e-02 1.417963380049435909e+04
1.437661240441416924e-02 1.424544131765952989e+04
1.485729330632660182e-02 1.429806361423888120e+04
1.535404573628500365e-02 1.433683280904608910e+04
1.586740704456205894e-02 1.436110373170464118e+04
1.639793254769450481e-02 1.437024196062361443e+04
1.694619612918364313e-02 1.436365559133262286e+04
1.751279086028037155e-02 1.434078320904543034e+04
1.809832964152614798e-02 1.430111693260987704e+04
1.870344586574363213e-02 1.424419931629100756e+04
1.932879410319460894e-02 1.416965282229822515e+04
1.997505080964588620e-02 1.407717091648516544e+04
2.064291505810955316e-02 1.396654345781446318e+04
2.133310929504865505e-02 1.383767591372787319e+04
2.204638012186681956e-02 1.369057133091614924e+04
2.278349910252664909e-02 1.352538278637642179e+04
2.354526359817107548e-02 1.334240121733817250e+04
2.433249762964985810e-02 1.314207158872696345e+04
2.514605276888498206e-02 1.292500741589050631e+04
2.598680906003840441e-02 1.269199422181872251e+04
2.685567597147924673e-02 1.244400453499393552e+04
2.775359337957988490e-02 1.218219226784800958e+04
2.868153258540498754e-02 1.190790037688082157e+04
2.964049736539381419e-02 1.162264776484287904e+04
3.063152505717161092e-02 1.132814065620084330e+04
3.165568768166540647e-02 1.102622667239806105e+04
3.271409310273729054e-02 1.071891231854854050e+04
3.380788622559029871e-02 1.040830875008408475e+04
3.493825023524253087e-02 1.009661939446576253e+04
3.610640787640997940e-02 9.786099169134908152e+03
3.731362277618164441e-02 9.479007078088865455e+03
3.856120081091872487e-02 9.177565901651445529e+03
3.985049151885547425e-02 8.883906988169475881e+03
4.118288955993056055e-02 8.600014910068359313e+03
4.255983622442782027e-02 8.327676959081127279e+03
4.398282099205792772e-02 8.068411150459006421e+03
4.545338314316834522e-02 7.823420169185263148e+03
4.697311342382341770e-02 7.593519013060178622e+03
4.854365576655684383e-02 7.379092758090600910e+03
5.016670906865677154e-02 7.180037978017488058e+03
5.184402902990837420e-02 6.995708850482904381e+03
5.357743005178047802e-02 6.824899954439777503e+03
5.536878720011212396e-02 6.665812012884211981e+03
5.722003823342062395e-02 6.516071810090304098e+03
5.913318569902666078e-02 6.372764903026391039e+03
6.111029909926251474e-02 6.232506242930883673e+03
6.315351713010779189e-02 6.091579184930314113e+03
6.526504999467336310e-02 5.946111682890133125e+03
6.744718179403717817e-02 5.792327511489355857e+03
6.970227299801623477e-02 5.626838616252258362e+03
7.203276299854979858e-02 5.446979426198219699e+03
7.444117274845411802e-02 5.251137020741834931e+03
7.693010748840443946e-02 5.039057388634248127e+03
7.950225956509210379e-02 4.812053688948951276e+03
8.216041134360790865e-02 4.573074968423566133e+03
8.490743821719984319e-02 4.326604273323507186e+03
8.774631171766281157e-02 4.078362487407895969e+03
9.068010272972255870e-02 3.834823329785640453e+03
9.371198481289348681e-02 3.602600817934009228e+03
9.684523763440215649e-02 3.387767869646352210e+03
1.000832505168899600e-01 3.195195666750174951e+03
1.034295261047340625e-01 3.027985754244121381e+03
1.068876841529496080e-01 2.887043434389041067e+03
1.104614654427753945e-01 2.770834399534644945e+03
1.141547358281756464e-01 2.675355222008354303e+03
1.179714904176376727e-01 2.594379331378345796e+03
1.219158578957853512e-01 2.520045334221039866e+03
1.259921049894874856e-01 2.443872854477458986e+03
1.302046410832891354e-01 2.358157311399239916e+03
1.345580229891604751e-01 2.257557307331124321e+03
1.390569598757198100e-01 2.140457866340090732e+03
1.437063183622670492e-01 2.009625251376494589e+03
1.485111277831346888e-01 1.871762761053040094e+03
1.534765856280515817e-01 1.735956767019030622e+03
1.586080631644066208e-01 1.611403609443296773e+03
1.639111112474894438e-01 1.505091305200557599e+03
1.693914663249987407e-01 1.420077685244800477e+03
1.750550566423093313e-01 1.354731093796842288e+03
1.809080086552135869e-01 1.303085373038845546e+03
1.869566536570689830e-01 1.256375508662581751e+03
1.932075346275276828e-01 1.205667597361215485e+03
1.996674133102498971e-01 1.144992722880786232e+03
2.063432775272630582e-01 1.073719358176506375e+03
2.132423487378718452e-01 9.967630743571866105e+02
2.203720898503036263e-01 9.222151254288636437e+02
2.277402132945338109e-01 8.575080087413421097e+02
2.353546893650253491e-01 8.060768868627608299e+02
2.432237548424092122e-01 7.660365850700574128e+02
2.513559219034258718e-01 7.313791187527727971e+02
2.597599873287743666e-01 6.952675012107680459e+02
2.684450420188219666e-01 6.539204550079463161e+02
2.774204808274743361e-01 6.086710381411666049e+02
2.866960127248350254e-01 5.645452207808665435e+02
2.962816712996577673e-01 5.263534082202845639e+02
3.061878256129444420e-01 4.953084633292163517e+02
3.164251914144354805e-01 4.685918241149140044e+02
3.270048427341168962e-01 4.420019371099216983e+02
3.379382238612947953e-01 4.135188399666347436e+02
3.492371617241852855e-01 3.846455462925131314e+02
3.609138786834163448e-01 3.583280263248802839e+02
3.729810057532814693e-01 3.357909562800703043e+02
3.854515962650386651e-01 3.156097981537558326e+02
3.983391399870480631e-01 2.956936900637462600e+02
4.116575777170102257e-01 2.756561203513057308e+02
4.254213163620995108e-01 2.567680762824712701e+02
4.396452445232932327e-01 2.399138417876590950e+02
4.543447486007690661e-01 2.245101323849418122e+02
4.695357294377799362e-01 2.096206293494197439e+02
4.852346195210218704e-01 1.952694749517422963e+02
5.014584007560848322e-01 1.820188716841068413e+02
5.182246228372336949e-01 1.698718130924656293e+02
5.355514222313770833e-01 1.583898638662533358e+02
5.534575417967635413e-01 1.474867217571849665e+02
5.719623510576314906e-01 1.373598572722146969e+02
5.910858671567322808e-01 1.279601644742959934e+02
6.108487765084068544e-01 1.191121568051029556e+02
6.312724571756275216e-01 1.108229168586194504e+02
6.523790019952193653e-01 1.031159362191995967e+02
6.741912424762606104e-01 9.590997982615613182e+01
6.967327734975364839e-01 8.917149275445909495e+01
7.200279788307419881e-01 8.288907704707058599e+01
7.441020575170596008e-01 7.703166250556955674e+01
7.689810511256225389e-01 7.156907373235794978e+01
7.946918719233755368e-01 6.647475812446997168e+01
8.212623319867858873e-01 6.172595865529152093e+01
8.487211732869031078e-01 5.730129551672764876e+01
8.770980987803161932e-01 5.318036830779171709e+01
9.064238045396205701e-01 4.934365446398741994e+01
9.367300129581793700e-01 4.577273683765066181e+01
9.680495070650749767e-01 4.245019626394675782e+01
1.000416165987385808e+00 3.935949404791593764e+01
1.033865001598128330e+00 3.648511945306569260e+01
1.068432196389532240e+00 3.381263672777655671e+01
1.104155142612600837e+00 3.132870598717188315e+01
1.141072482725305592e+00 2.902081283029522041e+01
1.179224151193147607e+00 2.687713890368986114e+01
1.218651417687333982e+00 2.488645464286265607e+01
1.259396931727273516e+00 2.303824105000607503e+01
1.301504768815691548e+00 2.132270498130493763e+01
1.345020478116276896e+00 1.973078500565507909e+01
1.389991131725407447e+00 1.825401051766229799e+01
1.436465375591293947e+00 1.688442878484454113e+01
1.484493482135585296e+00 1.561453702495549223e+01
1.534127404634392455e+00 1.443732213388359042e+01
1.585420833417506836e+00 1.334625455076711731e+01
1.638429253946665609e+00 1.233527884575622124e+01
1.693210006835640158e+00 1.139874993160547589e+01
1.749822349877109051e+00 1.053139529358734805e+01
1.808327522143368116e+00 9.728283062629431654e+00
1.868788810230267217e+00 8.984813761429061074e+00
1.931271616715998229e+00 8.296703195505131134e+00
1.995843530908793184e+00 7.659961903921092663e+00
2.062574401960084458e+00 7.070876150125894100e+00
2.131536414422164238e+00 6.525990073712300443e+00
2.202804166332139602e+00 6.022089259791510329e+00
2.276454749906602792e+00 5.556184136832172271e+00
2.352567834934338631e+00 5.125494683294808951e+00
2.431225754957225149e+00 4.727436004182245632e+00
2.512513596332623944e+00 4.359605787587381265e+00
2.596519290273538783e+00 4.019772257397631776e+00
2.683333707966161441e+00 3.705862537393169731e+00
2.773050758867611432e+00 3.415951925520903654e+00
2.865767492290306695e+00 3.148253742421342594e+00
2.961584202382770314e+00 2.901109367130498828e+00
3.060604536620467719e+00 2.672979857650219504e+00
3.162935607924048931e+00 2.462437971325289521e+00
3.268688110526199786e+00 2.268160369324776049e+00
3.377976439712552459e+00 2.088920337067137201e+00
3.490918815566087297e+00 1.923580988166785355e+00
3.607637410848952619e+00 1.771088908083292113e+00
3.728258483159945236e+00 1.630468255854447213e+00
3.852912511510727001e+00 1.500815251601516298e+00
3.981734337468417539e+00 1.381292899454728440e+00
4.114863311017320058e+00 1.271126301123200575e+00
4.252443441297450555e+00 1.169598311614894914e+00
4.394623552383071896e+00 1.076045364080516986e+00
4.541557444269631816e+00 9.898535944418591637e-01
4.693404059243289517e+00 9.104552324910613059e-01
4.850327653813030437e+00 8.373251526289668956e-01
5.012497976391239618e+00 7.699778022151220203e-01
5.180090450915090017e+00 7.079643951197088780e-01
5.353286366607249214e+00 6.508702517359722384e-01
5.532273074081278885e+00 5.983122617206051430e-01
5.717244188003695271e+00 5.499364934095165580e-01
5.908399796532135539e+00 5.054159764241651365e-01
6.105946677756002750e+00 4.644487126906644003e-01
6.310098523373801171e+00 4.267558778872972969e-01
6.521076169849157722e+00 3.920800653819945247e-01
6.739107837295406966e+00 3.601836823617385330e-01
6.964429376347387013e+00 3.308474908967586336e-01
7.197284523287298619e+00 3.038692479628574139e-01
7.437925163700752407e+00 2.790624180768032647e-01
7.686611604948010879e+00 2.562549456619858113e-01
7.943612857745410594e+00 2.352881238409704201e-01
8.209206927161357470e+00 2.160155764540098999e-01
8.483681113341843272e+00 1.983023665583028561e-01
8.767332322290526392e+00 1.820241255951406956e-01
9.060467387039910392e+00 1.670662424349105835e-01
9.363403399560734641e+00 1.533231098614765975e-01
9.676468053768756405e+00 1.406974396133124083e-01
1.000000000000001243e+01 1.290996241336312134e-01
