2.000000000000000164e-05 8.867157467566352480e+00
2.066869842267550072e-05 9.152301531283995928e+00
2.135975472437544027e-05 9.446614634316206960e+00
2.207391643902171255e-05 9.750391782934499929e+00
2.281195609427394449e-05 1.006393682016539870e+01
2.357467204719313169e-05 1.038756494938210651e+01
2.436288934784564352e-05 1.072159768482881859e+01
2.517746063178175121e-05 1.106637304316436854e+01
2.601926704235410016e-05 1.142223693495031434e+01
2.688921918387384303e-05 1.178954167341266412e+01
2.778825810663545582e-05 1.216865518038114047e+01
2.871735632487579741e-05 1.255996275850627342e+01
2.967751886876853870e-05 1.296385036675713032e+01
3.066978437159193627e-05 1.338072768768493148e+01
3.169522619324599853e-05 1.381100694091247938e+01
3.275495358133433647e-05 1.425512119484036688e+01
3.385011287106671010e-05 1.471351473075788263e+01
3.498188872528021299e-05 1.518665119313703293e+01
3.615150541592045298e-05 1.567499836389426981e+01
3.736022814836899319e-05 1.617904864660775033e+01
3.860936443004954884e-05 1.669930522170393417e+01
3.990026548479344494e-05 1.723628611477088413e+01
4.123432771449419843e-05 1.779053743912515273e+01
4.261299420963254024e-05 1.836260388531224663e+01
4.403775631030562105e-05 1.895306956658974329e+01
4.551015521944909301e-05 1.956251301563706946e+01
4.703178366999723984e-05 2.019155534454775136e+01
4.860428764778435972e-05 2.084081643527144934e+01
5.022936817205134787e-05 2.151095137925226553e+01
5.190878313548323190e-05 2.220263571521566703e+01
5.364434920576834987e-05 2.291655209580305552e+01
5.543794379073590958e-05 2.365342486976628322e+01
5.729150706919781900e-05 2.441398279456189613e+01
5.920704408969155763e-05 2.519898859853965689e+01
6.118662693939432690e-05 2.600922807279921756e+01
6.323239698555469304e-05 2.684551698841639578e+01
6.534656719186627638e-05 2.770868625980753563e+01
6.753142451228926792e-05 2.859959679824723011e+01
6.978933236490913268e-05 2.951914672126911299e+01
7.212273318850868345e-05 3.046825170511193903e+01
7.453415108461877573e-05 3.144785798407388100e+01
7.702619454790587906e-05 3.245894981210994246e+01
7.960155928784993205e-05 3.350253330858913614e+01
8.226303114476471348e-05 3.457965596275728615e+01
8.501348910331518868e-05 3.569139269374367984e+01
8.785590840679157983e-05 3.683884676163648919e+01
9.079336377550881697e-05 3.802317519992946870e+01
9.382903273281309529e-05 3.924556043885030476e+01
9.696619904229312483e-05 4.050721008196489947e+01
1.002082562599141270e-04 4.180938880787169865e+01
1.035587114049174785e-04 4.315340218045493970e+01
1.070211887534562421e-04 4.454058030492920039e+01
1.105994337590709140e-04 4.597232665733984902e+01
1.142973171042456330e-04 4.745003579137949856e+01
1.181188388874281471e-04 4.897520930042101384e+01
1.220681329500424115e-04 5.054936410340373243e+01
1.261494713481742377e-04 5.217404418292868229e+01
1.303672689737678670e-04 5.385089021293613598e+01
1.347260883303314362e-04 5.558156567187462116e+01
1.392306444683180742e-04 5.736777760966127460e+01
1.438858100855209437e-04 5.921132217990390245e+01
1.486966207979997041e-04 6.111401616114037694e+01
1.536682805872396744e-04 6.307775854154240136e+01
1.588061674294368483e-04 6.510447112464855479e+01
1.641158391129971276e-04 6.719620085194726755e+01
1.696030392505434848e-04 6.935499580660662389e+01
1.752737034919339915e-04 7.158300826860036636e+01
1.811339659450114388e-04 7.388242993625338784e+01
1.871901658110307874e-04 7.625553445528369423e+01
1.934488542419408646e-04 7.870467464827009962e+01
1.999168014269393128e-04 8.123226067074179468e+01
2.066010039159656652e-04 8.384078788996906439e+01
2.135086921880547338e-04 8.653281526434751925e+01
2.206473384727377968e-04 8.931097420284882560e+01
2.280246648329511538e-04 9.217804642539590532e+01
2.356486515181963309e-04 9.513678687319404048e+01
2.435275455969876748e-04 9.819013667356001918e+01
2.516698698779247295e-04 1.013410490410444567e+02
2.600844321290405573e-04 1.045926193690992960e+02
2.687803346053976817e-04 1.079479891650717605e+02
2.777669838952388651e-04 1.114104613885740633e+02
2.870541010953427292e-04 1.149833582844364770e+02
2.966517323265922064e-04 1.186701638068102227e+02
3.065702596011295341e-04 1.224744293078919526e+02
3.168204120528543403e-04 1.263998537499078907e+02
3.274132775434116785e-04 1.304501676862713282e+02
3.383603146562264279e-04 1.346292762912895569e+02
3.496733650915567022e-04 1.389411863605816109e+02
3.613646664759745386e-04 1.433899744858169072e+02
3.734468656001317080e-04 1.479798767931625605e+02
3.859330320991275886e-04 1.527152624576739015e+02
3.988366725902805230e-04 1.576006003038465053e+02
4.121717452835938129e-04 1.626404272445110166e+02
4.259526750807212541e-04 1.678395604941695467e+02
4.401943691787655547e-04 1.732027229858981059e+02
4.549122331957894719e-04 1.787349164442337610e+02
4.701221878354804149e-04 1.844412972182928172e+02
4.858406861089974399e-04 1.903270195612689122e+02
5.020847311326308640e-04 1.963975453356284504e+02
5.188718945205230424e-04 2.026582878487635639e+02
5.362203353923492141e-04 2.091148826124756397e+02
5.541488200165187389e-04 2.157731599285953621e+02
5.726767421101455150e-04 2.226389790165711418e+02
5.918241438177454907e-04 2.297184295285792643e+02
6.116117373913557359e-04 2.370176304007749195e+02
6.320609275955268004e-04 2.445429373176592946e+02
6.531938348614238542e-04 2.523008117401243453e+02
6.750333192150836329e-04 2.602977658289144642e+02
6.976030050057104547e-04 2.685406429896736427e+02
7.209273064607610694e-04 2.770361430854536593e+02
7.450314540954613768e-04 2.857913039660134586e+02
7.699415220053250396e-04 2.948132653112900243e+02
7.956844560711916160e-04 3.041091930425303076e+02
8.222881031073025473e-04 3.136863594348326387e+02
8.497812409839368810e-04 3.235522967517496795e+02
8.781936097571961097e-04 3.337145253762840298e+02
9.075559438396131216e-04 3.441807511671750603e+02
9.379000052463793693e-04 3.549585340488086445e+02
9.692586179531593148e-04 3.660558161607739294e+02
1.001665703402655023e-03 3.774804978216517384e+02
1.035156317198330069e-03 3.892405209286075660e+02
1.069766687024985286e-03 4.013439256982197207e+02
1.105534251837205851e-03 4.137986624196234402e+02
1.142497702358069404e-03 4.266128510067631510e+02
1.180697022931930960e-03 4.397947419366361146e+02
1.220173534776542454e-03 4.533522491407650250e+02
1.260969940681316284e-03 4.672936151929838502e+02
1.303130371200056587e-03 4.816267570775772242e+02
1.346700432388157767e-03 4.963599024136031517e+02
1.391727255135877424e-03 5.115007876570620624e+02
1.438259546151070007e-03 5.270573538891952694e+02
1.486347640646530459e-03 5.430373473425378279e+02
1.536043556788919398e-03 5.594483339296330087e+02
1.587401051968200579e-03 5.762978732551742951e+02
1.640475680948428249e-03 5.935930353951521283e+02
1.695324855962815390e-03 6.113408055791185234e+02
1.752007908818060174e-03 6.295481923451452531e+02
1.810586155075142928e-03 6.482213325724552533e+02
1.871122960375984270e-03 6.673664940328266084e+02
1.933683808987751848e-03 6.869895235942631189e+02
1.998336374638913938e-03 7.070955083056768444e+02
2.065150593723721201e-03 7.276895317895767903e+02
2.134198740954243185e-03 7.487759536155073192e+02
2.205555507541849362e-03 7.703586360437400344e+02
2.279298081992675151e-03 7.924407883441677996e+02
2.355506233604463730e-03 8.150255258497792283e+02
2.434262398755145627e-03 8.381144718180853488e+02
2.515651770076436904e-03 8.617092356542045763e+02
2.599762388608985089e-03 8.858104786653639167e+02
2.686685239038679764e-03 9.104183905117653239e+02
2.776514348117217236e-03 9.355319145758907098e+02
2.869346886373309435e-03 9.611496135188693870e+02
2.965283273224645581e-03 9.872684543227314862e+02
3.064427285604211931e-03 1.013885969990798117e+03
3.166886170218578649e-03 1.040996783071682103e+03
3.272770759559481216e-03 1.068596017798689900e+03
3.382195591794276077e-03 1.096676924386733845e+03
3.495279034664920681e-03 1.125231524604737615e+03
3.612143413529477973e-03 1.154251150193774720e+03
3.732915143684721951e-03 1.183725431113365403e+03
3.857724867112893516e-03 1.213642496662503390e+03
3.986707593800617976e-03 1.243988792645020339e+03
4.120002847782761740e-03 1.274750296028681532e+03
4.257754818069308354e-03 1.305909580046230076e+03
4.400112514618404608e-03 1.337448812069730138e+03
4.547229929524409554e-03 1.369347522294002374e+03
4.699266203595197679e-03 1.401583738159396944e+03
4.856385798499019031e-03 1.434133227950818991e+03
5.018758674667020935e-03 1.466969565161949049e+03
5.186560475143959549e-03 1.500063316136269123e+03
5.359972715585955248e-03 1.533384845187807514e+03
5.539182980610755057e-03 1.566899027084720274e+03
5.724385126713026593e-03 1.600571352361671416e+03
5.915779491964028892e-03 1.634362599392035690e+03
6.113573112722652143e-03 1.668231816609787529e+03
6.317979947592099882e-03 1.702134542244455588e+03
6.529221108864616957e-03 1.736024708315454745e+03
6.747525101704480652e-03 1.769852089284165913e+03
6.973128071328140755e-03 1.803564581562658532e+03
7.206274058448705437e-03 1.837105967449795571e+03
7.447215263261310406e-03 1.870418426211343785e+03
7.696212318254701257e-03 1.903439177834410657e+03
7.953534570144332738e-03 1.936103561849164862e+03
8.219460371231864307e-03 1.968342523259817654e+03
8.494277380506187053e-03 2.000084866629931412e+03
8.778282874811823774e-03 2.031255013838880359e+03
9.071784070421121463e-03 2.061773306856718136e+03
9.375098455358292851e-03 2.091558684839471425e+03
9.688554132834568261e-03 2.120524394604520239e+03
1.001249017616620725e-02 2.148582033985062935e+03
1.034725699555901803e-02 2.175638360850608024e+03
1.069321671715643858e-02 2.201597866390276522e+03
1.105074357476093505e-02 2.226361208712793086e+03
1.142022431465263173e-02 2.249827029560381106e+03
1.180205861394306721e-02 2.271889311289693069e+03
1.219665951291643881e-02 2.292441437316863357e+03
1.260445386182631328e-02 2.311373361903101795e+03
1.302588278263077520e-02 2.328573474207769323e+03
1.346140214616583890e-02 2.343929800995097594e+03
1.391148306527291781e-02 2.357327821735227189e+03
1.437661240441416924e-02 2.368654394444738955e+03
1.485729330632660182e-02 2.377796284985884995e+03
1.535404573628500365e-02 2.384641812505387406e+03
1.586740704456205894e-02 2.389082397899333046e+03
1.639793254769450481e-02 2.391012356621009530e+03
1.694619612918364313e-02 2.390331713507175664e+03
1.751279086028037155e-02 2.386945744509986980e+03
1.809832964152614798e-02 2.380768862637599796e+03
1.870344586574363213e-02 2.371723825377319372e+03
1.932879410319460894e-02 2.359746170753471688e+03
1.997505080964588620e-02 2.344783476881876140e+03
2.064291505810955316e-02 2.326799427401522280e+03
2.133310929504865505e-02 2.305774809331971028e+03
2.204638012186681956e-02 2.281710308352463471e+03
2.278349910252664909e-02 2.254628251071618706e+03
2.354526359817107548e-02 2.224574958664548831e+03
2.433249762964985810e-02 2.191622217294900565e+03
2.514605276888498206e-02 2.155869932110676473e+03
2.598680906003840441e-02 2.117445991913301441e+03
2.685567597147924673e-02 2.076510939716536996e+03
2.775359337957988490e-02 2.033252243516318231e+03
2.868153258540498754e-02 1.987892889101843821e+03
2.964049736539381419e-02 1.940682856380988369e+03
3.063152505717161092e-02 1.891902501577921385e+03
3.165568768166540647e-02 1.841859500353509020e+03
3.271409310273729054e-02 1.790883694740641431e+03
3.380788622559029871e-02 1.739326163352662434e+03
3.493825023524253087e-02 1.687551885610364025e+03
3.610640787640997940e-02 1.635934831012231143e+03
3.731362277618164441e-02 1.584851643565750464e+03
3.856120081091872487e-02 1.534670961836052129e+03
3.985049151885547425e-02 1.485748471475192218e+03
4.118288955993056055e-02 1.438415182857805576e+03
4.255983622442782027e-02 1.392969981104688259e+03
4.398282099205792772e-02 1.349667643416035389e+03
4.545338314316834522e-02 1.308710733763140979e+03
4.697311342382341770e-02 1.270238079057961386e+03
4.854365576655684383e-02 1.234317049452135279e+03
5.016670906865677154e-02 1.200933414480475221e+03
5.184402902990837420e-02 1.169985626421943152e+03
5.357743005178047802e-02 1.141277026649711161e+03
5.536878720011212396e-02 1.114514367364106420e+03
5.722003823342062395e-02 1.089308438995899678e+03
5.913318569902666078e-02 1.065179896041273651e+03
6.111029909926251474e-02 1.041572634929917285e+03
6.315351713010779189e-02 1.017874077360162119e+03
6.526504999467336310e-02 9.934459714291693899e+02
6.744718179403717817e-02 9.676654340456401542e+02
6.970227299801623477e-02 9.399720999116349276e+02
7.203276299854979858e-02 9.099244167733231734e+02
7.444117274845411802e-02 8.772533421805994749e+02
7.693010748840443946e-02 8.419134364204318217e+02
7.950225956509210379e-02 8.041166288945165661e+02
8.216041134360790865e-02 7.643453951783935736e+02
8.490743821719984319e-02 7.233352675374644605e+02
8.774631171766281157e-02 6.820270076807200894e+02
9.068010272972255870e-02 6.414871463160720850e+02
9.371198481289348681e-02 6.028072580715920594e+02
9.684523763440215649e-02 5.669914636261501073e+02
1.000832505168899600e-01 5.348470896392570921e+02
1.034295261047340625e-01 5.068906755338381345e+02
1.068876841529496080e-01 4.832760207723976578e+02
1.104614654427753945e-01 4.637543629831150156e+02
1.141547358281756464e-01 4.476685348124809707e+02
1.179714904176376727e-01 4.339935705490410669e+02
1.219158578957853512e-01 4.214341771475871496e+02
1.259921049894874856e-01 4.085918000997285731e+02
1.302046410832891354e-01 3.941947857159908040e+02
1.345580229891604751e-01 3.773595943725444499e+02
1.390569598757198100e-01 3.578157826437371796e+02
1.437063183622670492e-01 3.360143414608065768e+02
1.485111277831346888e-01 3.130564668197097831e+02
1.534765856280515817e-01 2.904377494975432796e+02
1.586080631644066208e-01 2.696753126812763526e+02
1.639111112474894438e-01 2.519245107365617571e+02
1.693914663249987407e-01 2.376939167292155446e+02
1.750550566423093313e-01 2.267178433631882513e+02
1.809080086552135869e-01 2.180145933526229953e+02
1.869566536570689830e-01 2.101390844026497007e+02
1.932075346275276828e-01 2.016170964591310337e+02
1.996674133102498971e-01 1.914619834870280215e+02
2.063432775272630582e-01 1.795660682292989634e+02
2.132423487378718452e-01 1.667365659713250921e+02
2.203720898503036263e-01 1.543063598646825199e+02
2.277402132945338109e-01 1.435023784996947427e+02
2.353546893650253491e-01 1.348938306761643275e+02
2.432237548424092122e-01 1.281721011118105764e+02
2.513559219034258718e-01 1.223471211322088266e+02
2.597599873287743666e-01 1.162904571256336226e+02
2.684450420188219666e-01 1.093764728491291010e+02
2.774204808274743361e-01 1.018226806441241337e+02
2.866960127248350254e-01 9.445691567487988038e+01
2.962816712996577673e-01 8.807325570419837391e+01
3.061878256129444420e-01 8.287333000104433722e+01
3.164251914144354805e-01 7.839308574667496998e+01
3.270048427341168962e-01 7.393909546334209892e+01
3.379382238612947953e-01 6.917682221217255290e+01
3.492371617241852855e-01 6.435299827257620109e+01
3.609138786834163448e-01 5.995344662432017913e+01
3.729810057532814693e-01 5.618092674166400968e+01
3.854515962650386651e-01 5.280087770603474695e+01
3.983391399870480631e-01 4.946801063729917303e+01
4.116575777170102257e-01 4.611779233438007708e+01
4.254213163620995108e-01 4.295947307705634444e+01
4.396452445232932327e-01 4.013917449826396222e+01
4.543447486007690661e-01 3.756085783331835870e+01
4.695357294377799362e-01 3.506981471535398498e+01
4.852346195210218704e-01 3.266961545479620810e+01
5.014584007560848322e-01 3.045290409142812038e+01
5.182246228372336949e-01 2.842024189304297010e+01
5.355514222313770833e-01 2.649920060341025518e+01
5.534575417967635413e-01 2.467532149521101914e+01
5.719623510576314906e-01 2.298108376608250225e+01
5.910858671567322808e-01 2.140835315123919358e+01
6.108487765084068544e-01 1.992807875217538438e+01
6.312724571756275216e-01 1.854131285200366719e+01
6.523790019952193653e-01 1.725186928633624461e+01
6.741912424762606104e-01 1.604629569119729737e+01
6.967327734975364839e-01 1.491890753655294866e+01
7.200279788307419881e-01 1.386782674586032904e+01
7.441020575170596008e-01 1.288785472796486076e+01
7.689810511256225389e-01 1.197393912196210763e+01
7.946918719233755368e-01 1.112163560153017983e+01
8.212623319867858873e-01 1.032713695072919791e+01
8.487211732869031078e-01 9.586866526625827944e+00
8.770980987803161932e-01 8.897411712510653103e+00
9.064238045396205701e-01 8.255507035603935506e+00
9.367300129581793700e-01 7.658071817695732975e+00
9.680495070650749767e-01 7.102191916411465300e+00
1.000416165987385808e+00 6.585099896094039451e+00
1.033865001598128330e+00 6.104200345955665519e+00
1.068432196389532240e+00 5.657077943956790200e+00
1.104155142612600837e+00 5.241501058315628292e+00
1.141072482725305592e+00 4.855376162109966032e+00
1.179224151193147607e+00 4.496726093498611299e+00
1.218651417687333982e+00 4.163672070808203785e+00
1.259396931727273516e+00 3.854454182785811422e+00
1.301504768815691548e+00 3.567433972906366879e+00
1.345020478116276896e+00 3.301095429714670626e+00
1.389991131725407447e+00 3.054021391023939991e+00
1.436465375591293947e+00 2.824881335692734030e+00
1.484493482135585296e+00 2.612420023723771578e+00
1.534127404634392455e+00 2.415464137323930949e+00
1.585420833417506836e+00 2.232921253713639587e+00
1.638429253946665609e+00 2.063778270904531364e+00
1.693210006835640158e+00 1.907090736674312392e+00
1.749822349877109051e+00 1.761976522998402572e+00
1.808327522143368116e+00 1.627610464875576923e+00
1.868788810230267217e+00 1.503223010131840454e+00
1.931271616715998229e+00 1.388097374951134721e+00
1.995843530908793184e+00 1.281566136740440731e+00
2.062574401960084458e+00 1.183008006534329137e+00
2.131536414422164238e+00 1.091844820508637737e+00
2.202804166332139602e+00 1.007538766316038004e+00
2.276454749906602792e+00 9.295896421857199332e-01
2.352567834934338631e+00 8.575323172062528920e-01
2.431225754957225149e+00 7.909343371696750946e-01
2.512513596332623944e+00 7.293938005454071449e-01
2.596519290273538783e+00 6.725373268465063559e-01
2.683333707966161441e+00 6.200180876229436366e-01
2.773050758867611432e+00 5.715140388934208948e-01
2.865767492290306695e+00 5.267262412108134617e-01
2.961584202382770314e+00 4.853772158028364370e-01
3.060604536620467719e+00 4.472095160401952096e-01
3.162935607924048931e+00 4.119843731954399013e-01
3.268688110526199786e+00 3.794803786550763891e-01
3.377976439712552459e+00 3.494922812419879454e-01
3.490918815566087297e+00 3.218298621651019542e-01
3.607637410848952619e+00 2.963168727275168335e-01
3.728258483159945236e+00 2.727900455807474867e-01
3.852912511510727001e+00 2.510981713898680634e-01
3.981734337468417539e+00 2.311012230547522250e-01
4.114863311017320058e+00 2.126695659205886380e-01
4.252443441297450555e+00 1.956832235882183801e-01
4.394623552383071896e+00 1.800311687619686463e-01
4.541557444269631816e+00 1.656106828814998544e-01
4.693404059243289517e+00 1.523267641139307293e-01
4.850327653813030437e+00 1.400915603226181583e-01
5.012497976391239618e+00 1.288238483782336852e-01
5.180090450915090017e+00 1.184485525944551226e-01
5.353286366607249214e+00 1.088962937870307651e-01
5.532273074081278885e+00 1.001029683378659718e-01
5.717244188003695271e+00 9.200935597469969696e-02
5.908399796532135539e+00 8.456074968851821916e-02
6.105946677756002750e+00 7.770662234526791445e-02
6.310098523373801171e+00 7.140032447522763615e-02
6.521076169849157722e+00 6.559879332639460825e-02
6.739107837295406966e+00 6.026228372698549246e-02
6.964429376347387013e+00 5.535411968742189048e-02
7.197284523287298619e+00 5.084046304456873999e-02
7.437925163700752407e+00 4.669009884638299079e-02
7.686611604948010879e+00 4.287423625999348120e-02
7.943612857745410594e+00 3.936632216297510090e-02
8.209206927161357470e+00 3.614187058625692450e-02
8.483681113341843272e+00 3.317830863925728957e-02
8.767332322290526392e+00 3.045482949884378843e-02
9.060467387039910392e+00 2.795225671432995107e-02
9.363403399560734641e+00 2.565292039663114032e-02
9.676468053768756405e+00 2.354054292560539205e-02
1.000000000000001243e+01 2.160013216927869975e-02
