2.000000000000000164e-05 1.307305945478780089e-02
2.066869842267550072e-05 1.349345769189373885e-02
2.135975472437544027e-05 1.392737510387087423e-02
2.207391643902171255e-05 1.437524485550010014e-02
2.281195609427394449e-05 1.483752012962486974e-02
2.357467204719313169e-05 1.531465850651979842e-02
2.436288934784564352e-05 1.580714247153723259e-02
2.517746063178175121e-05 1.631546091308536811e-02
2.601926704235410016e-05 1.684012563342721092e-02
2.688921918387384303e-05 1.738166197981760169e-02
2.778825810663545582e-05 1.794061529472305155e-02
2.871735632487579741e-05 1.851754080141980799e-02
2.967751886876853870e-05 1.911301742244828072e-02
3.066978437159193627e-05 1.972764459528537559e-02
3.169522619324599853e-05 2.036203839010361852e-02
3.275495358133433647e-05 2.101682653354084579e-02
3.385011287106671010e-05 2.169267232053975411e-02
3.498188872528021299e-05 2.239025496323886547e-02
3.615150541592045298e-05 2.311026640485468880e-02
3.736022814836899319e-05 2.385343091744180841e-02
3.860936443004954884e-05 2.462049124774894071e-02
3.990026548479344494e-05 2.541222053240338799e-02
4.123432771449419843e-05 2.622940798518012470e-02
4.261299420963254024e-05 2.707287653091778809e-02
4.403775631030562105e-05 2.794346300136534705e-02
4.551015521944909301e-05 2.884204379633114809e-02
4.703178366999723984e-05 2.976951925619038611e-02
4.860428764778435972e-05 3.072682145725005518e-02
5.022936817205134787e-05 3.171489835370767257e-02
5.190878313548323190e-05 3.273475577820222221e-02
5.364434920576834987e-05 3.378740333880038416e-02
5.543794379073590958e-05 3.487390446820041318e-02
5.729150706919781900e-05 3.599533097215124738e-02
5.920704408969155763e-05 3.715282264222265207e-02
6.118662693939432690e-05 3.834753394128955634e-02
6.323239698555469304e-05 3.958065952547883820e-02
6.534656719186627638e-05 4.085343081448756380e-02
6.753142451228926792e-05 4.216713433485486107e-02
6.978933236490913268e-05 4.352307080027480179e-02
7.212273318850868345e-05 4.492260668666168272e-02
7.453415108461877573e-05 4.636713861681362320e-02
7.702619454790587906e-05 4.785812437535757330e-02
7.960155928784993205e-05 4.939704119632430668e-02
8.226303114476471348e-05 5.098543867104349953e-02
8.501348910331518868e-05 5.262490790723985123e-02
8.785590840679157983e-05 5.431707675026977572e-02
9.079336377550881697e-05 5.606366953212355703e-02
9.382903273281309529e-05 5.786639264596356996e-02
9.696619904229312483e-05 5.972708725773026583e-02
1.002082562599141270e-04 6.164759148112440579e-02
1.035587114049174785e-04 6.362983715530615147e-02
1.070211887534562421e-04 6.567581377757823746e-02
1.105994337590709140e-04 6.778755338150531384e-02
1.142973171042456330e-04 6.996717876523834978e-02
1.181188388874281471e-04 7.221688081445196139e-02
1.220681329500424115e-04 7.453889108130402896e-02
1.261494713481742377e-04 7.693553244454030826e-02
1.303672689737678670e-04 7.940920733183823299e-02
1.347260883303314362e-04 8.196238572252104171e-02
1.392306444683180742e-04 8.459764913463978242e-02
1.438858100855209437e-04 8.731758124248444053e-02
1.486966207979997041e-04 9.012493471180833826e-02
1.536682805872396744e-04 9.302250494074713882e-02
1.588061674294368483e-04 9.601317874544444686e-02
1.641158391129971276e-04 9.909998047440919666e-02
1.696030392505434848e-04 1.022859442630392190e-01
1.752737034919339915e-04 1.055742700165405029e-01
1.811339659450114388e-04 1.089682666914798953e-01
1.871901658110307874e-04 1.124712858151115796e-01
1.934488542419408646e-04 1.160868289495048389e-01
1.999168014269393128e-04 1.198185021763288199e-01
2.066010039159656652e-04 1.236700706589348719e-01
2.135086921880547338e-04 1.276452926700551715e-01
2.206473384727377968e-04 1.317482115557223055e-01
2.280246648329511538e-04 1.359828552546307745e-01
2.356486515181963309e-04 1.403534721166098398e-01
2.435275455969876748e-04 1.448643917568182837e-01
2.516698698779247295e-04 1.495201260941719512e-01
2.600844321290405573e-04 1.543253056389683742e-01
2.687803346053976817e-04 1.592846609701044636e-01
2.777669838952388651e-04 1.644031889401387503e-01
2.870541010953427292e-04 1.696859027083003624e-01
2.966517323265922064e-04 1.751381018116739685e-01
3.065702596011295341e-04 1.807651501888825618e-01
3.168204120528543403e-04 1.865726628315735325e-01
3.274132775434116785e-04 1.925663419085107964e-01
3.383603146562264279e-04 1.987521776236690074e-01
3.496733650915567022e-04 2.051362355052985809e-01
3.613646664759745386e-04 2.117248231898723743e-01
3.734468656001317080e-04 2.185244870590493382e-01
3.859330320991275886e-04 2.255418411708660364e-01
3.988366725902805230e-04 2.327839423698377097e-01
4.121717452835938129e-04 2.402577398986533164e-01
4.259526750807212541e-04 2.479706894533871275e-01
4.401943691787655547e-04 2.559303087368564045e-01
4.549122331957894719e-04 2.641443941804620388e-01
4.701221878354804149e-04 2.726209950220396250e-01
4.858406861089974399e-04 2.813683953470073051e-01
5.020847311326308640e-04 2.903950381817232973e-01
5.188718945205230424e-04 2.997098493352511883e-01
5.362203353923492141e-04 3.093217089050284696e-01
5.541488200165187389e-04 3.192400533386173245e-01
5.726767421101455150e-04 3.294743859861959390e-01
5.918241438177454907e-04 3.400346717184533074e-01
6.116117373913557359e-04 3.509309103576840339e-01
6.320609275955268004e-04 3.621736210038209447e-01
6.531938348614238542e-04 3.737735590168845823e-01
6.750333192150836329e-04 3.857417250094928307e-01
6.976030050057104547e-04 3.980895726567653670e-01
7.209273064607610694e-04 4.108286876307356561e-01
7.450314540954613768e-04 4.239710595695299067e-01
7.699415220053250396e-04 4.375290392765248115e-01
7.956844560711916160e-04 4.515153247037852480e-01
8.222881031073025473e-04 4.659428130605777763e-01
8.497812409839368810e-04 4.808249761247312959e-01
8.781936097571961097e-04 4.961752389284789788e-01
9.075559438396131216e-04 5.120078127639299259e-01
9.379000052463793693e-04 5.283370976164583066e-01
9.692586179531593148e-04 5.451775819043742644e-01
1.001665703402655023e-03 5.625444325428482495e-01
1.035156317198330069e-03 5.804530887005662221e-01
1.069766687024985286e-03 5.989191402085358717e-01
1.105534251837205851e-03 6.179588754076429380e-01
1.142497702358069404e-03 6.375884928468751323e-01
1.180697022931930960e-03 6.578248988516082196e-01
1.220173534776542454e-03 6.786850422437681329e-01
1.260969940681316284e-03 7.001862899853219524e-01
1.303130371200056587e-03 7.223461076266172176e-01
1.346700432388157767e-03 7.451827031654323363e-01
1.391727255135877424e-03 7.687143341768196692e-01
1.438259546151070007e-03 7.929589444866923520e-01
1.486347640646530459e-03 8.179355022830487876e-01
1.536043556788919398e-03 8.436626404528675405e-01
1.587401051968200579e-03 8.701594439665905067e-01
1.640475680948428249e-03 8.974448445008327280e-01
1.695324855962815390e-03 9.255378605291821881e-01
1.752007908818060174e-03 9.544577730976441243e-01
1.810586155075142928e-03 9.842236095704363086e-01
1.871122960375984270e-03 1.014854309865513171e+00
1.933683808987751848e-03 1.046368971321623098e+00
1.998336374638913938e-03 1.078785671020712211e+00
2.065150593723721201e-03 1.112122985231593697e+00
2.134198740954243185e-03 1.146398893304215516e+00
2.205555507541849362e-03 1.181630592300204396e+00
2.279298081992675151e-03 1.217834514827226045e+00
2.355506233604463730e-03 1.255026972612476088e+00
2.434262398755145627e-03 1.293223434105617686e+00
2.515651770076436904e-03 1.332437425030596367e+00
2.599762388608985089e-03 1.372682212063617735e+00
2.686685239038679764e-03 1.413969761457846586e+00
2.776514348117217236e-03 1.456310035334890562e+00
2.869346886373309435e-03 1.499711807889829274e+00
2.965283273224645581e-03 1.544181984929418050e+00
3.064427285604211931e-03 1.589724970915906255e+00
3.166886170218578649e-03 1.636343242561899558e+00
3.272770759559481216e-03 1.684037767494692250e+00
3.382195591794276077e-03 1.732804596139196462e+00
3.495279034664920681e-03 1.782638784300640822e+00
3.612143413529477973e-03 1.833531895080194651e+00
3.732915143684721951e-03 1.885471271669175941e+00
3.857724867112893516e-03 1.938441309570122062e+00
3.986707593800617976e-03 1.992422071620393531e+00
4.120002847782761740e-03 2.047389513495200930e+00
4.257754818069308354e-03 2.103315471882893473e+00
4.400112514618404608e-03 2.160166976318954823e+00
4.547229929524409554e-03 2.217906577090923648e+00
4.699266203595197679e-03 2.276490645659260625e+00
4.856385798499019031e-03 2.335872523348129004e+00
5.018758674667020935e-03 2.395997328789646996e+00
5.186560475143959549e-03 2.456807040197527048e+00
5.359972715585955248e-03 2.518237632837737383e+00
5.539182980610755057e-03 2.580219232815358588e+00
5.724385126713026593e-03 2.642676386588964643e+00
5.915779491964028892e-03 2.705529020085388314e+00
6.113573112722652143e-03 2.768690846235439373e+00
6.317979947592099882e-03 2.832070628879344021e+00
6.529221108864616957e-03 2.895573569092039889e+00
6.747525101704480652e-03 2.959099394712184417e+00
6.973128071328140755e-03 3.022542933414179345e+00
7.206274058448705437e-03 3.085795496882526301e+00
7.447215263261310406e-03 3.148746139530480104e+00
7.696212318254701257e-03 3.211279360102130997e+00
7.953534570144332738e-03 3.273277721557901199e+00
8.219460371231864307e-03 3.334619616385170460e+00
8.494277380506187053e-03 3.395181871881765456e+00
8.778282874811823774e-03 3.454840951696180440e+00
9.071784070421121463e-03 3.513467025635090391e+00
9.375098455358292851e-03 3.570932173478488902e+00
9.688554132834568261e-03 3.627102118607708814e+00
1.001249017616620725e-02 3.681841963119219852e+00
1.034725699555901803e-02 3.735013152042688578e+00
1.069321671715643858e-02 3.786470507903330063e+00
1.105074357476093505e-02 3.836066529025478733e+00
1.142022431465263173e-02 3.883646967717852228e+00
1.180205861394306721e-02 3.929051430649959542e+00
1.219665951291643881e-02 3.972113090161323523e+00
1.260445386182631328e-02 4.012659360248304274e+00
1.302588278263077520e-02 4.050507919939928314e+00
1.346140214616583890e-02 4.085473998245723770e+00
1.391148306527291781e-02 4.117365671993440834e+00
1.437661240441416924e-02 4.145986600497056251e+00
1.485729330632660182e-02 4.171140046208941854e+00
1.535404573628500365e-02 4.192630703869582476e+00
1.586740704456205894e-02 4.210264234968306596e+00
1.639793254769450481e-02 4.223849301671887879e+00
1.694619612918364313e-02 4.233208209517921539e+00
1.751279086028037155e-02 4.238166195290540728e+00
1.809832964152614798e-02 4.238564643681422162e+00
1.870344586574363213e-02 4.234255757167995071e+00
1.932879410319460894e-02 4.225105668294100170e+00
1.997505080964588620e-02 4.210997910691878232e+00
2.064291505810955316e-02 4.191831665612488322e+00
2.133310929504865505e-02 4.167528943350448323e+00
2.204638012186681956e-02 4.138031374097419501e+00
2.278349910252664909e-02 4.103312062936725013e+00
2.354526359817107548e-02 4.063373028475296245e+00
2.433249762964985810e-02 4.018255600324430965e+00
2.514605276888498206e-02 3.968039795749715992e+00
2.598680906003840441e-02 3.912850609689544346e+00
2.685567597147924673e-02 3.852859187225046167e+00
2.775359337957988490e-02 3.788282640003063140e+00
2.868153258540498754e-02 3.719387798525777278e+00
2.964049736539381419e-02 3.646486300033565886e+00
3.063152505717161092e-02 3.569938897376643272e+00
3.165568768166540647e-02 3.490150015650467008e+00
3.271409310273729054e-02 3.407571594748453059e+00
3.380788622559029871e-02 3.322697042969620096e+00
3.493825023524253087e-02 3.236052913855268720e+00
3.610640787640997940e-02 3.148197804090023144e+00
3.731362277618164441e-02 3.059704706956801523e+00
3.856120081091872487e-02 2.971155040826844562e+00
3.985049151885547425e-02 2.883127609345438991e+00
4.118288955993056055e-02 2.796184364540100553e+00
4.255983622442782027e-02 2.710858404358451601e+00
4.398282099205792772e-02 2.627638019016864668e+00
4.545338314316834522e-02 2.546950606282948559e+00
4.697311342382341770e-02 2.469146351035895748e+00
4.854365576655684383e-02 2.394487163124734419e+00
5.016670906865677154e-02 2.323128995867908220e+00
5.184402902990837420e-02 2.255113032976460818e+00
5.357743005178047802e-02 2.190356433384695212e+00
5.536878720011212396e-02 2.128639779995778358e+00
5.722003823342062395e-02 2.069617883682390413e+00
5.913318569902666078e-02 2.012816402671591121e+00
6.111029909926251474e-02 1.957648655588661191e+00
6.315351713010779189e-02 1.903437276446026560e+00
6.526504999467336310e-02 1.849448618594065952e+00
6.744718179403717817e-02 1.794933551247472447e+00
6.970227299801623477e-02 1.739185797833783242e+00
7.203276299854979858e-02 1.681601201951961500e+00
7.444117274845411802e-02 1.621742385885729831e+00
7.693010748840443946e-02 1.559403371107166869e+00
7.950225956509210379e-02 1.494657826124885958e+00
8.216041134360790865e-02 1.427888962600981637e+00
8.490743821719984319e-02 1.359790412246992153e+00
8.774631171766281157e-02 1.291332088968844660e+00
9.068010272972255870e-02 1.223687484577105744e+00
9.371198481289348681e-02 1.158130122216439517e+00
9.684523763440215649e-02 1.095903653633985675e+00
1.000832505168899600e-01 1.038085990223642341e+00
1.034295261047340625e-01 9.854564195348949340e-01
1.068876841529496080e-01 9.383859882994994850e-01
1.104614654427753945e-01 8.967633149240110679e-01
1.141547358281756464e-01 8.599708671992387643e-01
1.179714904176376727e-01 8.269235113693343964e-01
1.219158578957853512e-01 7.961782121840802473e-01
1.259921049894874856e-01 7.661258713778074103e-01
1.302046410832891354e-01 7.352490748862552383e-01
1.345580229891604751e-01 7.024163506475706864e-01
1.390569598757198100e-01 6.671422700791141969e-01
1.437063183622670492e-01 6.297375634506953146e-01
1.485111277831346888e-01 5.912773194939061616e-01
1.534765856280515817e-01 5.533648653697690323e-01
1.586080631644066208e-01 5.177406331217406787e-01
1.639111112474894438e-01 4.858335580904721840e-01
1.693914663249987407e-01 4.583832436918508502e-01
1.750550566423093313e-01 4.352304115914484295e-01
1.809080086552135869e-01 4.153405727519534629e-01
1.869566536570689830e-01 3.970814404054168745e-01
1.932075346275276828e-01 3.787227775908113547e-01
1.996674133102498971e-01 3.590313213967543660e-01
2.063432775272630582e-01 3.377368445527290097e-01
2.132423487378718452e-01 3.156235980796644469e-01
2.203720898503036263e-01 2.941526463291151416e-01
2.277402132945338109e-01 2.747672608353642909e-01
2.353546893650253491e-01 2.582217852933577640e-01
2.432237548424092122e-01 2.442537602738737434e-01
2.513559219034258718e-01 2.317595397817105163e-01
2.597599873287743666e-01 2.194080423766149868e-01
2.684450420188219666e-01 2.063938428892209409e-01
2.774204808274743361e-01 1.928692387265574792e-01
2.866960127248350254e-01 1.797354817723026410e-01
2.962816712996577673e-01 1.679299834041951267e-01
3.061878256129444420e-01 1.577447401659548831e-01
3.164251914144354805e-01 1.486795816405563631e-01
3.270048427341168962e-01 1.399158123177041413e-01
3.379382238612947953e-01 1.310098985899584567e-01
3.492371617241852855e-01 1.221946071006806828e-01
3.609138786834163448e-01 1.140234463035777468e-01
3.729810057532814693e-01 1.067577303819459977e-01
3.854515962650386651e-01 1.001432543671665343e-01
3.983391399870480631e-01 9.376310213994812348e-02
4.116575777170102257e-01 8.750768742395644006e-02
4.254213163620995108e-01 8.160126689315877480e-02
4.396452445232932327e-01 7.622009616387821762e-02
4.543447486007690661e-01 7.125962777942579374e-02
4.695357294377799362e-01 6.652872784626856495e-02
4.852346195210218704e-01 6.201320720063781267e-02
5.014584007560848322e-01 5.781415244880614562e-02
5.182246228372336949e-01 5.393367258106458728e-02
5.355514222313770833e-01 5.028254131733109200e-02
5.534575417967635413e-01 4.683364245767397682e-02
5.719623510576314906e-01 4.361910807787636180e-02
5.910858671567322808e-01 4.062729317732676620e-02
6.108487765084068544e-01 3.781921487600684723e-02
6.312724571756275216e-01 3.519014180977082101e-02
6.523790019952193653e-01 3.274102150596056027e-02
6.741912424762606104e-01 3.045254229611123534e-02
6.967327734975364839e-01 2.831398069197377243e-02
7.200279788307419881e-01 2.631931603333473313e-02
7.441020575170596008e-01 2.445911005502442864e-02
7.689810511256225389e-01 2.272429493575347376e-02
7.946918719233755368e-01 2.110665562288868008e-02
8.212623319867858873e-01 1.959884881971528034e-02
8.487211732869031078e-01 1.819396975837828459e-02
8.770980987803161932e-01 1.688548860265650861e-02
9.064238045396205701e-01 1.566723153351727224e-02
9.367300129581793700e-01 1.453337657695224702e-02
9.680495070650749767e-01 1.347840419766080204e-02
1.000416165987385808e+00 1.249705550598932680e-02
1.033865001598128330e+00 1.158439776167410201e-02
1.068432196389532240e+00 1.073584310784096198e-02
1.104155142612600837e+00 9.947156465507315387e-03
1.141072482725305592e+00 9.214365242812916010e-03
1.179224151193147607e+00 8.533717441518956504e-03
1.218651417687333982e+00 7.901647455479169496e-03
1.259396931727273516e+00 7.314815209058205328e-03
1.301504768815691548e+00 6.770111048996475811e-03
1.345020478116276896e+00 6.264657530570076453e-03
1.389991131725407447e+00 5.795764837674295504e-03
1.436465375591293947e+00 5.360907665084805630e-03
1.484493482135585296e+00 4.957703686197327195e-03
1.534127404634392455e+00 4.583926082138276535e-03
1.585420833417506836e+00 4.237501605339884410e-03
1.638429253946665609e+00 3.916507666044554206e-03
1.693210006835640158e+00 3.619151953292492827e-03
1.749822349877109051e+00 3.343760352866612540e-03
1.808327522143368116e+00 3.088766642627922832e-03
1.868788810230267217e+00 2.852710143394297793e-03
1.931271616715998229e+00 2.634230418305514784e-03
1.995843530908793184e+00 2.432060926281744660e-03
2.062574401960084458e+00 2.245022706394562365e-03
2.131536414422164238e+00 2.072018577254550707e-03
2.202804166332139602e+00 1.912027773183577663e-03
2.276454749906602792e+00 1.764100886320553625e-03
2.352567834934338631e+00 1.627355121424284073e-03
2.431225754957225149e+00 1.500969831305112422e-03
2.512513596332623944e+00 1.384182377761557789e-03
2.596519290273538783e+00 1.276284217296330811e-03
2.683333707966161441e+00 1.176617123504941111e-03
2.773050758867611432e+00 1.084569886408407683e-03
2.865767492290306695e+00 9.995751550332641639e-04
2.961584202382770314e+00 9.211063219948399574e-04
3.060604536620467719e+00 8.486748047661162682e-04
3.162935607924048931e+00 7.818274717552684428e-04
3.268688110526199786e+00 7.201441513353812199e-04
3.377976439712552459e+00 6.632353391837706716e-04
3.490918815566087297e+00 6.107400541017811305e-04
3.607637410848952619e+00 5.623238120166599565e-04
3.728258483159945236e+00 5.176767591868158521e-04
3.852912511510727001e+00 4.765119293715171277e-04
3.981734337468417539e+00 4.385635871731572051e-04
4.114863311017320058e+00 4.035857241141119125e-04
4.252443441297450555e+00 3.713506598912035841e-04
4.394623552383071896e+00 3.416476993029486544e-04
4.541557444269631816e+00 3.142819154191516364e-04
4.693404059243289517e+00 2.890730233808601161e-04
4.850327653813030437e+00 2.658542990326125750e-04
5.012497976391239618e+00 2.444715943482311782e-04
5.180090450915090017e+00 2.247824298843186571e-04
5.353286366607249214e+00 2.066551419916518408e-04
5.532273074081278885e+00 1.899680821189456440e-04
5.717244188003695271e+00 1.746088685068322949e-04
5.908399796532135539e+00 1.604736839984784961e-04
6.105946677756002750e+00 1.474666434108128153e-04
6.310098523373801171e+00 1.354992198418930875e-04
6.521076169849157722e+00 1.244896905629265104e-04
6.739107837295406966e+00 1.143626268468901506e-04
6.964429376347387013e+00 1.050484255753068348e-04
7.197284523287298619e+00 9.648287357037683184e-05
7.437925163700752407e+00 8.860673971372621074e-05
7.686611604948010879e+00 8.136539167558125502e-05
7.943612857745410594e+00 7.470843972298963200e-05
8.209206927161357470e+00 6.858941329959352719e-05
8.483681113341843272e+00 6.296547295805136240e-05
8.767332322290526392e+00 5.779713243775850949e-05
9.060467387039910392e+00 5.304800116726525667e-05
9.363403399560734641e+00 4.868454755024462336e-05
9.676468053768756405e+00 4.467588200556436379e-05
1.000000000000001243e+01 4.099355438398138784e-05
