2.000000000000000164e-05 1.583136629592939038e+01
2.066869842267550072e-05 1.634045829488238510e+01
2.135975472437544027e-05 1.686592349129609403e+01
2.207391643902171255e-05 1.740828374159425707e+01
2.281195609427394449e-05 1.796808528087892753e+01
2.357467204719313169e-05 1.854588670349657065e+01
2.436288934784564352e-05 1.914226780256157312e+01
2.517746063178175121e-05 1.975782700950867010e+01
2.601926704235410016e-05 2.039318105930867020e+01
2.688921918387384303e-05 2.104896284822806152e+01
2.778825810663545582e-05 2.172583037245322402e+01
2.871735632487579741e-05 2.242446212118372628e+01
2.967751886876853870e-05 2.314556197426277606e+01
3.066978437159193627e-05 2.388984598620002586e+01
3.169522619324599853e-05 2.465806237673053758e+01
3.275495358133433647e-05 2.545098335699016801e+01
3.385011287106671010e-05 2.626939243564528681e+01
3.498188872528021299e-05 2.711412149971513941e+01
3.615150541592045298e-05 2.798600919658819208e+01
3.736022814836899319e-05 2.888593309502828888e+01
3.860936443004954884e-05 2.981479007361642530e+01
3.990026548479344494e-05 3.077351387915816616e+01
4.123432771449419843e-05 3.176306043512285271e+01
4.261299420963254024e-05 3.278442173461519360e+01
4.403775631030562105e-05 3.383862195066066647e+01
4.551015521944909301e-05 3.492671902314325649e+01
4.703178366999723984e-05 3.604979113142335478e+01
4.860428764778435972e-05 3.720897327604998139e+01
5.022936817205134787e-05 3.840542792570175834e+01
5.190878313548323190e-05 3.964033819453774043e+01
5.364434920576834987e-05 4.091494937395913922e+01
5.543794379073590958e-05 4.223053895582388151e+01
5.729150706919781900e-05 4.358841603881824511e+01
5.920704408969155763e-05 4.498994719691322075e+01
6.118662693939432690e-05 4.643652742769012320e+01
6.323239698555469304e-05 4.792960824307468215e+01
6.534656719186627638e-05 4.947068461383187099e+01
6.753142451228926792e-05 5.106129352234346186e+01
6.978933236490913268e-05 5.270301252317636198e+01
7.212273318850868345e-05 5.439751116222797123e+01
7.453415108461877573e-05 5.614646411056935449e+01
7.702619454790587906e-05 5.795162352579921361e+01
7.960155928784993205e-05 5.981479420626436649e+01
8.226303114476471348e-05 6.173783877537273668e+01
8.501348910331518868e-05 6.372267172316678341e+01
8.785590840679157983e-05 6.577128039386782632e+01
9.079336377550881697e-05 6.788571086878999949e+01
9.382903273281309529e-05 7.006807961625600001e+01
9.696619904229312483e-05 7.232055028679587849e+01
1.002082562599141270e-04 7.464537571831404250e+01
1.035587114049174785e-04 7.704488204712600918e+01
1.070211887534562421e-04 7.952144876783336258e+01
1.105994337590709140e-04 8.207756572273397921e+01
1.142973171042456330e-04 8.471575456908843194e+01
1.181188388874281471e-04 8.743865951499523703e+01
1.220681329500424115e-04 9.024898908021694410e+01
1.261494713481742377e-04 9.314953969680897217e+01
1.303672689737678670e-04 9.614318918411504455e+01
1.347260883303314362e-04 9.923293443794273117e+01
1.392306444683180742e-04 1.024218137494166285e+02
1.438858100855209437e-04 1.057130291093184553e+02
1.486966207979997041e-04 1.091098415952624947e+02
1.536682805872396744e-04 1.126155960988128300e+02
1.588061674294368483e-04 1.162337974686881665e+02
1.641158391129971276e-04 1.199680143673983537e+02
1.696030392505434848e-04 1.238219459941049934e+02
1.752737034919339915e-04 1.277993911539048639e+02
1.811339659450114388e-04 1.319043168751185249e+02
1.871901658110307874e-04 1.361407495062122734e+02
1.934488542419408646e-04 1.405128845726135296e+02
1.999168014269393128e-04 1.450250001212087341e+02
2.066010039159656652e-04 1.496815702026636643e+02
2.135086921880547338e-04 1.544871581131555729e+02
2.206473384727377968e-04 1.594465264746356183e+02
2.280246648329511538e-04 1.645644602983147706e+02
2.356486515181963309e-04 1.698460196715697066e+02
2.435275455969876748e-04 1.752963587151451179e+02
2.516698698779247295e-04 1.809208051765544667e+02
2.600844321290405573e-04 1.867248232607863656e+02
2.687803346053976817e-04 1.927140855724091750e+02
2.777669838952388651e-04 1.988943845199290195e+02
2.870541010953427292e-04 2.052717075337230597e+02
2.966517323265922064e-04 2.118522267674516399e+02
3.065702596011295341e-04 2.186422796524816476e+02
3.168204120528543403e-04 2.256484066663756209e+02
3.274132775434116785e-04 2.328773483655584187e+02
3.383603146562264279e-04 2.403359442920901188e+02
3.496733650915567022e-04 2.480314095266511742e+02
3.613646664759745386e-04 2.559709720299196363e+02
3.734468656001317080e-04 2.641621765677471103e+02
3.859330320991275886e-04 2.726127899777368953e+02
3.988366725902805230e-04 2.813307362311426232e+02
4.121717452835938129e-04 2.903241297328189034e+02
4.259526750807212541e-04 2.996013968219111803e+02
4.401943691787655547e-04 3.091711930981389855e+02
4.549122331957894719e-04 3.190422420547196225e+02
4.701221878354804149e-04 3.292236246252232945e+02
4.858406861089974399e-04 3.397247155706154444e+02
5.020847311326308640e-04 3.505549835463224895e+02
5.188718945205230424e-04 3.617241713506902556e+02
5.362203353923492141e-04 3.732423779930241494e+02
5.541488200165187389e-04 3.851197671797788757e+02
5.726767421101455150e-04 3.973668479887955414e+02
5.918241438177454907e-04 4.099943253175263180e+02
6.116117373913557359e-04 4.230131394960622515e+02
6.320609275955268004e-04 4.364346267110855138e+02
6.531938348614238542e-04 4.502700427027968999e+02
6.750333192150836329e-04 4.645312097510536660e+02
6.976030050057104547e-04 4.792299953619134953e+02
7.209273064607610694e-04 4.943785516608161288e+02
7.450314540954613768e-04 5.099891733547203216e+02
7.699415220053250396e-04 5.260745561476495595e+02
7.956844560711916160e-04 5.426474240431309681e+02
8.222881031073025473e-04 5.597208003319999534e+02
8.497812409839368810e-04 5.773078735738421301e+02
8.781936097571961097e-04 5.954221037887367629e+02
9.075559438396131216e-04 6.140769335948152730e+02
9.379000052463793693e-04 6.332861646613757785e+02
9.692586179531593148e-04 6.530637550868738117e+02
1.001665703402655023e-03 6.734237112286396041e+02
1.035156317198330069e-03 6.943800940638001293e+02
1.069766687024985286e-03 7.159472045948324421e+02
1.105534251837205851e-03 7.381395002881921528e+02
1.142497702358069404e-03 7.609710948841353684e+02
1.180697022931930960e-03 7.844567734303924453e+02
1.220173534776542454e-03 8.086106260578502543e+02
1.260969940681316284e-03 8.334473229163331780e+02
1.303130371200056587e-03 8.589810059513705482e+02
1.346700432388157767e-03 8.852261221773247826e+02
1.391727255135877424e-03 9.121967441723047614e+02
1.438259546151070007e-03 9.399067662084721633e+02
1.486347640646530459e-03 9.683700069298412245e+02
1.536043556788919398e-03 9.975999640512253563e+02
1.587401051968200579e-03 1.027609543517503653e+03
1.640475680948428249e-03 1.058411779526575856e+03
1.695324855962815390e-03 1.090018959604000656e+03
1.752007908818060174e-03 1.122442853121966436e+03
1.810586155075142928e-03 1.155694708550152427e+03
1.871122960375984270e-03 1.189785247926595275e+03
1.933683808987751848e-03 1.224724417858801417e+03
1.998336374638913938e-03 1.260521725637248437e+03
2.065150593723721201e-03 1.297185186249882463e+03
2.134198740954243185e-03 1.334722882595570127e+03
2.205555507541849362e-03 1.373141236508894735e+03
2.279298081992675151e-03 1.412446089483208880e+03
2.355506233604463730e-03 1.452642056867340671e+03
2.434262398755145627e-03 1.493732890353384391e+03
2.515651770076436904e-03 1.535720753808298014e+03
2.599762388608985089e-03 1.578607290489002480e+03
2.686685239038679764e-03 1.622391885469458430e+03
2.776514348117217236e-03 1.667073475771411722e+03
2.869346886373309435e-03 1.712648805702529444e+03
2.965283273224645581e-03 1.759113405854056964e+03
3.064427285604211931e-03 1.806461377856789113e+03
3.166886170218578649e-03 1.854684431951852503e+03
3.272770759559481216e-03 1.903772752174180823e+03
3.382195591794276077e-03 1.953714941707313756e+03
3.495279034664920681e-03 2.004496578269217935e+03
3.612143413529477973e-03 2.056101919509871550e+03
3.732915143684721951e-03 2.108512072363272182e+03
3.857724867112893516e-03 2.161706439247254821e+03
3.986707593800617976e-03 2.215660482678492372e+03
4.120002847782761740e-03 2.270347733551812325e+03
4.257754818069308354e-03 2.325738242303218613e+03
4.400112514618404608e-03 2.381798609098565521e+03
4.547229929524409554e-03 2.438492887896306911e+03
4.699266203595197679e-03 2.495780705027416843e+03
4.856385798499019031e-03 2.553618517555097242e+03
5.018758674667020935e-03 2.611958449568910964e+03
5.186560475143959549e-03 2.670749557032774192e+03
5.359972715585955248e-03 2.729936395601926051e+03
5.539182980610755057e-03 2.789458837784350635e+03
5.724385126713026593e-03 2.849253489178280688e+03
5.915779491964028892e-03 2.909249915223219432e+03
6.113573112722652143e-03 2.969376136881261573e+03
6.317979947592099882e-03 3.029552224825236408e+03
6.529221108864616957e-03 3.089695106169494011e+03
6.747525101704480652e-03 3.149715430648087022e+03
6.973128071328140755e-03 3.209519586543496644e+03
7.206274058448705437e-03 3.269008254946567831e+03
7.447215263261310406e-03 3.328076458164258838e+03
7.696212318254701257e-03 3.386614204990394228e+03
7.953534570144332738e-03 3.444504858107748532e+03
8.219460371231864307e-03 3.501626401233240358e+03
8.494277380506187053e-03 3.557850039515327808e+03
8.778282874811823774e-03 3.613040950203112970e+03
9.071784070421121463e-03 3.667058325844389856e+03
9.375098455358292851e-03 3.719755293795760736e+03
9.688554132834568261e-03 3.770978580982738094e+03
1.001249017616620725e-02 3.820570715007321724e+03
1.034725699555901803e-02 3.868364713377158751e+03
1.069321671715643858e-02 3.914191671261978627e+03
1.105074357476093505e-02 3.957871728805874227e+03
1.142022431465263173e-02 3.999225824507218931e+03
1.180205861394306721e-02 4.038064622462726220e+03
1.219665951291643881e-02 4.074197947469418523e+03
1.260445386182631328e-02 4.107430832737390119e+03
1.302588278263077520e-02 4.137564054963212584e+03
1.346140214616583890e-02 4.164397399487455914e+03
1.391148306527291781e-02 4.187727816481756236e+03
1.437661240441416924e-02 4.207353595318122643e+03
1.485729330632660182e-02 4.223074408245224731e+03
1.535404573628500365e-02 4.234691585818979547e+03
1.586740704456205894e-02 4.242012060574149473e+03
1.639793254769450481e-02 4.244848557777469978e+03
1.694619612918364313e-02 4.243024672318657394e+03
1.751279086028037155e-02 4.236373557494584929e+03
1.809832964152614798e-02 4.224742844145563140e+03
1.870344586574363213e-02 4.207998734564076585e+03
1.932879410319460894e-02 4.186028042515806192e+03
1.997505080964588620e-02 4.158740439684510420e+03
2.064291505810955316e-02 4.126073303712128109e+03
2.133310929504865505e-02 4.087996230553389523e+03
2.204638012186681956e-02 4.044515125639259168e+03
2.278349910252664909e-02 3.995672641021992604e+03
2.354526359817107548e-02 3.941556165954126300e+03
2.433249762964985810e-02 3.882300250583298293e+03
2.514605276888498206e-02 3.818085934294289018e+03
2.598680906003840441e-02 3.749147067041642003e+03
2.685567597147924673e-02 3.675775547828214712e+03
2.775359337957988490e-02 3.598312653364368998e+03
2.868153258540498754e-02 3.517159456416305602e+03
2.964049736539381419e-02 3.432768578354193778e+03
3.063152505717161092e-02 3.345646301333500105e+03
3.165568768166540647e-02 3.256343399618087915e+03
3.271409310273729054e-02 3.165454640690682481e+03
3.380788622559029871e-02 3.073610335290992680e+03
3.493825023524253087e-02 2.981462635148577192e+03
3.610640787640997940e-02 2.889683395981742706e+03
3.731362277618164441e-02 2.798942331868453493e+03
3.856120081091872487e-02 2.709899303921903083e+03
3.985049151885547425e-02 2.623185757891457797e+03
4.118288955993056055e-02 2.539391690102171651e+03
4.255983622442782027e-02 2.459044437544792345e+03
4.398282099205792772e-02 2.382594181530381775e+03
4.545338314316834522e-02 2.310395409115803886e+03
4.697311342382341770e-02 2.242688501180021831e+03
4.854365576655684383e-02 2.179583415820577557e+03
5.016670906865677154e-02 2.121046069009705207e+03
5.184402902990837420e-02 2.066880993939392738e+03
5.357743005178047802e-02 2.016726150245059216e+03
5.536878720011212396e-02 1.970042034628854026e+03
5.722003823342062395e-02 1.926118979828160036e+03
5.913318569902666078e-02 1.884084119440201221e+03
6.111029909926251474e-02 1.842927428005595175e+03
6.315351713010779189e-02 1.801537811948166564e+03
6.526504999467336310e-02 1.758760189632951551e+03
6.744718179403717817e-02 1.713467132704553251e+03
6.970227299801623477e-02 1.664649662045150535e+03
7.203276299854979858e-02 1.611513707497124642e+03
7.444117274845411802e-02 1.553582103009682669e+03
7.693010748840443946e-02 1.490783552653992729e+03
7.950225956509210379e-02 1.423514472260263801e+03
8.216041134360790865e-02 1.352662214642688696e+03
8.490743821719984319e-02 1.279569611593178479e+03
8.774631171766281157e-02 1.205949097007912769e+03
9.068010272972255870e-02 1.133735754996738706e+03
9.371198481289348681e-02 1.064904191090355653e+03
9.684523763440215649e-02 1.001265495320133709e+03
1.000832505168899600e-01 9.442701942393831587e+02
1.034295261047340625e-01 8.948393907915979071e+02
1.068876841529496080e-01 8.532378337014274621e+02
1.104614654427753945e-01 8.190030833596003959e+02
1.141547358281756464e-01 7.909357485971827373e+02
1.179714904176376727e-01 7.671737575257130857e+02
1.219158578957853512e-01 7.453683022326505352e+02
1.259921049894874856e-01 7.229854971596766973e+02
1.302046410832891354e-01 6.977258921561440275e+02
1.345580229891604751e-01 6.679966696885010151e+02
1.390569598757198100e-01 6.333207114724833673e+02
1.437063183622670492e-01 5.945307115534120612e+02
1.485111277831346888e-01 5.536356696333416494e+02
1.534765856280515817e-01 5.133534444697748995e+02
1.586080631644066208e-01 4.764311791809551551e+02
1.639111112474894438e-01 4.449530278796740390e+02
1.693914663249987407e-01 4.198275479484186121e+02
1.750550566423093313e-01 4.005629111025161819e+02
1.809080086552135869e-01 3.853740668129901223e+02
1.869566536570689830e-01 3.716416682134907319e+02
1.932075346275276828e-01 3.566975584574104232e+02
1.996674133102498971e-01 3.387613061313876983e+02
2.063432775272630582e-01 3.176487279538631014e+02
2.132423487378718452e-01 2.948330569455891350e+02
2.203720898503036263e-01 2.727339391715892134e+02
2.277402132945338109e-01 2.535706460712630985e+02
2.353546893650253491e-01 2.383663299998578111e+02
2.432237548424092122e-01 2.265547010010914164e+02
2.513559219034258718e-01 2.163396742202716609e+02
2.597599873287743666e-01 2.056793188614123267e+02
2.684450420188219666e-01 1.934466747776586146e+02
2.774204808274743361e-01 1.800429085822670174e+02
2.866960127248350254e-01 1.669713604786244616e+02
2.962816712996577673e-01 1.556683997001533726e+02
3.061878256129444420e-01 1.464944149948042593e+02
3.164251914144354805e-01 1.386061417554122102e+02
3.270048427341168962e-01 1.307487715549961820e+02
3.379382238612947953e-01 1.223205296107510520e+02
3.492371617241852855e-01 1.137720838557428067e+02
3.609138786834163448e-01 1.059837267223733761e+02
3.729810057532814693e-01 9.932047634309606110e+01
3.854515962650386651e-01 9.335612253604242028e+01
3.983391399870480631e-01 8.746647802794268500e+01
4.116575777170102257e-01 8.153711249235712444e+01
4.254213163620995108e-01 7.594823743992701282e+01
4.396452445232932327e-01 7.096375395922822804e+01
4.543447486007690661e-01 6.640917377139444966e+01
4.695357294377799362e-01 6.200507591295917820e+01
4.852346195210218704e-01 5.775919648559586506e+01
5.014584007560848322e-01 5.383964613669166965e+01
5.182246228372336949e-01 5.024723965314542085e+01
5.355514222313770833e-01 4.685110159039494704e+01
5.534575417967635413e-01 4.362575184499829106e+01
5.719623510576314906e-01 4.063029123349310368e+01
5.910858671567322808e-01 3.785011795979193749e+01
6.108487765084068544e-01 3.523290364554845411e+01
6.312724571756275216e-01 3.278094803511080357e+01
6.523790019952193653e-01 3.050132311850210698e+01
6.741912424762606104e-01 2.836987342274506574e+01
6.967327734975364839e-01 2.637662027140208565e+01
7.200279788307419881e-01 2.451830742810489738e+01
7.441020575170596008e-01 2.278572900994291572e+01
7.689810511256225389e-01 2.116993742157389136e+01
7.946918719233755368e-01 1.966306883536300276e+01
8.212623319867858873e-01 1.825839566691851346e+01
8.487211732869031078e-01 1.694959791688351558e+01
8.770980987803161932e-01 1.573064341769366159e+01
9.064238045396205701e-01 1.459575746275192998e+01
9.367300129581793700e-01 1.353949216612108231e+01
9.680495070650749767e-01 1.255669504112569257e+01
1.000416165987385808e+00 1.164247432635735180e+01
1.033865001598128330e+00 1.079224229215301278e+01
1.068432196389532240e+00 1.000172908867166477e+01
1.104155142612600837e+00 9.266988904255137882e+00
1.141072482725305592e+00 8.584320073186463063e+00
1.179224151193147607e+00 7.950226713078395235e+00
1.218651417687333982e+00 7.361386884918502460e+00
1.259396931727273516e+00 6.814688878330483313e+00
1.301504768815691548e+00 6.307235897424914306e+00
1.345020478116276896e+00 5.836347985606359146e+00
1.389991131725407447e+00 5.399519924469529997e+00
1.436465375591293947e+00 4.994399501845213862e+00
1.484493482135585296e+00 4.618767280987883694e+00
1.534127404634392455e+00 4.270548649781175321e+00
1.585420833417506836e+00 3.947812098842489181e+00
1.638429253946665609e+00 3.648766498635647615e+00
1.693210006835640158e+00 3.371742111209654613e+00
1.749822349877109051e+00 3.115179377872970612e+00
1.808327522143368116e+00 2.877619450266442946e+00
1.868788810230267217e+00 2.657701793599192452e+00
1.931271616715998229e+00 2.454159144806961734e+00
1.995843530908793184e+00 2.265811452509171264e+00
2.062574401960084458e+00 2.091560225938043249e+00
2.131536414422164238e+00 1.930383240403778844e+00
2.202804166332139602e+00 1.781329655608318463e+00
2.276454749906602792e+00 1.643515135419468587e+00
2.352567834934338631e+00 1.516117341842583288e+00
2.431225754957225149e+00 1.398371693996757870e+00
2.512513596332623944e+00 1.289567624386515954e+00
2.596519290273538783e+00 1.189044994311156733e+00
2.683333707966161441e+00 1.096190622676810777e+00
2.773050758867611432e+00 1.010435149209392147e+00
2.865767492290306695e+00 9.312500559719180115e-01
2.961584202382770314e+00 8.581447486857601836e-01
3.060604536620467719e+00 7.906640451732855901e-01
3.162935607924048931e+00 7.283857912521976008e-01
3.268688110526199786e+00 6.709185382592394165e-01
3.377976439712552459e+00 6.178994084388088615e-01
3.490918815566087297e+00 5.689920989775739679e-01
3.607637410848952619e+00 5.238849998834449462e-01
3.728258483159945236e+00 4.822894497757309051e-01
3.852912511510727001e+00 4.439381068246135431e-01
3.981734337468417539e+00 4.085833980513414732e-01
4.114863311017320058e+00 3.759961243917299689e-01
4.252443441297450555e+00 3.459641652243283239e-01
4.394623552383071896e+00 3.182912356369145268e-01
4.541557444269631816e+00 2.927957463681746253e-01
4.693404059243289517e+00 2.693097450174805618e-01
4.850327653813030437e+00 2.476778983225824404e-01
5.012497976391239618e+00 2.277565816041993707e-01
5.180090450915090017e+00 2.094130454201378055e-01
5.353286366607249214e+00 1.925246291082371997e-01
5.532273074081278885e+00 1.769780101334486599e-01
5.717244188003695271e+00 1.626684964115066023e-01
5.908399796532135539e+00 1.494993675500640162e-01
6.105946677756002750e+00 1.373812876439536312e-01
6.310098523373801171e+00 1.262317771534328947e-01
6.521076169849157722e+00 1.159746972799381992e-01
6.739107837295406966e+00 1.065397743014585286e-01
6.964429376347387013e+00 9.786216223188395902e-02
7.197284523287298619e+00 8.988203730333178820e-02
7.437925163700752407e+00 8.254421784593676814e-02
7.686611604948010879e+00 7.579780638989901120e-02
7.943612857745410594e+00 6.959585673087639868e-02
8.209206927161357470e+00 6.389507262411675548e-02
8.483681113341843272e+00 5.865554123953820032e-02
8.767332322290526392e+00 5.384047504280824181e-02
9.060467387039910392e+00 4.941597192388703930e-02
9.363403399560734641e+00 4.535079309323306745e-02
9.676468053768756405e+00 4.161616005516541317e-02
1.000000000000001243e+01 3.818556563636977402e-02
