2.000000000000000164e-05 9.835749119727198453e-01
2.066869842267550072e-05 9.835750561457866636e-01
2.135975472437544027e-05 9.835725696858020894e-01
2.207391643902171255e-05 9.835738401428895106e-01
2.281195609427394449e-05 9.835683059742458267e-01
2.357467204719313169e-05 9.835758359212583013e-01
2.436288934784564352e-05 9.835716636215614539e-01
2.517746063178175121e-05 9.835733235619803505e-01
2.601926704235410016e-05 9.835742073037835320e-01
2.688921918387384303e-05 9.835776852274230597e-01
2.778825810663545582e-05 9.835745642782244280e-01
2.871735632487579741e-05 9.835701791358367752e-01
2.967751886876853870e-05 9.835765241450455942e-01
3.066978437159193627e-05 9.835666652342780480e-01
3.169522619324599853e-05 9.835739399896468171e-01
3.275495358133433647e-05 9.835724004050420133e-01
3.385011287106671010e-05 9.835740315808738643e-01
3.498188872528021299e-05 9.835713525695329862e-01
3.615150541592045298e-05 9.835745467521748164e-01
3.736022814836899319e-05 9.835707520479087806e-01
3.860936443004954884e-05 9.835730597271928888e-01
3.990026548479344494e-05 9.835677972438304772e-01
4.123432771449419843e-05 9.835663320362215689e-01
4.261299420963254024e-05 9.835706677714902701e-01
4.403775631030562105e-05 9.835708719806186551e-01
4.551015521944909301e-05 9.835712975237396183e-01
4.703178366999723984e-05 9.835686851837595057e-01
4.860428764778435972e-05 9.835676519618771207e-01
5.022936817205134787e-05 9.835711582009398768e-01
5.190878313548323190e-05 9.835709215663472893e-01
5.364434920576834987e-05 9.835691979046953248e-01
5.543794379073590958e-05 9.835685310175387164e-01
5.729150706919781900e-05 9.835654254573485966e-01
5.920704408969155763e-05 9.835711551153691889e-01
6.118662693939432690e-05 9.835693940619181230e-01
6.323239698555469304e-05 9.835641677887364542e-01
6.534656719186627638e-05 9.835687786320037596e-01
6.753142451228926792e-05 9.835679723108516903e-01
6.978933236490913268e-05 9.835688935914352893e-01
7.212273318850868345e-05 9.835643846700646842e-01
7.453415108461877573e-05 9.835678149480884258e-01
7.702619454790587906e-05 9.835677247355327779e-01
7.960155928784993205e-05 9.835660073531057312e-01
8.226303114476471348e-05 9.835634432534354765e-01
8.501348910331518868e-05 9.835622415555594911e-01
8.785590840679157983e-05 9.835593903252616288e-01
9.079336377550881697e-05 9.835622587893505520e-01
9.382903273281309529e-05 9.835569901367398060e-01
9.696619904229312483e-05 9.835556825258239266e-01
1.002082562599141270e-04 9.835585665392422294e-01
1.035587114049174785e-04 9.835565569099730121e-01
1.070211887534562421e-04 9.835552934453006824e-01
1.105994337590709140e-04 9.835560689896793996e-01
1.142973171042456330e-04 9.835519830472823077e-01
1.181188388874281471e-04 9.835509550887733266e-01
1.220681329500424115e-04 9.835486849357597539e-01
1.261494713481742377e-04 9.835495187176910292e-01
1.303672689737678670e-04 9.835469913111066775e-01
1.347260883303314362e-04 9.835441453026360081e-01
1.392306444683180742e-04 9.835438120652767457e-01
1.438858100855209437e-04 9.835421310889423951e-01
1.486966207979997041e-04 9.835364784671607463e-01
1.536682805872396744e-04 9.835361333172505383e-01
1.588061674294368483e-04 9.835323758079872469e-01
1.641158391129971276e-04 9.835250168793232550e-01
1.696030392505434848e-04 9.835282527821848086e-01
1.752737034919339915e-04 9.835216408328619764e-01
1.811339659450114388e-04 9.835231283242488187e-01
1.871901658110307874e-04 9.835197709601752880e-01
1.934488542419408646e-04 9.835157149316147152e-01
1.999168014269393128e-04 9.835090585183728917e-01
2.066010039159656652e-04 9.835033789307877639e-01
2.135086921880547338e-04 9.835029918118085579e-01
2.206473384727377968e-04 9.834952478851495261e-01
2.280246648329511538e-04 9.834913865957584100e-01
2.356486515181963309e-04 9.834847509947239885e-01
2.435275455969876748e-04 9.834795132606221069e-01
2.516698698779247295e-04 9.834747446453839803e-01
2.600844321290405573e-04 9.834684849936887741e-01
2.687803346053976817e-04 9.834573798021005731e-01
2.777669838952388651e-04 9.834519215499921696e-01
2.870541010953427292e-04 9.834406555685808460e-01
2.966517323265922064e-04 9.834352867946603016e-01
3.065702596011295341e-04 9.834269814421194855e-01
3.168204120528543403e-04 9.834161113260480036e-01
3.274132775434116785e-04 9.834023489123131512e-01
3.383603146562264279e-04 9.833920644796543264e-01
3.496733650915567022e-04 9.833868033323667213e-01
3.613646664759745386e-04 9.833692879917785845e-01
3.734468656001317080e-04 9.833542894445574944e-01
3.859330320991275886e-04 9.833417014149020696e-01
3.988366725902805230e-04 9.833291591256864139e-01
4.121717452835938129e-04 9.833129840456185100e-01
4.259526750807212541e-04 9.832943430842271404e-01
4.401943691787655547e-04 9.832826048823468668e-01
4.549122331957894719e-04 9.832611335513355977e-01
4.701221878354804149e-04 9.832396431938174031e-01
4.858406861089974399e-04 9.832223539138815749e-01
5.020847311326308640e-04 9.832020809775666725e-01
5.188718945205230424e-04 9.831758320787991057e-01
5.362203353923492141e-04 9.831497568024539779e-01
5.541488200165187389e-04 9.831271737640957520e-01
5.726767421101455150e-04 9.830997422557689047e-01
5.918241438177454907e-04 9.830724719342431861e-01
6.116117373913557359e-04 9.830423995221095890e-01
6.320609275955268004e-04 9.830104166209781003e-01
6.531938348614238542e-04 9.829837626633746162e-01
6.750333192150836329e-04 9.829490404936763737e-01
6.976030050057104547e-04 9.829078434380541518e-01
7.209273064607610694e-04 9.828776262888846427e-01
7.450314540954613768e-04 9.828412182784752593e-01
7.699415220053250396e-04 9.827960436098662766e-01
7.956844560711916160e-04 9.827594123789717973e-01
8.222881031073025473e-04 9.827157522746737817e-01
8.497812409839368810e-04 9.826742602880659261e-01
8.781936097571961097e-04 9.826299745670797892e-01
9.075559438396131216e-04 9.825836322336519713e-01
9.379000052463793693e-04 9.825373198603709612e-01
9.692586179531593148e-04 9.824869944535316035e-01
1.001665703402655023e-03 9.824419696983095474e-01
1.035156317198330069e-03 9.823905225637389327e-01
1.069766687024985286e-03 9.823418118729529969e-01
1.105534251837205851e-03 9.822895778712377179e-01
1.142497702358069404e-03 9.822397137584645277e-01
1.180697022931930960e-03 9.821905332294383895e-01
1.220173534776542454e-03 9.821378813069346903e-01
1.260969940681316284e-03 9.820865247011278942e-01
1.303130371200056587e-03 9.820352638397210621e-01
1.346700432388157767e-03 9.819801977726648756e-01
1.391727255135877424e-03 9.819319249584129716e-01
1.438259546151070007e-03 9.818782409161825875e-01
1.486347640646530459e-03 9.818296500287901907e-01
1.536043556788919398e-03 9.817816446878995240e-01
1.587401051968200579e-03 9.817318116052187182e-01
1.640475680948428249e-03 9.816813683259457690e-01
1.695324855962815390e-03 9.816340048468126245e-01
1.752007908818060174e-03 9.815801520741068709e-01
1.810586155075142928e-03 9.815305827790575810e-01
1.871122960375984270e-03 9.814844811322539497e-01
1.933683808987751848e-03 9.814309544063509749e-01
1.998336374638913938e-03 9.813798496868175736e-01
2.065150593723721201e-03 9.813286341019865633e-01
2.134198740954243185e-03 9.812750962742375904e-01
2.205555507541849362e-03 9.812169725624625416e-01
2.279298081992675151e-03 9.811554780389731834e-01
2.355506233604463730e-03 9.810960278658533706e-01
2.434262398755145627e-03 9.810312498290889582e-01
2.515651770076436904e-03 9.809655816013072016e-01
2.599762388608985089e-03 9.808951861686349138e-01
2.686685239038679764e-03 9.808290959736689629e-01
2.776514348117217236e-03 9.807452187453522541e-01
2.869346886373309435e-03 9.806753932065290780e-01
2.965283273224645581e-03 9.805944136824451540e-01
3.064427285604211931e-03 9.805184141869024428e-01
3.166886170218578649e-03 9.804354508321095896e-01
3.272770759559481216e-03 9.803407045625989191e-01
3.382195591794276077e-03 9.802540887482579235e-01
3.495279034664920681e-03 9.801603524247340937e-01
3.612143413529477973e-03 9.800579585111938163e-01
3.732915143684721951e-03 9.799580699024109665e-01
3.857724867112893516e-03 9.798543695692055744e-01
3.986707593800617976e-03 9.797485478928231739e-01
4.120002847782761740e-03 9.796313056763176208e-01
4.257754818069308354e-03 9.795214704365683422e-01
4.400112514618404608e-03 9.793969368735866432e-01
4.547229929524409554e-03 9.792805989032778990e-01
4.699266203595197679e-03 9.791527200898434424e-01
4.856385798499019031e-03 9.790223808265910987e-01
5.018758674667020935e-03 9.788933623885137658e-01
5.186560475143959549e-03 9.787558060490393341e-01
5.359972715585955248e-03 9.786181068917602088e-01
5.539182980610755057e-03 9.784739294748278082e-01
5.724385126713026593e-03 9.783331625320577096e-01
5.915779491964028892e-03 9.781858041925508562e-01
6.113573112722652143e-03 9.780341837721098219e-01
6.317979947592099882e-03 9.778819025400792286e-01
6.529221108864616957e-03 9.777269041505727287e-01
6.747525101704480652e-03 9.775682258588763718e-01
6.973128071328140755e-03 9.774081545011226169e-01
7.206274058448705437e-03 9.772405259940429856e-01
7.447215263261310406e-03 9.770745696307925332e-01
7.696212318254701257e-03 9.769039365943480435e-01
7.953534570144332738e-03 9.767310125939816512e-01
8.219460371231864307e-03 9.765509947135906366e-01
8.494277380506187053e-03 9.763773520517916582e-01
8.778282874811823774e-03 9.761888186181356675e-01
9.071784070421121463e-03 9.760060146636196921e-01
9.375098455358292851e-03 9.758148387686741421e-01
9.688554132834568261e-03 9.756193355439544135e-01
1.001249017616620725e-02 9.754237338105151700e-01
1.034725699555901803e-02 9.752194309060219224e-01
1.069321671715643858e-02 9.750115143905928594e-01
1.105074357476093505e-02 9.748052459051779195e-01
1.142022431465263173e-02 9.745946426935002682e-01
1.180205861394306721e-02 9.743721347581715264e-01
1.219665951291643881e-02 9.741530469678790771e-01
1.260445386182631328e-02 9.739235876437771777e-01
1.302588278263077520e-02 9.737013274291748122e-01
1.346140214616583890e-02 9.734714418444384565e-01
1.391148306527291781e-02 9.732362651817578758e-01
1.437661240441416924e-02 9.729968419867158769e-01
1.485729330632660182e-02 9.727565164167518708e-01
1.535404573628500365e-02 9.725152310496224528e-01
1.586740704456205894e-02 9.722666107910171718e-01
1.639793254769450481e-02 9.720208621346054789e-01
1.694619612918364313e-02 9.717668991622040453e-01
1.751279086028037155e-02 9.715121824456716126e-01
1.809832964152614798e-02 9.712584885680478619e-01
1.870344586574363213e-02 9.709968064554841405e-01
1.932879410319460894e-02 9.707393162325170799e-01
1.997505080964588620e-02 9.704751333780731182e-01
2.064291505810955316e-02 9.702099034160150959e-01
2.133310929504865505e-02 9.699450238572590033e-01
2.204638012186681956e-02 9.696719353354912307e-01
2.278349910252664909e-02 9.694058386098415303e-01
2.354526359817107548e-02 9.691354764944889455e-01
2.433249762964985810e-02 9.688615561455137248e-01
2.514605276888498206e-02 9.685945644471755100e-01
2.598680906003840441e-02 9.683218692260341376e-01
2.685567597147924673e-02 9.680519732988955850e-01
2.775359337957988490e-02 9.677786589015768826e-01
2.868153258540498754e-02 9.675057110674536442e-01
2.964049736539381419e-02 9.672334214828490762e-01
3.063152505717161092e-02 9.669613421329846803e-01
3.165568768166540647e-02 9.666866634765884925e-01
3.271409310273729054e-02 9.664210841331578594e-01
3.380788622559029871e-02 9.661514687047642047e-01
3.493825023524253087e-02 9.658822934376951608e-01
3.610640787640997940e-02 9.656191264006784847e-01
3.731362277618164441e-02 9.653503574826884925e-01
3.856120081091872487e-02 9.650897568348961730e-01
3.985049151885547425e-02 9.648307334544218294e-01
4.118288955993056055e-02 9.645653907349344136e-01
4.255983622442782027e-02 9.643126432026466466e-01
4.398282099205792772e-02 9.640553091406102171e-01
4.545338314316834522e-02 9.638105446214375593e-01
4.697311342382341770e-02 9.635587890421576374e-01
4.854365576655684383e-02 9.633124621241677676e-01
5.016670906865677154e-02 9.630676441718099001e-01
5.184402902990837420e-02 9.628305078662515726e-01
5.357743005178047802e-02 9.625925099777400407e-01
5.536878720011212396e-02 9.623562844789799176e-01
5.722003823342062395e-02 9.621287081514134920e-01
5.913318569902666078e-02 9.619075397440576269e-01
6.111029909926251474e-02 9.616784575418970693e-01
6.315351713010779189e-02 9.614625851951593694e-01
6.526504999467336310e-02 9.612479895854489920e-01
6.744718179403717817e-02 9.610340930492373701e-01
6.970227299801623477e-02 9.608330049442370679e-01
7.203276299854979858e-02 9.606295708016465706e-01
7.444117274845411802e-02 9.604269740802502398e-01
7.693010748840443946e-02 9.602341307229071976e-01
7.950225956509210379e-02 9.600437091684486113e-01
8.216041134360790865e-02 9.598612301846131123e-01
8.490743821719984319e-02 9.596793619882264537e-01
8.774631171766281157e-02 9.594988619797678586e-01
9.068010272972255870e-02 9.593289697417699546e-01
9.371198481289348681e-02 9.591570996522044146e-01
9.684523763440215649e-02 9.590009544714686029e-01
1.000832505168899600e-01 9.588365998086811892e-01
1.034295261047340625e-01 9.586813819206635445e-01
1.068876841529496080e-01 9.585310458556338675e-01
1.104614654427753945e-01 9.583844505082933507e-01
1.141547358281756464e-01 9.582412392504298104e-01
1.179714904176376727e-01 9.581022632500445502e-01
1.219158578957853512e-01 9.579685762235248259e-01
1.259921049894874856e-01 9.578441264646790909e-01
1.302046410832891354e-01 9.577167867414274616e-01
1.345580229891604751e-01 9.575948883804989986e-01
1.390569598757198100e-01 9.574773070952632414e-01
1.437063183622670492e-01 9.573642781497441190e-01
1.485111277831346888e-01 9.572525485982960047e-01
1.534765856280515817e-01 9.571438446768302244e-01
1.586080631644066208e-01 9.570453754120267220e-01
1.639111112474894438e-01 9.569420731258851953e-01
1.693914663249987407e-01 9.568504254998528857e-01
1.750550566423093313e-01 9.567541176524496649e-01
1.809080086552135869e-01 9.566688018714705199e-01
1.869566536570689830e-01 9.565839208965096763e-01
1.932075346275276828e-01 9.564991978485192226e-01
1.996674133102498971e-01 9.564258095653264125e-01
2.063432775272630582e-01 9.563449296349896267e-01
2.132423487378718452e-01 9.562746509470354539e-01
2.203720898503036263e-01 9.562040579058834755e-01
2.277402132945338109e-01 9.561379153801367048e-01
2.353546893650253491e-01 9.560757914324362616e-01
2.432237548424092122e-01 9.560124467758245315e-01
2.513559219034258718e-01 9.559566063270685810e-01
2.597599873287743666e-01 9.558955522627937684e-01
2.684450420188219666e-01 9.558418345982996334e-01
2.774204808274743361e-01 9.557916889281373729e-01
2.866960127248350254e-01 9.557424358226417338e-01
2.962816712996577673e-01 9.556939648879715365e-01
3.061878256129444420e-01 9.556497476217579168e-01
3.164251914144354805e-01 9.556020234244061440e-01
3.270048427341168962e-01 9.555687448720713295e-01
3.379382238612947953e-01 9.555238664129896975e-01
3.492371617241852855e-01 9.554868800842050147e-01
3.609138786834163448e-01 9.554557395188112423e-01
3.729810057532814693e-01 9.554200680850449823e-01
3.854515962650386651e-01 9.553880289163985129e-01
3.983391399870480631e-01 9.553564432925077954e-01
4.116575777170102257e-01 9.553275832902305975e-01
4.254213163620995108e-01 9.552962701285024893e-01
4.396452445232932327e-01 9.552727378567071881e-01
4.543447486007690661e-01 9.552473087462773904e-01
4.695357294377799362e-01 9.552248069332041069e-01
4.852346195210218704e-01 9.552040258548997187e-01
5.014584007560848322e-01 9.551803015917391670e-01
5.182246228372336949e-01 9.551539115793512558e-01
5.355514222313770833e-01 9.551432773684890298e-01
5.534575417967635413e-01 9.551214596853546679e-01
5.719623510576314906e-01 9.551062345293226397e-01
5.910858671567322808e-01 9.550898136954845130e-01
6.108487765084068544e-01 9.550727661440284733e-01
6.312724571756275216e-01 9.550572919522588577e-01
6.523790019952193653e-01 9.550407037547293809e-01
6.741912424762606104e-01 9.550603631281465722e-01
6.967327734975364839e-01 9.550011152807134085e-01
7.200279788307419881e-01 9.549785451909537093e-01
7.441020575170596008e-01 9.549817279567132111e-01
7.689810511256225389e-01 9.549874885038676098e-01
7.946918719233755368e-01 9.549827002787297792e-01
8.212623319867858873e-01 9.549710148790180320e-01
8.487211732869031078e-01 9.549576614628213500e-01
8.770980987803161932e-01 9.549461826892459149e-01
9.064238045396205701e-01 9.549369773591314114e-01
9.367300129581793700e-01 9.549300978769909021e-01
9.680495070650749767e-01 9.549251377720974210e-01
1.000416165987385808e+00 9.549207340461485227e-01
1.033865001598128330e+00 9.549154067962017933e-01
1.068432196389532240e+00 9.549083858159462812e-01
1.104155142612600837e+00 9.549005583635589156e-01
1.141072482725305592e+00 9.548930472513197376e-01
1.179224151193147607e+00 9.548866452288312656e-01
1.218651417687333982e+00 9.548812797092822713e-01
1.259396931727273516e+00 9.548767380058189591e-01
1.301504768815691548e+00 9.548727917740609250e-01
1.345020478116276896e+00 9.548691664899950915e-01
1.389991131725407447e+00 9.548655791800327863e-01
1.436465375591293947e+00 9.548618596291006400e-01
1.484493482135585296e+00 9.548582124720916831e-01
1.534127404634392455e+00 9.548549201378873086e-01
1.585420833417506836e+00 9.548521547505224305e-01
1.638429253946665609e+00 9.548496745419328136e-01
1.693210006835640158e+00 9.548471406842081732e-01
1.749822349877109051e+00 9.548443328675715325e-01
1.808327522143368116e+00 9.548415331204113121e-01
1.868788810230267217e+00 9.548391565390147440e-01
1.931271616715998229e+00 9.548374856278100120e-01
1.995843530908793184e+00 9.548361678868726443e-01
2.062574401960084458e+00 9.548346609432026844e-01
2.131536414422164238e+00 9.548325503135742798e-01
2.202804166332139602e+00 9.548301145208699658e-01
2.276454749906602792e+00 9.548278656684975330e-01
2.352567834934338631e+00 9.548262075825011408e-01
2.431225754957225149e+00 9.548248783349203572e-01
2.512513596332623944e+00 9.548233635314857803e-01
2.596519290273538783e+00 9.548212391399367727e-01
2.683333707966161441e+00 9.548187144843711671e-01
2.773050758867611432e+00 9.548162685347728607e-01
2.865767492290306695e+00 9.548143322632068886e-01
2.961584202382770314e+00 9.548129473905297981e-01
3.060604536620467719e+00 9.548119699471079302e-01
3.162935607924048931e+00 9.548112601936593613e-01
3.268688110526199786e+00 9.548107272566361825e-01
3.377976439712552459e+00 9.548103063305998228e-01
3.490918815566087297e+00 9.548099414070124746e-01
3.607637410848952619e+00 9.548096658760083510e-01
3.728258483159945236e+00 9.548095663782236731e-01
3.852912511510727001e+00 9.548097119263052601e-01
3.981734337468417539e+00 9.548099497697585258e-01
4.114863311017320058e+00 9.548099798827647255e-01
4.252443441297450555e+00 9.548095123662714290e-01
4.394623552383071896e+00 9.548084374154879317e-01
4.541557444269631816e+00 9.548067784135432223e-01
4.693404059243289517e+00 9.548045767763049252e-01
4.850327653813030437e+00 9.548021210767719813e-01
5.012497976391239618e+00 9.547999032800961183e-01
5.180090450915090017e+00 9.547983945092428648e-01
5.353286366607249214e+00 9.547975359410824092e-01
5.532273074081278885e+00 9.547967837953030834e-01
5.717244188003695271e+00 9.547955969524367648e-01
5.908399796532135539e+00 9.547939216099798898e-01
6.105946677756002750e+00 9.547921997809735162e-01
6.310098523373801171e+00 9.547908803149355306e-01
6.521076169849157722e+00 9.547899648915513238e-01
6.739107837295406966e+00 9.547889493186320076e-01
6.964429376347387013e+00 9.547873135122953991e-01
7.197284523287298619e+00 9.547849470204792244e-01
7.437925163700752407e+00 9.547822547837515605e-01
7.686611604948010879e+00 9.547796718790161341e-01
7.943612857745410594e+00 9.547775092793482354e-01
8.209206927161357470e+00 9.547759041648399281e-01
8.483681113341843272e+00 9.547749745332456683e-01
8.767332322290526392e+00 9.547744593145038872e-01
9.060467387039910392e+00 9.547735061217129671e-01
9.363403399560734641e+00 9.547712178993571497e-01
9.676468053768756405e+00 9.547672545098051522e-01
1.000000000000001243e+01 9.547622448580952437e-01
