2.000000000000000164e-05 8.785796686068402250e-01
2.066869842267550072e-05 8.785734615056944863e-01
2.135975472437544027e-05 8.785773709208830606e-01
2.207391643902171255e-05 8.785755537870232335e-01
2.281195609427394449e-05 8.785807286511605474e-01
2.357467204719313169e-05 8.785798047266152322e-01
2.436288934784564352e-05 8.785738232440803985e-01
2.517746063178175121e-05 8.785776923509255321e-01
2.601926704235410016e-05 8.785769345056495538e-01
2.688921918387384303e-05 8.785770305617253140e-01
2.778825810663545582e-05 8.785749368881292654e-01
2.871735632487579741e-05 8.785794497743977249e-01
2.967751886876853870e-05 8.785759305250342432e-01
3.066978437159193627e-05 8.785796899829307893e-01
3.169522619324599853e-05 8.785780386924597618e-01
3.275495358133433647e-05 8.785720840508477458e-01
3.385011287106671010e-05 8.785772918224336037e-01
3.498188872528021299e-05 8.785754934700892305e-01
3.615150541592045298e-05 8.785761466748932547e-01
3.736022814836899319e-05 8.785756840069451901e-01
3.860936443004954884e-05 8.785808054542584289e-01
3.990026548479344494e-05 8.785759455775263849e-01
4.123432771449419843e-05 8.785767177497776359e-01
4.261299420963254024e-05 8.785746773533316123e-01
4.403775631030562105e-05 8.785750747910282543e-01
4.551015521944909301e-05 8.785732292239319952e-01
4.703178366999723984e-05 8.785731988936477110e-01
4.860428764778435972e-05 8.785760100518036353e-01
5.022936817205134787e-05 8.785735830216979680e-01
5.190878313548323190e-05 8.785718258861272556e-01
5.364434920576834987e-05 8.785771822098584760e-01
5.543794379073590958e-05 8.785720991495302723e-01
5.729150706919781900e-05 8.785736221056995587e-01
5.920704408969155763e-05 8.785703991940887470e-01
6.118662693939432690e-05 8.785706000511582792e-01
6.323239698555469304e-05 8.785725145684206705e-01
6.534656719186627638e-05 8.785717799981119791e-01
6.753142451228926792e-05 8.785720450985646801e-01
6.978933236490913268e-05 8.785704390418996867e-01
7.212273318850868345e-05 8.785706465705191981e-01
7.453415108461877573e-05 8.785700968085490281e-01
7.702619454790587906e-05 8.785704884259679659e-01
7.960155928784993205e-05 8.785682221371607925e-01
8.226303114476471348e-05 8.785658794208531797e-01
8.501348910331518868e-05 8.785719047542047688e-01
8.785590840679157983e-05 8.785648322824990419e-01
9.079336377550881697e-05 8.785680021445330112e-01
9.382903273281309529e-05 8.785656243539404775e-01
9.696619904229312483e-05 8.785672094873958615e-01
1.002082562599141270e-04 8.785652983898766255e-01
1.035587114049174785e-04 8.785599119966721604e-01
1.070211887534562421e-04 8.785663769927479771e-01
1.105994337590709140e-04 8.785565953008035445e-01
1.142973171042456330e-04 8.785626881565035129e-01
1.181188388874281471e-04 8.785557300387257795e-01
1.220681329500424115e-04 8.785550217883750790e-01
1.261494713481742377e-04 8.785528334266635708e-01
1.303672689737678670e-04 8.785557661275368302e-01
1.347260883303314362e-04 8.785503445990454630e-01
1.392306444683180742e-04 8.785508787936189279e-01
1.438858100855209437e-04 8.785531319169812559e-01
1.486966207979997041e-04 8.785465426105816267e-01
1.536682805872396744e-04 8.785456439824357311e-01
1.588061674294368483e-04 8.785469729213939427e-01
1.641158391129971276e-04 8.785422721780200561e-01
1.696030392505434848e-04 8.785372199601120258e-01
1.752737034919339915e-04 8.785365020515165657e-01
1.811339659450114388e-04 8.785342426634668023e-01
1.871901658110307874e-04 8.785293497189012868e-01
1.934488542419408646e-04 8.785245070773528564e-01
1.999168014269393128e-04 8.785235593653388797e-01
2.066010039159656652e-04 8.785185154622128234e-01
2.135086921880547338e-04 8.785176485178165517e-01
2.206473384727377968e-04 8.785130205585008900e-01
2.280246648329511538e-04 8.785094537745733456e-01
2.356486515181963309e-04 8.784998884258711227e-01
2.435275455969876748e-04 8.785016427146933315e-01
2.516698698779247295e-04 8.784919175278254055e-01
2.600844321290405573e-04 8.784839229617206202e-01
2.687803346053976817e-04 8.784863948372230169e-01
2.777669838952388651e-04 8.784764090035189765e-01
2.870541010953427292e-04 8.784667084203915399e-01
2.966517323265922064e-04 8.784603630878401459e-01
3.065702596011295341e-04 8.784575166946821945e-01
3.168204120528543403e-04 8.784461180170884953e-01
3.274132775434116785e-04 8.784387571395081418e-01
3.383603146562264279e-04 8.784316953730377797e-01
3.496733650915567022e-04 8.784184294897112721e-01
3.613646664759745386e-04 8.784117625288933029e-01
3.734468656001317080e-04 8.783988980990232731e-01
3.859330320991275886e-04 8.783916725531137892e-01
3.988366725902805230e-04 8.783832588716443679e-01
4.121717452835938129e-04 8.783666334318602775e-01
4.259526750807212541e-04 8.783543522480632415e-01
4.401943691787655547e-04 8.783419406801983298e-01
4.549122331957894719e-04 8.783297872152945329e-01
4.701221878354804149e-04 8.783169602484385274e-01
4.858406861089974399e-04 8.783011786365239049e-01
5.020847311326308640e-04 8.782840979808258508e-01
5.188718945205230424e-04 8.782708399169809610e-01
5.362203353923492141e-04 8.782577705809110347e-01
5.541488200165187389e-04 8.782375623667690867e-01
5.726767421101455150e-04 8.782203774499888205e-01
5.918241438177454907e-04 8.782025882209240075e-01
6.116117373913557359e-04 8.781834170776446902e-01
6.320609275955268004e-04 8.781671780565825092e-01
6.531938348614238542e-04 8.781438165956452213e-01
6.750333192150836329e-04 8.781274084156813764e-01
6.976030050057104547e-04 8.781035505631989979e-01
7.209273064607610694e-04 8.780848551645992206e-01
7.450314540954613768e-04 8.780590123483777987e-01
7.699415220053250396e-04 8.780421382362859628e-01
7.956844560711916160e-04 8.780182280909374359e-01
8.222881031073025473e-04 8.779991304708408828e-01
8.497812409839368810e-04 8.779761889252665208e-01
8.781936097571961097e-04 8.779590827748525728e-01
9.075559438396131216e-04 8.779344296424367311e-01
9.379000052463793693e-04 8.779131006527061132e-01
9.692586179531593148e-04 8.778918298611607662e-01
1.001665703402655023e-03 8.778688751969944137e-01
1.035156317198330069e-03 8.778517324104951891e-01
1.069766687024985286e-03 8.778289248039766735e-01
1.105534251837205851e-03 8.778132131592971676e-01
1.142497702358069404e-03 8.777932716520581158e-01
1.180697022931930960e-03 8.777740498635839828e-01
1.220173534776542454e-03 8.777507679923366446e-01
1.260969940681316284e-03 8.777334133218400725e-01
1.303130371200056587e-03 8.777163329114829882e-01
1.346700432388157767e-03 8.777008691084020597e-01
1.391727255135877424e-03 8.776799286908305575e-01
1.438259546151070007e-03 8.776601992116195294e-01
1.486347640646530459e-03 8.776381061925382365e-01
1.536043556788919398e-03 8.776195958449034551e-01
1.587401051968200579e-03 8.776026277431349110e-01
1.640475680948428249e-03 8.775772826204761845e-01
1.695324855962815390e-03 8.775531746031711711e-01
1.752007908818060174e-03 8.775310452648650283e-01
1.810586155075142928e-03 8.775106631421519809e-01
1.871122960375984270e-03 8.774825695049774943e-01
1.933683808987751848e-03 8.774550089908175199e-01
1.998336374638913938e-03 8.774316562888814230e-01
2.065150593723721201e-03 8.774021856467932867e-01
2.134198740954243185e-03 8.773749285469963910e-01
2.205555507541849362e-03 8.773420040789672303e-01
2.279298081992675151e-03 8.773133985283824154e-01
2.355506233604463730e-03 8.772793839301198382e-01
2.434262398755145627e-03 8.772463277741131549e-01
2.515651770076436904e-03 8.772127893687223787e-01
2.599762388608985089e-03 8.771766668290370550e-01
2.686685239038679764e-03 8.771351796860656913e-01
2.776514348117217236e-03 8.770917601360308513e-01
2.869346886373309435e-03 8.770533280086491024e-01
2.965283273224645581e-03 8.770083834394204469e-01
3.064427285604211931e-03 8.769597062310493518e-01
3.166886170218578649e-03 8.769092603690450405e-01
3.272770759559481216e-03 8.768631882999193827e-01
3.382195591794276077e-03 8.768093857679204461e-01
3.495279034664920681e-03 8.767521794524996137e-01
3.612143413529477973e-03 8.766954311591591553e-01
3.732915143684721951e-03 8.766364240555075682e-01
3.857724867112893516e-03 8.765709529552757617e-01
3.986707593800617976e-03 8.765110040063214258e-01
4.120002847782761740e-03 8.764446967772526742e-01
4.257754818069308354e-03 8.763713850960290763e-01
4.400112514618404608e-03 8.763019527615922843e-01
4.547229929524409554e-03 8.762330575903287677e-01
4.699266203595197679e-03 8.761537887397583546e-01
4.856385798499019031e-03 8.760718680449988138e-01
5.018758674667020935e-03 8.759948796333150156e-01
5.186560475143959549e-03 8.759073587445543874e-01
5.359972715585955248e-03 8.758236742332282665e-01
5.539182980610755057e-03 8.757399361693380957e-01
5.724385126713026593e-03 8.756472934611770897e-01
5.915779491964028892e-03 8.755484775060060620e-01
6.113573112722652143e-03 8.754555426212737856e-01
6.317979947592099882e-03 8.753595316002585891e-01
6.529221108864616957e-03 8.752533898461969386e-01
6.747525101704480652e-03 8.751539278264438559e-01
6.973128071328140755e-03 8.750501396603660442e-01
7.206274058448705437e-03 8.749386457012260365e-01
7.447215263261310406e-03 8.748257487884298911e-01
7.696212318254701257e-03 8.747185689975912615e-01
7.953534570144332738e-03 8.745952568172483677e-01
8.219460371231864307e-03 8.744768784344884027e-01
8.494277380506187053e-03 8.743527087993219205e-01
8.778282874811823774e-03 8.742247133544508442e-01
9.071784070421121463e-03 8.740940248819845104e-01
9.375098455358292851e-03 8.739619717036510860e-01
9.688554132834568261e-03 8.738223603964702102e-01
1.001249017616620725e-02 8.736811815379355028e-01
1.034725699555901803e-02 8.735413721664740949e-01
1.069321671715643858e-02 8.733945652978417629e-01
1.105074357476093505e-02 8.732402115994889469e-01
1.142022431465263173e-02 8.730876660096128505e-01
1.180205861394306721e-02 8.729250083188380138e-01
1.219665951291643881e-02 8.727676313712927625e-01
1.260445386182631328e-02 8.726043590829875018e-01
1.302588278263077520e-02 8.724281543437772957e-01
1.346140214616583890e-02 8.722586757596653140e-01
1.391148306527291781e-02 8.720806595123302696e-01
1.437661240441416924e-02 8.719056373109151936e-01
1.485729330632660182e-02 8.717186429859944408e-01
1.535404573628500365e-02 8.715325663472465179e-01
1.586740704456205894e-02 8.713403301831768033e-01
1.639793254769450481e-02 8.711501635707911140e-01
1.694619612918364313e-02 8.709474260064026252e-01
1.751279086028037155e-02 8.707536314787933662e-01
1.809832964152614798e-02 8.705500709400534332e-01
1.870344586574363213e-02 8.703442179470068929e-01
1.932879410319460894e-02 8.701308298631686977e-01
1.997505080964588620e-02 8.699190373704625001e-01
2.064291505810955316e-02 8.697057746768449560e-01
2.133310929504865505e-02 8.694840065134894491e-01
2.204638012186681956e-02 8.692630643270271573e-01
2.278349910252664909e-02 8.690437788790639217e-01
2.354526359817107548e-02 8.688154830768332060e-01
2.433249762964985810e-02 8.685907590421371172e-01
2.514605276888498206e-02 8.683613413744178944e-01
2.598680906003840441e-02 8.681292526543022969e-01
2.685567597147924673e-02 8.678954984301717746e-01
2.775359337957988490e-02 8.676595473978402362e-01
2.868153258540498754e-02 8.674243197513609172e-01
2.964049736539381419e-02 8.671836957438923132e-01
3.063152505717161092e-02 8.669407873865334624e-01
3.165568768166540647e-02 8.667073111692360499e-01
3.271409310273729054e-02 8.664642638593712531e-01
3.380788622559029871e-02 8.662183148817366174e-01
3.493825023524253087e-02 8.659724959042517378e-01
3.610640787640997940e-02 8.657333083915619287e-01
3.731362277618164441e-02 8.654887610585245694e-01
3.856120081091872487e-02 8.652446475629549383e-01
3.985049151885547425e-02 8.650003288200255325e-01
4.118288955993056055e-02 8.647615414724609817e-01
4.255983622442782027e-02 8.645131360389395336e-01
4.398282099205792772e-02 8.642747648921127457e-01
4.545338314316834522e-02 8.640304434133532219e-01
4.697311342382341770e-02 8.637915880747357722e-01
4.854365576655684383e-02 8.635504591972381627e-01
5.016670906865677154e-02 8.633119281747144713e-01
5.184402902990837420e-02 8.630762398420371850e-01
5.357743005178047802e-02 8.628385840222035919e-01
5.536878720011212396e-02 8.626024007329884391e-01
5.722003823342062395e-02 8.623742563641244585e-01
5.913318569902666078e-02 8.621424084954764089e-01
6.111029909926251474e-02 8.619200446551000816e-01
6.315351713010779189e-02 8.616884291371992299e-01
6.526504999467336310e-02 8.614689312313871250e-01
6.744718179403717817e-02 8.612464853469917747e-01
6.970227299801623477e-02 8.610291865337854622e-01
7.203276299854979858e-02 8.608095578589489705e-01
7.444117274845411802e-02 8.606008846577868354e-01
7.693010748840443946e-02 8.603906033341039983e-01
7.950225956509210379e-02 8.601856318973455373e-01
8.216041134360790865e-02 8.599822498521969560e-01
8.490743821719984319e-02 8.597852464674118345e-01
8.774631171766281157e-02 8.595921784500452079e-01
9.068010272972255870e-02 8.593967270487323784e-01
9.371198481289348681e-02 8.592031668920467880e-01
9.684523763440215649e-02 8.590230776821864422e-01
1.000832505168899600e-01 8.588366673882387170e-01
1.034295261047340625e-01 8.586629529130789251e-01
1.068876841529496080e-01 8.584917472138421379e-01
1.104614654427753945e-01 8.583204931450798547e-01
1.141547358281756464e-01 8.581509017902947400e-01
1.179714904176376727e-01 8.579930445208368006e-01
1.219158578957853512e-01 8.578291004987242951e-01
1.259921049894874856e-01 8.576778173243336800e-01
1.302046410832891354e-01 8.575243038715223420e-01
1.345580229891604751e-01 8.573763629993718105e-01
1.390569598757198100e-01 8.572373687147842869e-01
1.437063183622670492e-01 8.571001909385849160e-01
1.485111277831346888e-01 8.569633687307962600e-01
1.534765856280515817e-01 8.568323436085995004e-01
1.586080631644066208e-01 8.567062197010847369e-01
1.639111112474894438e-01 8.565814798943715003e-01
1.693914663249987407e-01 8.564577062874029201e-01
1.750550566423093313e-01 8.563422320540818866e-01
1.809080086552135869e-01 8.562303065266587687e-01
1.869566536570689830e-01 8.561161013206922688e-01
1.932075346275276828e-01 8.560117035158787413e-01
1.996674133102498971e-01 8.559135570448990205e-01
2.063432775272630582e-01 8.558072432663325069e-01
2.132423487378718452e-01 8.557183386866846764e-01
2.203720898503036263e-01 8.556252831649650004e-01
2.277402132945338109e-01 8.555351609266503843e-01
2.353546893650253491e-01 8.554507497314505216e-01
2.432237548424092122e-01 8.553695712586203426e-01
2.513559219034258718e-01 8.552888956235694673e-01
2.597599873287743666e-01 8.552132832761671910e-01
2.684450420188219666e-01 8.551388006838295253e-01
2.774204808274743361e-01 8.550673752843872544e-01
2.866960127248350254e-01 8.550023068320383723e-01
2.962816712996577673e-01 8.549312083249623884e-01
3.061878256129444420e-01 8.548692854765470583e-01
3.164251914144354805e-01 8.548108025206885285e-01
3.270048427341168962e-01 8.547506808886345953e-01
3.379382238612947953e-01 8.546989436693452902e-01
3.492371617241852855e-01 8.546451939725829838e-01
3.609138786834163448e-01 8.545919487118923685e-01
3.729810057532814693e-01 8.545422446162014296e-01
3.854515962650386651e-01 8.544956555718682401e-01
3.983391399870480631e-01 8.544543780899944707e-01
4.116575777170102257e-01 8.544125182472912527e-01
4.254213163620995108e-01 8.543719105667695324e-01
4.396452445232932327e-01 8.543307489625732165e-01
4.543447486007690661e-01 8.542942271552405042e-01
4.695357294377799362e-01 8.542598722974853453e-01
4.852346195210218704e-01 8.542266985852822181e-01
5.014584007560848322e-01 8.541930466799624311e-01
5.182246228372336949e-01 8.541642082167461014e-01
5.355514222313770833e-01 8.541402755397954349e-01
5.534575417967635413e-01 8.541092190114464300e-01
5.719623510576314906e-01 8.540806715363126189e-01
5.910858671567322808e-01 8.540539509406931407e-01
6.108487765084068544e-01 8.540315130664188903e-01
6.312724571756275216e-01 8.540091767966863090e-01
6.523790019952193653e-01 8.539873973770956139e-01
6.741912424762606104e-01 8.539671245139028866e-01
6.967327734975364839e-01 8.539440304931602554e-01
7.200279788307419881e-01 8.539244296049668392e-01
7.441020575170596008e-01 8.539077592939916528e-01
7.689810511256225389e-01 8.538928379973853566e-01
7.946918719233755368e-01 8.538787402592588061e-01
8.212623319867858873e-01 8.538649683224542875e-01
8.487211732869031078e-01 8.538510686652079906e-01
8.770980987803161932e-01 8.538369651525904436e-01
9.064238045396205701e-01 8.538232851518938737e-01
9.367300129581793700e-01 8.538107302419514211e-01
9.680495070650749767e-01 8.537995815472112504e-01
1.000416165987385808e+00 8.537892437562373260e-01
1.033865001598128330e+00 8.537790132120396391e-01
1.068432196389532240e+00 8.537685129920509208e-01
1.104155142612600837e+00 8.537581292452547377e-01
1.141072482725305592e+00 8.537483566504294741e-01
1.179224151193147607e+00 8.537395801536115103e-01
1.218651417687333982e+00 8.537318970117609984e-01
1.259396931727273516e+00 8.537253577526989767e-01
1.301504768815691548e+00 8.537198194575080779e-01
1.345020478116276896e+00 8.537145686563092362e-01
1.389991131725407447e+00 8.537087872731169425e-01
1.436465375591293947e+00 8.537019910217640284e-01
1.484493482135585296e+00 8.536948052570632051e-01
1.534127404634392455e+00 8.536880856223203473e-01
1.585420833417506836e+00 8.536824718363710263e-01
1.638429253946665609e+00 8.536777934088990438e-01
1.693210006835640158e+00 8.536736898520134176e-01
1.749822349877109051e+00 8.536698638248615412e-01
1.808327522143368116e+00 8.536662856354947371e-01
1.868788810230267217e+00 8.536629964907728185e-01
1.931271616715998229e+00 8.536599939663924719e-01
1.995843530908793184e+00 8.536570666850109568e-01
2.062574401960084458e+00 8.536539407902511423e-01
2.131536414422164238e+00 8.536504737276412458e-01
2.202804166332139602e+00 8.536472343005162555e-01
2.276454749906602792e+00 8.536450310793044505e-01
2.352567834934338631e+00 8.536444480566470761e-01
2.431225754957225149e+00 8.536446895397942214e-01
2.512513596332623944e+00 8.536444366337628820e-01
2.596519290273538783e+00 8.536425761356255526e-01
2.683333707966161441e+00 8.536394358821752792e-01
2.773050758867611432e+00 8.536359572189143874e-01
2.865767492290306695e+00 8.536329760036858172e-01
2.961584202382770314e+00 8.536304719848978317e-01
3.060604536620467719e+00 8.536280165052377855e-01
3.162935607924048931e+00 8.536252492244138512e-01
3.268688110526199786e+00 8.536224537177249383e-01
3.377976439712552459e+00 8.536202570821971314e-01
3.490918815566087297e+00 8.536192082820536209e-01
3.607637410848952619e+00 8.536190058796525593e-01
3.728258483159945236e+00 8.536188418917844967e-01
3.852912511510727001e+00 8.536179554126818170e-01
3.981734337468417539e+00 8.536162364539486846e-01
4.114863311017320058e+00 8.536140073137682416e-01
4.252443441297450555e+00 8.536116095826757899e-01
4.394623552383071896e+00 8.536095471503716281e-01
4.541557444269631816e+00 8.536084439377537025e-01
4.693404059243289517e+00 8.536088541631632332e-01
4.850327653813030437e+00 8.536101296873643829e-01
5.012497976391239618e+00 8.536106329227879375e-01
5.180090450915090017e+00 8.536087878937933526e-01
5.353286366607249214e+00 8.536048127788246065e-01
5.532273074081278885e+00 8.536005675952613725e-01
5.717244188003695271e+00 8.535979154357983267e-01
5.908399796532135539e+00 8.535973564101831945e-01
6.105946677756002750e+00 8.535980038891940458e-01
6.310098523373801171e+00 8.535989180274028421e-01
6.521076169849157722e+00 8.535994192699581928e-01
6.739107837295406966e+00 8.535991225072907529e-01
6.964429376347387013e+00 8.535976675049874451e-01
7.197284523287298619e+00 8.535950221043947517e-01
7.437925163700752407e+00 8.535915669429501307e-01
7.686611604948010879e+00 8.535877093651217384e-01
7.943612857745410594e+00 8.535838756407408967e-01
8.209206927161357470e+00 8.535805185130402872e-01
8.483681113341843272e+00 8.535780874825128484e-01
8.767332322290526392e+00 8.535767144432083731e-01
9.060467387039910392e+00 8.535760358789622471e-01
9.363403399560734641e+00 8.535756457430139221e-01
9.676468053768756405e+00 8.535751746232387305e-01
1.000000000000001243e+01 8.535743168096718847e-01
