2.000000000000000164e-05 9.601053395815150049e-01
2.066869842267550072e-05 9.601088280274471254e-01
2.135975472437544027e-05 9.601036432750412741e-01
2.207391643902171255e-05 9.601099470861494956e-01
2.281195609427394449e-05 9.601061378163904259e-01
2.357467204719313169e-05 9.601046449904472313e-01
2.436288934784564352e-05 9.601062602371526200e-01
2.517746063178175121e-05 9.601050114735002472e-01
2.601926704235410016e-05 9.601075938799022991e-01
2.688921918387384303e-05 9.601043916378830811e-01
2.778825810663545582e-05 9.601048378697570884e-01
2.871735632487579741e-05 9.601041644991463730e-01
2.967751886876853870e-05 9.601070687489347000e-01
3.066978437159193627e-05 9.601037614500669282e-01
3.169522619324599853e-05 9.601043601264629412e-01
3.275495358133433647e-05 9.601049369031490199e-01
3.385011287106671010e-05 9.601053983420919646e-01
3.498188872528021299e-05 9.601015910869610259e-01
3.615150541592045298e-05 9.601031169266162069e-01
3.736022814836899319e-05 9.601018425190913641e-01
3.860936443004954884e-05 9.601011325123557372e-01
3.990026548479344494e-05 9.601038471626295312e-01
4.123432771449419843e-05 9.601067006493736455e-01
4.261299420963254024e-05 9.601042090372435833e-01
4.403775631030562105e-05 9.601014971505447138e-01
4.551015521944909301e-05 9.601057491735338623e-01
4.703178366999723984e-05 9.601014173582365085e-01
4.860428764778435972e-05 9.601024009309042651e-01
5.022936817205134787e-05 9.600993671448753153e-01
5.190878313548323190e-05 9.601005187701000532e-01
5.364434920576834987e-05 9.601004976121959578e-01
5.543794379073590958e-05 9.601008634973203781e-01
5.729150706919781900e-05 9.601021285342501432e-01
5.920704408969155763e-05 9.600989460592537217e-01
6.118662693939432690e-05 9.600994675756200358e-01
6.323239698555469304e-05 9.600998477089599525e-01
6.534656719186627638e-05 9.600959479049899770e-01
6.753142451228926792e-05 9.601001471157060152e-01
6.978933236490913268e-05 9.600975001347885618e-01
7.212273318850868345e-05 9.600974800810021526e-01
7.453415108461877573e-05 9.600985160035407917e-01
7.702619454790587906e-05 9.600950745780708617e-01
7.960155928784993205e-05 9.600964339298174721e-01
8.226303114476471348e-05 9.601005983281255540e-01
8.501348910331518868e-05 9.600931109282982989e-01
8.785590840679157983e-05 9.600937767284618563e-01
9.079336377550881697e-05 9.600938210642933068e-01
9.382903273281309529e-05 9.600961011961683944e-01
9.696619904229312483e-05 9.600888444577169167e-01
1.002082562599141270e-04 9.600913108050115330e-01
1.035587114049174785e-04 9.600897197053708254e-01
1.070211887534562421e-04 9.600924220594639902e-01
1.105994337590709140e-04 9.600862166336440184e-01
1.142973171042456330e-04 9.600870550490098188e-01
1.181188388874281471e-04 9.600862307963090592e-01
1.220681329500424115e-04 9.600823165709082563e-01
1.261494713481742377e-04 9.600793857874581061e-01
1.303672689737678670e-04 9.600803071183340309e-01
1.347260883303314362e-04 9.600730574853452159e-01
1.392306444683180742e-04 9.600771686521644144e-01
1.438858100855209437e-04 9.600713808660394921e-01
1.486966207979997041e-04 9.600722933623896393e-01
1.536682805872396744e-04 9.600717146312669481e-01
1.588061674294368483e-04 9.600645563407048666e-01
1.641158391129971276e-04 9.600624512083963946e-01
1.696030392505434848e-04 9.600616745667208685e-01
1.752737034919339915e-04 9.600576220826519958e-01
1.811339659450114388e-04 9.600560743782914352e-01
1.871901658110307874e-04 9.600498251725674281e-01
1.934488542419408646e-04 9.600495927655154915e-01
1.999168014269393128e-04 9.600444411803878975e-01
2.066010039159656652e-04 9.600447089698374015e-01
2.135086921880547338e-04 9.600339147630029268e-01
2.206473384727377968e-04 9.600314043042994516e-01
2.280246648329511538e-04 9.600271597947335200e-01
2.356486515181963309e-04 9.600223723760945571e-01
2.435275455969876748e-04 9.600156396026370276e-01
2.516698698779247295e-04 9.600102504377761026e-01
2.600844321290405573e-04 9.600042915148943035e-01
2.687803346053976817e-04 9.599972411628178159e-01
2.777669838952388651e-04 9.599878965674988329e-01
2.870541010953427292e-04 9.599850143037120809e-01
2.966517323265922064e-04 9.599736989199023629e-01
3.065702596011295341e-04 9.599647305642248218e-01
3.168204120528543403e-04 9.599548051100280643e-01
3.274132775434116785e-04 9.599467575291243948e-01
3.383603146562264279e-04 9.599351705168031046e-01
3.496733650915567022e-04 9.599256576025606558e-01
3.613646664759745386e-04 9.599155370379545138e-01
3.734468656001317080e-04 9.599022558175126507e-01
3.859330320991275886e-04 9.598840074271257627e-01
3.988366725902805230e-04 9.598765108815134894e-01
4.121717452835938129e-04 9.598602080065847808e-01
4.259526750807212541e-04 9.598455664421325917e-01
4.401943691787655547e-04 9.598290293361125824e-01
4.549122331957894719e-04 9.598130865894310970e-01
4.701221878354804149e-04 9.597961431285260137e-01
4.858406861089974399e-04 9.597743390542594621e-01
5.020847311326308640e-04 9.597557829795223538e-01
5.188718945205230424e-04 9.597401702422394543e-01
5.362203353923492141e-04 9.597169389287654173e-01
5.541488200165187389e-04 9.596962504306488784e-01
5.726767421101455150e-04 9.596696181432256001e-01
5.918241438177454907e-04 9.596494459696571777e-01
6.116117373913557359e-04 9.596220840853989520e-01
6.320609275955268004e-04 9.595946640991063203e-01
6.531938348614238542e-04 9.595688477726921350e-01
6.750333192150836329e-04 9.595385920639726285e-01
6.976030050057104547e-04 9.595110631983215788e-01
7.209273064607610694e-04 9.594819708143280668e-01
7.450314540954613768e-04 9.594494306403520412e-01
7.699415220053250396e-04 9.594206719729506672e-01
7.956844560711916160e-04 9.593864471903250646e-01
8.222881031073025473e-04 9.593509740772395711e-01
8.497812409839368810e-04 9.593209687788304407e-01
8.781936097571961097e-04 9.592843859438087151e-01
9.075559438396131216e-04 9.592470297785958833e-01
9.379000052463793693e-04 9.592115483905180318e-01
9.692586179531593148e-04 9.591766449999715727e-01
1.001665703402655023e-03 9.591385808629411258e-01
1.035156317198330069e-03 9.591031790735156104e-01
1.069766687024985286e-03 9.590679743225044573e-01
1.105534251837205851e-03 9.590330899304578827e-01
1.142497702358069404e-03 9.589927235099595659e-01
1.180697022931930960e-03 9.589584762002809626e-01
1.220173534776542454e-03 9.589232154751511361e-01
1.260969940681316284e-03 9.588866903654370555e-01
1.303130371200056587e-03 9.588539317852287081e-01
1.346700432388157767e-03 9.588186252806041310e-01
1.391727255135877424e-03 9.587839155160534643e-01
1.438259546151070007e-03 9.587504428317082938e-01
1.486347640646530459e-03 9.587184765291051347e-01
1.536043556788919398e-03 9.586808674455927770e-01
1.587401051968200579e-03 9.586538717300554513e-01
1.640475680948428249e-03 9.586141908591676586e-01
1.695324855962815390e-03 9.585811523146352542e-01
1.752007908818060174e-03 9.585473313610380908e-01
1.810586155075142928e-03 9.585093496260168600e-01
1.871122960375984270e-03 9.584719963454518821e-01
1.933683808987751848e-03 9.584337822965319775e-01
1.998336374638913938e-03 9.583944585020699458e-01
2.065150593723721201e-03 9.583502391139200327e-01
2.134198740954243185e-03 9.583093157925695049e-01
2.205555507541849362e-03 9.582661003035199965e-01
2.279298081992675151e-03 9.582160889877856524e-01
2.355506233604463730e-03 9.581684730637756164e-01
2.434262398755145627e-03 9.581192961761190174e-01
2.515651770076436904e-03 9.580694721106591816e-01
2.599762388608985089e-03 9.580147378420243998e-01
2.686685239038679764e-03 9.579592809916593898e-01
2.776514348117217236e-03 9.578996594632652739e-01
2.869346886373309435e-03 9.578380437379657719e-01
2.965283273224645581e-03 9.577742627797825037e-01
3.064427285604211931e-03 9.577123225400924200e-01
3.166886170218578649e-03 9.576430323358847696e-01
3.272770759559481216e-03 9.575700699195095478e-01
3.382195591794276077e-03 9.574939079245642359e-01
3.495279034664920681e-03 9.574186412490818254e-01
3.612143413529477973e-03 9.573411596473703211e-01
3.732915143684721951e-03 9.572588464319934376e-01
3.857724867112893516e-03 9.571742152041343710e-01
3.986707593800617976e-03 9.570830355616816165e-01
4.120002847782761740e-03 9.569884309178418036e-01
4.257754818069308354e-03 9.568948875062417425e-01
4.400112514618404608e-03 9.568015726963280398e-01
4.547229929524409554e-03 9.566967346360411018e-01
4.699266203595197679e-03 9.565939096837783318e-01
4.856385798499019031e-03 9.564864297147831484e-01
5.018758674667020935e-03 9.563803513033406478e-01
5.186560475143959549e-03 9.562639200970888265e-01
5.359972715585955248e-03 9.561476629908836067e-01
5.539182980610755057e-03 9.560287999070954390e-01
5.724385126713026593e-03 9.559078926957244038e-01
5.915779491964028892e-03 9.557819487266302483e-01
6.113573112722652143e-03 9.556550180521344862e-01
6.317979947592099882e-03 9.555257089232310763e-01
6.529221108864616957e-03 9.553924511503896211e-01
6.747525101704480652e-03 9.552570535704121291e-01
6.973128071328140755e-03 9.551182429729200285e-01
7.206274058448705437e-03 9.549778538246415094e-01
7.447215263261310406e-03 9.548319344939772968e-01
7.696212318254701257e-03 9.546892307057633920e-01
7.953534570144332738e-03 9.545386007757223901e-01
8.219460371231864307e-03 9.543795024110636183e-01
8.494277380506187053e-03 9.542209456771523213e-01
8.778282874811823774e-03 9.540625955656215629e-01
9.071784070421121463e-03 9.538963085755800542e-01
9.375098455358292851e-03 9.537285819978248425e-01
9.688554132834568261e-03 9.535549783748783481e-01
1.001249017616620725e-02 9.533797362199621928e-01
1.034725699555901803e-02 9.531976122820355890e-01
1.069321671715643858e-02 9.530150435954680699e-01
1.105074357476093505e-02 9.528289700973507914e-01
1.142022431465263173e-02 9.526340166572385693e-01
1.180205861394306721e-02 9.524434624683435491e-01
1.219665951291643881e-02 9.522400894378463265e-01
1.260445386182631328e-02 9.520399914138343300e-01
1.302588278263077520e-02 9.518295298321021169e-01
1.346140214616583890e-02 9.516211591755486809e-01
1.391148306527291781e-02 9.514089973701838066e-01
1.437661240441416924e-02 9.511886816638848163e-01
1.485729330632660182e-02 9.509677514675035637e-01
1.535404573628500365e-02 9.507429773398395900e-01
1.586740704456205894e-02 9.505125805561639440e-01
1.639793254769450481e-02 9.502882848137255145e-01
1.694619612918364313e-02 9.500525994451782807e-01
1.751279086028037155e-02 9.498136784339098471e-01
1.809832964152614798e-02 9.495742800336911538e-01
1.870344586574363213e-02 9.493315843308939295e-01
1.932879410319460894e-02 9.490828211288623306e-01
1.997505080964588620e-02 9.488389567287798254e-01
2.064291505810955316e-02 9.485932844516408169e-01
2.133310929504865505e-02 9.483376932776717005e-01
2.204638012186681956e-02 9.480876276354786025e-01
2.278349910252664909e-02 9.478230716625482000e-01
2.354526359817107548e-02 9.475700464893496155e-01
2.433249762964985810e-02 9.473091133954099075e-01
2.514605276888498206e-02 9.470495929641965516e-01
2.598680906003840441e-02 9.467816052279494077e-01
2.685567597147924673e-02 9.465215444365574493e-01
2.775359337957988490e-02 9.462592822400303083e-01
2.868153258540498754e-02 9.459991941236343127e-01
2.964049736539381419e-02 9.457287232971229862e-01
3.063152505717161092e-02 9.454671447474615187e-01
3.165568768166540647e-02 9.452025893912636700e-01
3.271409310273729054e-02 9.449288775292882248e-01
3.380788622559029871e-02 9.446690771180814572e-01
3.493825023524253087e-02 9.444013839495457585e-01
3.610640787640997940e-02 9.441379530999989278e-01
3.731362277618164441e-02 9.438735672094393792e-01
3.856120081091872487e-02 9.436081499488665481e-01
3.985049151885547425e-02 9.433483202690771119e-01
4.118288955993056055e-02 9.430865317318120056e-01
4.255983622442782027e-02 9.428279722172354660e-01
4.398282099205792772e-02 9.425659874359256785e-01
4.545338314316834522e-02 9.423169223937528649e-01
4.697311342382341770e-02 9.420642373457376317e-01
4.854365576655684383e-02 9.418132212826331173e-01
5.016670906865677154e-02 9.415609436461049864e-01
5.184402902990837420e-02 9.413150751746476308e-01
5.357743005178047802e-02 9.410681939436252863e-01
5.536878720011212396e-02 9.408281745409214913e-01
5.722003823342062395e-02 9.405930909149802233e-01
5.913318569902666078e-02 9.403534944557767616e-01
6.111029909926251474e-02 9.401265940831842194e-01
6.315351713010779189e-02 9.398923844985144216e-01
6.526504999467336310e-02 9.396684156464403248e-01
6.744718179403717817e-02 9.394483874006570590e-01
6.970227299801623477e-02 9.392280706310419669e-01
7.203276299854979858e-02 9.390180982411000521e-01
7.444117274845411802e-02 9.388062371888553637e-01
7.693010748840443946e-02 9.386002843104451765e-01
7.950225956509210379e-02 9.383943009971610349e-01
8.216041134360790865e-02 9.381957813043153571e-01
8.490743821719984319e-02 9.380001230626701103e-01
8.774631171766281157e-02 9.378132584587220988e-01
9.068010272972255870e-02 9.376198217635343113e-01
9.371198481289348681e-02 9.374403468570042808e-01
9.684523763440215649e-02 9.372615113420618149e-01
1.000832505168899600e-01 9.370910711537294713e-01
1.034295261047340625e-01 9.369213169285667275e-01
1.068876841529496080e-01 9.367551587523903489e-01
1.104614654427753945e-01 9.365955888897270487e-01
1.141547358281756464e-01 9.364357619207623884e-01
1.179714904176376727e-01 9.362838781845130853e-01
1.219158578957853512e-01 9.361355317383524000e-01
1.259921049894874856e-01 9.359890707273932353e-01
1.302046410832891354e-01 9.358529536216800837e-01
1.345580229891604751e-01 9.357098942474180170e-01
1.390569598757198100e-01 9.355838142558841053e-01
1.437063183622670492e-01 9.354514829050826208e-01
1.485111277831346888e-01 9.353300070913735942e-01
1.534765856280515817e-01 9.352130329442640555e-01
1.586080631644066208e-01 9.350954742247270524e-01
1.639111112474894438e-01 9.349841555993877451e-01
1.693914663249987407e-01 9.348723787436693522e-01
1.750550566423093313e-01 9.347712597840163173e-01
1.809080086552135869e-01 9.346671862354831717e-01
1.869566536570689830e-01 9.345692847966945438e-01
1.932075346275276828e-01 9.344757059858407322e-01
1.996674133102498971e-01 9.343833291121886875e-01
2.063432775272630582e-01 9.343005116054496906e-01
2.132423487378718452e-01 9.342120649688130385e-01
2.203720898503036263e-01 9.341359518447626131e-01
2.277402132945338109e-01 9.340523977189904015e-01
2.353546893650253491e-01 9.339816504582904022e-01
2.432237548424092122e-01 9.339094587415474047e-01
2.513559219034258718e-01 9.338413532721153709e-01
2.597599873287743666e-01 9.337775777314386572e-01
2.684450420188219666e-01 9.337072644593260584e-01
2.774204808274743361e-01 9.336491276335369127e-01
2.866960127248350254e-01 9.335914870699839607e-01
2.962816712996577673e-01 9.335402369319903970e-01
3.061878256129444420e-01 9.334810434720455241e-01
3.164251914144354805e-01 9.334318061129571742e-01
3.270048427341168962e-01 9.333805170148934405e-01
3.379382238612947953e-01 9.333380401986165475e-01
3.492371617241852855e-01 9.332929408028608487e-01
3.609138786834163448e-01 9.332472438585708296e-01
3.729810057532814693e-01 9.332068937279364151e-01
3.854515962650386651e-01 9.331702596118592874e-01
3.983391399870480631e-01 9.331340030261380258e-01
4.116575777170102257e-01 9.330960769246571251e-01
4.254213163620995108e-01 9.330626342783160387e-01
4.396452445232932327e-01 9.330315178454271496e-01
4.543447486007690661e-01 9.330013601178255289e-01
4.695357294377799362e-01 9.329735070091329519e-01
4.852346195210218704e-01 9.329459407999477483e-01
5.014584007560848322e-01 9.329183742783261346e-01
5.182246228372336949e-01 9.328923219320421900e-01
5.355514222313770833e-01 9.328717204585708078e-01
5.534575417967635413e-01 9.328485630269105489e-01
5.719623510576314906e-01 9.328259490577679447e-01
5.910858671567322808e-01 9.328085274710333774e-01
6.108487765084068544e-01 9.327875341552829269e-01
6.312724571756275216e-01 9.327684392104800271e-01
6.523790019952193653e-01 9.327512629041797565e-01
6.741912424762606104e-01 9.327492221574165132e-01
6.967327734975364839e-01 9.327130331666096952e-01
7.200279788307419881e-01 9.326926261070735968e-01
7.441020575170596008e-01 9.326836730409241438e-01
7.689810511256225389e-01 9.326762694762495975e-01
7.946918719233755368e-01 9.326650013101895897e-01
8.212623319867858873e-01 9.326519522955066810e-01
8.487211732869031078e-01 9.326399047655460350e-01
8.770980987803161932e-01 9.326302135934275706e-01
9.064238045396205701e-01 9.326215726799983452e-01
9.367300129581793700e-01 9.326123909467106676e-01
9.680495070650749767e-01 9.326019901856223981e-01
1.000416165987385808e+00 9.325915950736364257e-01
1.033865001598128330e+00 9.325826653794448973e-01
1.068432196389532240e+00 9.325759138068043796e-01
1.104155142612600837e+00 9.325703083213283673e-01
1.141072482725305592e+00 9.325645691884539845e-01
1.179224151193147607e+00 9.325578944621255584e-01
1.218651417687333982e+00 9.325507348271169228e-01
1.259396931727273516e+00 9.325437436651110579e-01
1.301504768815691548e+00 9.325374633008918224e-01
1.345020478116276896e+00 9.325321085073501326e-01
1.389991131725407447e+00 9.325278339252118798e-01
1.436465375591293947e+00 9.325245923408533866e-01
1.484493482135585296e+00 9.325216655030238444e-01
1.534127404634392455e+00 9.325181958995470977e-01
1.585420833417506836e+00 9.325136920458562129e-01
1.638429253946665609e+00 9.325090358922892841e-01
1.693210006835640158e+00 9.325054314667502453e-01
1.749822349877109051e+00 9.325036718591542817e-01
1.808327522143368116e+00 9.325028083988305960e-01
1.868788810230267217e+00 9.325014310283615826e-01
1.931271616715998229e+00 9.324984898845086745e-01
1.995843530908793184e+00 9.324946601384891398e-01
2.062574401960084458e+00 9.324911327659679561e-01
2.131536414422164238e+00 9.324888361335263998e-01
2.202804166332139602e+00 9.324872754669841779e-01
2.276454749906602792e+00 9.324854763158042514e-01
2.352567834934338631e+00 9.324826734991722432e-01
2.431225754957225149e+00 9.324793886908562257e-01
2.512513596332623944e+00 9.324766315624997137e-01
2.596519290273538783e+00 9.324752080933089715e-01
2.683333707966161441e+00 9.324744976289908172e-01
2.773050758867611432e+00 9.324732721396130630e-01
2.865767492290306695e+00 9.324705088411521237e-01
2.961584202382770314e+00 9.324668334680037418e-01
3.060604536620467719e+00 9.324636581761971410e-01
3.162935607924048931e+00 9.324622248076765985e-01
3.268688110526199786e+00 9.324621829246194649e-01
3.377976439712552459e+00 9.324623326271244128e-01
3.490918815566087297e+00 9.324615928892832084e-01
3.607637410848952619e+00 9.324602085003450558e-01
3.728258483159945236e+00 9.324592139743095309e-01
3.852912511510727001e+00 9.324595318327077997e-01
3.981734337468417539e+00 9.324606029373764260e-01
4.114863311017320058e+00 9.324608841492084688e-01
4.252443441297450555e+00 9.324589472396884737e-01
4.394623552383071896e+00 9.324552336191340718e-01
4.541557444269631816e+00 9.324515674028073242e-01
4.693404059243289517e+00 9.324497004459677552e-01
4.850327653813030437e+00 9.324496484804293273e-01
5.012497976391239618e+00 9.324499985401077939e-01
5.180090450915090017e+00 9.324493595898808440e-01
5.353286366607249214e+00 9.324476103737909805e-01
5.532273074081278885e+00 9.324457916228365839e-01
5.717244188003695271e+00 9.324449400220581330e-01
5.908399796532135539e+00 9.324449798299203618e-01
6.105946677756002750e+00 9.324447034794569600e-01
6.310098523373801171e+00 9.324428946930994888e-01
6.521076169849157722e+00 9.324395581133418931e-01
6.739107837295406966e+00 9.324360795672413937e-01
6.964429376347387013e+00 9.324338863972060354e-01
7.197284523287298619e+00 9.324332200702892814e-01
7.437925163700752407e+00 9.324328300202675557e-01
7.686611604948010879e+00 9.324313899604600442e-01
7.943612857745410594e+00 9.324284656418151407e-01
8.209206927161357470e+00 9.324248719682567410e-01
8.483681113341843272e+00 9.324215108946373176e-01
8.767332322290526392e+00 9.324189066876795717e-01
9.060467387039910392e+00 9.324169944465260373e-01
9.363403399560734641e+00 9.324156541960433309e-01
9.676468053768756405e+00 9.324144348251781622e-01
1.000000000000001243e+01 9.324123090477687281e-01
