2.000000000000000164e-05 5.301324038649483095e-01
2.066869842267550072e-05 5.301322579622783637e-01
2.135975472437544027e-05 5.301375971782820162e-01
2.207391643902171255e-05 5.301219400587732222e-01
2.281195609427394449e-05 5.301365786406649905e-01
2.357467204719313169e-05 5.301247185483884961e-01
2.436288934784564352e-05 5.301467784443396614e-01
2.517746063178175121e-05 5.301244967128599939e-01
2.601926704235410016e-05 5.301263357290815215e-01
2.688921918387384303e-05 5.301377386059514807e-01
2.778825810663545582e-05 5.301278732551005790e-01
2.871735632487579741e-05 5.301385043873451108e-01
2.967751886876853870e-05 5.301221134716969097e-01
3.066978437159193627e-05 5.301383004942561428e-01
3.169522619324599853e-05 5.301401859957868279e-01
3.275495358133433647e-05 5.301300428339299486e-01
3.385011287106671010e-05 5.301273219197679687e-01
3.498188872528021299e-05 5.301299906355120273e-01
3.615150541592045298e-05 5.301280724399460853e-01
3.736022814836899319e-05 5.301420526169645653e-01
3.860936443004954884e-05 5.301426087054715852e-01
3.990026548479344494e-05 5.301249378563391845e-01
4.123432771449419843e-05 5.301409822353133627e-01
4.261299420963254024e-05 5.301306270849780455e-01
4.403775631030562105e-05 5.301306983183124988e-01
4.551015521944909301e-05 5.301244523069639225e-01
4.703178366999723984e-05 5.301357537042916679e-01
4.860428764778435972e-05 5.301266506611621576e-01
5.022936817205134787e-05 5.301344183287387546e-01
5.190878313548323190e-05 5.301280247761994691e-01
5.364434920576834987e-05 5.301273667226897857e-01
5.543794379073590958e-05 5.301344105982148669e-01
5.729150706919781900e-05 5.301331407119735939e-01
5.920704408969155763e-05 5.301366578969122223e-01
6.118662693939432690e-05 5.301281685397847276e-01
6.323239698555469304e-05 5.301325016709839133e-01
6.534656719186627638e-05 5.301329379678478837e-01
6.753142451228926792e-05 5.301305671992017077e-01
6.978933236490913268e-05 5.301336635335910374e-01
7.212273318850868345e-05 5.301303025989392292e-01
7.453415108461877573e-05 5.301252977506686337e-01
7.702619454790587906e-05 5.301223985423374474e-01
7.960155928784993205e-05 5.301233483160950888e-01
8.226303114476471348e-05 5.301271146455635019e-01
8.501348910331518868e-05 5.301364222296157669e-01
8.785590840679157983e-05 5.301407998848249870e-01
9.079336377550881697e-05 5.301153870123069822e-01
9.382903273281309529e-05 5.301220794585501661e-01
9.696619904229312483e-05 5.301333239167176359e-01
1.002082562599141270e-04 5.301198180392341364e-01
1.035587114049174785e-04 5.301247005053956185e-01
1.070211887534562421e-04 5.301314643350730771e-01
1.105994337590709140e-04 5.301224746601133075e-01
1.142973171042456330e-04 5.301294682210375697e-01
1.181188388874281471e-04 5.301217322642765017e-01
1.220681329500424115e-04 5.301267903396488235e-01
1.261494713481742377e-04 5.301305818525300362e-01
1.303672689737678670e-04 5.301206215536498068e-01
1.347260883303314362e-04 5.301208166010000777e-01
1.392306444683180742e-04 5.301091473798600351e-01
1.438858100855209437e-04 5.301264660372875248e-01
1.486966207979997041e-04 5.301091588624076145e-01
1.536682805872396744e-04 5.301232882420351400e-01
1.588061674294368483e-04 5.301163311587615556e-01
1.641158391129971276e-04 5.301199425568702273e-01
1.696030392505434848e-04 5.301108091769529684e-01
1.752737034919339915e-04 5.301213811572308421e-01
1.811339659450114388e-04 5.301060517972293606e-01
1.871901658110307874e-04 5.301070673308274639e-01
1.934488542419408646e-04 5.301044076276199002e-01
1.999168014269393128e-04 5.301028154768576695e-01
2.066010039159656652e-04 5.301045569659393886e-01
2.135086921880547338e-04 5.300948965594165507e-01
2.206473384727377968e-04 5.301094811834135001e-01
2.280246648329511538e-04 5.300831769115844638e-01
2.356486515181963309e-04 5.300950695096001697e-01
2.435275455969876748e-04 5.300931273229257945e-01
2.516698698779247295e-04 5.300868849742458311e-01
2.600844321290405573e-04 5.300950055334051614e-01
2.687803346053976817e-04 5.300835261122639475e-01
2.777669838952388651e-04 5.300760032900698748e-01
2.870541010953427292e-04 5.300867924375975981e-01
2.966517323265922064e-04 5.300748535381227811e-01
3.065702596011295341e-04 5.300760799409310886e-01
3.168204120528543403e-04 5.300628980052042305e-01
3.274132775434116785e-04 5.300625476378322265e-01
3.383603146562264279e-04 5.300512122893509259e-01
3.496733650915567022e-04 5.300480186674529914e-01
3.613646664759745386e-04 5.300501734982613344e-01
3.734468656001317080e-04 5.300506522621342143e-01
3.859330320991275886e-04 5.300358666575608613e-01
3.988366725902805230e-04 5.300291652355697547e-01
4.121717452835938129e-04 5.300356423367273973e-01
4.259526750807212541e-04 5.300221630845256549e-01
4.401943691787655547e-04 5.300212258195072801e-01
4.549122331957894719e-04 5.300143469591905854e-01
4.701221878354804149e-04 5.300113713468915799e-01
4.858406861089974399e-04 5.299951496935387807e-01
5.020847311326308640e-04 5.299929884133091074e-01
5.188718945205230424e-04 5.299913087863942218e-01
5.362203353923492141e-04 5.299767071862898637e-01
5.541488200165187389e-04 5.299700457889799932e-01
5.726767421101455150e-04 5.299801652361378901e-01
5.918241438177454907e-04 5.299670685811657123e-01
6.116117373913557359e-04 5.299644851026797943e-01
6.320609275955268004e-04 5.299656547745028590e-01
6.531938348614238542e-04 5.299565630796320148e-01
6.750333192150836329e-04 5.299384488489938816e-01
6.976030050057104547e-04 5.299393263626982487e-01
7.209273064607610694e-04 5.299385836705594599e-01
7.450314540954613768e-04 5.299251770702840814e-01
7.699415220053250396e-04 5.299214356290072869e-01
7.956844560711916160e-04 5.299166514637605463e-01
8.222881031073025473e-04 5.299091827245390185e-01
8.497812409839368810e-04 5.299056226688102500e-01
8.781936097571961097e-04 5.298887682384300080e-01
9.075559438396131216e-04 5.299032045092688659e-01
9.379000052463793693e-04 5.298868579270569201e-01
9.692586179531593148e-04 5.298930819432021710e-01
1.001665703402655023e-03 5.298949762583009537e-01
1.035156317198330069e-03 5.298752018237697925e-01
1.069766687024985286e-03 5.298771590503355000e-01
1.105534251837205851e-03 5.298745314082301539e-01
1.142497702358069404e-03 5.298745310367863892e-01
1.180697022931930960e-03 5.298609196463753834e-01
1.220173534776542454e-03 5.298730709370168546e-01
1.260969940681316284e-03 5.298763333524197927e-01
1.303130371200056587e-03 5.298665052821467381e-01
1.346700432388157767e-03 5.298639846387327434e-01
1.391727255135877424e-03 5.298515848606305534e-01
1.438259546151070007e-03 5.298566585363280179e-01
1.486347640646530459e-03 5.298685919560950364e-01
1.536043556788919398e-03 5.298421303267711879e-01
1.587401051968200579e-03 5.298563657788659675e-01
1.640475680948428249e-03 5.298438335479771499e-01
1.695324855962815390e-03 5.298457602309595282e-01
1.752007908818060174e-03 5.298413249930166158e-01
1.810586155075142928e-03 5.298356719055866693e-01
1.871122960375984270e-03 5.298400180127026404e-01
1.933683808987751848e-03 5.298356565214523695e-01
1.998336374638913938e-03 5.298482836211714231e-01
2.065150593723721201e-03 5.298367927128581067e-01
2.134198740954243185e-03 5.298330508898311253e-01
2.205555507541849362e-03 5.298283660756906155e-01
2.279298081992675151e-03 5.298278123801123396e-01
2.355506233604463730e-03 5.298181598815874249e-01
2.434262398755145627e-03 5.298328129310166945e-01
2.515651770076436904e-03 5.298156633673022364e-01
2.599762388608985089e-03 5.298311807131017570e-01
2.686685239038679764e-03 5.298222530106138084e-01
2.776514348117217236e-03 5.298208798926405949e-01
2.869346886373309435e-03 5.298149531981335425e-01
2.965283273224645581e-03 5.298123653753680218e-01
3.064427285604211931e-03 5.298161176641641434e-01
3.166886170218578649e-03 5.297937276790066763e-01
3.272770759559481216e-03 5.298042401006894941e-01
3.382195591794276077e-03 5.298075444608640883e-01
3.495279034664920681e-03 5.297993611957714233e-01
3.612143413529477973e-03 5.297919459982514123e-01
3.732915143684721951e-03 5.297878370571517115e-01
3.857724867112893516e-03 5.297911296887400923e-01
3.986707593800617976e-03 5.297775983168091507e-01
4.120002847782761740e-03 5.297675479051016101e-01
4.257754818069308354e-03 5.297752449534375296e-01
4.400112514618404608e-03 5.297427239590020154e-01
4.547229929524409554e-03 5.297665641323843211e-01
4.699266203595197679e-03 5.297432104452273194e-01
4.856385798499019031e-03 5.297487511246233849e-01
5.018758674667020935e-03 5.297323897790910951e-01
5.186560475143959549e-03 5.297234241908180818e-01
5.359972715585955248e-03 5.297258353261056207e-01
5.539182980610755057e-03 5.297152001466168825e-01
5.724385126713026593e-03 5.297076485900832354e-01
5.915779491964028892e-03 5.297005711996812805e-01
6.113573112722652143e-03 5.296897725798883627e-01
6.317979947592099882e-03 5.296753114546158825e-01
6.529221108864616957e-03 5.296711961470654817e-01
6.747525101704480652e-03 5.296615667196836741e-01
6.973128071328140755e-03 5.296489103974741930e-01
7.206274058448705437e-03 5.296359635940075528e-01
7.447215263261310406e-03 5.296242104366438719e-01
7.696212318254701257e-03 5.296037492177724237e-01
7.953534570144332738e-03 5.295913797627993524e-01
8.219460371231864307e-03 5.295853103048024924e-01
8.494277380506187053e-03 5.295628525827230648e-01
8.778282874811823774e-03 5.295574368139094323e-01
9.071784070421121463e-03 5.295198311282339754e-01
9.375098455358292851e-03 5.295145135438208417e-01
9.688554132834568261e-03 5.294940111097575786e-01
1.001249017616620725e-02 5.294813574534977807e-01
1.034725699555901803e-02 5.294481613054425884e-01
1.069321671715643858e-02 5.294296444201775920e-01
1.105074357476093505e-02 5.294040146456067131e-01
1.142022431465263173e-02 5.293797322007510742e-01
1.180205861394306721e-02 5.293484614417978129e-01
1.219665951291643881e-02 5.293255693171490250e-01
1.260445386182631328e-02 5.292999851699007330e-01
1.302588278263077520e-02 5.292694850282988472e-01
1.346140214616583890e-02 5.292400410079179940e-01
1.391148306527291781e-02 5.292013173720691022e-01
1.437661240441416924e-02 5.291742340681075962e-01
1.485729330632660182e-02 5.291389379991151554e-01
1.535404573628500365e-02 5.290944431196864528e-01
1.586740704456205894e-02 5.290577375900517021e-01
1.639793254769450481e-02 5.290212081529743759e-01
1.694619612918364313e-02 5.289810730509739711e-01
1.751279086028037155e-02 5.289326904579275679e-01
1.809832964152614798e-02 5.288886060556576840e-01
1.870344586574363213e-02 5.288400124873863239e-01
1.932879410319460894e-02 5.287880754833527153e-01
1.997505080964588620e-02 5.287311035978363716e-01
2.064291505810955316e-02 5.286788105078054079e-01
2.133310929504865505e-02 5.286265247679781121e-01
2.204638012186681956e-02 5.285750026134312662e-01
2.278349910252664909e-02 5.285134161986905221e-01
2.354526359817107548e-02 5.284443718238616139e-01
2.433249762964985810e-02 5.283872986703750385e-01
2.514605276888498206e-02 5.283103049325869049e-01
2.598680906003840441e-02 5.282358688470287778e-01
2.685567597147924673e-02 5.281722550227765378e-01
2.775359337957988490e-02 5.280901459258326991e-01
2.868153258540498754e-02 5.280071533498185143e-01
2.964049736539381419e-02 5.279344673471721983e-01
3.063152505717161092e-02 5.278455953293487157e-01
3.165568768166540647e-02 5.277607043330649894e-01
3.271409310273729054e-02 5.276729141842322335e-01
3.380788622559029871e-02 5.275841228684116091e-01
3.493825023524253087e-02 5.274883165435803045e-01
3.610640787640997940e-02 5.273903312549143019e-01
3.731362277618164441e-02 5.272931329853797200e-01
3.856120081091872487e-02 5.271831116637257786e-01
3.985049151885547425e-02 5.270911007572808282e-01
4.118288955993056055e-02 5.269767326391093798e-01
4.255983622442782027e-02 5.268644646092045525e-01
4.398282099205792772e-02 5.267531256029185371e-01
4.545338314316834522e-02 5.266466397769046237e-01
4.697311342382341770e-02 5.265243981263247885e-01
4.854365576655684383e-02 5.264078764430031310e-01
5.016670906865677154e-02 5.262791677017367720e-01
5.184402902990837420e-02 5.261580745699417916e-01
5.357743005178047802e-02 5.260410900977084969e-01
5.536878720011212396e-02 5.258888905329353047e-01
5.722003823342062395e-02 5.257588696473218803e-01
5.913318569902666078e-02 5.256292311260685191e-01
6.111029909926251474e-02 5.254935168116076083e-01
6.315351713010779189e-02 5.253490919944343585e-01
6.526504999467336310e-02 5.252145942343137142e-01
6.744718179403717817e-02 5.250683067901074086e-01
6.970227299801623477e-02 5.249305275112765568e-01
7.203276299854979858e-02 5.247781037011771677e-01
7.444117274845411802e-02 5.246251120812626123e-01
7.693010748840443946e-02 5.244827574067190135e-01
7.950225956509210379e-02 5.243305987773930754e-01
8.216041134360790865e-02 5.241873301610493474e-01
8.490743821719984319e-02 5.240263959866111598e-01
8.774631171766281157e-02 5.238742104111921982e-01
9.068010272972255870e-02 5.237139513194987162e-01
9.371198481289348681e-02 5.235650413096640809e-01
9.684523763440215649e-02 5.234100164026085356e-01
1.000832505168899600e-01 5.232483230857453149e-01
1.034295261047340625e-01 5.230790803514324683e-01
1.068876841529496080e-01 5.229225828877318571e-01
1.104614654427753945e-01 5.227661698714962668e-01
1.141547358281756464e-01 5.226042828528638662e-01
1.179714904176376727e-01 5.224490982071209322e-01
1.219158578957853512e-01 5.222825151449288494e-01
1.259921049894874856e-01 5.221278504704324197e-01
1.302046410832891354e-01 5.219759433922305236e-01
1.345580229891604751e-01 5.218118602243781989e-01
1.390569598757198100e-01 5.216539877583492579e-01
1.437063183622670492e-01 5.214992423793384235e-01
1.485111277831346888e-01 5.213495677915986892e-01
1.534765856280515817e-01 5.211972320264333103e-01
1.586080631644066208e-01 5.210403649662965764e-01
1.639111112474894438e-01 5.208936771675042321e-01
1.693914663249987407e-01 5.207399996491482996e-01
1.750550566423093313e-01 5.205778956781792477e-01
1.809080086552135869e-01 5.204336757524078427e-01
1.869566536570689830e-01 5.202888646795768013e-01
1.932075346275276828e-01 5.201432798544940450e-01
1.996674133102498971e-01 5.199986043777352629e-01
2.063432775272630582e-01 5.198571350888503417e-01
2.132423487378718452e-01 5.197290029734235040e-01
2.203720898503036263e-01 5.195876814442008662e-01
2.277402132945338109e-01 5.194476865197411586e-01
2.353546893650253491e-01 5.193202437144548433e-01
2.432237548424092122e-01 5.191891761729289234e-01
2.513559219034258718e-01 5.190497841494988718e-01
2.597599873287743666e-01 5.189307115465133791e-01
2.684450420188219666e-01 5.188088350216478739e-01
2.774204808274743361e-01 5.186900075440095126e-01
2.866960127248350254e-01 5.185742277165086289e-01
2.962816712996577673e-01 5.184490563006963759e-01
3.061878256129444420e-01 5.183362091733119126e-01
3.164251914144354805e-01 5.182229023912272581e-01
3.270048427341168962e-01 5.181155143258542317e-01
3.379382238612947953e-01 5.180108648565013851e-01
3.492371617241852855e-01 5.178984744762966663e-01
3.609138786834163448e-01 5.178015159316371463e-01
3.729810057532814693e-01 5.176985899067799712e-01
3.854515962650386651e-01 5.176070475812398763e-01
3.983391399870480631e-01 5.175127412822918549e-01
4.116575777170102257e-01 5.174265811005400728e-01
4.254213163620995108e-01 5.173286967940101677e-01
4.396452445232932327e-01 5.172335682289073144e-01
4.543447486007690661e-01 5.171495062057827052e-01
4.695357294377799362e-01 5.170679051048033825e-01
4.852346195210218704e-01 5.169938764542076903e-01
5.014584007560848322e-01 5.169194653197136669e-01
5.182246228372336949e-01 5.168494199697393210e-01
5.355514222313770833e-01 5.167683048053890449e-01
5.534575417967635413e-01 5.167001822662983246e-01
5.719623510576314906e-01 5.166394621294743139e-01
5.910858671567322808e-01 5.165699781166288584e-01
6.108487765084068544e-01 5.165082198391887092e-01
6.312724571756275216e-01 5.164422254072362772e-01
6.523790019952193653e-01 5.163758607135854328e-01
6.741912424762606104e-01 5.164943483423600767e-01
6.967327734975364839e-01 5.161852149772258036e-01
7.200279788307419881e-01 5.160742869831506097e-01
7.441020575170596008e-01 5.161006391093160284e-01
7.689810511256225389e-01 5.161337026578416420e-01
7.946918719233755368e-01 5.161021161249800260e-01
8.212623319867858873e-01 5.160333772751749537e-01
8.487211732869031078e-01 5.159642263414880858e-01
8.770980987803161932e-01 5.159159357329932138e-01
9.064238045396205701e-01 5.158809437645510698e-01
9.367300129581793700e-01 5.158485638439469501e-01
9.680495070650749767e-01 5.158121546610721087e-01
1.000416165987385808e+00 5.157735073096184619e-01
1.033865001598128330e+00 5.157354645714243846e-01
1.068432196389532240e+00 5.157001673904237915e-01
1.104155142612600837e+00 5.156681175975506015e-01
1.141072482725305592e+00 5.156395824407341566e-01
1.179224151193147607e+00 5.156143275041107366e-01
1.218651417687333982e+00 5.155908031504417011e-01
1.259396931727273516e+00 5.155672472374918103e-01
1.301504768815691548e+00 5.155424109505012398e-01
1.345020478116276896e+00 5.155165594766618620e-01
1.389991131725407447e+00 5.154902358004369578e-01
1.436465375591293947e+00 5.154641807250077701e-01
1.484493482135585296e+00 5.154397926782295913e-01
1.534127404634392455e+00 5.154186065636831016e-01
1.585420833417506836e+00 5.154015143757463280e-01
1.638429253946665609e+00 5.153869957446525207e-01
1.693210006835640158e+00 5.153729645879632226e-01
1.749822349877109051e+00 5.153577354802160171e-01
1.808327522143368116e+00 5.153413211781184833e-01
1.868788810230267217e+00 5.153241842794611394e-01
1.931271616715998229e+00 5.153068529715244539e-01
1.995843530908793184e+00 5.152901695376833624e-01
2.062574401960084458e+00 5.152750701787627285e-01
2.131536414422164238e+00 5.152621960220984398e-01
2.202804166332139602e+00 5.152505895990725504e-01
2.276454749906602792e+00 5.152387546257061191e-01
2.352567834934338631e+00 5.152255571228913089e-01
2.431225754957225149e+00 5.152120896349646761e-01
2.512513596332623944e+00 5.152002890449537409e-01
2.596519290273538783e+00 5.151917845804394602e-01
2.683333707966161441e+00 5.151860492894269061e-01
2.773050758867611432e+00 5.151816382481295697e-01
2.865767492290306695e+00 5.151772226279059952e-01
2.961584202382770314e+00 5.151724229172255365e-01
3.060604536620467719e+00 5.151673124709417184e-01
3.162935607924048931e+00 5.151619270138898532e-01
3.268688110526199786e+00 5.151559348085714696e-01
3.377976439712552459e+00 5.151488080828836580e-01
3.490918815566087297e+00 5.151401620276391258e-01
3.607637410848952619e+00 5.151311255000197153e-01
3.728258483159945236e+00 5.151237289748449300e-01
3.852912511510727001e+00 5.151198200559705676e-01
3.981734337468417539e+00 5.151188894208386104e-01
4.114863311017320058e+00 5.151188624704816643e-01
4.252443441297450555e+00 5.151177154514793299e-01
4.394623552383071896e+00 5.151145385124056286e-01
4.541557444269631816e+00 5.151092455916368440e-01
4.693404059243289517e+00 5.151018498075546903e-01
4.850327653813030437e+00 5.150936880795659034e-01
5.012497976391239618e+00 5.150871867096306067e-01
5.180090450915090017e+00 5.150846650620324318e-01
5.353286366607249214e+00 5.150856966562146200e-01
5.532273074081278885e+00 5.150873422802960677e-01
5.717244188003695271e+00 5.150866660582024137e-01
5.908399796532135539e+00 5.150830089142708346e-01
6.105946677756002750e+00 5.150780282608689031e-01
6.310098523373801171e+00 5.150734535346749299e-01
6.521076169849157722e+00 5.150700892251329766e-01
6.739107837295406966e+00 5.150676934663386275e-01
6.964429376347387013e+00 5.150659606012895075e-01
7.197284523287298619e+00 5.150643118854507652e-01
7.437925163700752407e+00 5.150618249866073528e-01
7.686611604948010879e+00 5.150575816990941025e-01
7.943612857745410594e+00 5.150518677592020866e-01
8.209206927161357470e+00 5.150466548228087582e-01
8.483681113341843272e+00 5.150440125081673370e-01
8.767332322290526392e+00 5.150443088734111274e-01
9.060467387039910392e+00 5.150452576831552332e-01
9.363403399560734641e+00 5.150443603477958820e-01
9.676468053768756405e+00 5.150406227695579764e-01
1.000000000000001243e+01 5.150356686391206473e-01
