2.000000000000000164e-05 1.553108079273260778e+01
2.066869842267550072e-05 1.603051602674934273e+01
2.135975472437544027e-05 1.654601583345161941e+01
2.207391643902171255e-05 1.707808908439400497e+01
2.281195609427394449e-05 1.762727286212895450e+01
2.357467204719313169e-05 1.819411689434847190e+01
2.436288934784564352e-05 1.877918613301017814e+01
2.517746063178175121e-05 1.938306998269010961e+01
2.601926704235410016e-05 2.000637269115857109e+01
2.688921918387384303e-05 2.064971903705790623e+01
2.778825810663545582e-05 2.131375022855091572e+01
2.871735632487579741e-05 2.199913380449633493e+01
2.967751886876853870e-05 2.270655695609237057e+01
3.066978437159193627e-05 2.343672310758916666e+01
3.169522619324599853e-05 2.419037190806988136e+01
3.275495358133433647e-05 2.496825353656713986e+01
3.385011287106671010e-05 2.577114232060917587e+01
3.498188872528021299e-05 2.659985282778271198e+01
3.615150541592045298e-05 2.745520994889775679e+01
3.736022814836899319e-05 2.833806598899824536e+01
3.860936443004954884e-05 2.924930757910741974e+01
3.990026548479344494e-05 3.018985181924045591e+01
4.123432771449419843e-05 3.116063336123471572e+01
4.261299420963254024e-05 3.216263209932350264e+01
4.403775631030562105e-05 3.319684031669310542e+01
4.551015521944909301e-05 3.426430546304261071e+01
4.703178366999723984e-05 3.536608685968559485e+01
4.860428764778435972e-05 3.650328572552442807e+01
5.022936817205134787e-05 3.767705708436283629e+01
5.190878313548323190e-05 3.888855323195566172e+01
5.364434920576834987e-05 4.013900577163034455e+01
5.543794379073590958e-05 4.142964934737096883e+01
5.729150706919781900e-05 4.276178838351027167e+01
5.920704408969155763e-05 4.413675082989428944e+01
6.118662693939432690e-05 4.555591381698378939e+01
6.323239698555469304e-05 4.702069214891648841e+01
6.534656719186627638e-05 4.853255685550890064e+01
6.753142451228926792e-05 5.009301822728449594e+01
6.978933236490913268e-05 5.170363148330797998e+01
7.212273318850868345e-05 5.336602267351578632e+01
7.453415108461877573e-05 5.508182754701716988e+01
7.702619454790587906e-05 5.685278824356520744e+01
7.960155928784993205e-05 5.868065513990480042e+01
8.226303114476471348e-05 6.056727541756671229e+01
8.501348910331518868e-05 6.251450229116857571e+01
8.785590840679157983e-05 6.452431377374867338e+01
9.079336377550881697e-05 6.659869901702973038e+01
9.382903273281309529e-05 6.873973011220687113e+01
9.696619904229312483e-05 7.094954867941918053e+01
1.002082562599141270e-04 7.323036164695811578e+01
1.035587114049174785e-04 7.558445031584383855e+01
1.070211887534562421e-04 7.801413310797917688e+01
1.105994337590709140e-04 8.052187419003493574e+01
1.142973171042456330e-04 8.311015076309698202e+01
1.181188388874281471e-04 8.578153111756350313e+01
1.220681329500424115e-04 8.853869971974874886e+01
1.261494713481742377e-04 9.138439710225728163e+01
1.303672689737678670e-04 9.432143951002805693e+01
1.347260883303314362e-04 9.735278412340191778e+01
1.392306444683180742e-04 1.004813982856926913e+02
1.438858100855209437e-04 1.037104150011894319e+02
1.486966207979997041e-04 1.070430413735883093e+02
1.536682805872396744e-04 1.104826138142214376e+02
1.588061674294368483e-04 1.140324810730833889e+02
1.641158391129971276e-04 1.176962106075132510e+02
1.696030392505434848e-04 1.214774418891204704e+02
1.752737034919339915e-04 1.253798877889224457e+02
1.811339659450114388e-04 1.294073991176389598e+02
1.871901658110307874e-04 1.335640023236996683e+02
1.934488542419408646e-04 1.378537895180994326e+02
1.999168014269393128e-04 1.422809474591191190e+02
2.066010039159656652e-04 1.468499064121180027e+02
2.135086921880547338e-04 1.515651204920908697e+02
2.206473384727377968e-04 1.564312251259395055e+02
2.280246648329511538e-04 1.614530447636672648e+02
2.356486515181963309e-04 1.666354437995780131e+02
2.435275455969876748e-04 1.719835710530237236e+02
2.516698698779247295e-04 1.775025739921407819e+02
2.600844321290405573e-04 1.831978883069980384e+02
2.687803346053976817e-04 1.890750634164961355e+02
2.777669838952388651e-04 1.951398291327882362e+02
2.870541010953427292e-04 2.013980236040803504e+02
2.966517323265922064e-04 2.078558159977429511e+02
3.065702596011295341e-04 2.145193298497212879e+02
3.168204120528543403e-04 2.213950846741889507e+02
3.274132775434116785e-04 2.284896331185980216e+02
3.383603146562264279e-04 2.358098193265371378e+02
3.496733650915567022e-04 2.433626591288118561e+02
3.613646664759745386e-04 2.511553527344852057e+02
3.734468656001317080e-04 2.591952732359204106e+02
3.859330320991275886e-04 2.674900712965688854e+02
3.988366725902805230e-04 2.760476624343238541e+02
4.121717452835938129e-04 2.848759421135983985e+02
4.259526750807212541e-04 2.939832841174252849e+02
4.401943691787655547e-04 3.033782405593529461e+02
4.549122331957894719e-04 3.130694082396504996e+02
4.701221878354804149e-04 3.230658260822079910e+02
4.858406861089974399e-04 3.333767699201443406e+02
5.020847311326308640e-04 3.440115332485056001e+02
5.188718945205230424e-04 3.549797685696361214e+02
5.362203353923492141e-04 3.662915863851109179e+02
5.541488200165187389e-04 3.779570437634698692e+02
5.726767421101455150e-04 3.899865370740425874e+02
5.918241438177454907e-04 4.023906778572676330e+02
6.116117373913557359e-04 4.151805807106391626e+02
6.320609275955268004e-04 4.283672642337503476e+02
6.531938348614238542e-04 4.419621653347207371e+02
6.750333192150836329e-04 4.559769545215649487e+02
6.976030050057104547e-04 4.704235323561374003e+02
7.209273064607610694e-04 4.853141124506708479e+02
7.450314540954613768e-04 5.006610337464589975e+02
7.699415220053250396e-04 5.164770707093505280e+02
7.956844560711916160e-04 5.327750019760935629e+02
8.222881031073025473e-04 5.495680163984397950e+02
8.497812409839368810e-04 5.668694789192337566e+02
8.781936097571961097e-04 5.846928511182591137e+02
9.075559438396131216e-04 6.030520900237886508e+02
9.379000052463793693e-04 6.219611454132299286e+02
9.692586179531593148e-04 6.414343646925410667e+02
1.001665703402655023e-03 6.614856488493315965e+02
1.035156317198330069e-03 6.821299346244987873e+02
1.069766687024985286e-03 7.033817028701100753e+02
1.105534251837205851e-03 7.252559646689134070e+02
1.142497702358069404e-03 7.477674532382909547e+02
1.180697022931930960e-03 7.709312273677875282e+02
1.220173534776542454e-03 7.947624488848466626e+02
1.260969940681316284e-03 8.192761087321777040e+02
1.303130371200056587e-03 8.444869846889415612e+02
1.346700432388157767e-03 8.704106149066526541e+02
1.391727255135877424e-03 8.970615089424820781e+02
1.438259546151070007e-03 9.244545366962827302e+02
1.486347640646530459e-03 9.526042607120742787e+02
1.536043556788919398e-03 9.815248373677875406e+02
1.587401051968200579e-03 1.011229846984224309e+03
1.640475680948428249e-03 1.041733202755814318e+03
1.695324855962815390e-03 1.073047616626740137e+03
1.752007908818060174e-03 1.105185547530407121e+03
1.810586155075142928e-03 1.138158442845973468e+03
1.871122960375984270e-03 1.171977588475770290e+03
1.933683808987751848e-03 1.206652551898842376e+03
1.998336374638913938e-03 1.242192723954114172e+03
2.065150593723721201e-03 1.278605813947814113e+03
2.134198740954243185e-03 1.315898828887137370e+03
2.205555507541849362e-03 1.354077187696861301e+03
2.279298081992675151e-03 1.393145423982338343e+03
2.355506233604463730e-03 1.433105472028968052e+03
2.434262398755145627e-03 1.473958987462125151e+03
2.515651770076436904e-03 1.515705421167137047e+03
2.599762388608985089e-03 1.558341538671908665e+03
2.686685239038679764e-03 1.601863630055416024e+03
2.776514348117217236e-03 1.646265061361476910e+03
2.869346886373309435e-03 1.691536507565418560e+03
2.965283273224645581e-03 1.737667181157554978e+03
3.064427285604211931e-03 1.784643236229904687e+03
3.166886170218578649e-03 1.832448000055171406e+03
3.272770759559481216e-03 1.881062405802972080e+03
3.382195591794276077e-03 1.930464199818370389e+03
3.495279034664920681e-03 1.980627758638467412e+03
3.612143413529477973e-03 2.031523340260463101e+03
3.732915143684721951e-03 2.083119342374836833e+03
3.857724867112893516e-03 2.135379495437515743e+03
3.986707593800617976e-03 2.188263290200108258e+03
4.120002847782761740e-03 2.241726925540358479e+03
4.257754818069308354e-03 2.295722736638868810e+03
4.400112514618404608e-03 2.350198550492899813e+03
4.547229929524409554e-03 2.405099827009856654e+03
4.699266203595197679e-03 2.460366949502105854e+03
4.856385798499019031e-03 2.515937687486971299e+03
5.018758674667020935e-03 2.571745919409659109e+03
5.186560475143959549e-03 2.627723371500216217e+03
5.359972715585955248e-03 2.683795675101561756e+03
5.539182980610755057e-03 2.739888136127832240e+03
5.724385126713026593e-03 2.795919714115144870e+03
5.915779491964028892e-03 2.851806439345819399e+03
6.113573112722652143e-03 2.907459705101741747e+03
6.317979947592099882e-03 2.962787683243071115e+03
6.529221108864616957e-03 3.017693026984897188e+03
6.747525101704480652e-03 3.072076711961008186e+03
6.973128071328140755e-03 3.125835621748495214e+03
7.206274058448705437e-03 3.178862840784072432e+03
7.447215263261310406e-03 3.231049274263584721e+03
7.696212318254701257e-03 3.282283270486675974e+03
7.953534570144332738e-03 3.332445684477789200e+03
8.219460371231864307e-03 3.381415848950722648e+03
8.494277380506187053e-03 3.429065429909894192e+03
8.778282874811823774e-03 3.475261993227357380e+03
9.071784070421121463e-03 3.519869934718037712e+03
9.375098455358292851e-03 3.562749216229588001e+03
9.688554132834568261e-03 3.603757995637884051e+03
1.001249017616620725e-02 3.642750355974782906e+03
1.034725699555901803e-02 3.679574783114302591e+03
1.069321671715643858e-02 3.714075009816720922e+03
1.105074357476093505e-02 3.746091645545421670e+03
1.142022431465263173e-02 3.775461984659138579e+03
1.180205861394306721e-02 3.802023799815541679e+03
1.219665951291643881e-02 3.825613979662068232e+03
1.260445386182631328e-02 3.846066929395667557e+03
1.302588278263077520e-02 3.863214523221223317e+03
1.346140214616583890e-02 3.876890179301133685e+03
1.391148306527291781e-02 3.886929988146644064e+03
1.437661240441416924e-02 3.893175416459656844e+03
1.485729330632660182e-02 3.895469984203060903e+03
1.535404573628500365e-02 3.893664393835967985e+03
1.586740704456205894e-02 3.887613771487694976e+03
1.639793254769450481e-02 3.877185243102791446e+03
1.694619612918364313e-02 3.862261426413965182e+03
1.751279086028037155e-02 3.842733381144238592e+03
1.809832964152614798e-02 3.818509989135894102e+03
1.870344586574363213e-02 3.789523086204318588e+03
1.932879410319460894e-02 3.755723006476580849e+03
1.997505080964588620e-02 3.717088494961658853e+03
2.064291505810955316e-02 3.673623644520823746e+03
2.133310929504865505e-02 3.625367871999904310e+03
2.204638012186681956e-02 3.572393556409162557e+03
2.278349910252664909e-02 3.514811765615122113e+03
2.354526359817107548e-02 3.452773563581398321e+03
2.433249762964985810e-02 3.386475116048961809e+03
2.514605276888498206e-02 3.316156236755936789e+03
2.598680906003840441e-02 3.242104728672204601e+03
2.685567597147924673e-02 3.164656575704286297e+03
2.775359337957988490e-02 3.084193878924426372e+03
2.868153258540498754e-02 3.001147496412015698e+03
2.964049736539381419e-02 2.915990951101365226e+03
3.063152505717161092e-02 2.829238121951146240e+03
3.165568768166540647e-02 2.741437261880318601e+03
3.271409310273729054e-02 2.653168487446349900e+03
3.380788622559029871e-02 2.565028005443367874e+03
3.493825023524253087e-02 2.477628693210243455e+03
3.610640787640997940e-02 2.391579802470384948e+03
3.731362277618164441e-02 2.307480572782661966e+03
3.856120081091872487e-02 2.225906519127644515e+03
3.985049151885547425e-02 2.147392711185186727e+03
4.118288955993056055e-02 2.072423381779553438e+03
4.255983622442782027e-02 2.001413597593584655e+03
4.398282099205792772e-02 1.934697078811789652e+03
4.545338314316834522e-02 1.872508597169402037e+03
4.697311342382341770e-02 1.814971847826957401e+03
4.854365576655684383e-02 1.762085978049439063e+03
5.016670906865677154e-02 1.713710745840485288e+03
5.184402902990837420e-02 1.669558953205287253e+03
5.357743005178047802e-02 1.629187631753470441e+03
5.536878720011212396e-02 1.591993944895878485e+03
5.722003823342062395e-02 1.557222988911311404e+03
5.913318569902666078e-02 1.523977677115946108e+03
6.111029909926251474e-02 1.491245782900655513e+03
6.315351713010779189e-02 1.457941467103873492e+03
6.526504999467336310e-02 1.422961479028242593e+03
6.744718179403717817e-02 1.385259094422165845e+03
6.970227299801623477e-02 1.343933219965559601e+03
7.203276299854979858e-02 1.298321680755273746e+03
7.444117274845411802e-02 1.248096766903622211e+03
7.693010748840443946e-02 1.193339966590853919e+03
7.950225956509210379e-02 1.134588894285201604e+03
8.216041134360790865e-02 1.072837867376791337e+03
8.490743821719984319e-02 1.009486743522260099e+03
8.774631171766281157e-02 9.462309613374965238e+02
9.068010272972255870e-02 8.849104135355480594e+02
9.371198481289348681e-02 8.273248300806561701e+02
9.684523763440215649e-02 7.750474972768731732e+02
1.000832505168899600e-01 7.292532693796457579e+02
1.034295261047340625e-01 6.905852267626319190e+02
1.068876841529496080e-01 6.590620537708664415e+02
1.104614654427753945e-01 6.340352970111447348e+02
1.141547358281756464e-01 6.142022131292341101e+02
1.179714904176376727e-01 5.976906719345897727e+02
1.219158578957853512e-01 5.822428663576773715e+02
1.259921049894874856e-01 5.655192328064907770e+02
1.302046410832891354e-01 5.455072520973191104e+02
1.345580229891604751e-01 5.209652863407457062e+02
1.390569598757198100e-01 4.917696290097414362e+02
1.437063183622670492e-01 4.590230777346566242e+02
1.485111277831346888e-01 4.248348920437933884e+02
1.534765856280515817e-01 3.918041322184565729e+02
1.586080631644066208e-01 3.623597804151922332e+02
1.639111112474894438e-01 3.381582189281632509e+02
1.693914663249987407e-01 3.196937519190339572e+02
1.750550566423093313e-01 3.061859277815874520e+02
1.809080086552135869e-01 2.957580301437080266e+02
1.869566536570689830e-01 2.859232275838203350e+02
1.932075346275276828e-01 2.743506010412079377e+02
1.996674133102498971e-01 2.597175687732968754e+02
2.063432775272630582e-01 2.422566304595511042e+02
2.132423487378718452e-01 2.236299351025113822e+02
2.203720898503036263e-01 2.061204141133231360e+02
2.277402132945338109e-01 1.915573201092450404e+02
2.353546893650253491e-01 1.805239983086691495e+02
2.432237548424092122e-01 1.721783617302349967e+02
2.513559219034258718e-01 1.647356808952451672e+02
2.597599873287743666e-01 1.564445646643133045e+02
2.684450420188219666e-01 1.465909680492767393e+02
2.774204808274743361e-01 1.358567753186902962e+02
2.866960127248350254e-01 1.257096938850105090e+02
2.962816712996577673e-01 1.172863486701826048e+02
3.061878256129444420e-01 1.106311552639118077e+02
3.164251914144354805e-01 1.048045510914475642e+02
3.270048427341168962e-01 9.873005191799182967e+01
3.379382238612947953e-01 9.209114454042264697e+01
3.492371617241852855e-01 8.547020332399182507e+01
3.609138786834163448e-01 7.962633289242593548e+01
3.729810057532814693e-01 7.471374194485586884e+01
3.854515962650386651e-01 7.023882963464886586e+01
3.983391399870480631e-01 6.570357241652453695e+01
4.116575777170102257e-01 6.114194202285858637e+01
4.254213163620995108e-01 5.693004974337207358e+01
4.396452445232932327e-01 5.321935586651855488e+01
4.543447486007690661e-01 4.978988301572346131e+01
4.695357294377799362e-01 4.643260165913719106e+01
4.852346195210218704e-01 4.321734619800804467e+01
5.014584007560848322e-01 4.028279713797375194e+01
5.182246228372336949e-01 3.758673753265743755e+01
5.355514222313770833e-01 3.501927253117475658e+01
5.534575417967635413e-01 3.258888900416361878e+01
5.719623510576314906e-01 3.034446689630118854e+01
5.910858671567322808e-01 2.825663374730826050e+01
6.108487765084068544e-01 2.628763601482013712e+01
6.312724571756275216e-01 2.444897064759436134e+01
6.523790019952193653e-01 2.274087895446372798e+01
6.741912424762606104e-01 2.114225611608414468e+01
6.967327734975364839e-01 1.964852305537079147e+01
7.200279788307419881e-01 1.825719273850149804e+01
7.441020575170596008e-01 1.696088566063302494e+01
7.689810511256225389e-01 1.575251204908552616e+01
7.946918719233755368e-01 1.462599215588024926e+01
8.212623319867858873e-01 1.357628974123219656e+01
8.487211732869031078e-01 1.259867511096570425e+01
8.770980987803161932e-01 1.168860246570699246e+01
9.064238045396205701e-01 1.084168267607383740e+01
9.367300129581793700e-01 1.005377735061818534e+01
9.680495070650749767e-01 9.320980177510088893e+00
1.000416165987385808e+00 8.639592961481833200e+00
1.033865001598128330e+00 8.006151055829201724e+00
1.068432196389532240e+00 7.417433264524341929e+00
1.104155142612600837e+00 6.870464977111891969e+00
1.141072482725305592e+00 6.362456873063438323e+00
1.179224151193147607e+00 5.890774792644989155e+00
1.218651417687333982e+00 5.452915622924997763e+00
1.259396931727273516e+00 5.046536713719876666e+00
1.301504768815691548e+00 4.669460023515433988e+00
1.345020478116276896e+00 4.319673578639243061e+00
1.389991131725407447e+00 3.995297537641047558e+00
1.436465375591293947e+00 3.694567172224246576e+00
1.484493482135585296e+00 3.415817489238927251e+00
1.534127404634392455e+00 3.157493131697627131e+00
1.585420833417506836e+00 2.918147051767910671e+00
1.638429253946665609e+00 2.696438229322800417e+00
1.693210006835640158e+00 2.491117126386869884e+00
1.749822349877109051e+00 2.301017267600279137e+00
1.808327522143368116e+00 2.125048184902878834e+00
1.868788810230267217e+00 1.962193458512331956e+00
1.931271616715998229e+00 1.811506805311724033e+00
1.995843530908793184e+00 1.672107553245925526e+00
2.062574401960084458e+00 1.543176259861250177e+00
2.131536414422164238e+00 1.423950641449966303e+00
2.202804166332139602e+00 1.313721756684395059e+00
2.276454749906602792e+00 1.211830494610784736e+00
2.352567834934338631e+00 1.117664260655845787e+00
2.431225754957225149e+00 1.030653867393649392e+00
2.512513596332623944e+00 9.502705827215726098e-01
2.596519290273538783e+00 8.760233571181116341e-01
2.683333707966161441e+00 8.074561565787763406e-01
2.773050758867611432e+00 7.441456733258493550e-01
2.865767492290306695e+00 6.856991256070926744e-01
2.961584202382770314e+00 6.317520998888779271e-01
3.060604536620467719e+00 5.819666239395115959e-01
3.162935607924048931e+00 5.360293457975751075e-01
3.268688110526199786e+00 4.936497755186365355e-01
3.377976439712552459e+00 4.545587040803505396e-01
3.490918815566087297e+00 4.185067218039974501e-01
3.607637410848952619e+00 3.852628171919357247e-01
3.728258483159945236e+00 3.546130630823451924e-01
3.852912511510727001e+00 3.263593906611194639e-01
3.981734337468417539e+00 3.003184329682057063e-01
4.114863311017320058e+00 2.763204817490924059e-01
4.252443441297450555e+00 2.542085161120632431e-01
4.394623552383071896e+00 2.338372624156089541e-01
4.541557444269631816e+00 2.150723534122220004e-01
4.693404059243289517e+00 1.977895510600799767e-01
4.850327653813030437e+00 1.818739997470148473e-01
5.012497976391239618e+00 1.672195397219577717e-01
5.180090450915090017e+00 1.537280714778907209e-01
5.353286366607249214e+00 1.413089611678042257e-01
5.532273074081278885e+00 1.298784869931410291e-01
5.717244188003695271e+00 1.193593243646944857e-01
5.908399796532135539e+00 1.096800624767145238e-01
6.105946677756002750e+00 1.007747651944507772e-01
6.310098523373801171e+00 9.258256922005247969e-02
6.521076169849157722e+00 8.504729635895008633e-02
6.739107837295406966e+00 7.811710227180790334e-02
6.964429376347387013e+00 7.174415835490351168e-02
7.197284523287298619e+00 6.588435133798710430e-02
7.437925163700752407e+00 6.049700076552124578e-02
7.686611604948010879e+00 5.554459282213417004e-02
7.943612857745410594e+00 5.099253456680596236e-02
8.209206927161357470e+00 4.680893084737636906e-02
8.483681113341843272e+00 4.296438442033929245e-02
8.767332322290526392e+00 3.943180196619557737e-02
9.060467387039910392e+00 3.618621631220689250e-02
9.363403399560734641e+00 3.320462697185961459e-02
9.676468053768756405e+00 3.046585239206240150e-02
1.000000000000001243e+01 2.795039037264146833e-02
