2.000000000000000164e-05 3.353812693218674923e+01
2.066869842267550072e-05 3.461662417392663116e+01
2.135975472437544027e-05 3.572980422903975750e+01
2.207391643902171255e-05 3.687876839585435107e+01
2.281195609427394449e-05 3.806469707529659985e+01
2.357467204719313169e-05 3.928874053155500690e+01
2.436288934784564352e-05 4.055215256667339219e+01
2.517746063178175121e-05 4.185619267179525593e+01
2.601926704235410016e-05 4.320216060658232493e+01
2.688921918387384303e-05 4.459141828245645200e+01
2.778825810663545582e-05 4.602533678670491923e+01
2.871735632487579741e-05 4.750536375875776685e+01
2.967751886876853870e-05 4.903298400991521078e+01
3.066978437159193627e-05 5.060972060570617970e+01
3.169522619324599853e-05 5.223716274660544201e+01
3.275495358133433647e-05 5.391692993983090076e+01
3.385011287106671010e-05 5.565070299471008752e+01
3.498188872528021299e-05 5.744023559813930291e+01
3.615150541592045298e-05 5.928730260481076186e+01
3.736022814836899319e-05 6.119375835973422539e+01
3.860936443004954884e-05 6.316150000551768784e+01
3.990026548479344494e-05 6.519253320703298016e+01
4.123432771449419843e-05 6.728885013400361004e+01
4.261299420963254024e-05 6.945257717656123475e+01
4.403775631030562105e-05 7.168586885001649023e+01
4.551015521944909301e-05 7.399094735957051228e+01
4.703178366999723984e-05 7.637016255144268939e+01
4.860428764778435972e-05 7.882583365820092069e+01
5.022936817205134787e-05 8.136049331608548130e+01
5.190878313548323190e-05 8.397661308013961445e+01
5.364434920576834987e-05 8.667683365384056060e+01
5.543794379073590958e-05 8.946387920683375228e+01
5.729150706919781900e-05 9.234051040767548102e+01
5.920704408969155763e-05 9.530962812191427247e+01
6.118662693939432690e-05 9.837416737336816652e+01
6.323239698555469304e-05 1.015372219491603545e+02
6.534656719186627638e-05 1.048019412008918039e+02
6.753142451228926792e-05 1.081715963319045954e+02
6.978933236490913268e-05 1.116495596727889108e+02
7.212273318850868345e-05 1.152393086967229721e+02
7.453415108461877573e-05 1.189444375101214177e+02
7.702619454790587906e-05 1.227686476532327191e+02
7.960155928784993205e-05 1.267157436219038829e+02
8.226303114476471348e-05 1.307896648070776280e+02
8.501348910331518868e-05 1.349945185746728100e+02
8.785590840679157983e-05 1.393344767621636890e+02
9.079336377550881697e-05 1.438138695570547156e+02
9.382903273281309529e-05 1.484371942088602339e+02
9.696619904229312483e-05 1.532090489415390380e+02
1.002082562599141270e-04 1.581341530101848889e+02
1.035587114049174785e-04 1.632175240158695146e+02
1.070211887534562421e-04 1.684641282813939824e+02
1.105994337590709140e-04 1.738792709800234206e+02
1.142973171042456330e-04 1.794682795905256114e+02
1.181188388874281471e-04 1.852367975110361442e+02
1.220681329500424115e-04 1.911905479926834914e+02
1.261494713481742377e-04 1.973353966113904221e+02
1.303672689737678670e-04 2.036775301699024965e+02
1.347260883303314362e-04 2.102231900735133081e+02
1.392306444683180742e-04 2.169789779972917927e+02
1.438858100855209437e-04 2.239515032301470967e+02
1.486966207979997041e-04 2.311477942740921776e+02
1.536682805872396744e-04 2.385749246537300507e+02
1.588061674294368483e-04 2.462401915613500023e+02
1.641158391129971276e-04 2.541513909123751205e+02
1.696030392505434848e-04 2.623161996288739033e+02
1.752737034919339915e-04 2.707427426519464007e+02
1.811339659450114388e-04 2.794392887691719238e+02
1.871901658110307874e-04 2.884146118947742821e+02
1.934488542419408646e-04 2.976774198657965940e+02
1.999168014269393128e-04 3.072368495329224629e+02
2.066010039159656652e-04 3.171023436607476924e+02
2.135086921880547338e-04 3.272836900097912576e+02
2.206473384727377968e-04 3.377907310318126974e+02
2.280246648329511538e-04 3.486339176927492645e+02
2.356486515181963309e-04 3.598238357839640571e+02
2.435275455969876748e-04 3.713713676589987358e+02
2.516698698779247295e-04 3.832879623607087751e+02
2.600844321290405573e-04 3.955851033339096716e+02
2.687803346053976817e-04 4.082748186557801660e+02
2.777669838952388651e-04 4.213694504149982549e+02
2.870541010953427292e-04 4.348816526019520552e+02
2.966517323265922064e-04 4.488245833918387575e+02
3.065702596011295341e-04 4.632116325285919061e+02
3.168204120528543403e-04 4.780567208672570700e+02
3.274132775434116785e-04 4.933742263016953302e+02
3.383603146562264279e-04 5.091785297733622997e+02
3.496733650915567022e-04 5.254851206806245045e+02
3.613646664759745386e-04 5.423092230899366086e+02
3.734468656001317080e-04 5.596669291805668536e+02
3.859330320991275886e-04 5.775747421653288711e+02
3.988366725902805230e-04 5.960494873841438448e+02
4.121717452835938129e-04 6.151086154027093471e+02
4.259526750807212541e-04 6.347697118333810522e+02
4.401943691787655547e-04 6.550514188622876190e+02
4.549122331957894719e-04 6.759724729374064509e+02
4.701221878354804149e-04 6.975521565991699617e+02
4.858406861089974399e-04 7.198102366348889518e+02
5.020847311326308640e-04 7.427670668784917325e+02
5.188718945205230424e-04 7.664436840173510745e+02
5.362203353923492141e-04 7.908611355418271387e+02
5.541488200165187389e-04 8.160415921382775650e+02
5.726767421101455150e-04 8.420076626292325273e+02
5.918241438177454907e-04 8.687820619173960495e+02
6.116117373913557359e-04 8.963883831302161980e+02
6.320609275955268004e-04 9.248505716103060195e+02
6.531938348614238542e-04 9.541934899969110120e+02
6.750333192150836329e-04 9.844421731225837675e+02
6.976030050057104547e-04 1.015622389868933624e+03
7.209273064607610694e-04 1.047760372694489661e+03
7.450314540954613768e-04 1.080882831741583459e+03
7.699415220053250396e-04 1.115017288564255750e+03
7.956844560711916160e-04 1.150191102913734767e+03
8.222881031073025473e-04 1.186432882672651658e+03
8.497812409839368810e-04 1.223771534864170007e+03
8.781936097571961097e-04 1.262236154657457291e+03
9.075559438396131216e-04 1.301856713149930101e+03
9.379000052463793693e-04 1.342663160093082752e+03
9.692586179531593148e-04 1.384686809629425625e+03
1.001665703402655023e-03 1.427957396004487691e+03
1.035156317198330069e-03 1.472507060414434591e+03
1.069766687024985286e-03 1.518367123571469847e+03
1.105534251837205851e-03 1.565569392683929891e+03
1.142497702358069404e-03 1.614146264694043793e+03
1.180697022931930960e-03 1.664129563142587131e+03
1.220173534776542454e-03 1.715552053363095411e+03
1.260969940681316284e-03 1.768445683958705558e+03
1.303130371200056587e-03 1.822842718401168213e+03
1.346700432388157767e-03 1.878774850616203821e+03
1.391727255135877424e-03 1.936274495902234321e+03
1.438259546151070007e-03 1.995372497649870866e+03
1.486347640646530459e-03 2.056100667655362940e+03
1.536043556788919398e-03 2.118487745647421434e+03
1.587401051968200579e-03 2.182564498212041599e+03
1.640475680948428249e-03 2.248358880074594254e+03
1.695324855962815390e-03 2.315898430260662735e+03
1.752007908818060174e-03 2.385209311705255914e+03
1.810586155075142928e-03 2.456317210314359727e+03
1.871122960375984270e-03 2.529245157798617129e+03
1.933683808987751848e-03 2.604015058018767832e+03
1.998336374638913938e-03 2.680644817697837880e+03
2.065150593723721201e-03 2.759154219000777630e+03
2.134198740954243185e-03 2.839556188845971064e+03
2.205555507541849362e-03 2.921864102796635962e+03
2.279298081992675151e-03 3.006086354598135131e+03
2.355506233604463730e-03 3.092230095907290433e+03
2.434262398755145627e-03 3.180296552518049339e+03
2.515651770076436904e-03 3.270284853421141634e+03
2.599762388608985089e-03 3.362188967991574373e+03
2.686685239038679764e-03 3.455999345820558574e+03
2.776514348117217236e-03 3.551701333291636729e+03
2.869346886373309435e-03 3.649275367029296831e+03
2.965283273224645581e-03 3.748695034983683854e+03
3.064427285604211931e-03 3.849932503360224018e+03
3.166886170218578649e-03 3.952947677947529428e+03
3.272770759559481216e-03 4.057699800022484396e+03
3.382195591794276077e-03 4.164138901037849791e+03
3.495279034664920681e-03 4.272209488660787429e+03
3.612143413529477973e-03 4.381846120134864577e+03
3.732915143684721951e-03 4.492981659661928461e+03
3.857724867112893516e-03 4.605534130135327359e+03
3.986707593800617976e-03 4.719422023820056893e+03
4.120002847782761740e-03 4.834548040688047877e+03
4.257754818069308354e-03 4.950812583612497292e+03
4.400112514618404608e-03 5.068106242761513386e+03
4.547229929524409554e-03 5.186312478973488396e+03
4.699266203595197679e-03 5.305303456994442968e+03
4.856385798499019031e-03 5.424946381779464900e+03
5.018758674667020935e-03 5.545102452528005415e+03
5.186560475143959549e-03 5.665622126711039527e+03
5.359972715585955248e-03 5.786346826225140831e+03
5.539182980610755057e-03 5.907114341767651240e+03
5.724385126713026593e-03 6.027750853315750646e+03
5.915779491964028892e-03 6.148079722526448677e+03
6.113573112722652143e-03 6.267910945031942902e+03
6.317979947592099882e-03 6.387049451099024736e+03
6.529221108864616957e-03 6.505296729916216464e+03
6.747525101704480652e-03 6.622437851441996827e+03
6.973128071328140755e-03 6.738258423684864283e+03
7.206274058448705437e-03 6.852531759127397891e+03
7.447215263261310406e-03 6.965026018997523352e+03
7.696212318254701257e-03 7.075498175723274471e+03
7.953534570144332738e-03 7.183700525318255131e+03
8.219460371231864307e-03 7.289372380790172429e+03
8.494277380506187053e-03 7.392249756847201752e+03
8.778282874811823774e-03 7.492052497901006973e+03
9.071784070421121463e-03 7.588498187161096212e+03
9.375098455358292851e-03 7.681291855820393721e+03
9.688554132834568261e-03 7.770134956001365936e+03
1.001249017616620725e-02 7.854712998209565740e+03
1.034725699555901803e-02 7.934710974388001887e+03
1.069321671715643858e-02 8.009801319410785254e+03
1.105074357476093505e-02 8.079654192560175943e+03
1.142022431465263173e-02 8.143929822705999868e+03
1.180205861394306721e-02 8.202283239882011912e+03
1.219665951291643881e-02 8.254374004729106673e+03
1.260445386182631328e-02 8.299849880986774224e+03
1.302588278263077520e-02 8.338365395983728376e+03
1.346140214616583890e-02 8.369570055357395177e+03
1.391148306527291781e-02 8.393120194147722941e+03
1.437661240441416924e-02 8.408682118738101053e+03
1.485729330632660182e-02 8.415921835053073664e+03
1.535404573628500365e-02 8.414525428389802983e+03
1.586740704456205894e-02 8.404190971565505606e+03
1.639793254769450481e-02 8.384633999444577057e+03
1.694619612918364313e-02 8.355595457598101348e+03
1.751279086028037155e-02 8.316844748521363726e+03
1.809832964152614798e-02 8.268187210162050178e+03
1.870344586574363213e-02 8.209458783585334459e+03
1.932879410319460894e-02 8.140550711595873508e+03
1.997505080964588620e-02 8.061397834422222331e+03
2.064291505810955316e-02 7.971993582708058966e+03
2.133310929504865505e-02 7.872400478465500782e+03
2.204638012186681956e-02 7.762745608483325668e+03
2.278349910252664909e-02 7.643234296080672721e+03
2.354526359817107548e-02 7.514159012215180155e+03
2.433249762964985810e-02 7.375898162577876974e+03
2.514605276888498206e-02 7.228918338853284695e+03
2.598680906003840441e-02 7.073792346701824499e+03
2.685567597147924673e-02 6.911183421617390195e+03
2.775359337957988490e-02 6.741857908912452331e+03
2.868153258540498754e-02 6.566680287996418883e+03
2.964049736539381419e-02 6.386604066043255443e+03
3.063152505717161092e-02 6.202671546643618967e+03
3.165568768166540647e-02 6.016001191842168737e+03
3.271409310273729054e-02 5.827775898113329276e+03
3.380788622559029871e-02 5.639226612509203733e+03
3.493825023524253087e-02 5.451612606961797610e+03
3.610640787640997940e-02 5.266204977877074271e+03
3.731362277618164441e-02 5.084254809901659428e+03
3.856120081091872487e-02 4.906970330841440045e+03
3.985049151885547425e-02 4.735490708598379570e+03
4.118288955993056055e-02 4.570852801484228621e+03
4.255983622442782027e-02 4.413959951090330833e+03
4.398282099205792772e-02 4.265553722305283372e+03
4.545338314316834522e-02 4.126179415790729763e+03
4.697311342382341770e-02 3.996161684573282400e+03
4.854365576655684383e-02 3.875569950839739704e+03
5.016670906865677154e-02 3.764197244888338446e+03
5.184402902990837420e-02 3.661538816051049253e+03
5.357743005178047802e-02 3.566779232044014407e+03
5.536878720011212396e-02 3.478779546076480074e+03
5.722003823342062395e-02 3.396097962613069285e+03
5.913318569902666078e-02 3.317008062022121521e+03
6.111029909926251474e-02 3.239549730990411263e+03
6.315351713010779189e-02 3.161611169099801373e+03
6.526504999467336310e-02 3.081035145551658843e+03
6.744718179403717817e-02 2.995765394616589219e+03
6.970227299801623477e-02 2.904006563629673565e+03
7.203276299854979858e-02 2.804414444105962048e+03
7.444117274845411802e-02 2.696274053879203620e+03
7.693010748840443946e-02 2.579651015633705811e+03
7.950225956509210379e-02 2.455488292244044715e+03
8.216041134360790865e-02 2.325614575380930091e+03
8.490743821719984319e-02 2.192662671581037102e+03
8.774631171766281157e-02 2.059868147709715231e+03
9.068010272972255870e-02 1.930786121997470673e+03
9.371198481289348681e-02 1.808939262432300438e+03
9.684523763440215649e-02 1.697452241860635013e+03
1.000832505168899600e-01 1.598703989367258373e+03
1.034295261047340625e-01 1.514049788950707125e+03
1.068876841529496080e-01 1.443623546824445611e+03
1.104614654427753945e-01 1.386242268255438148e+03
1.141547358281756464e-01 1.339426774857349301e+03
1.179714904176376727e-01 1.299570647006028139e+03
1.219158578957853512e-01 1.262303182302080586e+03
1.259921049894874856e-01 1.223081450008869069e+03
1.302046410832891354e-01 1.177973163039332348e+03
1.345580229891604751e-01 1.124504649199105415e+03
1.390569598757198100e-01 1.062331851627574906e+03
1.437063183622670492e-01 9.934659789248887591e+02
1.485111277831346888e-01 9.218846794554062853e+02
1.534765856280515817e-01 8.525693916242498744e+02
1.586080631644066208e-01 7.902487100428546682e+02
1.639111112474894438e-01 7.382106826274289233e+02
1.693914663249987407e-01 6.975087715994651489e+02
1.750550566423093313e-01 6.667029531374382714e+02
1.809080086552135869e-01 6.421931245823310519e+02
1.869566536570689830e-01 6.191673904695944657e+02
1.932075346275276828e-01 5.930880160750442656e+02
1.996674133102498971e-01 5.613370371677128787e+02
2.063432775272630582e-01 5.242765227538183126e+02
2.132423487378718452e-01 4.850428063208375988e+02
2.203720898503036263e-01 4.480259159212218947e+02
2.277402132945338109e-01 4.168024165888501784e+02
2.353546893650253491e-01 3.925661197944624519e+02
2.432237548424092122e-01 3.737342999005190336e+02
2.513559219034258718e-01 3.568635337068249100e+02
2.597599873287743666e-01 3.385406450887653591e+02
2.684450420188219666e-01 3.173329696451693280e+02
2.774204808274743361e-01 2.945056379679397196e+02
2.866960127248350254e-01 2.728774992559497150e+02
2.962816712996577673e-01 2.546709641296469044e+02
3.061878256129444420e-01 2.400079115384497754e+02
3.164251914144354805e-01 2.270850170942181876e+02
3.270048427341168962e-01 2.138038038023791501e+02
3.379382238612947953e-01 1.995181028218087818e+02
3.492371617241852855e-01 1.853297035467129490e+02
3.609138786834163448e-01 1.727100562969131659e+02
3.729810057532814693e-01 1.619755811807599173e+02
3.854515962650386651e-01 1.521778273502051775e+02
3.983391399870480631e-01 1.423404282008786481e+02
4.116575777170102257e-01 1.325105921787926491e+02
4.254213163620995108e-01 1.234104124177992503e+02
4.396452445232932327e-01 1.153395790878170715e+02
4.543447486007690661e-01 1.078750793536175223e+02
4.695357294377799362e-01 1.006044919774961670e+02
4.852346195210218704e-01 9.365424550217115041e+01
5.014584007560848322e-01 8.729167763571065564e+01
5.182246228372336949e-01 8.143646786464650233e+01
5.355514222313770833e-01 7.587249559379810648e+01
5.534575417967635413e-01 7.061119238189908742e+01
5.719623510576314906e-01 6.574555979972224407e+01
5.910858671567322808e-01 6.121790868823850218e+01
6.108487765084068544e-01 5.695240339733810941e+01
6.312724571756275216e-01 5.296879287555822202e+01
6.523790019952193653e-01 4.926630778337725047e+01
6.741912424762606104e-01 4.580241237913001129e+01
6.967327734975364839e-01 4.256616928480432449e+01
7.200279788307419881e-01 3.955147997265035542e+01
7.441020575170596008e-01 3.674255875562632667e+01
7.689810511256225389e-01 3.412424960264662133e+01
7.946918719233755368e-01 3.168345587355659987e+01
8.212623319867858873e-01 2.940920221922870326e+01
8.487211732869031078e-01 2.729118081418334896e+01
8.770980987803161932e-01 2.531951175952350752e+01
9.064238045396205701e-01 2.348468850957449305e+01
9.367300129581793700e-01 2.177774907974918506e+01
9.680495070650749767e-01 2.019022962793870946e+01
1.000416165987385808e+00 1.871411108726249140e+01
1.033865001598128330e+00 1.734188086583652222e+01
1.068432196389532240e+00 1.606655521059594349e+01
1.104155142612600837e+00 1.488168604159830011e+01
1.141072482725305592e+00 1.378122741670966889e+01
1.179224151193147607e+00 1.275947046297974374e+01
1.218651417687333982e+00 1.181099149467100951e+01
1.259396931727273516e+00 1.093071462925313497e+01
1.301504768815691548e+00 1.011392020350458232e+01
1.345020478116276896e+00 9.356247384946126289e+00
1.389991131725407447e+00 8.653621857685289243e+00
1.436465375591293947e+00 8.002219421216373973e+00
1.484493482135585296e+00 7.398433137877841403e+00
1.534127404634392455e+00 6.838893713555459719e+00
1.585420833417506836e+00 6.320466272411884745e+00
1.638429253946665609e+00 5.840245148340494019e+00
1.693210006835640158e+00 5.395522882110744156e+00
1.749822349877109051e+00 4.983772117619452935e+00
1.808327522143368116e+00 4.602630359784809500e+00
1.868788810230267217e+00 4.249895611688190300e+00
1.931271616715998229e+00 3.923517866808370780e+00
1.995843530908793184e+00 3.621589317902282001e+00
2.062574401960084458e+00 3.342334829862031675e+00
2.131536414422164238e+00 3.084103111474167491e+00
2.202804166332139602e+00 2.845358461677588657e+00
2.276454749906602792e+00 2.624673137003697754e+00
2.352567834934338631e+00 2.420720154812922686e+00
2.431225754957225149e+00 2.232266523079021070e+00
2.512513596332623944e+00 2.058166888346919077e+00
2.596519290273538783e+00 1.897357553673092223e+00
2.683333707966161441e+00 1.748850734375528182e+00
2.773050758867611432e+00 1.611729552910227348e+00
2.865767492290306695e+00 1.485143244991364186e+00
2.961584202382770314e+00 1.368302462599419789e+00
3.060604536620467719e+00 1.260475126252865063e+00
3.162935607924048931e+00 1.160982499918452593e+00
3.268688110526199786e+00 1.069195408406647729e+00
3.377976439712552459e+00 9.845307839811687778e-01
3.490918815566087297e+00 9.064484345909344931e-01
3.607637410848952619e+00 8.344479922123548832e-01
3.728258483159945236e+00 7.680660843852414876e-01
3.852912511510727001e+00 7.068736942990393457e-01
3.981734337468417539e+00 6.504736636664076865e-01
4.114863311017320058e+00 5.984984254372864854e-01
4.252443441297450555e+00 5.506078918522510079e-01
4.394623552383071896e+00 5.064874176153357777e-01
4.541557444269631816e+00 4.658459793057342924e-01
4.693404059243289517e+00 4.284144933133989808e-01
4.850327653813030437e+00 3.939442057213004000e-01
5.012497976391239618e+00 3.622052007463126833e-01
5.180090450915090017e+00 3.329850163683991671e-01
5.353286366607249214e+00 3.060873513217257647e-01
5.532273074081278885e+00 2.813308696948507714e-01
5.717244188003695271e+00 2.585480929884322321e-01
5.908399796532135539e+00 2.375843579339833589e-01
6.105946677756002750e+00 2.182968631838991813e-01
6.310098523373801171e+00 2.005537929048424317e-01
6.521076169849157722e+00 1.842334773677438142e-01
6.739107837295406966e+00 1.692236324789004598e-01
6.964429376347387013e+00 1.554206707732035120e-01
7.197284523287298619e+00 1.427290510095214904e-01
7.437925163700752407e+00 1.310606664839120139e-01
7.686611604948010879e+00 1.203342687697768754e-01
7.943612857745410594e+00 1.104749376123703580e-01
8.209206927161357470e+00 1.014135977605828826e-01
8.483681113341843272e+00 9.308658282212865787e-02
8.767332322290526392e+00 8.543521567420150897e-02
9.060467387039910392e+00 7.840542376898095023e-02
9.363403399560734641e+00 7.194739320029915064e-02
9.676468053768756405e+00 6.601524822797792680e-02
1.000000000000001243e+01 6.056674900462253458e-02
