2.000000000000000164e-05 1.583166567380306766e+01
2.066869842267550072e-05 1.634076499707968111e+01
2.135975472437544027e-05 1.686623806919683943e+01
2.207391643902171255e-05 1.740860450688897743e+01
2.281195609427394449e-05 1.796841125236733205e+01
2.357467204719313169e-05 1.854622305304277319e+01
2.436288934784564352e-05 1.914261022084334840e+01
2.517746063178175121e-05 1.975817210167273075e+01
2.601926704235410016e-05 2.039353042586517972e+01
2.688921918387384303e-05 2.104931784113635729e+01
2.778825810663545582e-05 2.172619476786148951e+01
2.871735632487579741e-05 2.242483075903449219e+01
2.967751886876853870e-05 2.314593094656563821e+01
3.066978437159193627e-05 2.389022035274007649e+01
3.169522619324599853e-05 2.465843906098164950e+01
3.275495358133433647e-05 2.545135563210677887e+01
3.385011287106671010e-05 2.626977379244194921e+01
3.498188872528021299e-05 2.711449332286453640e+01
3.615150541592045298e-05 2.798638346988105496e+01
3.736022814836899319e-05 2.888630276360541416e+01
3.860936443004954884e-05 2.981515348484501260e+01
3.990026548479344494e-05 3.077386911581125162e+01
4.123432771449419843e-05 3.176340613683261793e+01
4.261299420963254024e-05 3.278475421295121350e+01
4.403775631030562105e-05 3.383894049296336703e+01
4.551015521944909301e-05 3.492701394827595607e+01
4.703178366999723984e-05 3.605006922801480584e+01
4.860428764778435972e-05 3.720922631327768215e+01
5.022936817205134787e-05 3.840564128244682962e+01
5.190878313548323190e-05 3.964052041343008881e+01
5.364434920576834987e-05 4.091509272652304219e+01
5.543794379073590958e-05 4.223063394395980197e+01
5.729150706919781900e-05 4.358846052592475218e+01
5.920704408969155763e-05 4.498992459359104856e+01
6.118662693939432690e-05 4.643643976362334058e+01
6.323239698555469304e-05 4.792943967643433467e+01
6.534656719186627638e-05 4.947042806179812402e+01
6.753142451228926792e-05 5.106092822356091432e+01
6.978933236490913268e-05 5.270254607863578400e+01
7.212273318850868345e-05 5.439690953524294059e+01
7.453415108461877573e-05 5.614572641862677216e+01
7.702619454790587906e-05 5.795072852854104895e+01
7.960155928784993205e-05 5.981371131708944944e+01
8.226303114476471348e-05 6.173655639978568388e+01
8.501348910331518868e-05 6.372115889173807091e+01
8.785590840679157983e-05 6.576952734283251800e+01
9.079336377550881697e-05 6.788368120841910525e+01
9.382903273281309529e-05 7.006572533555942073e+01
9.696619904229312483e-05 7.231785481923937198e+01
1.002082562599141270e-04 7.464229729847077977e+01
1.035587114049174785e-04 7.704138141766925685e+01
1.070211887534562421e-04 7.951747473862415916e+01
1.105994337590709140e-04 8.207305426825372763e+01
1.142973171042456330e-04 8.471066699664072530e+01
1.181188388874281471e-04 8.743291900917228077e+01
1.220681329500424115e-04 9.024253861107706598e+01
1.261494713481742377e-04 9.314227864842602855e+01
1.303672689737678670e-04 9.613504883193984085e+01
1.347260883303314362e-04 9.922381652700400423e+01
1.392306444683180742e-04 1.024116160570725498e+02
1.438858100855209437e-04 1.057016367892020554e+02
1.486966207979997041e-04 1.090971203682081949e+02
1.536682805872396744e-04 1.126014073264214090e+02
1.588061674294368483e-04 1.162179810246949643e+02
1.641158391129971276e-04 1.199504033677788613e+02
1.696030392505434848e-04 1.238023568581169513e+02
1.752737034919339915e-04 1.277776192210367441e+02
1.811339659450114388e-04 1.318801287675867115e+02
1.871901658110307874e-04 1.361138658215438113e+02
1.934488542419408646e-04 1.404830667922500425e+02
1.999168014269393128e-04 1.449919212179374597e+02
2.066010039159656652e-04 1.496448962437527257e+02
2.135086921880547338e-04 1.544464940652555072e+02
2.206473384727377968e-04 1.594014320583813458e+02
2.280246648329511538e-04 1.645145279225919523e+02
2.356486515181963309e-04 1.697907460103204755e+02
2.435275455969876748e-04 1.752351808898353909e+02
2.516698698779247295e-04 1.808530895633878970e+02
2.600844321290405573e-04 1.866499188114763399e+02
2.687803346053976817e-04 1.926311492273687520e+02
2.777669838952388651e-04 1.988026889067319871e+02
2.870541010953427292e-04 2.051703040007828918e+02
2.966517323265922064e-04 2.117401011458074152e+02
3.065702596011295341e-04 2.185183995887506399e+02
3.168204120528543403e-04 2.255115008283022462e+02
3.274132775434116785e-04 2.327260692041126049e+02
3.383603146562264279e-04 2.401688561203286554e+02
3.496733650915567022e-04 2.478468210980068704e+02
3.613646664759745386e-04 2.557671450320491715e+02
3.734468656001317080e-04 2.639371370854318002e+02
3.859330320991275886e-04 2.723643360140914638e+02
3.988366725902805230e-04 2.810564466284655509e+02
4.121717452835938129e-04 2.900213846454959139e+02
4.259526750807212541e-04 2.992672709324102129e+02
4.401943691787655547e-04 3.088024460351860512e+02
4.549122331957894719e-04 3.186353107665343032e+02
4.701221878354804149e-04 3.287747228766307330e+02
4.858406861089974399e-04 3.392293867152434359e+02
5.020847311326308640e-04 3.500085616289672998e+02
5.188718945205230424e-04 3.611214645647531256e+02
5.362203353923492141e-04 3.725775932514998203e+02
5.541488200165187389e-04 3.843864676551200432e+02
5.726767421101455150e-04 3.965581338300952439e+02
5.918241438177454907e-04 4.091024936365315057e+02
6.116117373913557359e-04 4.220297993225951245e+02
6.320609275955268004e-04 4.353502070764162113e+02
6.531938348614238542e-04 4.490744319614333904e+02
6.750333192150836329e-04 4.632129779006373269e+02
6.976030050057104547e-04 4.777766866361233156e+02
7.209273064607610694e-04 4.927763306258352713e+02
7.450314540954613768e-04 5.082229896511528295e+02
7.699415220053250396e-04 5.241276485998522503e+02
7.956844560711916160e-04 5.405015079069577268e+02
8.222881031073025473e-04 5.573556337146420674e+02
8.497812409839368810e-04 5.747011242268416709e+02
8.781936097571961097e-04 5.925494169779069580e+02
9.075559438396131216e-04 6.109112805500756167e+02
9.379000052463793693e-04 6.297981193631185306e+02
9.692586179531593148e-04 6.492228277208029112e+02
1.001665703402655023e-03 6.691920360113623474e+02
1.035156317198330069e-03 6.897183538891135868e+02
1.069766687024985286e-03 7.108121105569490510e+02
1.105534251837205851e-03 7.324833313460858335e+02
1.142497702358069404e-03 7.547416096658961351e+02
1.180697022931930960e-03 7.775965647248449386e+02
1.220173534776542454e-03 8.010566672767672571e+02
1.260969940681316284e-03 8.251303303514969230e+02
1.303130371200056587e-03 8.498252255833536992e+02
1.346700432388157767e-03 8.751479381052334929e+02
1.391727255135877424e-03 9.011046289195869576e+02
1.438259546151070007e-03 9.277004279332502392e+02
1.486347640646530459e-03 9.549394529254124109e+02
1.536043556788919398e-03 9.828248382209026204e+02
1.587401051968200579e-03 1.011358079162690956e+03
1.640475680948428249e-03 1.040539606376230495e+03
1.695324855962815390e-03 1.070368315406354213e+03
1.752007908818060174e-03 1.100841167004329691e+03
1.810586155075142928e-03 1.131953645179648674e+03
1.871122960375984270e-03 1.163699526303390030e+03
1.933683808987751848e-03 1.196069615892926095e+03
1.998336374638913938e-03 1.229053433279464571e+03
2.065150593723721201e-03 1.262637548970556963e+03
2.134198740954243185e-03 1.296806455604482835e+03
2.205555507541849362e-03 1.331541530619159403e+03
2.279298081992675151e-03 1.366821660307025240e+03
2.355506233604463730e-03 1.402622740894224080e+03
2.434262398755145627e-03 1.438917726177658551e+03
2.515651770076436904e-03 1.475676340989978826e+03
2.599762388608985089e-03 1.512865119555563069e+03
2.686685239038679764e-03 1.550446888613644433e+03
2.776514348117217236e-03 1.588381984097879467e+03
2.869346886373309435e-03 1.626626064643233804e+03
2.965283273224645581e-03 1.665132577899141552e+03
3.064427285604211931e-03 1.703850584936877112e+03
3.166886170218578649e-03 1.742726665625233181e+03
3.272770759559481216e-03 1.781702443782861565e+03
3.382195591794276077e-03 1.820718014722492853e+03
3.495279034664920681e-03 1.859709325757992929e+03
3.612143413529477973e-03 1.898609860398539240e+03
3.732915143684721951e-03 1.937349830592503849e+03
3.857724867112893516e-03 1.975856755969580263e+03
3.986707593800617976e-03 2.014056043755360633e+03
4.120002847782761740e-03 2.051870114265326720e+03
4.257754818069308354e-03 2.089219736455554084e+03
4.400112514618404608e-03 2.126024480849600423e+03
4.547229929524409554e-03 2.162199430336931982e+03
4.699266203595197679e-03 2.197661543807918406e+03
4.856385798499019031e-03 2.232322987479453786e+03
5.018758674667020935e-03 2.266096508659238680e+03
5.186560475143959549e-03 2.298892964705331906e+03
5.359972715585955248e-03 2.330620594448464544e+03
5.539182980610755057e-03 2.361186752733172852e+03
5.724385126713026593e-03 2.390497278343194012e+03
5.915779491964028892e-03 2.418455310540817209e+03
6.113573112722652143e-03 2.444962238676920606e+03
6.317979947592099882e-03 2.469918215876933573e+03
6.529221108864616957e-03 2.493220793221779786e+03
6.747525101704480652e-03 2.514764979191531438e+03
6.973128071328140755e-03 2.534445386345840234e+03
7.206274058448705437e-03 2.552154816027294146e+03
7.447215263261310406e-03 2.567787070427426897e+03
7.696212318254701257e-03 2.581234066105169859e+03
7.953534570144332738e-03 2.592390260968225448e+03
8.219460371231864307e-03 2.601151005556960627e+03
8.494277380506187053e-03 2.607417776444789524e+03
8.778282874811823774e-03 2.611092143355258486e+03
9.071784070421121463e-03 2.612085156758974790e+03
9.375098455358292851e-03 2.610312879473667181e+03
9.688554132834568261e-03 2.605699462310191393e+03
1.001249017616620725e-02 2.598176710873157390e+03
1.034725699555901803e-02 2.587686273802660253e+03
1.069321671715643858e-02 2.574179782481828624e+03
1.105074357476093505e-02 2.557617458309676749e+03
1.142022431465263173e-02 2.537972569403155831e+03
1.180205861394306721e-02 2.515225345209498755e+03
1.219665951291643881e-02 2.489372192227651794e+03
1.260445386182631328e-02 2.460416682281997964e+03
1.302588278263077520e-02 2.428378605487456753e+03
1.346140214616583890e-02 2.393287729507091626e+03
1.391148306527291781e-02 2.355188904871966315e+03
1.437661240441416924e-02 2.314139095632222961e+03
1.485729330632660182e-02 2.270212659090727357e+03
1.535404573628500365e-02 2.223496276717731234e+03
1.586740704456205894e-02 2.174092681210709088e+03
1.639793254769450481e-02 2.122120329894323277e+03
1.694619612918364313e-02 2.067713529576495603e+03
1.751279086028037155e-02 2.011021636712877580e+03
1.809832964152614798e-02 1.952210237062121678e+03
1.870344586574363213e-02 1.891460076858547382e+03
1.932879410319460894e-02 1.828966421798734018e+03
1.997505080964588620e-02 1.764939408254342652e+03
2.064291505810955316e-02 1.699601752276251091e+03
2.133310929504865505e-02 1.633190161119864115e+03
2.204638012186681956e-02 1.565950243959344562e+03
2.278349910252664909e-02 1.498139178241166292e+03
2.354526359817107548e-02 1.430020432777707356e+03
2.433249762964985810e-02 1.361863883827432346e+03
2.514605276888498206e-02 1.293942414115294923e+03
2.598680906003840441e-02 1.226530339664115218e+03
2.685567597147924673e-02 1.159899284899737722e+03
2.775359337957988490e-02 1.094316202095507151e+03
2.868153258540498754e-02 1.030040211564069068e+03
2.964049736539381419e-02 9.673187576428892953e+02
3.063152505717161092e-02 9.063845881473881718e+02
3.165568768166540647e-02 8.474527125047538902e+02
3.271409310273729054e-02 7.907171667053206647e+02
3.380788622559029871e-02 7.363472894542178437e+02
3.493825023524253087e-02 6.844863344550265083e+02
3.610640787640997940e-02 6.352483878281329908e+02
3.731362277618164441e-02 5.887163917843568015e+02
3.856120081091872487e-02 5.449417044979564935e+02
3.985049151885547425e-02 5.039440626616274130e+02
4.118288955993056055e-02 4.657107422038001232e+02
4.255983622442782027e-02 4.301983102077429635e+02
4.398282099205792772e-02 3.973335479797449921e+02
4.545338314316834522e-02 3.670156567213022640e+02
4.697311342382341770e-02 3.391189246671686419e+02
4.854365576655684383e-02 3.134953242218002742e+02
5.016670906865677154e-02 2.899782617849284065e+02
5.184402902990837420e-02 2.683871457317314366e+02
5.357743005178047802e-02 2.485319243548281634e+02
5.536878720011212396e-02 2.302177539001434639e+02
5.722003823342062395e-02 2.132511397605908314e+02
5.913318569902666078e-02 1.974449696365799980e+02
6.111029909926251474e-02 1.826241400864632851e+02
6.315351713010779189e-02 1.686311363867328907e+02
6.526504999467336310e-02 1.553310930316178826e+02
6.744718179403717817e-02 1.426166519690021630e+02
6.970227299801623477e-02 1.304129637261318351e+02
7.203276299854979858e-02 1.186815471635529775e+02
7.444117274845411802e-02 1.074200319672432613e+02
7.693010748840443946e-02 9.665559649386455021e+01
7.950225956509210379e-02 8.643766125527153577e+01
8.216041134360790865e-02 7.683385961914318329e+01
8.490743821719984319e-02 6.792151547138922751e+01
8.774631171766281157e-02 5.976890013912776567e+01
9.068010272972255870e-02 5.242506284348028345e+01
9.371198481289348681e-02 4.591977261935882382e+01
9.684523763440215649e-02 4.024948677513261686e+01
1.000832505168899600e-01 3.537702110412118373e+01
1.034295261047340625e-01 3.124184204010092714e+01
1.068876841529496080e-01 2.775348263042259234e+01
1.104614654427753945e-01 2.480976688244023975e+01
1.141547358281756464e-01 2.229655238912031123e+01
1.179714904176376727e-01 2.010390224209980303e+01
1.219158578957853512e-01 1.812941065775522276e+01
1.259921049894874856e-01 1.629330946192603236e+01
1.302046410832891354e-01 1.453980517311240561e+01
1.345580229891604751e-01 1.284726019846722522e+01
1.390569598757198100e-01 1.122212095504678508e+01
1.437063183622670492e-01 9.693474159636096488e+00
1.485111277831346888e-01 8.300341679198895761e+00
1.534765856280515817e-01 7.076808463813614836e+00
1.586080631644066208e-01 6.042419830418136684e+00
1.639111112474894438e-01 5.195627115043888189e+00
1.693914663249987407e-01 4.515684412448951690e+00
1.750550566423093313e-01 3.967479990042253934e+00
1.809080086552135869e-01 3.510120497793574046e+00
1.869566536570689830e-01 3.105771153484330860e+00
1.932075346275276828e-01 2.727485421642974917e+00
1.996674133102498971e-01 2.364312755298632496e+00
2.063432775272630582e-01 2.020458541061570745e+00
2.132423487378718452e-01 1.708714304252783700e+00
2.203720898503036263e-01 1.441599761358448140e+00
2.277402132945338109e-01 1.224142679667364897e+00
2.353546893650253491e-01 1.051732254050981918e+00
2.432237548424092122e-01 9.127845763348650943e-01
2.513559219034258718e-01 7.939456150375645560e-01
2.597599873287743666e-01 6.854881557565669636e-01
2.684450420188219666e-01 5.842565031551970600e-01
2.774204808274743361e-01 4.926023659237391272e-01
2.866960127248350254e-01 4.143482362910839711e-01
2.962816712996577673e-01 3.508392879083090388e-01
3.061878256129444420e-01 2.998010668221164909e-01
3.164251914144354805e-01 2.570229190650041851e-01
3.270048427341168962e-01 2.190986689971811119e-01
3.379382238612947953e-01 1.849649358565324531e-01
3.492371617241852855e-01 1.553177594316755838e-01
3.609138786834163448e-01 1.307642121385315381e-01
3.729810057532814693e-01 1.107308950024007421e-01
3.854515962650386651e-01 9.387224808104863150e-02
3.983391399870480631e-01 7.917245846909305718e-02
4.116575777170102257e-01 6.641307165333561191e-02
4.254213163620995108e-01 5.569827100186148378e-02
4.396452445232932327e-01 4.684961315779068852e-02
4.543447486007690661e-01 3.941267492339216305e-02
4.695357294377799362e-01 3.303950184075002405e-02
4.852346195210218704e-01 2.762930342218605090e-02
5.014584007560848322e-01 2.312064965646420250e-02
5.182246228372336949e-01 1.935563767474715591e-02
5.355514222313770833e-01 1.617213610481272115e-02
5.534575417967635413e-01 1.348967415028872255e-02
5.719623510576314906e-01 1.125134931355931296e-02
5.910858671567322808e-01 9.380111145835345540e-03
6.108487765084068544e-01 7.808955991943516278e-03
6.312724571756275216e-01 6.495847526361376266e-03
6.523790019952193653e-01 5.400968038822832017e-03
6.741912424762606104e-01 4.486643924035475101e-03
6.967327734975364839e-01 3.723470565313363820e-03
7.200279788307419881e-01 3.088210939780392048e-03
7.441020575170596008e-01 2.559666091682781964e-03
7.689810511256225389e-01 2.120049296782213107e-03
7.946918719233755368e-01 1.754607602329235358e-03
8.212623319867858873e-01 1.451100699622527969e-03
8.487211732869031078e-01 1.199259642895734524e-03
8.770980987803161932e-01 9.904631164599591014e-04
9.064238045396205701e-01 8.174814595779147887e-04
9.367300129581793700e-01 6.742740520549593986e-04
9.680495070650749767e-01 5.557994542880356249e-04
1.000416165987385808e+00 4.578536437499646124e-04
1.033865001598128330e+00 3.769344460574038428e-04
1.068432196389532240e+00 3.101273480932936581e-04
1.104155142612600837e+00 2.550091268141575340e-04
1.141072482725305592e+00 2.095653120315657775e-04
1.179224151193147607e+00 1.721221854818867430e-04
1.218651417687333982e+00 1.412900792015857169e-04
1.259396931727273516e+00 1.159169859864737885e-04
1.301504768815691548e+00 9.504885138313918884e-05
1.345020478116276896e+00 7.789623510280900727e-05
1.389991131725407447e+00 6.380600970042888786e-05
1.436465375591293947e+00 5.223810913085013939e-05
1.484493482135585296e+00 4.274621039823861318e-05
1.534127404634392455e+00 3.496192334822008054e-05
1.585420833417506836e+00 2.858143755659985934e-05
1.638429253946665609e+00 2.335439208911042680e-05
1.693210006835640158e+00 1.907452692104008563e-05
1.749822349877109051e+00 1.557200150189779096e-05
1.808327522143368116e+00 1.270703889141834046e-05
1.868788810230267217e+00 1.036470873614122959e-05
1.931271616715998229e+00 8.450574478230245569e-06
1.995843530908793184e+00 6.887083611615737514e-06
2.062574401960084458e+00 5.610584144775309786e-06
2.131536414422164238e+00 4.568862284525092219e-06
2.202804166332139602e+00 3.719111829134744439e-06
2.276454749906602792e+00 3.026255523262063372e-06
2.352567834934338631e+00 2.461563507244660957e-06
2.431225754957225149e+00 2.001515051849136010e-06
2.512513596332623944e+00 1.626867101309869455e-06
2.596519290273538783e+00 1.321885275772162699e-06
2.683333707966161441e+00 1.073710620976520750e-06
2.773050758867611432e+00 8.718383342520992350e-07
2.865767492290306695e+00 7.076903784244631926e-07
2.961584202382770314e+00 5.742649402015108668e-07
3.060604536620467719e+00 4.658497875838808018e-07
3.162935607924048931e+00 3.777869916583481398e-07
3.268688110526199786e+00 3.062799482792978220e-07
3.377976439712552459e+00 2.482353323884443455e-07
3.490918815566087297e+00 2.011338106317460558e-07
3.607637410848952619e+00 1.629243089412281354e-07
3.728258483159945236e+00 1.319376696844084351e-07
3.852912511510727001e+00 1.068160753796647863e-07
3.981734337468417539e+00 8.645533472266701334e-08
4.114863311017320058e+00 6.995788046440868153e-08
4.252443441297450555e+00 5.659440038867767651e-08
4.394623552383071896e+00 4.577251359646826249e-08
4.541557444269631816e+00 3.701120243264308610e-08
4.693404059243289517e+00 2.991998765449587828e-08
4.850327653813030437e+00 2.418198415471269130e-08
5.012497976391239618e+00 1.954011804591177928e-08
5.180090450915090017e+00 1.578590757486784444e-08
5.353286366607249214e+00 1.275031606753802961e-08
5.532273074081278885e+00 1.029633862158653912e-08
5.717244188003695271e+00 8.312977629423089871e-09
5.908399796532135539e+00 6.710337563686402467e-09
6.105946677756002750e+00 5.415626496796147883e-09
6.310098523373801171e+00 4.369907577178497924e-09
6.521076169849157722e+00 3.525471503955035358e-09
6.739107837295406966e+00 2.843709867958425124e-09
6.964429376347387013e+00 2.293391274677372751e-09
7.197284523287298619e+00 1.849256598324420386e-09
7.437925163700752407e+00 1.490882106973516761e-09
7.686611604948010879e+00 1.201759262941159375e-09
7.943612857745410594e+00 9.685486558376397278e-10
8.209206927161357470e+00 7.804732895385524032e-10
8.483681113341843272e+00 6.288255729015325605e-10
8.767332322290526392e+00 5.065701188599971087e-10
9.060467387039910392e+00 4.080241872634926168e-10
9.363403399560734641e+00 3.286009432188589778e-10
9.676468053768756405e+00 2.645995037437514604e-10
1.000000000000001243e+01 2.130342226148497932e-10
