2.000000000000000164e-05 9.043429011617542201e+00
2.066869842267550072e-05 9.334240163788106059e+00
2.135975472437544027e-05 9.634402001262841964e+00
2.207391643902171255e-05 9.944214800921946207e+00
2.281195609427394449e-05 1.026399019398874657e+01
2.357467204719313169e-05 1.059404768324543689e+01
2.436288934784564352e-05 1.093471811276099892e+01
2.517746063178175121e-05 1.128634503597857019e+01
2.601926704235410016e-05 1.164927616856849824e+01
2.688921918387384303e-05 1.202387545251306378e+01
2.778825810663545582e-05 1.241052195751193032e+01
2.871735632487579741e-05 1.280960188335160055e+01
2.967751886876853870e-05 1.322151146857450144e+01
3.066978437159193627e-05 1.364666401751562574e+01
3.169522619324599853e-05 1.408548975398403513e+01
3.275495358133433647e-05 1.453842069132184989e+01
3.385011287106671010e-05 1.500591868205152757e+01
3.498188872528021299e-05 1.548844662113037174e+01
3.615150541592045298e-05 1.598648768935676046e+01
3.736022814836899319e-05 1.650054065070472120e+01
3.860936443004954884e-05 1.703112202715732337e+01
3.990026548479344494e-05 1.757876264730460036e+01
4.123432771449419843e-05 1.814400781339052671e+01
4.261299420963254024e-05 1.872742496360964637e+01
4.403775631030562105e-05 1.932959659866470048e+01
4.551015521944909301e-05 1.995113227067970740e+01
4.703178366999723984e-05 2.059264331189315911e+01
4.860428764778435972e-05 2.125477872119960310e+01
5.022936817205134787e-05 2.193819751606811863e+01
5.190878313548323190e-05 2.264358671922789057e+01
5.364434920576834987e-05 2.337165105432128342e+01
5.543794379073590958e-05 2.412311176258421952e+01
5.729150706919781900e-05 2.489873034296102361e+01
5.920704408969155763e-05 2.569927781687751178e+01
6.118662693939432690e-05 2.652555837508247549e+01
6.323239698555469304e-05 2.737838536780001419e+01
6.534656719186627638e-05 2.825862202037115622e+01
6.753142451228926792e-05 2.916715641588795194e+01
6.978933236490913268e-05 3.010487582783040139e+01
7.212273318850868345e-05 3.107272451067080610e+01
7.453415108461877573e-05 3.207168143222438772e+01
7.702619454790587906e-05 3.310272997663206240e+01
7.960155928784993205e-05 3.416689739102246648e+01
8.226303114476471348e-05 3.526526248877763692e+01
8.501348910331518868e-05 3.639890480152053698e+01
8.785590840679157983e-05 3.756895748598589080e+01
9.079336377550881697e-05 3.877658443362289376e+01
9.382903273281309529e-05 4.002300744763827112e+01
9.696619904229312483e-05 4.130945495159775049e+01
1.002082562599141270e-04 4.263720109759736943e+01
1.035587114049174785e-04 4.400758359665052666e+01
1.070211887534562421e-04 4.542195620977066994e+01
1.105994337590709140e-04 4.688173696259261192e+01
1.142973171042456330e-04 4.838836727724758902e+01
1.181188388874281471e-04 4.994333260374430949e+01
1.220681329500424115e-04 5.154820584912878445e+01
1.261494713481742377e-04 5.320455309021489398e+01
1.303672689737678670e-04 5.491404591782699640e+01
1.347260883303314362e-04 5.667835839404953191e+01
1.392306444683180742e-04 5.849924079024206947e+01
1.438858100855209437e-04 6.037849137473928351e+01
1.486966207979997041e-04 6.231798265140641746e+01
1.536682805872396744e-04 6.431961784886436817e+01
1.588061674294368483e-04 6.638538895031331322e+01
1.641158391129971276e-04 6.851731542704143862e+01
1.696030392505434848e-04 7.071751217989060478e+01
1.752737034919339915e-04 7.298814540520781691e+01
1.811339659450114388e-04 7.533141835841541933e+01
1.871901658110307874e-04 7.774967829687760457e+01
1.934488542419408646e-04 8.024525339132124202e+01
1.999168014269393128e-04 8.282060998221322734e+01
2.066010039159656652e-04 8.547826350247876803e+01
2.135086921880547338e-04 8.822080014312048490e+01
2.206473384727377968e-04 9.105089461147788654e+01
2.280246648329511538e-04 9.397130917388777505e+01
2.356486515181963309e-04 9.698484597311778543e+01
2.435275455969876748e-04 1.000944515231447980e+02
2.516698698779247295e-04 1.033030909281505387e+02
2.600844321290405573e-04 1.066138965169404429e+02
2.687803346053976817e-04 1.100300104805729262e+02
2.777669838952388651e-04 1.135547387026212647e+02
2.870541010953427292e-04 1.171914181497611196e+02
2.966517323265922064e-04 1.209435164789319970e+02
3.065702596011295341e-04 1.248146277134644748e+02
3.168204120528543403e-04 1.288083766207929557e+02
3.274132775434116785e-04 1.329285125796608327e+02
3.383603146562264279e-04 1.371789136557290760e+02
3.496733650915567022e-04 1.415635830332815601e+02
3.613646664759745386e-04 1.460865080371180795e+02
3.734468656001317080e-04 1.507519132187686921e+02
3.859330320991275886e-04 1.555640549711547749e+02
3.988366725902805230e-04 1.605273892794505457e+02
4.121717452835938129e-04 1.656463297880711707e+02
4.259526750807212541e-04 1.709255452133181450e+02
4.401943691787655547e-04 1.763696972005122916e+02
4.549122331957894719e-04 1.819837333766214726e+02
4.701221878354804149e-04 1.877724641803425811e+02
4.858406861089974399e-04 1.937409777745920394e+02
5.020847311326308640e-04 1.998944625248632292e+02
5.188718945205230424e-04 2.062380964838477837e+02
5.362203353923492141e-04 2.127773247962877861e+02
5.541488200165187389e-04 2.195175334300554937e+02
5.726767421101455150e-04 2.264643252410378409e+02
5.918241438177454907e-04 2.336233304658961458e+02
6.116117373913557359e-04 2.410003110888314666e+02
6.320609275955268004e-04 2.486009951950622394e+02
6.531938348614238542e-04 2.564314002382735111e+02
6.750333192150836329e-04 2.644973755081600757e+02
6.976030050057104547e-04 2.728050426537928956e+02
7.209273064607610694e-04 2.813603623485294065e+02
7.450314540954613768e-04 2.901695252538256682e+02
7.699415220053250396e-04 2.992385980460841779e+02
7.956844560711916160e-04 3.085738202683222084e+02
8.222881031073025473e-04 3.181812653045715251e+02
8.497812409839368810e-04 3.280670738438308263e+02
8.781936097571961097e-04 3.382373457626154618e+02
9.075559438396131216e-04 3.486982995016071527e+02
9.379000052463793693e-04 3.594556725573680183e+02
9.692586179531593148e-04 3.705170536140109903e+02
1.001665703402655023e-03 3.818850662374036915e+02
1.035156317198330069e-03 3.935668746495463211e+02
1.069766687024985286e-03 4.055677646225041713e+02
1.105534251837205851e-03 4.178930043013435807e+02
1.142497702358069404e-03 4.305474507911259821e+02
1.180697022931930960e-03 4.435357509388442736e+02
1.220173534776542454e-03 4.568621737341115931e+02
1.260969940681316284e-03 4.705307325123014266e+02
1.303130371200056587e-03 4.845448354634534667e+02
1.346700432388157767e-03 4.989076683109339001e+02
1.391727255135877424e-03 5.136214913557947739e+02
1.438259546151070007e-03 5.286883150492794812e+02
1.486347640646530459e-03 5.441092805338790868e+02
1.536043556788919398e-03 5.598849319744576860e+02
1.587401051968200579e-03 5.760148435740152308e+02
1.640475680948428249e-03 5.924981127523394662e+02
1.695324855962815390e-03 6.093321966752557728e+02
1.752007908818060174e-03 6.265142249087491564e+02
1.810586155075142928e-03 6.440398331194600132e+02
1.871122960375984270e-03 6.619033075151181720e+02
1.933683808987751848e-03 6.800979589838053698e+02
1.998336374638913938e-03 6.986157166049521265e+02
2.065150593723721201e-03 7.174466689838014872e+02
2.134198740954243185e-03 7.365797962736494355e+02
2.205555507541849362e-03 7.560018895179680385e+02
2.279298081992675151e-03 7.756987963211872739e+02
2.355506233604463730e-03 7.956537631783916140e+02
2.434262398755145627e-03 8.158486553024032446e+02
2.515651770076436904e-03 8.362632406198193848e+02
2.599762388608985089e-03 8.568759035877020551e+02
2.686685239038679764e-03 8.776619885318286833e+02
2.776514348117217236e-03 8.985958961192283141e+02
2.869346886373309435e-03 9.196494683427656582e+02
2.965283273224645581e-03 9.407929147246941284e+02
3.064427285604211931e-03 9.619943152634403987e+02
3.166886170218578649e-03 9.832197369307845065e+02
3.272770759559481216e-03 1.004433825627947272e+03
3.382195591794276077e-03 1.025599344357663540e+03
3.495279034664920681e-03 1.046677212421934655e+03
3.612143413529477973e-03 1.067627137497986268e+03
3.732915143684721951e-03 1.088407057116179885e+03
3.857724867112893516e-03 1.108974331347359112e+03
3.986707593800617976e-03 1.129284831130449902e+03
4.120002847782761740e-03 1.149293435635640662e+03
4.257754818069308354e-03 1.168954982215590235e+03
4.400112514618404608e-03 1.188222457559723580e+03
4.547229929524409554e-03 1.207049879052587357e+03
4.699266203595197679e-03 1.225389423767615881e+03
4.856385798499019031e-03 1.243193674013564532e+03
5.018758674667020935e-03 1.260415331913922273e+03
5.186560475143959549e-03 1.277005312324108445e+03
5.359972715585955248e-03 1.292915448707540236e+03
5.539182980610755057e-03 1.308096939463615854e+03
5.724385126713026593e-03 1.322500217015244289e+03
5.915779491964028892e-03 1.336074520214018321e+03
6.113573112722652143e-03 1.348768986570677271e+03
6.317979947592099882e-03 1.360531672108008252e+03
6.529221108864616957e-03 1.371309693757746345e+03
6.747525101704480652e-03 1.381048857341290386e+03
6.973128071328140755e-03 1.389694621633673250e+03
7.206274058448705437e-03 1.397192042597081809e+03
7.447215263261310406e-03 1.403485117249809718e+03
7.696212318254701257e-03 1.408519255224577364e+03
7.953534570144332738e-03 1.412239180220846038e+03
8.219460371231864307e-03 1.414592564240913362e+03
8.494277380506187053e-03 1.415528804311987642e+03
8.778282874811823774e-03 1.414999500832121385e+03
9.071784070421121463e-03 1.412961396119340861e+03
9.375098455358292851e-03 1.409374247216143658e+03
9.688554132834568261e-03 1.404204340833767219e+03
1.001249017616620725e-02 1.397422465852378309e+03
1.034725699555901803e-02 1.389005736447923709e+03
1.069321671715643858e-02 1.378937510812774008e+03
1.105074357476093505e-02 1.367207907026242310e+03
1.142022431465263173e-02 1.353812314130507957e+03
1.180205861394306721e-02 1.338754195813618026e+03
1.219665951291643881e-02 1.322042892835356497e+03
1.260445386182631328e-02 1.303694035192724186e+03
1.302588278263077520e-02 1.283731619447605908e+03
1.346140214616583890e-02 1.262185070845930568e+03
1.391148306527291781e-02 1.239092094326442293e+03
1.437661240441416924e-02 1.214497301195521914e+03
1.485729330632660182e-02 1.188454125537092978e+03
1.535404573628500365e-02 1.161022447601242447e+03
1.586740704456205894e-02 1.132269929998234147e+03
1.639793254769450481e-02 1.102273470821018009e+03
1.694619612918364313e-02 1.071116533463091173e+03
1.751279086028037155e-02 1.038890551249699456e+03
1.809832964152614798e-02 1.005694940734044621e+03
1.870344586574363213e-02 9.716353574600778984e+02
1.932879410319460894e-02 9.368249856561051274e+02
1.997505080964588620e-02 9.013830397738726106e+02
2.064291505810955316e-02 8.654341051560055575e+02
2.133310929504865505e-02 8.291087675693009942e+02
2.204638012186681956e-02 7.925406344520380344e+02
2.278349910252664909e-02 7.558672377818606947e+02
2.354526359817107548e-02 7.192284360012928346e+02
2.433249762964985810e-02 6.827648919368242559e+02
2.514605276888498206e-02 6.466173208275478146e+02
2.598680906003840441e-02 6.109246871454110988e+02
2.685567597147924673e-02 5.758234542668798213e+02
2.775359337957988490e-02 5.414451120438064891e+02
2.868153258540498754e-02 5.079157222053881924e+02
2.964049736539381419e-02 4.753534854499076800e+02
3.063152505717161092e-02 4.438673219019814837e+02
3.165568768166540647e-02 4.135557605058127137e+02
3.271409310273729054e-02 3.845057057373898601e+02
3.380788622559029871e-02 3.567899581933269815e+02
3.493825023524253087e-02 3.304675783151736823e+02
3.610640787640997940e-02 3.055821549218906625e+02
3.731362277618164441e-02 2.821614226666897594e+02
3.856120081091872487e-02 2.602169855724942522e+02
3.985049151885547425e-02 2.397449950438437156e+02
4.118288955993056055e-02 2.207257537678395920e+02
4.255983622442782027e-02 2.031250436178098369e+02
4.398282099205792772e-02 1.868949089268820956e+02
4.545338314316834522e-02 1.719745215243280825e+02
4.697311342382341770e-02 1.582921636522604558e+02
4.854365576655684383e-02 1.457664118665058481e+02
5.016670906865677154e-02 1.343081359546833653e+02
5.184402902990837420e-02 1.238228633132291492e+02
5.357743005178047802e-02 1.142131070941217956e+02
5.536878720011212396e-02 1.053804438699187926e+02
5.722003823342062395e-02 9.722851977589418482e+01
5.913318569902666078e-02 8.966516828006757578e+01
6.111029909926251474e-02 8.260497705309052208e+01
6.315351713010779189e-02 7.597174619609721447e+01
6.526504999467336310e-02 6.970046173293303582e+01
6.744718179403717817e-02 6.373934270892056020e+01
6.970227299801623477e-02 5.805165349095250349e+01
7.203276299854979858e-02 5.261742076652290478e+01
7.444117274845411802e-02 4.743320547919612551e+01
7.693010748840443946e-02 4.250869577045090608e+01
7.950225956509210379e-02 3.786248922100816117e+01
8.216041134360790865e-02 3.352035921282391939e+01
8.490743821719984319e-02 2.951283521563419754e+01
8.774631171766281157e-02 2.586648983996837359e+01
9.068010272972255870e-02 2.259751191983173868e+01
9.371198481289348681e-02 1.971391901440447114e+01
9.684523763440215649e-02 1.721086603232247114e+01
1.000832505168899600e-01 1.506698814229683769e+01
1.034295261047340625e-01 1.325285447781030612e+01
1.068876841529496080e-01 1.172661402787648122e+01
1.104614654427753945e-01 1.044122064122492688e+01
1.141547358281756464e-01 9.346722538186634566e+00
1.179714904176376727e-01 8.394449079693561799e+00
1.219158578957853512e-01 7.540354895655877243e+00
1.259921049894874856e-01 6.750558149324461077e+00
1.302046410832891354e-01 6.000487426351648779e+00
1.345580229891604751e-01 5.281719289257742034e+00
1.390569598757198100e-01 4.595910056599072036e+00
1.437063183622670492e-01 3.954737156039689783e+00
1.485111277831346888e-01 3.373591544274686438e+00
1.534765856280515817e-01 2.865480252622683466e+00
1.586080631644066208e-01 2.437503436885172903e+00
1.639111112474894438e-01 2.088129959802654145e+00
1.693914663249987407e-01 1.808187643718964788e+00
1.750550566423093313e-01 1.582842409645277115e+00
1.809080086552135869e-01 1.395307330208072294e+00
1.869566536570689830e-01 1.230140568715132110e+00
1.932075346275276828e-01 1.076433397734938069e+00
1.996674133102498971e-01 9.298160556583042746e-01
2.063432775272630582e-01 7.918069497269778489e-01
2.132423487378718452e-01 6.673074442598581069e-01
2.203720898503036263e-01 5.610531084716838812e-01
2.277402132945338109e-01 4.747985603839861013e-01
2.353546893650253491e-01 4.065487255220490148e-01
2.432237548424092122e-01 3.516647069648896062e-01
2.513559219034258718e-01 3.048786970912169547e-01
2.597599873287743666e-01 2.623667674472637823e-01
2.684450420188219666e-01 2.228979708813981497e-01
2.774204808274743361e-01 1.873353295173678101e-01
2.866960127248350254e-01 1.570776693235756694e-01
2.962816712996577673e-01 1.325840893379307550e-01
3.061878256129444420e-01 1.129470997559136325e-01
3.164251914144354805e-01 9.653980580971295578e-02
3.270048427341168962e-01 8.204656696669744564e-02
3.379382238612947953e-01 6.906086059925466147e-02
3.492371617241852855e-01 5.782059213144034177e-02
3.609138786834163448e-01 4.854013365073065606e-02
3.729810057532814693e-01 4.098705844386017760e-02
3.854515962650386651e-01 3.465000374516194470e-02
3.983391399870480631e-01 2.914220804172106688e-02
4.116575777170102257e-01 2.437899125109102214e-02
4.254213163620995108e-01 2.039073160424377529e-02
4.396452445232932327e-01 1.710685836236419330e-02
4.543447486007690661e-01 1.435293409726872728e-02
4.695357294377799362e-01 1.200075459358461438e-02
4.852346195210218704e-01 1.001070612637398362e-02
5.014584007560848322e-01 8.356517351784643888e-03
5.182246228372336949e-01 6.978311497438498441e-03
5.355514222313770833e-01 5.816406462373089128e-03
5.534575417967635413e-01 4.840299178247306836e-03
5.719623510576314906e-01 4.027821971265489048e-03
5.910858671567322808e-01 3.350225640695825464e-03
6.108487765084068544e-01 2.782762593604246309e-03
6.312724571756275216e-01 2.309691886217034654e-03
6.523790019952193653e-01 1.916258345434363082e-03
6.741912424762606104e-01 1.588365865919284629e-03
6.967327734975364839e-01 1.315492855170935721e-03
7.200279788307419881e-01 1.088822842090191555e-03
7.441020575170596008e-01 9.006314594738109311e-04
7.689810511256225389e-01 7.444577442992798876e-04
7.946918719233755368e-01 6.149330309571742316e-04
8.212623319867858873e-01 5.075966183645080594e-04
8.487211732869031078e-01 4.187189394397938585e-04
8.770980987803161932e-01 3.451821712333364594e-04
9.064238045396205701e-01 2.843826044636310201e-04
9.367300129581793700e-01 2.341496235449191325e-04
9.680495070650749767e-01 1.926748099994997029e-04
1.000416165987385808e+00 1.584526296393372303e-04
1.033865001598128330e+00 1.302322646572243680e-04
1.068432196389532240e+00 1.069758257545567310e-04
1.104155142612600837e+00 8.782291401274382821e-05
1.141072482725305592e+00 7.205978584733040127e-05
1.179224151193147607e+00 5.909457392160611533e-05
1.218651417687333982e+00 4.843677233771455029e-05
1.259396931727273516e+00 3.968063959397259878e-05
1.301504768815691548e+00 3.249086574987955077e-05
1.345020478116276896e+00 2.659055181825023759e-05
1.389991131725407447e+00 2.175110600712597188e-05
1.436465375591293947e+00 1.778393062995120628e-05
1.484493482135585296e+00 1.453352916077307740e-05
1.534127404634392455e+00 1.187178013929261393e-05
1.585420833417506836e+00 9.693182453802500598e-06
1.638429253946665609e+00 7.910911001289559405e-06
1.693210006835640158e+00 6.453567096649335879e-06
1.749822349877109051e+00 5.262475555988003330e-06
1.808327522143368116e+00 4.289446436475128157e-06
1.868788810230267217e+00 3.494920765119904323e-06
1.931271616715998229e+00 2.846441811261470304e-06
1.995843530908793184e+00 2.317393644437167956e-06
2.062574401960084458e+00 1.885963896193528320e-06
2.131536414422164238e+00 1.534286578386863754e-06
2.202804166332139602e+00 1.247735019543736718e-06
2.276454749906602792e+00 1.014341369557363355e-06
2.352567834934338631e+00 8.243182780097365503e-07
2.431225754957225149e+00 6.696653367411315506e-07
2.512513596332623944e+00 5.438459181462476551e-07
2.596519290273538783e+00 4.415219114351540671e-07
2.683333707966161441e+00 3.583363647822164081e-07
2.773050758867611432e+00 2.907340856495585499e-07
2.865767492290306695e+00 2.358150227203047991e-07
2.961584202382770314e+00 1.912140430288507673e-07
3.060604536620467719e+00 1.550038403666704297e-07
3.162935607924048931e+00 1.256149043064011184e-07
3.268688110526199786e+00 1.017697605191206261e-07
3.377976439712552459e+00 8.242873597177447828e-08
3.490918815566087297e+00 6.674583908893205962e-08
3.607637410848952619e+00 5.403285595067566204e-08
3.728258483159945236e+00 4.373023421044564376e-08
3.852912511510727001e+00 3.538326283363659583e-08
3.981734337468417539e+00 2.862259088227971131e-08
4.114863311017320058e+00 2.314825682360427941e-08
4.252443441297450555e+00 1.871669419135810325e-08
4.394623552383071896e+00 1.513015986384589105e-08
4.541557444269631816e+00 1.222820007263759951e-08
4.693404059243289517e+00 9.880692391217370625e-09
4.850327653813030437e+00 7.982159422251854431e-09
5.012497976391239618e+00 6.447107462016882991e-09
5.180090450915090017e+00 5.206240026376587784e-09
5.353286366607249214e+00 4.203393430215049254e-09
5.532273074081278885e+00 3.393070987912912694e-09
5.717244188003695271e+00 2.738440933151255089e-09
5.908399796532135539e+00 2.209698719905530200e-09
6.105946677756002750e+00 1.782727660965549549e-09
6.310098523373801171e+00 1.438011051326523496e-09
6.521076169849157722e+00 1.159756936253278541e-09
6.739107837295406966e+00 9.351916978740772502e-10
6.964429376347387013e+00 7.539881760559046714e-10
7.197284523287298619e+00 6.077985723713329966e-10
7.437925163700752407e+00 4.898766113275583600e-10
7.686611604948010879e+00 3.947719234283445484e-10
7.943612857745410594e+00 3.180824802050484954e-10
8.209206927161357470e+00 2.562534309375904025e-10
8.483681113341843272e+00 2.064137663370254128e-10
8.767332322290526392e+00 1.662450219061838147e-10
9.060467387039910392e+00 1.338753856506556160e-10
9.363403399560734641e+00 1.077943264092466901e-10
9.676468053768756405e+00 8.678302904414461977e-11
1.000000000000001243e+01 6.985821782313501744e-11
