2.000000000000000164e-05 1.428134071153557526e-02
2.066869842267550072e-05 1.474058512405122985e-02
2.135975472437544027e-05 1.521459507905453812e-02
2.207391643902171255e-05 1.570384596902800467e-02
2.281195609427394449e-05 1.620882915224602233e-02
2.357467204719313169e-05 1.673004866917425851e-02
2.436288934784564352e-05 1.726803015125826304e-02
2.517746063178175121e-05 1.782330940377117520e-02
2.601926704235410016e-05 1.839643970103197607e-02
2.688921918387384303e-05 1.898799883269566141e-02
2.778825810663545582e-05 1.959858278267252382e-02
2.871735632487579741e-05 2.022878988097890143e-02
2.967751886876853870e-05 2.087926718713815563e-02
3.066978437159193627e-05 2.155065420556678130e-02
3.169522619324599853e-05 2.224363080334855469e-02
3.275495358133433647e-05 2.295888507850779928e-02
3.385011287106671010e-05 2.369713614168818955e-02
3.498188872528021299e-05 2.445912010123047972e-02
3.615150541592045298e-05 2.524560274928567410e-02
3.736022814836899319e-05 2.605736526818307891e-02
3.860936443004954884e-05 2.689523601962615779e-02
3.990026548479344494e-05 2.776003218340175605e-02
4.123432771449419843e-05 2.865262851688904142e-02
4.261299420963254024e-05 2.957392402992314526e-02
4.403775631030562105e-05 3.052483213154146002e-02
4.551015521944909301e-05 3.150630980251629271e-02
4.703178366999723984e-05 3.251933124073146802e-02
4.860428764778435972e-05 3.356491697611756198e-02
5.022936817205134787e-05 3.464410743862764153e-02
5.190878313548323190e-05 3.575798690249104572e-02
5.364434920576834987e-05 3.690766254495431165e-02
5.543794379073590958e-05 3.809428656537611202e-02
5.729150706919781900e-05 3.931904589161699937e-02
5.920704408969155763e-05 4.058316377191539120e-02
6.118662693939432690e-05 4.188790524780552915e-02
6.323239698555469304e-05 4.323456350167891732e-02
6.534656719186627638e-05 4.462449290123923773e-02
6.753142451228926792e-05 4.605908512236413926e-02
6.978933236490913268e-05 4.753975934481589199e-02
7.212273318850868345e-05 4.906800868771193924e-02
7.453415108461877573e-05 5.064533691583000818e-02
7.702619454790587906e-05 5.227333987848580693e-02
7.960155928784993205e-05 5.395362051273758230e-02
8.226303114476471348e-05 5.568786531933354877e-02
8.501348910331518868e-05 5.747780166027509352e-02
8.785590840679157983e-05 5.932521283750042534e-02
9.079336377550881697e-05 6.123192766319621172e-02
9.382903273281309529e-05 6.319984921740645634e-02
9.696619904229312483e-05 6.523094615585024736e-02
1.002082562599141270e-04 6.732723163970166791e-02
1.035587114049174785e-04 6.949076577845271496e-02
1.070211887534562421e-04 7.172372810871874282e-02
1.105994337590709140e-04 7.402832941371317865e-02
1.142973171042456330e-04 7.640685060117177740e-02
1.181188388874281471e-04 7.886163426132873633e-02
1.220681329500424115e-04 8.139513006040491327e-02
1.261494713481742377e-04 8.400983457715992253e-02
1.303672689737678670e-04 8.670835160687509480e-02
1.347260883303314362e-04 8.949332902280365820e-02
1.392306444683180742e-04 9.236751825261033111e-02
1.438858100855209437e-04 9.533375130834828570e-02
1.486966207979997041e-04 9.839495189150644638e-02
1.536682805872396744e-04 1.015541391998286552e-01
1.588061674294368483e-04 1.048144089137191814e-01
1.641158391129971276e-04 1.081789647639181257e-01
1.696030392505434848e-04 1.116510857480001173e-01
1.752737034919339915e-04 1.152341867492202437e-01
1.811339659450114388e-04 1.189317751125993639e-01
1.871901658110307874e-04 1.227474169954350103e-01
1.934488542419408646e-04 1.266848557046636459e-01
1.999168014269393128e-04 1.307479082134231918e-01
2.066010039159656652e-04 1.349405147252606407e-01
2.135086921880547338e-04 1.392667179845840097e-01
2.206473384727377968e-04 1.437307066472340300e-01
2.280246648329511538e-04 1.483367618421002343e-01
2.356486515181963309e-04 1.530892839413311446e-01
2.435275455969876748e-04 1.579928575309990924e-01
2.516698698779247295e-04 1.630520965635947617e-01
2.600844321290405573e-04 1.682718628912296677e-01
2.687803346053976817e-04 1.736570895265033831e-01
2.777669838952388651e-04 1.792128122265185530e-01
2.870541010953427292e-04 1.849442858203686757e-01
2.966517323265922064e-04 1.908567992615644027e-01
3.065702596011295341e-04 1.969559294219817014e-01
3.168204120528543403e-04 2.032472464196642958e-01
3.274132775434116785e-04 2.097365490218883188e-01
3.383603146562264279e-04 2.164297893528540628e-01
3.496733650915567022e-04 2.233330145986133497e-01
3.613646664759745386e-04 2.304524885783134358e-01
3.734468656001317080e-04 2.377944711875007444e-01
3.859330320991275886e-04 2.453656228960074126e-01
3.988366725902805230e-04 2.531724337704711059e-01
4.121717452835938129e-04 2.612218213185632520e-01
4.259526750807212541e-04 2.695206812040433775e-01
4.401943691787655547e-04 2.780760754642678800e-01
4.549122331957894719e-04 2.868952089990463583e-01
4.701221878354804149e-04 2.959853973974229668e-01
4.858406861089974399e-04 3.053541032048958659e-01
5.020847311326308640e-04 3.150089257453961844e-01
5.188718945205230424e-04 3.249574426361723223e-01
5.362203353923492141e-04 3.352073681256979576e-01
5.541488200165187389e-04 3.457667558375834838e-01
5.726767421101455150e-04 3.566432820612932542e-01
5.918241438177454907e-04 3.678448996841315877e-01
6.116117373913557359e-04 3.793797418833521062e-01
6.320609275955268004e-04 3.912557003973267666e-01
6.531938348614238542e-04 4.034807060829799785e-01
6.750333192150836329e-04 4.160627428360699209e-01
6.976030050057104547e-04 4.290097119980816887e-01
7.209273064607610694e-04 4.423292058124035364e-01
7.450314540954613768e-04 4.560289926006331762e-01
7.699415220053250396e-04 4.701164445620764631e-01
7.956844560711916160e-04 4.845987617026847882e-01
8.222881031073025473e-04 4.994828367470680042e-01
8.497812409839368810e-04 5.147750999896366642e-01
8.781936097571961097e-04 5.304820089338259104e-01
9.075559438396131216e-04 5.466090429987471300e-01
9.379000052463793693e-04 5.631613873386249747e-01
9.692586179531593148e-04 5.801447412488913713e-01
1.001665703402655023e-03 5.975603903862157784e-01
1.035156317198330069e-03 6.154127167736207493e-01
1.069766687024985286e-03 6.337034479416338018e-01
1.105534251837205851e-03 6.524336291389528641e-01
1.142497702358069404e-03 6.716027765703903585e-01
1.180697022931930960e-03 6.912093187171004516e-01
1.220173534776542454e-03 7.112501975296836587e-01
1.260969940681316284e-03 7.317205538997316738e-01
1.303130371200056587e-03 7.526135797040826025e-01
1.346700432388157767e-03 7.739206369987400302e-01
1.391727255135877424e-03 7.956306761412818007e-01
1.438259546151070007e-03 8.177303249186153034e-01
1.486347640646530459e-03 8.402032865952462348e-01
1.536043556788919398e-03 8.630304562266343238e-01
1.587401051968200579e-03 8.861890571286165086e-01
1.640475680948428249e-03 9.096533794469132683e-01
1.695324855962815390e-03 9.333936118358806544e-01
1.752007908818060174e-03 9.573754571820285442e-01
1.810586155075142928e-03 9.815607079288544146e-01
1.871122960375984270e-03 1.005906262577206167e+00
1.933683808987751848e-03 1.030363247568392593e+00
1.998336374638913938e-03 1.054878306035943014e+00
2.065150593723721201e-03 1.079391594020846279e+00
2.134198740954243185e-03 1.103837253447416344e+00
2.205555507541849362e-03 1.128143317822317027e+00
2.279298081992675151e-03 1.152230745464221329e+00
2.355506233604463730e-03 1.176013983925072948e+00
2.434262398755145627e-03 1.199399636676675263e+00
2.515651770076436904e-03 1.222287204151178974e+00
2.599762388608985089e-03 1.244569368460151759e+00
2.686685239038679764e-03 1.266130578245078908e+00
2.776514348117217236e-03 1.286847991330350771e+00
2.869346886373309435e-03 1.306592078235863319e+00
2.965283273224645581e-03 1.325226115857465858e+00
3.064427285604211931e-03 1.342607507198721351e+00
3.166886170218578649e-03 1.358587102011077796e+00
3.272770759559481216e-03 1.373012273860172439e+00
3.382195591794276077e-03 1.385725252200334268e+00
3.495279034664920681e-03 1.396567501569137892e+00
3.612143413529477973e-03 1.405378383466798775e+00
3.732915143684721951e-03 1.411999443254019937e+00
3.857724867112893516e-03 1.416274814433292395e+00
3.986707593800617976e-03 1.418055602308275320e+00
4.120002847782761740e-03 1.417199389973412549e+00
4.257754818069308354e-03 1.413577707958982632e+00
4.400112514618404608e-03 1.407075281757688590e+00
4.547229929524409554e-03 1.397595139816111054e+00
4.699266203595197679e-03 1.385062616245184230e+00
4.856385798499019031e-03 1.369428500606873822e+00
5.018758674667020935e-03 1.350671802647405162e+00
5.186560475143959549e-03 1.328805081195317150e+00
5.359972715585955248e-03 1.303874453715163195e+00
5.539182980610755057e-03 1.275965703005614849e+00
5.724385126713026593e-03 1.245203962303213618e+00
5.915779491964028892e-03 1.211755343102913329e+00
6.113573112722652143e-03 1.175827009003437729e+00
6.317979947592099882e-03 1.137667070944655245e+00
6.529221108864616957e-03 1.097561420178889691e+00
6.747525101704480652e-03 1.055829554713374030e+00
6.973128071328140755e-03 1.012821009103167524e+00
7.206274058448705437e-03 9.689082194038040052e-01
7.447215263261310406e-03 9.244780106816684606e-01
7.696212318254701257e-03 8.799237566125812648e-01
7.953534570144332738e-03 8.356358429078223349e-01
8.219460371231864307e-03 7.919902099627353920e-01
8.494277380506187053e-03 7.493397845341290830e-01
8.778282874811823774e-03 7.080028468518755336e-01
9.071784070421121463e-03 6.682556400261083773e-01
9.375098455358292851e-03 6.303235239315313487e-01
9.688554132834568261e-03 5.943753188157349099e-01
1.001249017616620725e-02 5.605191784750372941e-01
1.034725699555901803e-02 5.287998986150906910e-01
1.069321671715643858e-02 4.992007293718111471e-01
1.105074357476093505e-02 4.716458152593543951e-01
1.142022431465263173e-02 4.460049314922227004e-01
1.180205861394306721e-02 4.221026367009232394e-01
1.219665951291643881e-02 3.997280685772489073e-01
1.260445386182631328e-02 3.786480371887451235e-01
1.302588278263077520e-02 3.586221472258698251e-01
1.346140214616583890e-02 3.394181142653755479e-01
1.391148306527291781e-02 3.208291144143133322e-01
1.437661240441416924e-02 3.026884836946336921e-01
1.485729330632660182e-02 2.848822767951093016e-01
1.535404573628500365e-02 2.673561604557976867e-01
1.586740704456205894e-02 2.501169009266967502e-01
1.639793254769450481e-02 2.332254917700961050e-01
1.694619612918364313e-02 2.167834304235208287e-01
1.751279086028037155e-02 2.009137167192203699e-01
1.809832964152614798e-02 1.857391619539125183e-01
1.870344586574363213e-02 1.713617670421154482e-01
1.932879410319460894e-02 1.578465346502334610e-01
1.997505080964588620e-02 1.452134782295673165e-01
2.064291505810955316e-02 1.334379698191392460e-01
2.133310929504865505e-02 1.224604486989535196e-01
2.204638012186681956e-02 1.122020612516739096e-01
2.278349910252664909e-02 1.025834281498310546e-01
2.354526359817107548e-02 9.354107739808377453e-02
2.433249762964985810e-02 8.503763376037921928e-02
2.514605276888498206e-02 7.706254804419088167e-02
2.598680906003840441e-02 6.962398131125621670e-02
2.685567597147924673e-02 6.273493937098714723e-02
2.775359337957988490e-02 5.639943448874271820e-02
2.868153258540498754e-02 5.060410345203374821e-02
2.964049736539381419e-02 4.531818200762027099e-02
3.063152505717161092e-02 4.050100667382201813e-02
3.165568768166540647e-02 3.611254964250606991e-02
3.271409310273729054e-02 3.212135973409704220e-02
3.380788622559029871e-02 2.850578365713900969e-02
3.493825023524253087e-02 2.524912809769044864e-02
3.610640787640997940e-02 2.233251606530815836e-02
3.731362277618164441e-02 1.973091177059485557e-02
3.856120081091872487e-02 1.741480634416364345e-02
3.985049151885547425e-02 1.535530162729446639e-02
4.118288955993056055e-02 1.352809919521967032e-02
4.255983622442782027e-02 1.191321250275969267e-02
4.398282099205792772e-02 1.049168903293991838e-02
4.545338314316834522e-02 9.243138997636500889e-03
4.697311342382341770e-02 8.146727483202201650e-03
4.854365576655684383e-02 7.183760815751973755e-03
5.016670906865677154e-02 6.338716715866847019e-03
5.184402902990837420e-02 5.597747568747968999e-03
5.357743005178047802e-02 4.947271086306002756e-03
5.536878720011212396e-02 4.374540064847577507e-03
5.722003823342062395e-02 3.868849616278785975e-03
5.913318569902666078e-02 3.421271687813138077e-03
6.111029909926251474e-02 3.023606291360305537e-03
6.315351713010779189e-02 2.668436418648492767e-03
6.526504999467336310e-02 2.349782135404989650e-03
6.744718179403717817e-02 2.062910062627084339e-03
6.970227299801623477e-02 1.803924188847891037e-03
7.203276299854979858e-02 1.570024060275985534e-03
7.444117274845411802e-02 1.359492736905135125e-03
7.693010748840443946e-02 1.171036662914102166e-03
7.950225956509210379e-02 1.003402316168589383e-03
8.216041134360790865e-02 8.551984008532959166e-04
8.490743821719984319e-02 7.248599625746107375e-04
8.774631171766281157e-02 6.111513044166673198e-04
9.068010272972255870e-02 5.134626826062844420e-04
9.371198481289348681e-02 4.312831876329093427e-04
9.684523763440215649e-02 3.632908577059619721e-04
1.000832505168899600e-01 3.070579331337662315e-04
1.034295261047340625e-01 2.602094030309080874e-04
1.068876841529496080e-01 2.216271569715635526e-04
1.104614654427753945e-01 1.906275983053596994e-04
1.141547358281756464e-01 1.652388731660780488e-04
1.179714904176376727e-01 1.431091734251557345e-04
1.219158578957853512e-01 1.238559175251202247e-04
1.259921049894874856e-01 1.075706665099524287e-04
1.302046410832891354e-01 9.259808221025850848e-05
1.345580229891604751e-01 7.852563771357298631e-05
1.390569598757198100e-01 6.640725106506113219e-05
1.437063183622670492e-01 5.531192128679288648e-05
1.485111277831346888e-01 4.556198624053838029e-05
1.534765856280515817e-01 3.777571907774854114e-05
1.586080631644066208e-01 3.093715406696060402e-05
1.639111112474894438e-01 2.585797495117829863e-05
1.693914663249987407e-01 2.164883700871267206e-05
1.750550566423093313e-01 1.848104057747983049e-05
1.809080086552135869e-01 1.574061776255291978e-05
1.869566536570689830e-01 1.359076038991148258e-05
1.932075346275276828e-01 1.146099912329215388e-05
1.996674133102498971e-01 9.720069528760822688e-06
2.063432775272630582e-01 8.015420828509642052e-06
2.132423487378718452e-01 6.564895141061519664e-06
2.203720898503036263e-01 5.422494571876986643e-06
2.277402132945338109e-01 4.447904457882527631e-06
2.353546893650253491e-01 3.699647260949688713e-06
2.432237548424092122e-01 3.138488009377030159e-06
2.513559219034258718e-01 2.657660014106009126e-06
2.597599873287743666e-01 2.242846743310251850e-06
2.684450420188219666e-01 1.853689559848873192e-06
2.774204808274743361e-01 1.516329711110637839e-06
2.866960127248350254e-01 1.246784555318799753e-06
2.962816712996577673e-01 1.030000815477979610e-06
3.061878256129444420e-01 8.597015942198088224e-07
3.164251914144354805e-01 7.180294272091491279e-07
3.270048427341168962e-01 5.976402109620614682e-07
3.379382238612947953e-01 4.931617812459451802e-07
3.492371617241852855e-01 4.040476608101503304e-07
3.609138786834163448e-01 3.341954292748988820e-07
3.729810057532814693e-01 2.783196053904151836e-07
3.854515962650386651e-01 2.303566019791096941e-07
3.983391399870480631e-01 1.920141843561098238e-07
4.116575777170102257e-01 1.575194877967755598e-07
4.254213163620995108e-01 1.295783769055244482e-07
4.396452445232932327e-01 1.069331116343926458e-07
4.543447486007690661e-01 8.831971553517244728e-08
4.695357294377799362e-01 7.456625458242067745e-08
4.852346195210218704e-01 5.729637371728272858e-08
5.014584007560848322e-01 4.985543223305513738e-08
5.182246228372336949e-01 3.937824984454228022e-08
5.355514222313770833e-01 3.359024437275470566e-08
5.534575417967635413e-01 2.584177510819766774e-08
5.719623510576314906e-01 2.111522422971400792e-08
5.910858671567322808e-01 1.730193917490787531e-08
6.108487765084068544e-01 1.426650324020566301e-08
6.312724571756275216e-01 1.161706322131212918e-08
6.523790019952193653e-01 9.514765988969552509e-09
6.741912424762606104e-01 7.529438729446989574e-09
6.967327734975364839e-01 6.395395666446169465e-09
7.200279788307419881e-01 5.261067465677265385e-09
7.441020575170596008e-01 4.236371183028774966e-09
7.689810511256225389e-01 3.413390736136452280e-09
7.946918719233755368e-01 2.784171414494395062e-09
8.212623319867858873e-01 2.285788740312548121e-09
8.487211732869031078e-01 1.875063319766241901e-09
8.770980987803161932e-01 1.530404555387650060e-09
9.064238045396205701e-01 1.244844581854934477e-09
9.367300129581793700e-01 1.011408046033429415e-09
9.680495070650749767e-01 8.222074470736715777e-10
1.000416165987385808e+00 6.691385488744096183e-10
1.033865001598128330e+00 5.453836524699967309e-10
1.068432196389532240e+00 4.451078175365253217e-10
1.104155142612600837e+00 3.632085699809059512e-10
1.141072482725305592e+00 2.958313708196826374e-10
1.179224151193147607e+00 2.403062621335863561e-10
1.218651417687333982e+00 1.949456323541789845e-10
1.259396931727273516e+00 1.582119853813306414e-10
1.301504768815691548e+00 1.285799288198597740e-10
1.345020478116276896e+00 1.045209432853870950e-10
1.389991131725407447e+00 8.484874765573976969e-11
1.436465375591293947e+00 6.872467938604073545e-11
1.484493482135585296e+00 5.561699944868809386e-11
1.534127404634392455e+00 4.505444043700069984e-11
1.585420833417506836e+00 3.658388235294483241e-11
1.638429253946665609e+00 2.975930687862850264e-11
1.693210006835640158e+00 2.422708227478969892e-11
1.749822349877109051e+00 1.971701369078993753e-11
1.808327522143368116e+00 1.601606469316689664e-11
1.868788810230267217e+00 1.296295954461158764e-11
1.931271616715998229e+00 1.044478898920763096e-11
1.995843530908793184e+00 8.403367336866328402e-12
2.062574401960084458e+00 6.779283580974735876e-12
2.131536414422164238e+00 5.501890093977356275e-12
2.202804166332139602e+00 4.484391165656021904e-12
2.276454749906602792e+00 3.658457118264944900e-12
2.352567834934338631e+00 2.978313192285113708e-12
2.431225754957225149e+00 2.416747839335494534e-12
2.512513596332623944e+00 1.953927499804997125e-12
2.596519290273538783e+00 1.573767844715194804e-12
2.683333707966161441e+00 1.264851838935854739e-12
2.773050758867611432e+00 1.016824537417376347e-12
2.865767492290306695e+00 8.193720026917135828e-13
2.961584202382770314e+00 6.617734485954094432e-13
3.060604536620467719e+00 5.351043924227590448e-13
3.162935607924048931e+00 4.327103285151847084e-13
3.268688110526199786e+00 3.497265034896034991e-13
3.377976439712552459e+00 2.824162600302011438e-13
3.490918815566087297e+00 2.278140783684343945e-13
3.607637410848952619e+00 1.837105932049021846e-13
3.728258483159945236e+00 1.483002012811690523e-13
3.852912511510727001e+00 1.199838959996657148e-13
3.981734337468417539e+00 9.720602915381390278e-14
4.114863311017320058e+00 7.868050970411262091e-14
4.252443441297450555e+00 6.349564082521840316e-14
4.394623552383071896e+00 5.114041687473900242e-14
4.541557444269631816e+00 4.124405430035394151e-14
4.693404059243289517e+00 3.340793942358302042e-14
4.850327653813030437e+00 2.711386016539238803e-14
5.012497976391239618e+00 2.189840727238091286e-14
5.180090450915090017e+00 1.748559967589937799e-14
5.353286366607249214e+00 1.383815913846147607e-14
5.532273074081278885e+00 1.097165343763396326e-14
5.717244188003695271e+00 8.808292992972188521e-15
5.908399796532135539e+00 7.170893494347930944e-15
6.105946677756002750e+00 5.873391563028453076e-15
6.310098523373801171e+00 4.800462013357876711e-15
6.521076169849157722e+00 3.897373166986801296e-15
6.739107837295406966e+00 3.141600039297122964e-15
6.964429376347387013e+00 2.513884357347275486e-15
7.197284523287298619e+00 2.002364446631746998e-15
7.437925163700752407e+00 1.597793310993734266e-15
7.686611604948010879e+00 1.285543305373572947e-15
7.943612857745410594e+00 1.042044601845655289e-15
8.209206927161357470e+00 8.416535683777642750e-16
8.483681113341843272e+00 6.695714645462612927e-16
8.767332322290526392e+00 5.249069496451806602e-16
9.060467387039910392e+00 4.133928790712610128e-16
9.363403399560734641e+00 3.339149688684817599e-16
9.676468053768756405e+00 2.778137761094539108e-16
1.000000000000001243e+01 2.323478652092431450e-16
