2.000000000000000164e-05 8.867503566770460921e+00
2.066869842267550072e-05 9.152659315164873632e+00
2.135975472437544027e-05 9.446983296070159852e+00
2.207391643902171255e-05 9.750772846550585626e+00
2.281195609427394449e-05 1.006433048931856433e+01
2.357467204719313169e-05 1.038797129124722751e+01
2.436288934784564352e-05 1.072201859237476107e+01
2.517746063178175121e-05 1.106680832631915479e+01
2.601926704235410016e-05 1.142268243960050356e+01
2.688921918387384303e-05 1.179000358216888422e+01
2.778825810663545582e-05 1.216913136812752327e+01
2.871735632487579741e-05 1.256045362211870753e+01
2.967751886876853870e-05 1.296435884562652063e+01
3.066978437159193627e-05 1.338125073401646858e+01
3.169522619324599853e-05 1.381154815860713647e+01
3.275495358133433647e-05 1.425567976126904313e+01
3.385011287106671010e-05 1.471409308183014986e+01
3.498188872528021299e-05 1.518724748753195897e+01
3.615150541592045298e-05 1.567561431987908271e+01
3.736022814836899319e-05 1.617968466369933722e+01
3.860936443004954884e-05 1.669995978347013477e+01
3.990026548479344494e-05 1.723696518459306048e+01
4.123432771449419843e-05 1.779123856181477237e+01
4.261299420963254024e-05 1.836332809651131726e+01
4.403775631030562105e-05 1.895381535836051512e+01
4.551015521944909301e-05 1.956328580649318383e+01
4.703178366999723984e-05 2.019234978204669773e+01
4.860428764778435972e-05 2.084164094142670720e+01
5.022936817205134787e-05 2.151180293752475592e+01
5.190878313548323190e-05 2.220351649452859633e+01
5.364434920576834987e-05 2.291746169946492984e+01
5.543794379073590958e-05 2.365436117250695602e+01
5.729150706919781900e-05 2.441495220602889660e+01
5.920704408969155763e-05 2.519998896977471503e+01
6.118662693939432690e-05 2.601026646230812389e+01
6.323239698555469304e-05 2.684658506302093528e+01
6.534656719186627638e-05 2.770979027101833125e+01
6.753142451228926792e-05 2.860074072731593731e+01
6.978933236490913268e-05 2.952032793403884980e+01
7.212273318850868345e-05 3.046947207036825844e+01
7.453415108461877573e-05 3.144912013355450853e+01
7.702619454790587906e-05 3.246025906845856923e+01
7.960155928784993205e-05 3.350388833384064924e+01
8.226303114476471348e-05 3.458105345528075958e+01
8.501348910331518868e-05 3.569284081667342434e+01
8.785590840679157983e-05 3.684034371466412949e+01
9.079336377550881697e-05 3.802472933876013172e+01
9.382903273281309529e-05 3.924715862219761675e+01
9.696619904229312483e-05 4.050887050394836564e+01
1.002082562599141270e-04 4.181111676540189137e+01
1.035587114049174785e-04 4.315518795681335718e+01
1.070211887534562421e-04 4.454243424072760149e+01
1.105994337590709140e-04 4.597423860454686917e+01
1.142973171042456330e-04 4.745203743534860052e+01
1.181188388874281471e-04 4.897727526621018512e+01
1.220681329500424115e-04 5.055149938102494644e+01
1.261494713481742377e-04 5.217626175114530440e+01
1.303672689737678670e-04 5.385319541822410372e+01
1.347260883303314362e-04 5.558395653810534753e+01
1.392306444683180742e-04 5.737027062179723202e+01
1.438858100855209437e-04 5.921389806547716006e+01
1.486966207979997041e-04 6.111670114903252937e+01
1.536682805872396744e-04 6.308053656318977431e+01
1.588061674294368483e-04 6.510738036475603963e+01
1.641158391129971276e-04 6.719922948012593622e+01
1.696030392505434848e-04 6.935814672747329723e+01
1.752737034919339915e-04 7.158629263066409010e+01
1.811339659450114388e-04 7.388586456167864469e+01
1.871901658110307874e-04 7.625911319811298483e+01
1.934488542419408646e-04 7.870840119202823360e+01
1.999168014269393128e-04 8.123616208211444700e+01
2.066010039159656652e-04 8.384486263411480422e+01
2.135086921880547338e-04 8.653708004769447371e+01
2.206473384727377968e-04 8.931545236232362583e+01
2.280246648329511538e-04 9.218273467999304671e+01
2.356486515181963309e-04 9.514171683836475779e+01
2.435275455969876748e-04 9.819530324911249863e+01
2.516698698779247295e-04 1.013465010954860048e+02
2.600844321290405573e-04 1.045983302084281092e+02
2.687803346053976817e-04 1.079540167445406951e+02
2.777669838952388651e-04 1.114168122314937364e+02
2.870541010953427292e-04 1.149900755266567529e+02
2.966517323265922064e-04 1.186772469879972647e+02
3.065702596011295341e-04 1.224819426667296369e+02
3.168204120528543403e-04 1.264077850015908524e+02
3.274132775434116785e-04 1.304585873257332480e+02
3.383603146562264279e-04 1.346382100243029072e+02
3.496733650915567022e-04 1.389506807670467481e+02
3.613646664759745386e-04 1.434000804877243240e+02
3.734468656001317080e-04 1.479906875373382888e+02
3.859330320991275886e-04 1.527267939778770653e+02
3.988366725902805230e-04 1.576129138651745620e+02
4.121717452835938129e-04 1.626536212019180709e+02
4.259526750807212541e-04 1.678536887837906875e+02
4.401943691787655547e-04 1.732178697828985037e+02
4.549122331957894719e-04 1.787512589230663878e+02
4.701221878354804149e-04 1.844588743925564529e+02
4.858406861089974399e-04 1.903460374732289324e+02
5.020847311326308640e-04 1.964180506322115320e+02
5.188718945205230424e-04 2.026804732769769259e+02
5.362203353923492141e-04 2.091389658031784506e+02
5.541488200165187389e-04 2.157992952172370451e+02
5.726767421101455150e-04 2.226673720522043709e+02
5.918241438177454907e-04 2.297493316320941688e+02
6.116117373913557359e-04 2.370513588486455205e+02
6.320609275955268004e-04 2.445797888126967337e+02
6.531938348614238542e-04 2.523411294567871721e+02
6.750333192150836329e-04 2.603419499726973072e+02
6.976030050057104547e-04 2.685890513813019425e+02
7.209273064607610694e-04 2.770893072156280255e+02
7.450314540954613768e-04 2.858497741866798947e+02
7.699415220053250396e-04 2.948776014115052249e+02
7.956844560711916160e-04 3.041801300483892874e+02
8.222881031073025473e-04 3.137646143886788650e+02
8.497812409839368810e-04 3.236387378305852280e+02
8.781936097571961097e-04 3.338100608361114610e+02
9.075559438396131216e-04 3.442863792917451065e+02
9.379000052463793693e-04 3.550754994924827770e+02
9.692586179531593148e-04 3.661854142152548093e+02
1.001665703402655023e-03 3.776241311997043226e+02
1.035156317198330069e-03 3.893997071882358796e+02
1.069766687024985286e-03 4.015203897639261754e+02
1.105534251837205851e-03 4.139944520066113114e+02
1.142497702358069404e-03 4.268300038620752730e+02
1.180697022931930960e-03 4.400355164718693004e+02
1.220173534776542454e-03 4.536192659395679811e+02
1.260969940681316284e-03 4.675894538314991564e+02
1.303130371200056587e-03 4.819545065127579733e+02
1.346700432388157767e-03 4.967225038549578358e+02
1.391727255135877424e-03 5.119017455145357758e+02
1.438259546151070007e-03 5.275002891697827181e+02
1.486347640646530459e-03 5.435258185375125777e+02
1.536043556788919398e-03 5.599864897936548687e+02
1.587401051968200579e-03 5.768896777075292448e+02
1.640475680948428249e-03 5.942426684717061107e+02
1.695324855962815390e-03 6.120526881694879648e+02
1.752007908818060174e-03 6.303260870058688852e+02
1.810586155075142928e-03 6.490697279008106761e+02
1.871122960375984270e-03 6.682890181891038992e+02
1.933683808987751848e-03 6.879898559807605807e+02
1.998336374638913938e-03 7.081769798832000333e+02
2.065150593723721201e-03 7.288545436985265269e+02
2.134198740954243185e-03 7.500266802117419047e+02
2.205555507541849362e-03 7.716961886454423620e+02
2.279298081992675151e-03 7.938654067223862967e+02
2.355506233604463730e-03 8.165358333717456389e+02
2.434262398755145627e-03 8.397085762045586534e+02
2.515651770076436904e-03 8.633831231163264874e+02
2.599762388608985089e-03 8.875591213034512066e+02
2.686685239038679764e-03 9.122340980876514323e+02
2.776514348117217236e-03 9.374056227040443900e+02
2.869346886373309435e-03 9.630697530259703854e+02
2.965283273224645581e-03 9.892216522020327147e+02
3.064427285604211931e-03 1.015855540435186185e+03
3.166886170218578649e-03 1.042964416699684534e+03
3.272770759559481216e-03 1.070539655503800532e+03
3.382195591794276077e-03 1.098571740371985015e+03
3.495279034664920681e-03 1.127049853433074759e+03
3.612143413529477973e-03 1.155961229794961582e+03
3.732915143684721951e-03 1.185292011734134121e+03
3.857724867112893516e-03 1.215026796542897955e+03
3.986707593800617976e-03 1.245148353244393320e+03
4.120002847782761740e-03 1.275637620296830391e+03
4.257754818069308354e-03 1.306473708212140764e+03
4.400112514618404608e-03 1.337634823235592876e+03
4.547229929524409554e-03 1.369096814822932402e+03
4.699266203595197679e-03 1.400833526483202149e+03
4.856385798499019031e-03 1.432818325804409142e+03
5.018758674667020935e-03 1.465021226315779359e+03
5.186560475143959549e-03 1.497411855663563756e+03
5.359972715585955248e-03 1.529956194928479590e+03
5.539182980610755057e-03 1.562620552888602333e+03
5.724385126713026593e-03 1.595366164041465026e+03
5.915779491964028892e-03 1.628152959568925780e+03
6.113573112722652143e-03 1.660937934635565853e+03
6.317979947592099882e-03 1.693674548130181620e+03
6.529221108864616957e-03 1.726313397155864322e+03
6.747525101704480652e-03 1.758802782593058510e+03
6.973128071328140755e-03 1.791087232682587910e+03
7.206274058448705437e-03 1.823110225017806215e+03
7.447215263261310406e-03 1.854811221241682460e+03
7.696212318254701257e-03 1.886127128919406459e+03
7.953534570144332738e-03 1.916992281638644045e+03
8.219460371231864307e-03 1.947336317915426207e+03
8.494277380506187053e-03 1.977085027573283014e+03
8.778282874811823774e-03 2.006161842760962827e+03
9.071784070421121463e-03 2.034485788265217934e+03
9.375098455358292851e-03 2.061974176574547528e+03
9.688554132834568261e-03 2.088542232699986926e+03
1.001249017616620725e-02 2.114100722302398026e+03
1.034725699555901803e-02 2.138558778169029210e+03
1.069321671715643858e-02 2.161821055252362839e+03
1.105074357476093505e-02 2.183788255602973095e+03
1.142022431465263173e-02 2.204359964952748214e+03
1.180205861394306721e-02 2.223434052718987459e+03
1.219665951291643881e-02 2.240905710301566160e+03
1.260445386182631328e-02 2.256671573329451348e+03
1.302588278263077520e-02 2.270621324769290368e+03
1.346140214616583890e-02 2.282646460827237206e+03
1.391148306527291781e-02 2.292638631493004141e+03
1.437661240441416924e-02 2.300492031266454433e+03
1.485729330632660182e-02 2.306099464956409065e+03
1.535404573628500365e-02 2.309357488349600317e+03
1.586740704456205894e-02 2.310165150454885861e+03
1.639793254769450481e-02 2.308426514218111606e+03
1.694619612918364313e-02 2.304053609593407600e+03
1.751279086028037155e-02 2.296963334016013050e+03
1.809832964152614798e-02 2.287082164269888381e+03
1.870344586574363213e-02 2.274348206805498194e+03
1.932879410319460894e-02 2.258712384560282317e+03
1.997505080964588620e-02 2.240140121127974453e+03
2.064291505810955316e-02 2.218611775661148386e+03
2.133310929504865505e-02 2.194130134865065884e+03
2.204638012186681956e-02 2.166715166379665334e+03
2.278349910252664909e-02 2.136412638780118414e+03
2.354526359817107548e-02 2.103291585595579818e+03
2.433249762964985810e-02 2.067449134060505003e+03
2.514605276888498206e-02 2.029009364335716782e+03
2.598680906003840441e-02 1.988127400281110113e+03
2.685567597147924673e-02 1.944987010651347873e+03
2.775359337957988490e-02 1.899804253548927818e+03
2.868153258540498754e-02 1.852824097129325537e+03
2.964049736539381419e-02 1.804321633741722053e+03
3.063152505717161092e-02 1.754598617312962006e+03
3.165568768166540647e-02 1.703981380329840931e+03
3.271409310273729054e-02 1.652816495344149416e+03
3.380788622559029871e-02 1.601468094161468571e+03
3.493825023524253087e-02 1.550308494036004504e+03
3.610640787640997940e-02 1.499716301511614574e+03
3.731362277618164441e-02 1.450066009207225306e+03
3.856120081091872487e-02 1.401719144033128941e+03
3.985049151885547425e-02 1.355019360077590136e+03
4.118288955993056055e-02 1.310279753696956277e+03
4.255983622442782027e-02 1.267774706829729894e+03
4.398282099205792772e-02 1.227730728022908579e+03
4.545338314316834522e-02 1.190315000593036984e+03
4.697311342382341770e-02 1.155628167384722474e+03
4.854365576655684383e-02 1.123692914426137577e+03
5.016670906865677154e-02 1.094447636498181282e+03
5.184402902990837420e-02 1.067736729659282446e+03
5.357743005178047802e-02 1.043307781137130632e+03
5.536878720011212396e-02 1.020806287909264142e+03
5.722003823342062395e-02 9.997789107543000000e+02
5.913318569902666078e-02 9.796798188707366535e+02
6.111029909926251474e-02 9.598858880370079305e+02
6.315351713010779189e-02 9.397208206921371811e+02
6.526504999467336310e-02 9.184897038865323111e+02
6.744718179403717817e-02 8.955243098693752017e+02
6.970227299801623477e-02 8.702388408007567477e+02
7.203276299854979858e-02 8.421898102928502112e+02
7.444117274845411802e-02 8.111362424971912333e+02
7.693010748840443946e-02 7.770910907319204171e+02
7.950225956509210379e-02 7.403544364382029244e+02
8.216041134360790865e-02 7.015204070071172282e+02
8.490743821719984319e-02 6.614490765379362074e+02
8.774631171766281157e-02 6.212030823821930881e+02
9.068010272972255870e-02 5.819552482835587170e+02
9.371198481289348681e-02 5.448733398186012664e+02
9.684523763440215649e-02 5.109995383290067252e+02
1.000832505168899600e-01 4.811381028558943740e+02
1.034295261047340625e-01 4.557637504167815337e+02
1.068876841529496080e-01 4.349569145840790156e+02
1.104614654427753945e-01 4.183699372933724590e+02
1.141547358281756464e-01 4.052281657793538443e+02
1.179714904176376727e-01 3.943767351217773580e+02
1.219158578957853512e-01 3.843894073119101904e+02
1.259921049894874856e-01 3.737535848867837558e+02
1.302046410832891354e-01 3.611269713301613820e+02
1.345580229891604751e-01 3.456252366679993884e+02
1.390569598757198100e-01 3.270607943328321312e+02
1.437063183622670492e-01 3.060391717567772503e+02
1.485111277831346888e-01 2.838494011002937327e+02
1.534765856280515817e-01 2.621543764686671807e+02
1.586080631644066208e-01 2.425700819140816691e+02
1.639111112474894438e-01 2.262630385768369763e+02
1.693914663249987407e-01 2.136722128437818355e+02
1.750550566423093313e-01 2.044075647836721430e+02
1.809080086552135869e-01 1.973374056893335364e+02
1.869566536570689830e-01 1.908764041248997785e+02
1.932075346275276828e-01 1.834629945925509276e+02
1.996674133102498971e-01 1.741188376242028255e+02
2.063432775272630582e-01 1.628481113911508658e+02
2.132423487378718452e-01 1.506254994295880181e+02
2.203720898503036263e-01 1.389225729601959074e+02
2.277402132945338109e-01 1.290114025166180056e+02
2.353546893650253491e-01 1.214044596192487404e+02
2.432237548424092122e-01 1.156742122694012949e+02
2.513559219034258718e-01 1.107101146019630278e+02
2.597599873287743666e-01 1.053238625426864701e+02
2.684450420188219666e-01 9.892766338966485762e+01
2.774204808274743361e-01 9.184989932470352869e+01
2.866960127248350254e-01 8.501907259884984569e+01
2.962816712996577673e-01 7.924884570413165363e+01
3.061878256129444420e-01 7.467826793630344184e+01
3.164251914144354805e-01 7.075787611245388575e+01
3.270048427341168962e-01 6.675598605591920887e+01
3.379382238612947953e-01 6.237558494206319182e+01
3.492371617241852855e-01 5.793451552109398506e+01
3.609138786834163448e-01 5.395032808611140496e+01
3.729810057532814693e-01 5.059486590843074794e+01
3.854515962650386651e-01 4.758526534520363072e+01
3.983391399870480631e-01 4.456683787076493530e+01
4.116575777170102257e-01 4.150892857538851644e+01
4.254213163620995108e-01 3.864914503877714935e+01
4.396452445232932327e-01 3.612328803003996569e+01
4.543447486007690661e-01 3.381088092145954960e+01
4.695357294377799362e-01 3.155667982206987432e+01
4.852346195210218704e-01 2.938304049018007902e+01
5.014584007560848322e-01 2.738840104276285103e+01
5.182246228372336949e-01 2.556252246714592857e+01
5.355514222313770833e-01 2.382952834084138871e+01
5.534575417967635413e-01 2.218322936665771650e+01
5.719623510576314906e-01 2.065881785618634225e+01
5.910858671567322808e-01 1.924379804933712990e+01
6.108487765084068544e-01 1.790969754915856171e+01
6.312724571756275216e-01 1.666105917476556542e+01
6.523790019952193653e-01 1.550110379654853077e+01
6.741912424762606104e-01 1.441594684258135395e+01
6.967327734975364839e-01 1.340116182375129128e+01
7.200279788307419881e-01 1.245550470921772757e+01
7.441020575170596008e-01 1.157410324742407859e+01
7.689810511256225389e-01 1.075222508720916181e+01
7.946918719233755368e-01 9.985789029093396607e+00
8.212623319867858873e-01 9.271395398782470210e+00
8.487211732869031078e-01 8.605851404686408301e+00
8.770980987803161932e-01 7.986091868298598406e+00
9.064238045396205701e-01 7.409160667083989793e+00
9.367300129581793700e-01 6.872268934242724114e+00
9.680495070650749767e-01 6.372782493666921511e+00
1.000416165987385808e+00 5.908205381309842075e+00
1.033865001598128330e+00 5.476197728013724841e+00
1.068432196389532240e+00 5.074582357568599100e+00
1.104155142612600837e+00 4.701347454734063014e+00
1.141072482725305592e+00 4.354605798270152484e+00
1.179224151193147607e+00 4.032574899417523895e+00
1.218651417687333982e+00 3.733560738088040676e+00
1.259396931727273516e+00 3.455976956785322685e+00
1.301504768815691548e+00 3.198347461074916964e+00
1.345020478116276896e+00 2.959307428906105208e+00
1.389991131725407447e+00 2.737581200876875620e+00
1.436465375591293947e+00 2.531971001216750672e+00
1.484493482135585296e+00 2.341346554205018027e+00
1.534127404634392455e+00 2.164651558999150183e+00
1.585420833417506836e+00 2.000902855119042645e+00
1.638429253946665609e+00 1.849189037513709666e+00
1.693210006835640158e+00 1.708660592498008057e+00
1.749822349877109051e+00 1.578524148947509920e+00
1.808327522143368116e+00 1.458037627754547927e+00
1.868788810230267217e+00 1.346509071352476994e+00
1.931271616715998229e+00 1.243294067248987611e+00
1.995843530908793184e+00 1.147792670229684120e+00
2.062574401960084458e+00 1.059446484890062878e+00
2.131536414422164238e+00 9.777359544108972234e-01
2.202804166332139602e+00 9.021778783288146863e-01
2.276454749906602792e+00 8.323229085498143887e-01
2.352567834934338631e+00 7.677532368932437068e-01
2.431225754957225149e+00 7.080803899533538726e-01
2.512513596332623944e+00 6.529433740882428783e-01
2.596519290273538783e+00 6.020068783920812239e-01
2.683333707966161441e+00 5.549595457712005464e-01
2.773050758867611432e+00 5.115123217505354036e-01
2.865767492290306695e+00 4.713969044490450844e-01
2.961584202382770314e+00 4.343642382894495890e-01
3.060604536620467719e+00 4.001832597108135325e-01
3.162935607924048931e+00 3.686396979354342740e-01
3.268688110526199786e+00 3.395348959390697141e-01
3.377976439712552459e+00 3.126847190109895980e-01
3.490918815566087297e+00 2.879185351468320220e-01
3.607637410848952619e+00 2.650782587122131329e-01
3.728258483159945236e+00 2.440174614729555269e-01
3.852912511510727001e+00 2.246005423535701595e-01
3.981734337468417539e+00 2.067019386854072327e-01
4.114863311017320058e+00 1.902054171696979656e-01
4.252443441297450555e+00 1.750034143199764025e-01
4.394623552383071896e+00 1.609963968217864028e-01
4.541557444269631816e+00 1.480922874914949172e-01
4.693404059243289517e+00 1.362059351785064043e-01
4.850327653813030437e+00 1.252586096034708774e-01
5.012497976391239618e+00 1.151775306778886204e-01
5.180090450915090017e+00 1.058954305811317803e-01
5.353286366607249214e+00 9.735014292695182148e-02
5.532273074081278885e+00 8.948422798008807966e-02
5.717244188003695271e+00 8.224462771129985306e-02
5.908399796532135539e+00 7.558233784396864441e-02
6.105946677756002750e+00 6.945210654245669024e-02
6.310098523373801171e+00 6.381215683544852468e-02
6.521076169849157722e+00 5.862392132384384308e-02
6.739107837295406966e+00 5.385180204648895574e-02
6.964429376347387013e+00 4.946295349078244641e-02
7.197284523287298619e+00 4.542707763704197099e-02
7.437925163700752407e+00 4.171623070841486841e-02
7.686611604948010879e+00 3.830464028307824231e-02
7.943612857745410594e+00 3.516853614647876686e-02
8.209206927161357470e+00 3.228599754770052066e-02
8.483681113341843272e+00 2.963681810849353240e-02
8.767332322290526392e+00 2.720237440688537747e-02
9.060467387039910392e+00 2.496550424442468830e-02
9.363403399560734641e+00 2.291039488089452111e-02
9.676468053768756405e+00 2.102248064894884916e-02
1.000000000000001243e+01 1.928834721043515971e-02
