2.000000000000000164e-05 1.344918418570409738e-02
2.066869842267550072e-05 1.388167740943441544e-02
2.135975472437544027e-05 1.432807976689738638e-02
2.207391643902171255e-05 1.478883746862903921e-02
2.281195609427394449e-05 1.526441080891718406e-02
2.357467204719313169e-05 1.575527758506829051e-02
2.436288934784564352e-05 1.626192953927447019e-02
2.517746063178175121e-05 1.678487389824515064e-02
2.601926704235410016e-05 1.732463513746854838e-02
2.688921918387384303e-05 1.788175278345582528e-02
2.778825810663545582e-05 1.845678591379103575e-02
2.871735632487579741e-05 1.905031119835170345e-02
2.967751886876853870e-05 1.966292281733243372e-02
3.066978437159193627e-05 2.029522848501153637e-02
3.169522619324599853e-05 2.094787364690620102e-02
3.275495358133433647e-05 2.162150436478203763e-02
3.385011287106671010e-05 2.231679364303107080e-02
3.498188872528021299e-05 2.303444530443119614e-02
3.615150541592045298e-05 2.377517111707655451e-02
3.736022814836899319e-05 2.453971706664358557e-02
3.860936443004954884e-05 2.532885103693472209e-02
3.990026548479344494e-05 2.614335556835230279e-02
4.123432771449419843e-05 2.698405671136749895e-02
4.261299420963254024e-05 2.785178698746585552e-02
4.403775631030562105e-05 2.874742152484061064e-02
4.551015521944909301e-05 2.967185521770394907e-02
4.703178366999723984e-05 3.062602007665459966e-02
4.860428764778435972e-05 3.161085629991352425e-02
5.022936817205134787e-05 3.262737097221541510e-02
5.190878313548323190e-05 3.367656855668680477e-02
5.364434920576834987e-05 3.475949956499971988e-02
5.543794379073590958e-05 3.587725661188493481e-02
5.729150706919781900e-05 3.703094944815917694e-02
5.920704408969155763e-05 3.822174507972527641e-02
6.118662693939432690e-05 3.945082461576577409e-02
6.323239698555469304e-05 4.071942986315833790e-02
6.534656719186627638e-05 4.202882172815750744e-02
6.753142451228926792e-05 4.338031835755519483e-02
6.978933236490913268e-05 4.477526357992789308e-02
7.212273318850868345e-05 4.621506282856131798e-02
7.453415108461877573e-05 4.770115966867397722e-02
7.702619454790587906e-05 4.923503274101210386e-02
7.960155928784993205e-05 5.081822920924396886e-02
8.226303114476471348e-05 5.245232092137866453e-02
8.501348910331518868e-05 5.413895256637913517e-02
8.785590840679157983e-05 5.587981368294350770e-02
9.079336377550881697e-05 5.767664421719870260e-02
9.382903273281309529e-05 5.953124091187640687e-02
9.696619904229312483e-05 6.144545194534131727e-02
1.002082562599141270e-04 6.342122054535281883e-02
1.035587114049174785e-04 6.546049287793316573e-02
1.070211887534562421e-04 6.756532561809402981e-02
1.105994337590709140e-04 6.973781770661725832e-02
1.142973171042456330e-04 7.198015934939172578e-02
1.181188388874281471e-04 7.429456449796079109e-02
1.220681329500424115e-04 7.668337337898828432e-02
1.261494713481742377e-04 7.914896474735604037e-02
1.303672689737678670e-04 8.169380290113059662e-02
1.347260883303314362e-04 8.432043309558054367e-02
1.392306444683180742e-04 8.703149761948451857e-02
1.438858100855209437e-04 8.982967851519871316e-02
1.486966207979997041e-04 9.271777536139129416e-02
1.536682805872396744e-04 9.569869804542735503e-02
1.588061674294368483e-04 9.877542161826034783e-02
1.641158391129971276e-04 1.019509960976318769e-01
1.696030392505434848e-04 1.052286129432092043e-01
1.752737034919339915e-04 1.086115310752304719e-01
1.811339659450114388e-04 1.121031389252390154e-01
1.871901658110307874e-04 1.157069104445466734e-01
1.934488542419408646e-04 1.194264583197753860e-01
1.999168014269393128e-04 1.232654783759117023e-01
2.066010039159656652e-04 1.272277830194268600e-01
2.135086921880547338e-04 1.313173701605893084e-01
2.206473384727377968e-04 1.355382868603220436e-01
2.280246648329511538e-04 1.398947194450220477e-01
2.356486515181963309e-04 1.443910142986128964e-01
2.435275455969876748e-04 1.490316793086904623e-01
2.516698698779247295e-04 1.538212943042462366e-01
2.600844321290405573e-04 1.587646280032113666e-01
2.687803346053976817e-04 1.638666403662226434e-01
2.777669838952388651e-04 1.691322973132846075e-01
2.870541010953427292e-04 1.745669330890919357e-01
2.966517323265922064e-04 1.801758623313902408e-01
3.065702596011295341e-04 1.859647312726856461e-01
3.168204120528543403e-04 1.919391854735239822e-01
3.274132775434116785e-04 1.981052022259817968e-01
3.383603146562264279e-04 2.044688040792022043e-01
3.496733650915567022e-04 2.110363723737855857e-01
3.613646664759745386e-04 2.178143436151511458e-01
3.734468656001317080e-04 2.248094309609135200e-01
3.859330320991275886e-04 2.320284649867327964e-01
3.988366725902805230e-04 2.394786241815446137e-01
4.121717452835938129e-04 2.471671983275892659e-01
4.259526750807212541e-04 2.551017503069241132e-01
4.401943691787655547e-04 2.632900386289359629e-01
4.549122331957894719e-04 2.717400706115482012e-01
4.701221878354804149e-04 2.804601661628575160e-01
4.858406861089974399e-04 2.894587436386106827e-01
5.020847311326308640e-04 2.987446452676828512e-01
5.188718945205230424e-04 3.083268547635676926e-01
5.362203353923492141e-04 3.182146824964255938e-01
5.541488200165187389e-04 3.284176779831941562e-01
5.726767421101455150e-04 3.389457245007577169e-01
5.918241438177454907e-04 3.498089838733690060e-01
6.116117373913557359e-04 3.610178516355379563e-01
6.320609275955268004e-04 3.725830266206732744e-01
6.531938348614238542e-04 3.845156221254739104e-01
6.750333192150836329e-04 3.968269136675310893e-01
6.976030050057104547e-04 4.095286717234962737e-01
7.209273064607610694e-04 4.226327850923056739e-01
7.450314540954613768e-04 4.361516605690898829e-01
7.699415220053250396e-04 4.500979820637491802e-01
7.956844560711916160e-04 4.644846536655596880e-01
8.222881031073025473e-04 4.793250553184317808e-01
8.497812409839368810e-04 4.946328651140518007e-01
8.781936097571961097e-04 5.104222276853376261e-01
9.075559438396131216e-04 5.267074350022297180e-01
9.379000052463793693e-04 5.435031732266397686e-01
9.692586179531593148e-04 5.608246482898663343e-01
1.001665703402655023e-03 5.786872236577235151e-01
1.035156317198330069e-03 5.971067200917568041e-01
1.069766687024985286e-03 6.160993592989491008e-01
1.105534251837205851e-03 6.356815387023870834e-01
1.142497702358069404e-03 6.558700069435223767e-01
1.180697022931930960e-03 6.766822405006006624e-01
1.220173534776542454e-03 6.981352860814700190e-01
1.260969940681316284e-03 7.202473435424054937e-01
1.303130371200056587e-03 7.430360728676616011e-01
1.346700432388157767e-03 7.665202143548763836e-01
1.391727255135877424e-03 7.907179565782280761e-01
1.438259546151070007e-03 8.156484823548229013e-01
1.486347640646530459e-03 8.413306226180128355e-01
1.536043556788919398e-03 8.677838648472852023e-01
1.587401051968200579e-03 8.950270865995398895e-01
1.640475680948428249e-03 9.230799262647900738e-01
1.695324855962815390e-03 9.519620783167966893e-01
1.752007908818060174e-03 9.816927511167348186e-01
1.810586155075142928e-03 1.012291320906118175e+00
1.871122960375984270e-03 1.043777370062325627e+00
1.933683808987751848e-03 1.076169647165861054e+00
1.998336374638913938e-03 1.109487264292190467e+00
2.065150593723721201e-03 1.143748504477017702e+00
2.134198740954243185e-03 1.178971435154065439e+00
2.205555507541849362e-03 1.215173310500897719e+00
2.279298081992675151e-03 1.252371346057686408e+00
2.355506233604463730e-03 1.290580965750731890e+00
2.434262398755145627e-03 1.329817322844638383e+00
2.515651770076436904e-03 1.370094758202138774e+00
2.599762388608985089e-03 1.411425681638031504e+00
2.686685239038679764e-03 1.453821100844497005e+00
2.776514348117217236e-03 1.497291292666759865e+00
2.869346886373309435e-03 1.541843828021915108e+00
2.965283273224645581e-03 1.587484633755253727e+00
3.064427285604211931e-03 1.634217472671884552e+00
3.166886170218578649e-03 1.682043617300787552e+00
3.272770759559481216e-03 1.730961611403707412e+00
3.382195591794276077e-03 1.780967302063967583e+00
3.495279034664920681e-03 1.832052761937908336e+00
3.612143413529477973e-03 1.884207458267517010e+00
3.732915143684721951e-03 1.937415980653019121e+00
3.857724867112893516e-03 1.991660250333305182e+00
3.986707593800617976e-03 2.046916531263230254e+00
4.120002847782761740e-03 2.103157360224951589e+00
4.257754818069308354e-03 2.160350481824909519e+00
4.400112514618404608e-03 2.218457731460755422e+00
4.547229929524409554e-03 2.277436752542758569e+00
4.699266203595197679e-03 2.337238674979092323e+00
4.856385798499019031e-03 2.397808570879166989e+00
5.018758674667020935e-03 2.459086646705427981e+00
5.186560475143959549e-03 2.521006447173354204e+00
5.359972715585955248e-03 2.583494516481985137e+00
5.539182980610755057e-03 2.646472647133256917e+00
5.724385126713026593e-03 2.709855293621004080e+00
5.915779491964028892e-03 2.773550636757061039e+00
6.113573112722652143e-03 2.837461331094424111e+00
6.317979947592099882e-03 2.901484212719712019e+00
6.529221108864616957e-03 2.965509624693185131e+00
6.747525101704480652e-03 3.029422515964780072e+00
6.973128071328140755e-03 3.093103735940168075e+00
7.206274058448705437e-03 3.156428879020278799e+00
7.447215263261310406e-03 3.219268519236788695e+00
7.696212318254701257e-03 3.281490046090961066e+00
7.953534570144332738e-03 3.342957002137870948e+00
8.219460371231864307e-03 3.403530027239831668e+00
8.494277380506187053e-03 3.463067327243306348e+00
8.778282874811823774e-03 3.521423324262756172e+00
9.071784070421121463e-03 3.578450374051797223e+00
9.375098455358292851e-03 3.633999137711475758e+00
9.688554132834568261e-03 3.687916386619466191e+00
1.001249017616620725e-02 3.740047541862989711e+00
1.034725699555901803e-02 3.790233852815553028e+00
1.069321671715643858e-02 3.838312323207694998e+00
1.105074357476093505e-02 3.884117198789522885e+00
1.142022431465263173e-02 3.927476940853686926e+00
1.180205861394306721e-02 3.968213816261501936e+00
1.219665951291643881e-02 4.006145560155846219e+00
1.260445386182631328e-02 4.041084227687215424e+00
1.302588278263077520e-02 4.072834254793013642e+00
1.346140214616583890e-02 4.101196412689684934e+00
1.391148306527291781e-02 4.125966828785536222e+00
1.437661240441416924e-02 4.146940297450551149e+00
1.485729330632660182e-02 4.163909400436221375e+00
1.535404573628500365e-02 4.176670960569767388e+00
1.586740704456205894e-02 4.185025677792721943e+00
1.639793254769450481e-02 4.188784321944345024e+00
1.694619612918364313e-02 4.187767381538828992e+00
1.751279086028037155e-02 4.181811784331706860e+00
1.809832964152614798e-02 4.170773158949912407e+00
1.870344586574363213e-02 4.154523853472787742e+00
1.932879410319460894e-02 4.132961776424445510e+00
1.997505080964588620e-02 4.106007962404595979e+00
2.064291505810955316e-02 4.073611380395623094e+00
2.133310929504865505e-02 4.035751726854401866e+00
2.204638012186681956e-02 3.992438962654707435e+00
2.278349910252664909e-02 3.943725920218221770e+00
2.354526359817107548e-02 3.889702934236982657e+00
2.433249762964985810e-02 3.830509964589796201e+00
2.514605276888498206e-02 3.766337413921101440e+00
2.598680906003840441e-02 3.697430638618186549e+00
2.685567597147924673e-02 3.624089645497479140e+00
2.775359337957988490e-02 3.546672295907161931e+00
2.868153258540498754e-02 3.465589532256868832e+00
2.964049736539381419e-02 3.381305733690008974e+00
3.063152505717161092e-02 3.294333897444100767e+00
3.165568768166540647e-02 3.205234081914759336e+00
3.271409310273729054e-02 3.114606742063477096e+00
3.380788622559029871e-02 3.023087252037017780e+00
3.493825023524253087e-02 2.931335437911709807e+00
3.610640787640997940e-02 2.840027221510228905e+00
3.731362277618164441e-02 2.749835126740861391e+00
3.856120081091872487e-02 2.661417854925260951e+00
3.985049151885547425e-02 2.575405489003668613e+00
4.118288955993056055e-02 2.492381956928629183e+00
4.255983622442782027e-02 2.412870302151771451e+00
4.398282099205792772e-02 2.337312395683214028e+00
4.545338314316834522e-02 2.266053966179734758e+00
4.697311342382341770e-02 2.199323883309102445e+00
4.854365576655684383e-02 2.137218819405637849e+00
5.016670906865677154e-02 2.079690765552022924e+00
5.184402902990837420e-02 2.026530921920174144e+00
5.357743005178047802e-02 1.977362609790500381e+00
5.536878720011212396e-02 1.931630985279105817e+00
5.722003823342062395e-02 1.888612249170444901e+00
5.913318569902666078e-02 1.847422621175273116e+00
6.111029909926251474e-02 1.807041194377806637e+00
6.315351713010779189e-02 1.766351415337832798e+00
6.526504999467336310e-02 1.724196208221537185e+00
6.744718179403717817e-02 1.679453640844876139e+00
6.970227299801623477e-02 1.631126571389314606e+00
7.203276299854979858e-02 1.578440454014261141e+00
7.444117274845411802e-02 1.520945337668838437e+00
7.693010748840443946e-02 1.458604139853131310e+00
7.950225956509210379e-02 1.391848875410663933e+00
8.216041134360790865e-02 1.321601707993582009e+00
8.490743821719984319e-02 1.249237610808047405e+00
8.774631171766281157e-02 1.176487572890382971e+00
9.068010272972255870e-02 1.105292684208209586e+00
9.371198481289348681e-02 1.037615541798970753e+00
9.684523763440215649e-02 9.752395929335295754e-01
1.000832505168899600e-01 9.195727044176229548e-01
1.034295261047340625e-01 8.714827803653699689e-01
1.068876841529496080e-01 8.311778137592477078e-01
1.104614654427753945e-01 7.981387209986949838e-01
1.141547358281756464e-01 7.711177300785226896e-01
1.179714904176376727e-01 7.482161612868608591e-01
1.219158578957853512e-01 7.270701722522444621e-01
1.259921049894874856e-01 7.051581740423420452e-01
1.302046410832891354e-01 6.802259284408247453e-01
1.345580229891604751e-01 6.507572578812155228e-01
1.390569598757198100e-01 6.163716361059073945e-01
1.437063183622670492e-01 5.779953274988236522e-01
1.485111277831346888e-01 5.377017780228674493e-01
1.534765856280515817e-01 4.982229945096960932e-01
1.586080631644066208e-01 4.622629407909086829e-01
1.639111112474894438e-01 4.318178018929972883e-01
1.693914663249987407e-01 4.076870138873603389e-01
1.750550566423093313e-01 3.892755702896655290e-01
1.809080086552135869e-01 3.747277067625354730e-01
1.869566536570689830e-01 3.614076954541965980e-01
1.932075346275276828e-01 3.466991497260819011e-01
1.996674133102498971e-01 3.289338312607949510e-01
2.063432775272630582e-01 3.080613882359991562e-01
2.132423487378718452e-01 2.856502789449049118e-01
2.203720898503036263e-01 2.641301665212706373e-01
2.277402132945338109e-01 2.456426913747160046e-01
2.353546893650253491e-01 2.310868318692103074e-01
2.432237548424092122e-01 2.197860424853640415e-01
2.513559219034258718e-01 2.099001935612305192e-01
2.597599873287743666e-01 1.994346172551239027e-01
2.684450420188219666e-01 1.873764068431393037e-01
2.774204808274743361e-01 1.742355594880159175e-01
2.866960127248350254e-01 1.615432002743804885e-01
2.962816712996577673e-01 1.506695319009069556e-01
3.061878256129444420e-01 1.418719985371328374e-01
3.164251914144354805e-01 1.342472864077981221e-01
3.270048427341168962e-01 1.265668865596802917e-01
3.379382238612947953e-01 1.183134074843432970e-01
3.492371617241852855e-01 1.099986606906912384e-01
3.609138786834163448e-01 1.024859706936208231e-01
3.729810057532814693e-01 9.607434497857643418e-02
3.854515962650386651e-01 9.029827135947893213e-02
3.983391399870480631e-01 8.455878824885462719e-02
4.116575777170102257e-01 7.879215664729931345e-02
4.254213163620995108e-01 7.338984496396494528e-02
4.396452445232932327e-01 6.858270855753365036e-02
4.543447486007690661e-01 6.417248083540245951e-02
4.695357294377799362e-01 5.989544867770201647e-02
4.852346195210218704e-01 5.578281815428648427e-02
5.014584007560848322e-01 5.199773571650676690e-02
5.182246228372336949e-01 4.852428414824136449e-02
5.355514222313770833e-01 4.523401330995067970e-02
5.534575417967635413e-01 4.211322104244673292e-02
5.719623510576314906e-01 3.921931218657287443e-02
5.910858671567322808e-01 3.653107396446435978e-02
6.108487765084068544e-01 3.399929682401766490e-02
6.312724571756275216e-01 3.162982470785202088e-02
6.523790019952193653e-01 2.942719956685861324e-02
6.741912424762606104e-01 2.736715290064401992e-02
6.967327734975364839e-01 2.544115794147253778e-02
7.200279788307419881e-01 2.364603309388866453e-02
7.441020575170596008e-01 2.197269608056624107e-02
7.689810511256225389e-01 2.041235554214433645e-02
7.946918719233755368e-01 1.895734508301249316e-02
8.212623319867858873e-01 1.760116991421222313e-02
8.487211732869031078e-01 1.633772838444530473e-02
8.770980987803161932e-01 1.516118344623973435e-02
9.064238045396205701e-01 1.406593150992770450e-02
9.367300129581793700e-01 1.304668691739551030e-02
9.680495070650749767e-01 1.209845349614371325e-02
1.000416165987385808e+00 1.121649222683232354e-02
1.033865001598128330e+00 1.039636011041593366e-02
1.068432196389532240e+00 9.633923422582501075e-03
1.104155142612600837e+00 8.925362855720962024e-03
1.141072482725305592e+00 8.267095742369414552e-03
1.179224151193147607e+00 7.655738521796383485e-03
1.218651417687333982e+00 7.088076142910047957e-03
1.259396931727273516e+00 6.561097818965844902e-03
1.301504768815691548e+00 6.072001657024194213e-03
1.345020478116276896e+00 5.618196273770975288e-03
1.389991131725407447e+00 5.197259545313778588e-03
1.436465375591293947e+00 4.806917415780092608e-03
1.484493482135585296e+00 4.445024342914515904e-03
1.534127404634392455e+00 4.109575241031921712e-03
1.585420833417506836e+00 3.798703824366870402e-03
1.638429253946665609e+00 3.510679986692293465e-03
1.693210006835640158e+00 3.243891081984796605e-03
1.749822349877109051e+00 2.996830996596915909e-03
1.808327522143368116e+00 2.768090890748696985e-03
1.868788810230267217e+00 2.556357066626999477e-03
1.931271616715998229e+00 2.360406104082125953e-03
1.995843530908793184e+00 2.179099019980455972e-03
2.062574401960084458e+00 2.011375720335626359e-03
2.131536414422164238e+00 1.856249859754472179e-03
2.202804166332139602e+00 1.712804168509718394e-03
2.276454749906602792e+00 1.580185644774687427e-03
2.352567834934338631e+00 1.457601142347992543e-03
2.431225754957225149e+00 1.344313177146903675e-03
2.512513596332623944e+00 1.239636421563550034e-03
2.596519290273538783e+00 1.142934294623707556e-03
2.683333707966161441e+00 1.053615646730474229e-03
2.773050758867611432e+00 9.711316641162560980e-04
2.865767492290306695e+00 8.949729532083658184e-04
2.961584202382770314e+00 8.246667200188383291e-04
3.060604536620467719e+00 7.597743432373731554e-04
3.162935607924048931e+00 6.998890664592376156e-04
3.268688110526199786e+00 6.446337438179018360e-04
3.377976439712552459e+00 5.936587875059912449e-04
3.490918815566087297e+00 5.466402464454228095e-04
3.607637410848952619e+00 5.032779878925062967e-04
3.728258483159945236e+00 4.632940116477410396e-04
3.852912511510727001e+00 4.264308772012272868e-04
3.981734337468417539e+00 3.924502226063394743e-04
4.114863311017320058e+00 3.611314049149537213e-04
4.252443441297450555e+00 3.322702322791808768e-04
4.394623552383071896e+00 3.056777370443266337e-04
4.541557444269631816e+00 2.811790966486164096e-04
4.693404059243289517e+00 2.586126416440697687e-04
4.850327653813030437e+00 2.378289038204494050e-04
5.012497976391239618e+00 2.186897176225208888e-04
5.180090450915090017e+00 2.010673805042009060e-04
5.353286366607249214e+00 1.848438714812592734e-04
5.532273074081278885e+00 1.699101408187336858e-04
5.717244188003695271e+00 1.561654574493394148e-04
5.908399796532135539e+00 1.435167882602397956e-04
6.105946677756002750e+00 1.318782254097758736e-04
6.310098523373801171e+00 1.211704571857536583e-04
6.521076169849157722e+00 1.113202644839831338e-04
6.739107837295406966e+00 1.022600651142491841e-04
6.964429376347387013e+00 9.392750203840429456e-05
7.197284523287298619e+00 8.626505534018823055e-05
7.437925163700752407e+00 7.921967530738961325e-05
7.686611604948010879e+00 7.274243387655926246e-05
7.943612857745410594e+00 6.678820306071696171e-05
8.209206927161357470e+00 6.131536513051525131e-05
8.483681113341843272e+00 5.628555719098153268e-05
8.767332322290526392e+00 5.166342313403201377e-05
9.060467387039910392e+00 4.741638273511384661e-05
9.363403399560734641e+00 4.351441702113805735e-05
9.676468053768756405e+00 3.992987361047939789e-05
1.000000000000001243e+01 3.663728504290499841e-05
