2.000000000000000164e-05 7.633897616751854631e-01
2.066869842267550072e-05 7.633825023222400308e-01
2.135975472437544027e-05 7.633897449264491764e-01
2.207391643902171255e-05 7.633834582389200651e-01
2.281195609427394449e-05 7.633847313541349822e-01
2.357467204719313169e-05 7.633878070492063905e-01
2.436288934784564352e-05 7.633905622405730007e-01
2.517746063178175121e-05 7.633826000333185924e-01
2.601926704235410016e-05 7.633875742507140183e-01
2.688921918387384303e-05 7.633862977201909539e-01
2.778825810663545582e-05 7.633858484572526582e-01
2.871735632487579741e-05 7.633866072893654708e-01
2.967751886876853870e-05 7.633876964875173643e-01
3.066978437159193627e-05 7.633866785809575450e-01
3.169522619324599853e-05 7.633841954900663085e-01
3.275495358133433647e-05 7.633866585391253512e-01
3.385011287106671010e-05 7.633848101920447382e-01
3.498188872528021299e-05 7.633860305975125327e-01
3.615150541592045298e-05 7.633858224447274132e-01
3.736022814836899319e-05 7.633830493160694841e-01
3.860936443004954884e-05 7.633851881243982618e-01
3.990026548479344494e-05 7.633865381552360496e-01
4.123432771449419843e-05 7.633823635041326883e-01
4.261299420963254024e-05 7.633860632828326498e-01
4.403775631030562105e-05 7.633850728676189190e-01
4.551015521944909301e-05 7.633866593974590886e-01
4.703178366999723984e-05 7.633837114597447071e-01
4.860428764778435972e-05 7.633854735016325499e-01
5.022936817205134787e-05 7.633829772816005388e-01
5.190878313548323190e-05 7.633871249846737594e-01
5.364434920576834987e-05 7.633821773804739808e-01
5.543794379073590958e-05 7.633878620084438849e-01
5.729150706919781900e-05 7.633808228740162072e-01
5.920704408969155763e-05 7.633890704497930946e-01
6.118662693939432690e-05 7.633838255014091523e-01
6.323239698555469304e-05 7.633837408945074454e-01
6.534656719186627638e-05 7.633828982750270331e-01
6.753142451228926792e-05 7.633829878006511693e-01
6.978933236490913268e-05 7.633782779659101791e-01
7.212273318850868345e-05 7.633779464578442919e-01
7.453415108461877573e-05 7.633810594879429923e-01
7.702619454790587906e-05 7.633798531095715711e-01
7.960155928784993205e-05 7.633797845366010471e-01
8.226303114476471348e-05 7.633796543938582424e-01
8.501348910331518868e-05 7.633769393414072679e-01
8.785590840679157983e-05 7.633786609799785294e-01
9.079336377550881697e-05 7.633738773629160645e-01
9.382903273281309529e-05 7.633746818445524829e-01
9.696619904229312483e-05 7.633748324431106624e-01
1.002082562599141270e-04 7.633781913602508684e-01
1.035587114049174785e-04 7.633754954867698617e-01
1.070211887534562421e-04 7.633752265973333673e-01
1.105994337590709140e-04 7.633758232319804993e-01
1.142973171042456330e-04 7.633728692410651773e-01
1.181188388874281471e-04 7.633722881393180115e-01
1.220681329500424115e-04 7.633696603664741342e-01
1.261494713481742377e-04 7.633677326462697810e-01
1.303672689737678670e-04 7.633650279168481267e-01
1.347260883303314362e-04 7.633660146189454876e-01
1.392306444683180742e-04 7.633617673008961102e-01
1.438858100855209437e-04 7.633636260588463340e-01
1.486966207979997041e-04 7.633627156042005479e-01
1.536682805872396744e-04 7.633601206151726659e-01
1.588061674294368483e-04 7.633577300513333386e-01
1.641158391129971276e-04 7.633564133064943968e-01
1.696030392505434848e-04 7.633522861849134644e-01
1.752737034919339915e-04 7.633497631930585836e-01
1.811339659450114388e-04 7.633514594854928781e-01
1.871901658110307874e-04 7.633464792604642835e-01
1.934488542419408646e-04 7.633479508897699217e-01
1.999168014269393128e-04 7.633452143816832347e-01
2.066010039159656652e-04 7.633391955976327470e-01
2.135086921880547338e-04 7.633372472129830166e-01
2.206473384727377968e-04 7.633304369854010396e-01
2.280246648329511538e-04 7.633277193685110706e-01
2.356486515181963309e-04 7.633266740605828549e-01
2.435275455969876748e-04 7.633222019801851888e-01
2.516698698779247295e-04 7.633182102145181780e-01
2.600844321290405573e-04 7.633141713441171650e-01
2.687803346053976817e-04 7.633093781102207043e-01
2.777669838952388651e-04 7.633084244686995090e-01
2.870541010953427292e-04 7.632986474100738050e-01
2.966517323265922064e-04 7.632929292793044773e-01
3.065702596011295341e-04 7.632865416800524994e-01
3.168204120528543403e-04 7.632826176241311877e-01
3.274132775434116785e-04 7.632729237535341715e-01
3.383603146562264279e-04 7.632657049446022191e-01
3.496733650915567022e-04 7.632643265781160480e-01
3.613646664759745386e-04 7.632564344233647713e-01
3.734468656001317080e-04 7.632458927391267967e-01
3.859330320991275886e-04 7.632376515998923194e-01
3.988366725902805230e-04 7.632305000827328545e-01
4.121717452835938129e-04 7.632226829460230233e-01
4.259526750807212541e-04 7.632112106308303057e-01
4.401943691787655547e-04 7.632044255749361739e-01
4.549122331957894719e-04 7.631872879574759239e-01
4.701221878354804149e-04 7.631822618053619722e-01
4.858406861089974399e-04 7.631713595265460226e-01
5.020847311326308640e-04 7.631617365420064747e-01
5.188718945205230424e-04 7.631463653805055092e-01
5.362203353923492141e-04 7.631359233389620744e-01
5.541488200165187389e-04 7.631312954186104669e-01
5.726767421101455150e-04 7.631153763122147105e-01
5.918241438177454907e-04 7.631000648883573545e-01
6.116117373913557359e-04 7.630906816781509727e-01
6.320609275955268004e-04 7.630780982164914183e-01
6.531938348614238542e-04 7.630634798531780172e-01
6.750333192150836329e-04 7.630460602633154510e-01
6.976030050057104547e-04 7.630326329920232853e-01
7.209273064607610694e-04 7.630261187549599589e-01
7.450314540954613768e-04 7.630099822956838418e-01
7.699415220053250396e-04 7.629969962882134915e-01
7.956844560711916160e-04 7.629885114717179784e-01
8.222881031073025473e-04 7.629719147401732293e-01
8.497812409839368810e-04 7.629584691690299847e-01
8.781936097571961097e-04 7.629467206888818076e-01
9.075559438396131216e-04 7.629347883298718269e-01
9.379000052463793693e-04 7.629270470799252024e-01
9.692586179531593148e-04 7.629125800078448982e-01
1.001665703402655023e-03 7.629059757998201130e-01
1.035156317198330069e-03 7.628932686415591524e-01
1.069766687024985286e-03 7.628833819049778420e-01
1.105534251837205851e-03 7.628796780608969597e-01
1.142497702358069404e-03 7.628671170325943551e-01
1.180697022931930960e-03 7.628529254587251840e-01
1.220173534776542454e-03 7.628493104179225881e-01
1.260969940681316284e-03 7.628418703693400360e-01
1.303130371200056587e-03 7.628308491297836058e-01
1.346700432388157767e-03 7.628255612446248612e-01
1.391727255135877424e-03 7.628161583302670579e-01
1.438259546151070007e-03 7.628094245461601863e-01
1.486347640646530459e-03 7.627977618569452556e-01
1.536043556788919398e-03 7.627919252250582316e-01
1.587401051968200579e-03 7.627821962893587271e-01
1.640475680948428249e-03 7.627769920906860568e-01
1.695324855962815390e-03 7.627661606719896570e-01
1.752007908818060174e-03 7.627582996590847042e-01
1.810586155075142928e-03 7.627485175782499072e-01
1.871122960375984270e-03 7.627377375071046073e-01
1.933683808987751848e-03 7.627289770721471518e-01
1.998336374638913938e-03 7.627237957522446932e-01
2.065150593723721201e-03 7.627119050371620190e-01
2.134198740954243185e-03 7.627013652419927237e-01
2.205555507541849362e-03 7.626903709907011386e-01
2.279298081992675151e-03 7.626843579140000218e-01
2.355506233604463730e-03 7.626686341800381630e-01
2.434262398755145627e-03 7.626572406355368594e-01
2.515651770076436904e-03 7.626453303056546229e-01
2.599762388608985089e-03 7.626383861611948367e-01
2.686685239038679764e-03 7.626216877262099736e-01
2.776514348117217236e-03 7.626162154184438213e-01
2.869346886373309435e-03 7.626001785595816207e-01
2.965283273224645581e-03 7.625853317976253321e-01
3.064427285604211931e-03 7.625712053743046726e-01
3.166886170218578649e-03 7.625565282059357797e-01
3.272770759559481216e-03 7.625406205004700011e-01
3.382195591794276077e-03 7.625248272053585241e-01
3.495279034664920681e-03 7.625078333948144271e-01
3.612143413529477973e-03 7.624937000385636487e-01
3.732915143684721951e-03 7.624750057924054580e-01
3.857724867112893516e-03 7.624505145110432869e-01
3.986707593800617976e-03 7.624414013108946619e-01
4.120002847782761740e-03 7.624188221346803740e-01
4.257754818069308354e-03 7.623979047778545182e-01
4.400112514618404608e-03 7.623738965408587420e-01
4.547229929524409554e-03 7.623599758002082005e-01
4.699266203595197679e-03 7.623336856084117485e-01
4.856385798499019031e-03 7.623117030900260493e-01
5.018758674667020935e-03 7.622865142083791179e-01
5.186560475143959549e-03 7.622602953902389844e-01
5.359972715585955248e-03 7.622408479212711141e-01
5.539182980610755057e-03 7.622130884896333169e-01
5.724385126713026593e-03 7.621830733543608627e-01
5.915779491964028892e-03 7.621606745454199139e-01
6.113573112722652143e-03 7.621293757630983601e-01
6.317979947592099882e-03 7.621013704942409817e-01
6.529221108864616957e-03 7.620667483372751683e-01
6.747525101704480652e-03 7.620398030654814692e-01
6.973128071328140755e-03 7.620031278460004387e-01
7.206274058448705437e-03 7.619794834104384185e-01
7.447215263261310406e-03 7.619403942478637504e-01
7.696212318254701257e-03 7.619045984532659688e-01
7.953534570144332738e-03 7.618741283689499655e-01
8.219460371231864307e-03 7.618376733030463033e-01
8.494277380506187053e-03 7.618000620121647692e-01
8.778282874811823774e-03 7.617609792105455302e-01
9.071784070421121463e-03 7.617240824896680529e-01
9.375098455358292851e-03 7.616822246168598598e-01
9.688554132834568261e-03 7.616426757452975371e-01
1.001249017616620725e-02 7.616030884348951036e-01
1.034725699555901803e-02 7.615616560178400940e-01
1.069321671715643858e-02 7.615214738424732621e-01
1.105074357476093505e-02 7.614797275408575761e-01
1.142022431465263173e-02 7.614360319223566487e-01
1.180205861394306721e-02 7.613925048813665608e-01
1.219665951291643881e-02 7.613451518456523237e-01
1.260445386182631328e-02 7.613055988669836793e-01
1.302588278263077520e-02 7.612545253572005066e-01
1.346140214616583890e-02 7.612064679158886404e-01
1.391148306527291781e-02 7.611649967730113042e-01
1.437661240441416924e-02 7.611086351054142662e-01
1.485729330632660182e-02 7.610649847547893421e-01
1.535404573628500365e-02 7.610189569913214935e-01
1.586740704456205894e-02 7.609711778398383641e-01
1.639793254769450481e-02 7.609274444527978076e-01
1.694619612918364313e-02 7.608680455369662976e-01
1.751279086028037155e-02 7.608264142480616332e-01
1.809832964152614798e-02 7.607745293501705364e-01
1.870344586574363213e-02 7.607228003679193939e-01
1.932879410319460894e-02 7.606730699224667491e-01
1.997505080964588620e-02 7.606257415499588781e-01
2.064291505810955316e-02 7.605737242356785943e-01
2.133310929504865505e-02 7.605233441466040523e-01
2.204638012186681956e-02 7.604738320109643013e-01
2.278349910252664909e-02 7.604254329630838471e-01
2.354526359817107548e-02 7.603734756272316764e-01
2.433249762964985810e-02 7.603264813975657566e-01
2.514605276888498206e-02 7.602800448096588282e-01
2.598680906003840441e-02 7.602269438707244253e-01
2.685567597147924673e-02 7.601790832208817905e-01
2.775359337957988490e-02 7.601354578774524029e-01
2.868153258540498754e-02 7.600831934733560669e-01
2.964049736539381419e-02 7.600298467759000198e-01
3.063152505717161092e-02 7.599908711952679807e-01
3.165568768166540647e-02 7.599361237502090249e-01
3.271409310273729054e-02 7.598932029853935344e-01
3.380788622559029871e-02 7.598414095950174474e-01
3.493825023524253087e-02 7.598029135923667354e-01
3.610640787640997940e-02 7.597572256273974478e-01
3.731362277618164441e-02 7.597188441724922470e-01
3.856120081091872487e-02 7.596687128990520232e-01
3.985049151885547425e-02 7.596284568445604846e-01
4.118288955993056055e-02 7.595874821165941038e-01
4.255983622442782027e-02 7.595429296574539579e-01
4.398282099205792772e-02 7.595039018601025260e-01
4.545338314316834522e-02 7.594646736897048278e-01
4.697311342382341770e-02 7.594275101265408612e-01
4.854365576655684383e-02 7.593890303012632570e-01
5.016670906865677154e-02 7.593489728058980814e-01
5.184402902990837420e-02 7.593088898481425986e-01
5.357743005178047802e-02 7.592820591864524182e-01
5.536878720011212396e-02 7.592364025620984558e-01
5.722003823342062395e-02 7.592050405632326804e-01
5.913318569902666078e-02 7.591724933392149932e-01
6.111029909926251474e-02 7.591359825439376596e-01
6.315351713010779189e-02 7.591035022095171669e-01
6.526504999467336310e-02 7.590753431549566166e-01
6.744718179403717817e-02 7.590440950053760627e-01
6.970227299801623477e-02 7.590141608111461435e-01
7.203276299854979858e-02 7.589912361468452717e-01
7.444117274845411802e-02 7.589597953815649944e-01
7.693010748840443946e-02 7.589337544525082135e-01
7.950225956509210379e-02 7.589093427130347846e-01
8.216041134360790865e-02 7.588799506693866270e-01
8.490743821719984319e-02 7.588563150335361218e-01
8.774631171766281157e-02 7.588330075917891770e-01
9.068010272972255870e-02 7.588086987478720458e-01
9.371198481289348681e-02 7.587843960947333599e-01
9.684523763440215649e-02 7.587658780416894899e-01
1.000832505168899600e-01 7.587400140910631752e-01
1.034295261047340625e-01 7.587242198732168097e-01
1.068876841529496080e-01 7.587025000371535599e-01
1.104614654427753945e-01 7.586882110814474611e-01
1.141547358281756464e-01 7.586640666730225524e-01
1.179714904176376727e-01 7.586520891539509925e-01
1.219158578957853512e-01 7.586331795648629805e-01
1.259921049894874856e-01 7.586143656018476955e-01
1.302046410832891354e-01 7.586031391486610653e-01
1.345580229891604751e-01 7.585891620365702304e-01
1.390569598757198100e-01 7.585751195390064705e-01
1.437063183622670492e-01 7.585572956680052270e-01
1.485111277831346888e-01 7.585456126760988793e-01
1.534765856280515817e-01 7.585312611201562305e-01
1.586080631644066208e-01 7.585222496362372668e-01
1.639111112474894438e-01 7.585109358061894458e-01
1.693914663249987407e-01 7.584985335652657534e-01
1.750550566423093313e-01 7.584893826162016905e-01
1.809080086552135869e-01 7.584766910814420005e-01
1.869566536570689830e-01 7.584684025014012398e-01
1.932075346275276828e-01 7.584565402967559100e-01
1.996674133102498971e-01 7.584473228341435114e-01
2.063432775272630582e-01 7.584386223692606288e-01
2.132423487378718452e-01 7.584334970271570109e-01
2.203720898503036263e-01 7.584250776942814687e-01
2.277402132945338109e-01 7.584152465358153794e-01
2.353546893650253491e-01 7.584071049454749192e-01
2.432237548424092122e-01 7.584045510856938233e-01
2.513559219034258718e-01 7.583990754092407860e-01
2.597599873287743666e-01 7.583918064970213146e-01
2.684450420188219666e-01 7.583783235353405150e-01
2.774204808274743361e-01 7.583807281156920155e-01
2.866960127248350254e-01 7.583772141029698766e-01
2.962816712996577673e-01 7.583742486686687601e-01
3.061878256129444420e-01 7.583648001408439532e-01
3.164251914144354805e-01 7.583580743283115932e-01
3.270048427341168962e-01 7.583605059076093946e-01
3.379382238612947953e-01 7.583518016030382780e-01
3.492371617241852855e-01 7.583487516543956364e-01
3.609138786834163448e-01 7.583467495016407156e-01
3.729810057532814693e-01 7.583441693848077536e-01
3.854515962650386651e-01 7.583408756779870252e-01
3.983391399870480631e-01 7.583340037458075056e-01
4.116575777170102257e-01 7.583300794665966960e-01
4.254213163620995108e-01 7.583286086770663070e-01
4.396452445232932327e-01 7.583284714020677164e-01
4.543447486007690661e-01 7.583235535064702937e-01
4.695357294377799362e-01 7.583197645230301820e-01
4.852346195210218704e-01 7.583162392221852732e-01
5.014584007560848322e-01 7.583159666387989661e-01
5.182246228372336949e-01 7.583157721970040788e-01
5.355514222313770833e-01 7.583105369939775464e-01
5.534575417967635413e-01 7.583156858475885720e-01
5.719623510576314906e-01 7.583120900210151838e-01
5.910858671567322808e-01 7.583101255012653086e-01
6.108487765084068544e-01 7.583062128197116669e-01
6.312724571756275216e-01 7.583063245990149248e-01
6.523790019952193653e-01 7.583089674119998236e-01
6.741912424762606104e-01 7.583413291649226950e-01
6.967327734975364839e-01 7.582874113850812670e-01
7.200279788307419881e-01 7.582728337054834844e-01
7.441020575170596008e-01 7.582867784334370587e-01
7.689810511256225389e-01 7.583029966792935728e-01
7.946918719233755368e-01 7.583064514924383603e-01
8.212623319867858873e-01 7.583018557077094712e-01
8.487211732869031078e-01 7.582959120043110124e-01
8.770980987803161932e-01 7.582927798540430864e-01
9.064238045396205701e-01 7.582916133626051991e-01
9.367300129581793700e-01 7.582909852625482339e-01
9.680495070650749767e-01 7.582900771811110774e-01
1.000416165987385808e+00 7.582894119914299624e-01
1.033865001598128330e+00 7.582896899005026059e-01
1.068432196389532240e+00 7.582910812590007987e-01
1.104155142612600837e+00 7.582924474853290908e-01
1.141072482725305592e+00 7.582924524481171602e-01
1.179224151193147607e+00 7.582905345435266842e-01
1.218651417687333982e+00 7.582882822100107667e-01
1.259396931727273516e+00 7.582876535101559234e-01
1.301504768815691548e+00 7.582896571834784050e-01
1.345020478116276896e+00 7.582923344683611955e-01
1.389991131725407447e+00 7.582931484186024029e-01
1.436465375591293947e+00 7.582905416147621702e-01
1.484493482135585296e+00 7.582864106114871605e-01
1.534127404634392455e+00 7.582834128848868760e-01
1.585420833417506836e+00 7.582834143080136036e-01
1.638429253946665609e+00 7.582851287281778818e-01
1.693210006835640158e+00 7.582864855670853332e-01
1.749822349877109051e+00 7.582858951546536108e-01
1.808327522143368116e+00 7.582839311236697633e-01
1.868788810230267217e+00 7.582817751310390042e-01
1.931271616715998229e+00 7.582804677537284821e-01
1.995843530908793184e+00 7.582803320325154361e-01
2.062574401960084458e+00 7.582814635068064746e-01
2.131536414422164238e+00 7.582837908134171245e-01
2.202804166332139602e+00 7.582862824002671864e-01
2.276454749906602792e+00 7.582875638527211137e-01
2.352567834934338631e+00 7.582865422757640861e-01
2.431225754957225149e+00 7.582839657737324712e-01
2.512513596332623944e+00 7.582813213326214941e-01
2.596519290273538783e+00 7.582799300140943277e-01
2.683333707966161441e+00 7.582798657482601179e-01
2.773050758867611432e+00 7.582806410853859536e-01
2.865767492290306695e+00 7.582817695267264346e-01
2.961584202382770314e+00 7.582827955344454418e-01
3.060604536620467719e+00 7.582832791726412669e-01
3.162935607924048931e+00 7.582828280948935573e-01
3.268688110526199786e+00 7.582815115698712249e-01
3.377976439712552459e+00 7.582796587772886454e-01
3.490918815566087297e+00 7.582776282450061078e-01
3.607637410848952619e+00 7.582760750032916386e-01
3.728258483159945236e+00 7.582758403475330367e-01
3.852912511510727001e+00 7.582776582241403940e-01
3.981734337468417539e+00 7.582808272585869203e-01
4.114863311017320058e+00 7.582836413589266744e-01
4.252443441297450555e+00 7.582844739504340792e-01
4.394623552383071896e+00 7.582832250819588893e-01
4.541557444269631816e+00 7.582809842734385963e-01
4.693404059243289517e+00 7.582788392317865167e-01
4.850327653813030437e+00 7.582772788639503547e-01
5.012497976391239618e+00 7.582762730882229851e-01
5.180090450915090017e+00 7.582757617563522512e-01
5.353286366607249214e+00 7.582754072372739351e-01
5.532273074081278885e+00 7.582746045021490078e-01
5.717244188003695271e+00 7.582727719509732012e-01
5.908399796532135539e+00 7.582702239833601920e-01
6.105946677756002750e+00 7.582682349664959798e-01
6.310098523373801171e+00 7.582680840229715225e-01
6.521076169849157722e+00 7.582696842113118008e-01
6.739107837295406966e+00 7.582713210338081211e-01
6.964429376347387013e+00 7.582712163448428466e-01
7.197284523287298619e+00 7.582688739335086137e-01
7.437925163700752407e+00 7.582654967234375709e-01
7.686611604948010879e+00 7.582623952952580737e-01
7.943612857745410594e+00 7.582603858820055054e-01
8.209206927161357470e+00 7.582595551354207597e-01
8.483681113341843272e+00 7.582599254672697242e-01
8.767332322290526392e+00 7.582611242267649487e-01
9.060467387039910392e+00 7.582621288947611893e-01
9.363403399560734641e+00 7.582618634439833860e-01
9.676468053768756405e+00 7.582599511923873159e-01
1.000000000000001243e+01 7.582572995475240774e-01
