2.000000000000000164e-05 1.305473617127475040e-02
2.066869842267550072e-05 1.347454436246255105e-02
2.135975472437544027e-05 1.390785472304969898e-02
2.207391643902171255e-05 1.435509784062114283e-02
2.281195609427394449e-05 1.481672221391872914e-02
2.357467204719313169e-05 1.529319131380054222e-02
2.436288934784564352e-05 1.578498310591395365e-02
2.517746063178175121e-05 1.629259301898215717e-02
2.601926704235410016e-05 1.681652152261378999e-02
2.688921918387384303e-05 1.735729931906494078e-02
2.778825810663545582e-05 1.791546545587732742e-02
2.871735632487579741e-05 1.849158256843027454e-02
2.967751886876853870e-05 1.908622524997242650e-02
3.066978437159193627e-05 1.969998996261834376e-02
3.169522619324599853e-05 2.033349172218120934e-02
3.275495358133433647e-05 2.098736155286285571e-02
3.385011287106671010e-05 2.166226364766167534e-02
3.498188872528021299e-05 2.235885939172159442e-02
3.615150541592045298e-05 2.307786365218781471e-02
3.736022814836899319e-05 2.381998427360396478e-02
3.860936443004954884e-05 2.458597057859154486e-02
3.990026548479344494e-05 2.537658868813179661e-02
4.123432771449419843e-05 2.619262569611373326e-02
4.261299420963254024e-05 2.703490531152119569e-02
4.403775631030562105e-05 2.790426905892767762e-02
4.551015521944909301e-05 2.880158923607685842e-02
4.703178366999723984e-05 2.972776106683295075e-02
4.860428764778435972e-05 3.068371818041197574e-02
5.022936817205134787e-05 3.167040999646972971e-02
5.190878313548323190e-05 3.268883002547748329e-02
5.364434920576834987e-05 3.373999840272342426e-02
5.543794379073590958e-05 3.482496407143768208e-02
5.729150706919781900e-05 3.594481577006799350e-02
5.920704408969155763e-05 3.710067802739420995e-02
6.118662693939432690e-05 3.829370807340588823e-02
6.323239698555469304e-05 3.952508911125891811e-02
6.534656719186627638e-05 4.079607462821702168e-02
6.753142451228926792e-05 4.210791760157788638e-02
6.978933236490913268e-05 4.346194709749363200e-02
7.212273318850868345e-05 4.485950804103774892e-02
7.453415108461877573e-05 4.630199900089303211e-02
7.702619454790587906e-05 4.779088117556553467e-02
7.960155928784993205e-05 4.932762142964328134e-02
8.226303114476471348e-05 5.091377288334125728e-02
8.501348910331518868e-05 5.255091248570411405e-02
8.785590840679157983e-05 5.424069644964001069e-02
9.079336377550881697e-05 5.598480049067672965e-02
9.382903273281309529e-05 5.778497521482254401e-02
9.696619904229312483e-05 5.964301745592582443e-02
1.002082562599141270e-04 6.156080317072520902e-02
1.035587114049174785e-04 6.354022580230746231e-02
1.070211887534562421e-04 6.558329354915681808e-02
1.105994337590709140e-04 6.769202407218664896e-02
1.142973171042456330e-04 6.986854083951291039e-02
1.181188388874281471e-04 7.211503077401969219e-02
1.220681329500424115e-04 7.443370944738766926e-02
1.261494713481742377e-04 7.682691997598412037e-02
1.303672689737678670e-04 7.929706126184046799e-02
1.347260883303314362e-04 8.184657499140310377e-02
1.392306444683180742e-04 8.447803029084845206e-02
1.438858100855209437e-04 8.719404402696863399e-02
1.486966207979997041e-04 8.999733586147953823e-02
1.536682805872396744e-04 9.289072478190817106e-02
1.588061674294368483e-04 9.587706631309080019e-02
1.641158391129971276e-04 9.895936644676529836e-02
1.696030392505434848e-04 1.021406922538348888e-01
1.752737034919339915e-04 1.054242214840351577e-01
1.811339659450114388e-04 1.088132217684125297e-01
1.871901658110307874e-04 1.123111035768666471e-01
1.934488542419408646e-04 1.159213155186804844e-01
1.999168014269393128e-04 1.196474940531863929e-01
2.066010039159656652e-04 1.234933114773882484e-01
2.135086921880547338e-04 1.274626472489430451e-01
2.206473384727377968e-04 1.315593919217494800e-01
2.280246648329511538e-04 1.357876996446788775e-01
2.356486515181963309e-04 1.401516989607237695e-01
2.435275455969876748e-04 1.446557980344419514e-01
2.516698698779247295e-04 1.493044251368211561e-01
2.600844321290405573e-04 1.541022243014880666e-01
2.687803346053976817e-04 1.590539531727702127e-01
2.777669838952388651e-04 1.641645407977956050e-01
2.870541010953427292e-04 1.694389870052787350e-01
2.966517323265922064e-04 1.748826304874866178e-01
3.065702596011295341e-04 1.805007539476556067e-01
3.168204120528543403e-04 1.862990031851144979e-01
3.274132775434116785e-04 1.922830307628600466e-01
3.383603146562264279e-04 1.984588167924368762e-01
3.496733650915567022e-04 2.048323836468777248e-01
3.613646664759745386e-04 2.114100945926015995e-01
3.734468656001317080e-04 2.181983852809100677e-01
3.859330320991275886e-04 2.252038774706680013e-01
3.988366725902805230e-04 2.324335587919301727e-01
4.121717452835938129e-04 2.398944164692481396e-01
4.259526750807212541e-04 2.475938385986954093e-01
4.401943691787655547e-04 2.555393080587645693e-01
4.549122331957894719e-04 2.637385729089858910e-01
4.701221878354804149e-04 2.721996517633576973e-01
4.858406861089974399e-04 2.809307400890791451e-01
5.020847311326308640e-04 2.899403336334379078e-01
5.188718945205230424e-04 2.992371737974633961e-01
5.362203353923492141e-04 3.088302292252682602e-01
5.541488200165187389e-04 3.187287132636376641e-01
5.726767421101455150e-04 3.289421576058361163e-01
5.918241438177454907e-04 3.394803724814844936e-01
6.116117373913557359e-04 3.503533850143832340e-01
6.320609275955268004e-04 3.615715872020269783e-01
6.531938348614238542e-04 3.731456577806367414e-01
6.750333192150836329e-04 3.850864625064778224e-01
6.976030050057104547e-04 3.974051957974434890e-01
7.209273064607610694e-04 4.101135205991234822e-01
7.450314540954613768e-04 4.232232950695329898e-01
7.699415220053250396e-04 4.367465458379425902e-01
7.956844560711916160e-04 4.506959675968961188e-01
8.222881031073025473e-04 4.650841856109180217e-01
8.497812409839368810e-04 4.799243516325610304e-01
8.781936097571961097e-04 4.952300023889872338e-01
9.075559438396131216e-04 5.110149319736834173e-01
9.379000052463793693e-04 5.272931333531529763e-01
9.692586179531593148e-04 5.440790219702691388e-01
1.001665703402655023e-03 5.613873967800466769e-01
1.035156317198330069e-03 5.792332666018182863e-01
1.069766687024985286e-03 5.976321054390263399e-01
1.105534251837205851e-03 6.165994436493855702e-01
1.142497702358069404e-03 6.361511861904227683e-01
1.180697022931930960e-03 6.563037515214479312e-01
1.220173534776542454e-03 6.770735741735364188e-01
1.260969940681316284e-03 6.984773687387337837e-01
1.303130371200056587e-03 7.205320807395199090e-01
1.346700432388157767e-03 7.432550568883814490e-01
1.391727255135877424e-03 7.666635310327045705e-01
1.438259546151070007e-03 7.907751971484695552e-01
1.486347640646530459e-03 8.156075408461694876e-01
1.536043556788919398e-03 8.411786401066898566e-01
1.587401051968200579e-03 8.675058028433690893e-01
1.640475680948428249e-03 8.946071235891334128e-01
1.695324855962815390e-03 9.225004217530734518e-01
1.752007908818060174e-03 9.512031276507179056e-01
1.810586155075142928e-03 9.807328623476067042e-01
1.871122960375984270e-03 1.011106483664979461e+00
1.933683808987751848e-03 1.042341226766005935e+00
1.998336374638913938e-03 1.074453161356511810e+00
2.065150593723721201e-03 1.107458234787791262e+00
2.134198740954243185e-03 1.141371916830844713e+00
2.205555507541849362e-03 1.176208468351972902e+00
2.279298081992675151e-03 1.211981552123034600e+00
2.355506233604463730e-03 1.248703539196641898e+00
2.434262398755145627e-03 1.286386409742850567e+00
2.515651770076436904e-03 1.325039496915878079e+00
2.599762388608985089e-03 1.364671641263731416e+00
2.686685239038679764e-03 1.405289745811507673e+00
2.776514348117217236e-03 1.446898664897046549e+00
2.869346886373309435e-03 1.489500899531832179e+00
2.965283273224645581e-03 1.533097040270543499e+00
3.064427285604211931e-03 1.577684836655465661e+00
3.166886170218578649e-03 1.623259191003252777e+00
3.272770759559481216e-03 1.669811376677215131e+00
3.382195591794276077e-03 1.717330317144811325e+00
3.495279034664920681e-03 1.765799810926201641e+00
3.612143413529477973e-03 1.815201018667647270e+00
3.732915143684721951e-03 1.865508946216273278e+00
3.857724867112893516e-03 1.916696688374370572e+00
3.986707593800617976e-03 1.968728992716303861e+00
4.120002847782761740e-03 2.021567339142654962e+00
4.257754818069308354e-03 2.075167705924608530e+00
4.400112514618404608e-03 2.129478945402530243e+00
4.547229929524409554e-03 2.184444117082197767e+00
4.699266203595197679e-03 2.240000056193646838e+00
4.856385798499019031e-03 2.296075939705682245e+00
5.018758674667020935e-03 2.352594686970088222e+00
5.186560475143959549e-03 2.409471667065724354e+00
5.359972715585955248e-03 2.466614559197842560e+00
5.539182980610755057e-03 2.523923710646104546e+00
5.724385126713026593e-03 2.581291320117268917e+00
5.915779491964028892e-03 2.638603240051215604e+00
6.113573112722652143e-03 2.695735425613906333e+00
6.317979947592099882e-03 2.752558263460967325e+00
6.529221108864616957e-03 2.808933621925471247e+00
6.747525101704480652e-03 2.864715596055356528e+00
6.973128071328140755e-03 2.919752685103381484e+00
7.206274058448705437e-03 2.973885814054951560e+00
7.447215263261310406e-03 3.026948866884576983e+00
7.696212318254701257e-03 3.078769933490420385e+00
7.953534570144332738e-03 3.129170939772189630e+00
8.219460371231864307e-03 3.177968476403397524e+00
8.494277380506187053e-03 3.224973574269613064e+00
8.778282874811823774e-03 3.269990705794668440e+00
9.071784070421121463e-03 3.312822529296818974e+00
9.375098455358292851e-03 3.353262883722420096e+00
9.688554132834568261e-03 3.391102585002204961e+00
1.001249017616620725e-02 3.426127667107197627e+00
1.034725699555901803e-02 3.458117694390074437e+00
1.069321671715643858e-02 3.486847803581684335e+00
1.105074357476093505e-02 3.512089841212986840e+00
1.142022431465263173e-02 3.533607179498961415e+00
1.180205861394306721e-02 3.551162733661426874e+00
1.219665951291643881e-02 3.564514536183084115e+00
1.260445386182631328e-02 3.573417537628995611e+00
1.302588278263077520e-02 3.577628075640815197e+00
1.346140214616583890e-02 3.576905673783162598e+00
1.391148306527291781e-02 3.571012593799556711e+00
1.437661240441416924e-02 3.559723133363138725e+00
1.485729330632660182e-02 3.542822944662433304e+00
1.535404573628500365e-02 3.520119849404796053e+00
1.586740704456205894e-02 3.491440606940853009e+00
1.639793254769450481e-02 3.456646570150048614e+00
1.694619612918364313e-02 3.415630778845985649e+00
1.751279086028037155e-02 3.368326468863014345e+00
1.809832964152614798e-02 3.314712863661822162e+00
1.870344586574363213e-02 3.254817671390239031e+00
1.932879410319460894e-02 3.188725959088078987e+00
1.997505080964588620e-02 3.116578145997503491e+00
2.064291505810955316e-02 3.038578818827974981e+00
2.133310929504865505e-02 2.954999504525031906e+00
2.204638012186681956e-02 2.866183832570302847e+00
2.278349910252664909e-02 2.772548435866584171e+00
2.354526359817107548e-02 2.674587375343357998e+00
2.433249762964985810e-02 2.572873919663028364e+00
2.514605276888498206e-02 2.468056428427769067e+00
2.598680906003840441e-02 2.360857413443920638e+00
2.685567597147924673e-02 2.252064499911633710e+00
2.775359337957988490e-02 2.142520427523541215e+00
2.868153258540498754e-02 2.033114959401495891e+00
2.964049736539381419e-02 1.924766204398507430e+00
3.063152505717161092e-02 1.818408082178072371e+00
3.165568768166540647e-02 1.714972458624421270e+00
3.271409310273729054e-02 1.615375663203512335e+00
3.380788622559029871e-02 1.520494262293440091e+00
3.493825023524253087e-02 1.431154489203667834e+00
3.610640787640997940e-02 1.348110780143769061e+00
3.731362277618164441e-02 1.272032687963634334e+00
3.856120081091872487e-02 1.203496063982886222e+00
3.985049151885547425e-02 1.142973894477697927e+00
4.118288955993056055e-02 1.090832735907031781e+00
4.255983622442782027e-02 1.047330434697849366e+00
4.398282099205792772e-02 1.012611425745915117e+00
4.545338314316834522e-02 9.867013990324791095e-01
4.697311342382341770e-02 9.694939166046431245e-01
4.854365576655684383e-02 9.607308800866125598e-01
5.016670906865677154e-02 9.599708259224759566e-01
5.184402902990837420e-02 9.665447258852737367e-01
5.357743005178047802e-02 9.795018463891269622e-01
5.536878720011212396e-02 9.975624443449924161e-01
5.722003823342062395e-02 1.019057114959525778e+00
5.913318569902666078e-02 1.041910575706548991e+00
6.111029909926251474e-02 1.063657532209462131e+00
6.315351713010779189e-02 1.081517734378023343e+00
6.526504999467336310e-02 1.092548974326609912e+00
6.744718179403717817e-02 1.093877770086841394e+00
6.970227299801623477e-02 1.082998769217716095e+00
7.203276299854979858e-02 1.058114713307406030e+00
7.444117274845411802e-02 1.018462680074728066e+00
7.693010748840443946e-02 9.645667337941868924e-01
7.950225956509210379e-02 8.983442106204608812e-01
8.216041134360790865e-02 8.230163435348388790e-01
8.490743821719984319e-02 7.428036996918068180e-01
8.774631171766281157e-02 6.624417463411745866e-01
9.068010272972255870e-02 5.866034430334514660e-01
9.371198481289348681e-02 5.193477871473796137e-01
9.684523763440215649e-02 4.637219623952004710e-01
1.000832505168899600e-01 4.215814452592400730e-01
1.034295261047340625e-01 3.936136727248857881e-01
1.068876841529496080e-01 3.794567097300219349e-01
1.104614654427753945e-01 3.777626607603069564e-01
1.141547358281756464e-01 3.861148815473028906e-01
1.179714904176376727e-01 4.008525436310289014e-01
1.219158578957853512e-01 4.170395496332657825e-01
1.259921049894874856e-01 4.288886330831903626e-01
1.302046410832891354e-01 4.308224373141099628e-01
1.345580229891604751e-01 4.189962080999052318e-01
1.390569598757198100e-01 3.927043554278568660e-01
1.437063183622670492e-01 3.549238178252541176e-01
1.485111277831346888e-01 3.115452858329387231e-01
1.534765856280515817e-01 2.695230539904145961e-01
1.586080631644066208e-01 2.348091477110481884e-01
1.639111112474894438e-01 2.110002162753836508e-01
1.693914663249987407e-01 1.990068387403125250e-01
1.750550566423093313e-01 1.972989833907198287e-01
1.809080086552135869e-01 2.021680307654522279e-01
1.869566536570689830e-01 2.081400108153469986e-01
1.932075346275276828e-01 2.092715004112188637e-01
1.996674133102498971e-01 2.015023433528724817e-01
2.063432775272630582e-01 1.847996317610379469e-01
2.132423487378718452e-01 1.632548928230758700e-01
2.203720898503036263e-01 1.427532175443279316e-01
2.277402132945338109e-01 1.279363443258995092e-01
2.353546893650253491e-01 1.204397863671270996e-01
2.432237548424092122e-01 1.187415694903291435e-01
2.513559219034258718e-01 1.189888797035997259e-01
2.597599873287743666e-01 1.167871941399203084e-01
2.684450420188219666e-01 1.097852646126366849e-01
2.774204808274743361e-01 9.922903014449480086e-02
2.866960127248350254e-01 8.872787812147837905e-02
2.962816712996577673e-01 8.133533036526167936e-02
3.061878256129444420e-01 7.758630540839704659e-02
3.164251914144354805e-01 7.556464991224796923e-02
3.270048427341168962e-01 7.259472802151784032e-02
3.379382238612947953e-01 6.751322977303080008e-02
3.492371617241852855e-01 6.150710488289491684e-02
3.609138786834163448e-01 5.655216180717503871e-02
3.729810057532814693e-01 5.334864253824146696e-02
3.854515962650386651e-01 5.091980940881436074e-02
3.983391399870480631e-01 4.796009318851866821e-02
4.116575777170102257e-01 4.433408638754435249e-02
4.254213163620995108e-01 4.094446342533249183e-02
4.396452445232932327e-01 3.834939605859996603e-02
4.543447486007690661e-01 3.615066457647993919e-02
4.695357294377799362e-01 3.377913857544577458e-02
4.852346195210218704e-01 3.131555147037590192e-02
5.014584007560848322e-01 2.915397123053167783e-02
5.182246228372336949e-01 2.729599756914625683e-02
5.355514222313770833e-01 2.547604290838061114e-02
5.534575417967635413e-01 2.367518855360343719e-02
5.719623510576314906e-01 2.204487766437778287e-02
5.910858671567322808e-01 2.056427139149380814e-02
6.108487765084068544e-01 1.913910440893172929e-02
6.312724571756275216e-01 1.779658289036308710e-02
6.523790019952193653e-01 1.656678689792785014e-02
6.741912424762606104e-01 1.541160638799793543e-02
6.967327734975364839e-01 1.432552790903014218e-02
7.200279788307419881e-01 1.331612930398878500e-02
7.441020575170596008e-01 1.237681445542805798e-02
7.689810511256225389e-01 1.150077709363276322e-02
7.946918719233755368e-01 1.068292685994886269e-02
8.212623319867858873e-01 9.920059535147792568e-03
8.487211732869031078e-01 9.209188831654016583e-03
8.770980987803161932e-01 8.547243751773347942e-03
9.064238045396205701e-01 7.931001252352727279e-03
9.367300129581793700e-01 7.357411258291569889e-03
9.680495070650749767e-01 6.823636504768554323e-03
1.000416165987385808e+00 6.327050109025574021e-03
1.033865001598128330e+00 5.865191087918513249e-03
1.068432196389532240e+00 5.435758492187504898e-03
1.104155142612600837e+00 5.036610708397815626e-03
1.141072482725305592e+00 4.665736893911474545e-03
1.179224151193147607e+00 4.321238445493866438e-03
1.218651417687333982e+00 4.001311655891341690e-03
1.259396931727273516e+00 3.704267150487722347e-03
1.301504768815691548e+00 3.428532842448250677e-03
1.345020478116276896e+00 3.172655752254339035e-03
1.389991131725407447e+00 2.935277569799907803e-03
1.436465375591293947e+00 2.715122345495775587e-03
1.484493482135585296e+00 2.510985078618257170e-03
1.534127404634392455e+00 2.321739190506977128e-03
1.585420833417506836e+00 2.146335831169402918e-03
1.638429253946665609e+00 1.983802446329175663e-03
1.693210006835640158e+00 1.833232398418582808e-03
1.749822349877109051e+00 1.693778895065486739e-03
1.808327522143368116e+00 1.564649963077637158e-03
1.868788810230267217e+00 1.445106970291128081e-03
1.931271616715998229e+00 1.334461838199754290e-03
1.995843530908793184e+00 1.232073735743415173e-03
2.062574401960084458e+00 1.137346065127786210e-03
2.131536414422164238e+00 1.049723601735017518e-03
2.202804166332139602e+00 9.686898132576999068e-04
2.276454749906602792e+00 8.937642622852725108e-04
2.352567834934338631e+00 8.245001818977004985e-04
2.431225754957225149e+00 7.604821739176569019e-04
2.512513596332623944e+00 7.013241751091697004e-04
2.596519290273538783e+00 6.466675133009470696e-04
2.683333707966161441e+00 5.961790373514226941e-04
2.773050758867611432e+00 5.495493979949455732e-04
2.865767492290306695e+00 5.064914219372512781e-04
2.961584202382770314e+00 4.667385264176783987e-04
3.060604536620467719e+00 4.300433587951746307e-04
3.162935607924048931e+00 3.961765041194980816e-04
3.268688110526199786e+00 3.649252204974178437e-04
3.377976439712552459e+00 3.360922844623469817e-04
3.490918815566087297e+00 3.094949108682699718e-04
3.607637410848952619e+00 2.849637326370589867e-04
3.728258483159945236e+00 2.623418519598504604e-04
3.852912511510727001e+00 2.414839542085275056e-04
3.981734337468417539e+00 2.222554667239008252e-04
4.114863311017320058e+00 2.045318006400771152e-04
4.252443441297450555e+00 1.881976463426585403e-04
4.394623552383071896e+00 1.731462941793106573e-04
4.541557444269631816e+00 1.592790182738180235e-04
4.693404059243289517e+00 1.465045059835457983e-04
4.850327653813030437e+00 1.347383079364695600e-04
5.012497976391239618e+00 1.239023411851863119e-04
5.180090450915090017e+00 1.139244328909112434e-04
5.353286366607249214e+00 1.047378927064384447e-04
5.532273074081278885e+00 9.628110525010415946e-05
5.717244188003695271e+00 8.849714601100716193e-05
5.908399796532135539e+00 8.133342167650197275e-05
6.105946677756002750e+00 7.474135168706578950e-05
6.310098523373801171e+00 6.867608366855859040e-05
6.521076169849157722e+00 6.309621552859787856e-05
6.739107837295406966e+00 5.796353620840105229e-05
6.964429376347387013e+00 5.324278449454860316e-05
7.197284523287298619e+00 4.890142614845282751e-05
7.437925163700752407e+00 4.490944777839687405e-05
7.686611604948010879e+00 4.123916627142001565e-05
7.943612857745410594e+00 3.786504899891446785e-05
8.209206927161357470e+00 3.476354985047884754e-05
8.483681113341843272e+00 3.191296230331043017e-05
8.767332322290526392e+00 2.929327879613597349e-05
9.060467387039910392e+00 2.688606033232540174e-05
9.363403399560734641e+00 2.467431613120053715e-05
9.676468053768756405e+00 2.264239321337758705e-05
1.000000000000001243e+01 2.077587364409076647e-05
