2.000000000000000164e-05 5.311542281513933261e+01
2.066869842267550072e-05 5.482347220208779248e+01
2.135975472437544027e-05 5.658643568114174371e+01
2.207391643902171255e-05 5.840609794052178927e+01
2.281195609427394449e-05 6.028426696196404322e+01
2.357467204719313169e-05 6.222282814258673511e+01
2.436288934784564352e-05 6.422372432755697957e+01
2.517746063178175121e-05 6.628896231364940661e+01
2.601926704235410016e-05 6.842059952302238912e+01
2.688921918387384303e-05 7.062079131378757779e+01
2.778825810663545582e-05 7.289171976819467602e+01
2.871735632487579741e-05 7.523568467842143548e+01
2.967751886876853870e-05 7.765499643651301653e+01
3.066978437159193627e-05 8.015211856279594826e+01
3.169522619324599853e-05 8.272952108621475986e+01
3.275495358133433647e-05 8.538980242759281225e+01
3.385011287106671010e-05 8.813561104851225991e+01
3.498188872528021299e-05 9.096970583052853954e+01
3.615150541592045298e-05 9.389494197201970849e+01
3.736022814836899319e-05 9.691421378630484185e+01
3.860936443004954884e-05 1.000305638203442555e+02
3.990026548479344494e-05 1.032471040057685201e+02
4.123432771449419843e-05 1.065670621667371591e+02
4.261299420963254024e-05 1.099937608098970401e+02
4.403775631030562105e-05 1.135306409336165956e+02
4.551015521944909301e-05 1.171812200195592908e+02
4.703178366999723984e-05 1.209491526885600621e+02
4.860428764778435972e-05 1.248382222376321806e+02
5.022936817205134787e-05 1.288523228655355695e+02
5.190878313548323190e-05 1.329954783978499222e+02
5.364434920576834987e-05 1.372717605672586103e+02
5.543794379073590958e-05 1.416855729425119534e+02
5.729150706919781900e-05 1.462412336170553431e+02
5.920704408969155763e-05 1.509433419878631923e+02
6.118662693939432690e-05 1.557965840578106622e+02
6.323239698555469304e-05 1.608058110658180340e+02
6.534656719186627638e-05 1.659760513710727423e+02
6.753142451228926792e-05 1.713124523382044515e+02
6.978933236490913268e-05 1.768203553422074776e+02
7.212273318850868345e-05 1.825052644557458450e+02
7.453415108461877573e-05 1.883728859249750656e+02
7.702619454790587906e-05 1.944290195310570937e+02
7.960155928784993205e-05 2.006798123553479627e+02
8.226303114476471348e-05 2.071313826091455894e+02
8.501348910331518868e-05 2.137902484109324064e+02
8.785590840679157983e-05 2.206630479769939654e+02
9.079336377550881697e-05 2.277566620599361045e+02
9.382903273281309529e-05 2.350781052166202016e+02
9.696619904229312483e-05 2.426347308516440364e+02
1.002082562599141270e-04 2.504340824423013032e+02
1.035587114049174785e-04 2.584838593996803411e+02
1.070211887534562421e-04 2.667921818510193930e+02
1.105994337590709140e-04 2.753672734496109342e+02
1.142973171042456330e-04 2.842176352259102714e+02
1.181188388874281471e-04 2.933521609955794816e+02
1.220681329500424115e-04 3.027798312067648681e+02
1.261494713481742377e-04 3.125101232185813842e+02
1.303672689737678670e-04 3.225526645374641816e+02
1.347260883303314362e-04 3.329173822889212033e+02
1.392306444683180742e-04 3.436146779493766985e+02
1.438858100855209437e-04 3.546550858744587913e+02
1.486966207979997041e-04 3.660495050491381335e+02
1.536682805872396744e-04 3.778092766279342527e+02
1.588061674294368483e-04 3.899461754488684733e+02
1.641158391129971276e-04 4.024718996116397420e+02
1.696030392505434848e-04 4.153991199827448213e+02
1.752737034919339915e-04 4.287404396802245969e+02
1.811339659450114388e-04 4.425091007198406601e+02
1.871901658110307874e-04 4.567186009288759010e+02
1.934488542419408646e-04 4.713830103177944579e+02
1.999168014269393128e-04 4.865165893491008546e+02
2.066010039159656652e-04 5.021344114259619573e+02
2.135086921880547338e-04 5.182516772201540789e+02
2.206473384727377968e-04 5.348841138398302064e+02
2.280246648329511538e-04 5.520480487996114789e+02
2.356486515181963309e-04 5.697602837746964042e+02
2.435275455969876748e-04 5.880379465821014264e+02
2.516698698779247295e-04 6.068989898616571281e+02
2.600844321290405573e-04 6.263615227693373981e+02
2.687803346053976817e-04 6.464446145946618572e+02
2.777669838952388651e-04 6.671674305934178619e+02
2.870541010953427292e-04 6.885503362051882732e+02
2.966517323265922064e-04 7.106133885015344731e+02
3.065702596011295341e-04 7.333782792103557995e+02
3.168204120528543403e-04 7.568663392660457703e+02
3.274132775434116785e-04 7.811003398453074169e+02
3.383603146562264279e-04 8.061031131248572592e+02
3.496733650915567022e-04 8.318983365325655086e+02
3.613646664759745386e-04 8.585106810661551435e+02
3.734468656001317080e-04 8.859647844463895581e+02
3.859330320991275886e-04 9.142866686309250781e+02
3.988366725902805230e-04 9.435026343530556687e+02
4.121717452835938129e-04 9.736398567185492539e+02
4.259526750807212541e-04 1.004726317712572268e+03
4.401943691787655547e-04 1.036790499200395516e+03
4.549122331957894719e-04 1.069861735490671208e+03
4.701221878354804149e-04 1.103970309550501952e+03
4.858406861089974399e-04 1.139146973299320280e+03
5.020847311326308640e-04 1.175423572781950952e+03
5.188718945205230424e-04 1.212832289574957031e+03
5.362203353923492141e-04 1.251406348651443977e+03
5.541488200165187389e-04 1.291180002050195299e+03
5.726767421101455150e-04 1.332188090616496538e+03
5.918241438177454907e-04 1.374466056771125295e+03
6.116117373913557359e-04 1.418050187053694799e+03
6.320609275955268004e-04 1.462977856516682778e+03
6.531938348614238542e-04 1.509286940552740816e+03
6.750333192150836329e-04 1.557016539762988941e+03
6.976030050057104547e-04 1.606205969510493105e+03
7.209273064607610694e-04 1.656895580174463475e+03
7.450314540954613768e-04 1.709126658942932409e+03
7.699415220053250396e-04 1.762940672503686073e+03
7.956844560711916160e-04 1.818380718166646375e+03
8.222881031073025473e-04 1.875489420777701525e+03
8.497812409839368810e-04 1.934311604611692019e+03
8.781936097571961097e-04 1.994891137280632847e+03
9.075559438396131216e-04 2.057273418955205216e+03
9.379000052463793693e-04 2.121504823141684483e+03
9.692586179531593148e-04 2.187630850073288457e+03
1.001665703402655023e-03 2.255698836857720835e+03
1.035156317198330069e-03 2.325755430900290776e+03
1.069766687024985286e-03 2.397848598898617638e+03
1.105534251837205851e-03 2.472025575709588338e+03
1.142497702358069404e-03 2.548335268822850139e+03
1.180697022931930960e-03 2.626824753649501417e+03
1.220173534776542454e-03 2.707542362165025679e+03
1.260969940681316284e-03 2.790536061272083316e+03
1.303130371200056587e-03 2.875853124098730859e+03
1.346700432388157767e-03 2.963541207827768631e+03
1.391727255135877424e-03 3.053645924828802890e+03
1.438259546151070007e-03 3.146215671131779345e+03
1.486347640646530459e-03 3.241293161377079286e+03
1.536043556788919398e-03 3.338924039147119402e+03
1.587401051968200579e-03 3.439151848032672206e+03
1.640475680948428249e-03 3.542018014941659203e+03
1.695324855962815390e-03 3.647562977563559798e+03
1.752007908818060174e-03 3.755825783936244989e+03
1.810586155075142928e-03 3.866844277315488853e+03
1.871122960375984270e-03 3.980652843269515870e+03
1.933683808987751848e-03 4.097285022731162826e+03
1.998336374638913938e-03 4.216771400562720373e+03
2.065150593723721201e-03 4.339140514379048000e+03
2.134198740954243185e-03 4.464415973214349833e+03
2.205555507541849362e-03 4.592622901675348658e+03
2.279298081992675151e-03 4.723777718851615646e+03
2.355506233604463730e-03 4.857899237858038759e+03
2.434262398755145627e-03 4.994998264122329601e+03
2.515651770076436904e-03 5.135083531361485257e+03
2.599762388608985089e-03 5.278159953221249452e+03
2.686685239038679764e-03 5.424228757443916948e+03
2.776514348117217236e-03 5.573286269692793212e+03
2.869346886373309435e-03 5.725323523278118955e+03
2.965283273224645581e-03 5.880329260643142334e+03
3.064427285604211931e-03 6.038282647190356329e+03
3.166886170218578649e-03 6.199160371175223190e+03
3.272770759559481216e-03 6.362930214525380507e+03
3.382195591794276077e-03 6.529556340053442909e+03
3.495279034664920681e-03 6.698992786282735324e+03
3.612143413529477973e-03 6.871187084372938443e+03
3.732915143684721951e-03 7.046076987630067379e+03
3.857724867112893516e-03 7.223591768355478052e+03
3.986707593800617976e-03 7.403648552225155981e+03
4.120002847782761740e-03 7.586157394381847553e+03
4.257754818069308354e-03 7.771014744521651664e+03
4.400112514618404608e-03 7.958109321045291836e+03
4.547229929524409554e-03 8.147312199570836128e+03
4.699266203595197679e-03 8.338490850288251750e+03
4.856385798499019031e-03 8.531497908016077417e+03
5.018758674667020935e-03 8.726168996461961797e+03
5.186560475143959549e-03 8.922338442203054001e+03
5.359972715585955248e-03 9.119814915826920696e+03
5.539182980610755057e-03 9.318402062506076618e+03
5.724385126713026593e-03 9.517885266820927427e+03
5.915779491964028892e-03 9.718033217699894522e+03
6.113573112722652143e-03 9.918598383832775653e+03
6.317979947592099882e-03 1.011931226967534167e+04
6.529221108864616957e-03 1.031989180169948850e+04
6.747525101704480652e-03 1.052003960305835062e+04
6.973128071328140755e-03 1.071943003481395135e+04
7.206274058448705437e-03 1.091773811603488684e+04
7.447215263261310406e-03 1.111460812894964874e+04
7.696212318254701257e-03 1.130966853999229534e+04
7.953534570144332738e-03 1.150253578428174114e+04
8.219460371231864307e-03 1.169279012563063407e+04
8.494277380506187053e-03 1.188000089543836111e+04
8.778282874811823774e-03 1.206370522181099113e+04
9.071784070421121463e-03 1.224342886583402287e+04
9.375098455358292851e-03 1.241867516021055781e+04
9.688554132834568261e-03 1.258893065898611894e+04
1.001249017616620725e-02 1.275365689380289041e+04
1.034725699555901803e-02 1.291230675693678859e+04
1.069321671715643858e-02 1.306429141160647123e+04
1.105074357476093505e-02 1.320901419750646346e+04
1.142022431465263173e-02 1.334586236633612680e+04
1.180205861394306721e-02 1.347419459389148687e+04
1.219665951291643881e-02 1.359338223878332792e+04
1.260445386182631328e-02 1.370276083765584735e+04
1.302588278263077520e-02 1.380165661929153066e+04
1.346140214616583890e-02 1.388939473494280901e+04
1.391148306527291781e-02 1.396529050093792830e+04
1.437661240441416924e-02 1.402867112484778590e+04
1.485729330632660182e-02 1.407886345629877178e+04
1.535404573628500365e-02 1.411519195779084475e+04
1.586740704456205894e-02 1.413701478115005375e+04
1.639793254769450481e-02 1.414370937968714861e+04
1.694619612918364313e-02 1.413468116573723637e+04
1.751279086028037155e-02 1.410937896514931163e+04
1.809832964152614798e-02 1.406730078975884680e+04
1.870344586574363213e-02 1.400800409120687618e+04
1.932879410319460894e-02 1.393112034777296140e+04
1.997505080964588620e-02 1.383635896853178019e+04
2.064291505810955316e-02 1.372352932191421678e+04
2.133310929504865505e-02 1.359255152072079545e+04
2.204638012186681956e-02 1.344346133941104745e+04
2.278349910252664909e-02 1.327643295866690460e+04
2.354526359817107548e-02 1.309178257352918990e+04
2.433249762964985810e-02 1.288999267323328786e+04
2.514605276888498206e-02 1.267170456980792733e+04
2.598680906003840441e-02 1.243775034989333290e+04
2.685567597147924673e-02 1.218913422162417191e+04
2.775359337957988490e-02 1.192704793851046634e+04
2.868153258540498754e-02 1.165288138416066067e+04
2.964049736539381419e-02 1.136818962468872269e+04
3.063152505717161092e-02 1.107471235329717092e+04
3.165568768166540647e-02 1.077434477595601311e+04
3.271409310273729054e-02 1.046911960522657864e+04
3.380788622559029871e-02 1.016117760940516746e+04
3.493825023524253087e-02 9.852750170017969140e+03
3.610640787640997940e-02 9.546108894496424909e+03
3.731362277618164441e-02 9.243519410157528910e+03
3.856120081091872487e-02 8.947210249740181098e+03
3.985049151885547425e-02 8.659304055431579400e+03
4.118288955993056055e-02 8.381772712560457876e+03
4.255983622442782027e-02 8.116372459136952784e+03
4.398282099205792772e-02 7.864587655650258966e+03
4.545338314316834522e-02 7.627576083684246441e+03
4.697311342382341770e-02 7.406095552220720492e+03
4.854365576655684383e-02 7.200462129563791677e+03
5.016670906865677154e-02 7.010488921108425529e+03
5.184402902990837420e-02 6.835443172262926055e+03
5.357743005178047802e-02 6.674012780197842403e+03
5.536878720011212396e-02 6.524278404105031768e+03
5.722003823342062395e-02 6.383736482583525685e+03
5.913318569902666078e-02 6.249324114739988545e+03
6.111029909926251474e-02 6.117504763418015500e+03
6.315351713010779189e-02 5.984401621563793015e+03
6.526504999467336310e-02 5.845989864433222465e+03
6.744718179403717817e-02 5.698360361782314612e+03
6.970227299801623477e-02 5.538015000841281108e+03
7.203276299854979858e-02 5.362231096645314210e+03
7.444117274845411802e-02 5.169402433806402769e+03
7.693010748840443946e-02 4.959344574071792522e+03
7.950225956509210379e-02 4.733519436305486124e+03
8.216041134360790865e-02 4.495092281499840283e+03
8.490743821719984319e-02 4.248820302896836438e+03
8.774631171766281157e-02 4.000715743175302123e+03
9.068010272972255870e-02 3.757550739196911763e+03
9.371198481289348681e-02 3.526192170815797454e+03
9.684523763440215649e-02 3.312909373770026377e+03
1.000832505168899600e-01 3.122690861171734468e+03
1.034295261047340625e-01 2.958667384527017020e+03
1.068876841529496080e-01 2.821688497247735995e+03
1.104614654427753945e-01 2.710082613948230573e+03
1.141547358281756464e-01 2.619632914980657006e+03
1.179714904176376727e-01 2.543827581811212440e+03
1.219158578957853512e-01 2.474466613700269136e+03
1.259921049894874856e-01 2.402713580187699336e+03
1.302046410832891354e-01 2.320552246282380565e+03
1.345580229891604751e-01 2.222450630311428085e+03
1.390569598757198100e-01 2.106789985739945678e+03
1.437063183622670492e-01 1.976543974443252637e+03
1.485111277831346888e-01 1.838791821255054629e+03
1.534765856280515817e-01 1.703062714285336369e+03
1.586080631644066208e-01 1.578948142979844533e+03
1.639111112474894438e-01 1.473691677318807933e+03
1.693914663249987407e-01 1.390421319031886469e+03
1.750550566423093313e-01 1.327393143764270235e+03
1.809080086552135869e-01 1.278374720623674648e+03
1.869566536570689830e-01 1.234230518256736786e+03
1.932075346275276828e-01 1.185650439480962177e+03
1.996674133102498971e-01 1.126422921584729011e+03
2.063432775272630582e-01 1.055919996629403386e+03
2.132423487378718452e-01 9.793104193060610214e+02
2.203720898503036263e-01 9.050625860246286720e+02
2.277402132945338109e-01 8.409281438728800140e+02
2.353546893650253491e-01 7.904740230290427689e+02
2.432237548424092122e-01 7.517275822790937809e+02
2.513559219034258718e-01 7.184318238936422176e+02
2.597599873287743666e-01 6.834627588278843859e+02
2.684450420188219666e-01 6.428804884732611526e+02
2.774204808274743361e-01 5.980839143990461935e+02
2.866960127248350254e-01 5.543266489976756475e+02
2.962816712996577673e-01 5.166321724909698787e+02
3.061878256129444420e-01 4.862714273078710789e+02
3.164251914144354805e-01 4.603154139695354274e+02
3.270048427341168962e-01 4.343881096372501247e+02
3.379382238612947953e-01 4.063814018614358474e+02
3.492371617241852855e-01 3.778629729055031703e+02
3.609138786834163448e-01 3.519108281763502646e+02
3.729810057532814693e-01 3.298128352760084567e+02
3.854515962650386651e-01 3.100934443691313618e+02
3.983391399870480631e-01 2.905744874636748136e+02
4.116575777170102257e-01 2.708507470075164747e+02
4.254213163620995108e-01 2.522494540225500259e+02
4.396452445232932327e-01 2.357010684196234536e+02
4.543447486007690661e-01 2.206051940798198245e+02
4.695357294377799362e-01 2.059868345039278950e+02
4.852346195210218704e-01 1.918705786404638616e+02
5.014584007560848322e-01 1.788465661982579036e+02
5.182246228372336949e-01 1.669243216509177046e+02
5.355514222313770833e-01 1.556493787573622853e+02
5.534575417967635413e-01 1.449320841601366681e+02
5.719623510576314906e-01 1.349813662489605690e+02
5.910858671567322808e-01 1.257501101159174084e+02
6.108487765084068544e-01 1.170571516837785992e+02
6.312724571756275216e-01 1.089112400739235085e+02
6.523790019952193653e-01 1.013396384060504545e+02
6.741912424762606104e-01 9.425998922415739401e+01
6.967327734975364839e-01 8.763825048517072958e+01
7.200279788307419881e-01 8.146505196832767126e+01
7.441020575170596008e-01 7.570966105605674557e+01
7.689810511256225389e-01 7.034212006718449572e+01
7.946918719233755368e-01 6.533621113416050719e+01
8.212623319867858873e-01 6.066965547944783310e+01
8.487211732869031078e-01 5.632152783640084692e+01
8.770980987803161932e-01 5.227182734850740786e+01
9.064238045396205701e-01 4.850136965644659170e+01
9.367300129581793700e-01 4.499205403081706578e+01
9.680495070650749767e-01 4.172676576292083439e+01
1.000416165987385808e+00 3.868926188581265535e+01
1.033865001598128330e+00 3.586430905856877871e+01
1.068432196389532240e+00 3.323772914503859255e+01
1.104155142612600837e+00 3.079642070960015943e+01
1.141072482725305592e+00 2.852809256128957571e+01
1.179224151193147607e+00 2.642113614166618518e+01
1.218651417687333982e+00 2.446451933994346462e+01
1.259396931727273516e+00 2.264790759046637802e+01
1.301504768815691548e+00 2.096167919534407531e+01
1.345020478116276896e+00 1.939693129104915315e+01
1.389991131725407447e+00 1.794534148040009924e+01
1.436465375591293947e+00 1.659909628980129526e+01
1.484493482135585296e+00 1.535082461096542339e+01
1.534127404634392455e+00 1.419363618808118588e+01
1.585420833417506836e+00 1.312111545200730234e+01
1.638429253946665609e+00 1.212731213696955557e+01
1.693210006835640158e+00 1.120667906200996811e+01
1.749822349877109051e+00 1.035403506649238814e+01
1.808327522143368116e+00 9.564533512346024224e+00
1.868788810230267217e+00 8.833654334246253015e+00
1.931271616715998229e+00 8.157187444198983783e+00
1.995843530908793184e+00 7.531213025510011150e+00
2.062574401960084458e+00 6.952082162482803085e+00
2.131536414422164238e+00 6.416398942872429956e+00
2.202804166332139602e+00 5.921003802438837837e+00
2.276454749906602792e+00 5.462957972626325542e+00
2.352567834934338631e+00 5.039528831521298713e+00
2.431225754957225149e+00 4.648176054350897424e+00
2.512513596332623944e+00 4.286538846508694434e+00
2.596519290273538783e+00 3.952423847789049649e+00
2.683333707966161441e+00 3.643793426281494163e+00
2.773050758867611432e+00 3.358755475004695956e+00
2.865767492290306695e+00 3.095553669056696044e+00
2.961584202382770314e+00 2.852557960037879869e+00
3.060604536620467719e+00 2.628256018893044388e+00
3.162935607924048931e+00 2.421245156871596915e+00
3.268688110526199786e+00 2.230224456598118188e+00
3.377976439712552459e+00 2.053987846863716271e+00
3.490918815566087297e+00 1.891417609039945269e+00
3.607637410848952619e+00 1.741478186722024368e+00
3.728258483159945236e+00 1.603210325078022080e+00
3.852912511510727001e+00 1.475725597596126981e+00
3.981734337468417539e+00 1.358201254161508720e+00
4.114863311017320058e+00 1.249875589188293779e+00
4.252443441297450555e+00 1.150043636225666077e+00
4.394623552383071896e+00 1.058052983514714329e+00
4.541557444269631816e+00 9.733000247949394890e-01
4.693404059243289517e+00 8.952265011938047579e-01
4.850327653813030437e+00 8.233161836896697450e-01
5.012497976391239618e+00 7.570918041237435503e-01
5.180090450915090017e+00 6.961122079237426208e-01
5.353286366607249214e+00 6.399696788563438155e-01
5.532273074081278885e+00 5.882874789727485787e-01
5.717244188003695271e+00 5.407175762220390869e-01
5.908399796532135539e+00 4.969384950181994220e-01
6.105946677756002750e+00 4.566533457267503149e-01
6.310098523373801171e+00 4.195880130560992738e-01
6.521076169849157722e+00 3.854894108399706809e-01
6.739107837295406966e+00 3.541239110132419210e-01
6.964429376347387013e+00 3.252759363597083619e-01
7.197284523287298619e+00 2.987466277409181470e-01
7.437925163700752407e+00 2.743525769122330815e-01
7.686611604948010879e+00 2.519246121374043579e-01
7.943612857745410594e+00 2.313066810366501691e-01
8.209206927161357470e+00 2.123548493675558591e-01
8.483681113341843272e+00 1.949364319735571449e-01
8.767332322290526392e+00 1.789291354099562803e-01
9.060467387039910392e+00 1.642202598608922259e-01
9.363403399560734641e+00 1.507059599711983722e-01
9.676468053768756405e+00 1.382905704699183835e-01
1.000000000000001243e+01 1.268859780628744660e-01
