2.000000000000000164e-05 3.413661818896891020e+01
2.066869842267550072e-05 3.523435744715411033e+01
2.135975472437544027e-05 3.636739555504895804e+01
2.207391643902171255e-05 3.753686440939469549e+01
2.281195609427394449e-05 3.874394397054951611e+01
2.357467204719313169e-05 3.998982742952821212e+01
2.436288934784564352e-05 4.127578514713011515e+01
2.517746063178175121e-05 4.260308881877821818e+01
2.601926704235410016e-05 4.397307230959133051e+01
2.688921918387384303e-05 4.538710870393819619e+01
2.778825810663545582e-05 4.684660300525074916e+01
2.871735632487579741e-05 4.835304158283587839e+01
2.967751886876853870e-05 4.990791495332109662e+01
3.066978437159193627e-05 5.151278674215403441e+01
3.169522619324599853e-05 5.316924606528008468e+01
3.275495358133433647e-05 5.487898654895772665e+01
3.385011287106671010e-05 5.664368921133881685e+01
3.498188872528021299e-05 5.846512332412477519e+01
3.615150541592045298e-05 6.034513831740852652e+01
3.736022814836899319e-05 6.228558939899485125e+01
3.860936443004954884e-05 6.428844239898751312e+01
3.990026548479344494e-05 6.635567908376458490e+01
4.123432771449419843e-05 6.848938838630009229e+01
4.261299420963254024e-05 7.069169007564866547e+01
4.403775631030562105e-05 7.296479883988391180e+01
4.551015521944909301e-05 7.531099199806226352e+01
4.703178366999723984e-05 7.773261243463808512e+01
4.860428764778435972e-05 8.023208402785034821e+01
5.022936817205134787e-05 8.281189460778617217e+01
5.190878313548323190e-05 8.547465786006669930e+01
5.364434920576834987e-05 8.822301435894341637e+01
5.543794379073590958e-05 9.105972873577823634e+01
5.729150706919781900e-05 9.398760282067679839e+01
5.920704408969155763e-05 9.700961495442365390e+01
6.118662693939432690e-05 1.001287443008560558e+02
6.323239698555469304e-05 1.033481724684262417e+02
6.534656719186627638e-05 1.066710456094822632e+02
6.753142451228926792e-05 1.101007089726086434e+02
6.978933236490913268e-05 1.136406119793116289e+02
7.212273318850868345e-05 1.172942743613114942e+02
7.453415108461877573e-05 1.210653627634338534e+02
7.702619454790587906e-05 1.249576178489103171e+02
7.960155928784993205e-05 1.289749693620061066e+02
8.226303114476471348e-05 1.331213786700072035e+02
8.501348910331518868e-05 1.374010192100600136e+02
8.785590840679157983e-05 1.418181697103831027e+02
9.079336377550881697e-05 1.463772020393712694e+02
9.382903273281309529e-05 1.510827018909000117e+02
9.696619904229312483e-05 1.559393498286293038e+02
1.002082562599141270e-04 1.609520102634933494e+02
1.035587114049174785e-04 1.661256261939617218e+02
1.070211887534562421e-04 1.714654166963736941e+02
1.105994337590709140e-04 1.769766516729447119e+02
1.142973171042456330e-04 1.826648216352773488e+02
1.181188388874281471e-04 1.885356576385681535e+02
1.220681329500424115e-04 1.945949086504876675e+02
1.261494713481742377e-04 2.008486636360924820e+02
1.303672689737678670e-04 2.073031199289891049e+02
1.347260883303314362e-04 2.139646674392508885e+02
1.392306444683180742e-04 2.208399516486437051e+02
1.438858100855209437e-04 2.279357905532128541e+02
1.486966207979997041e-04 2.352591933016390442e+02
1.536682805872396744e-04 2.428175197152480678e+02
1.588061674294368483e-04 2.506180698751426235e+02
1.641158391129971276e-04 2.586687575955248235e+02
1.696030392505434848e-04 2.669773737885764149e+02
1.752737034919339915e-04 2.755522984535975297e+02
1.811339659450114388e-04 2.844018116209362006e+02
1.871901658110307874e-04 2.935347989770195909e+02
1.934488542419408646e-04 3.029601566375238235e+02
1.999168014269393128e-04 3.126872074208572485e+02
2.066010039159656652e-04 3.227254174621567131e+02
2.135086921880547338e-04 3.330847747272898687e+02
2.206473384727377968e-04 3.437753272833100482e+02
2.280246648329511538e-04 3.548076131498577297e+02
2.356486515181963309e-04 3.661923505817985074e+02
2.435275455969876748e-04 3.779406298722942665e+02
2.516698698779247295e-04 3.900638932873494014e+02
2.600844321290405573e-04 4.025740356193089724e+02
2.687803346053976817e-04 4.154830321314127559e+02
2.777669838952388651e-04 4.288034916327260930e+02
2.870541010953427292e-04 4.425481243934636950e+02
2.966517323265922064e-04 4.567304475873636420e+02
3.065702596011295341e-04 4.713637570680115800e+02
3.168204120528543403e-04 4.864622114064900984e+02
3.274132775434116785e-04 5.020403423286140310e+02
3.383603146562264279e-04 5.181128910244207191e+02
3.496733650915567022e-04 5.346950197923088126e+02
3.613646664759745386e-04 5.518025586887803229e+02
3.734468656001317080e-04 5.694514667431851649e+02
3.859330320991275886e-04 5.876586143815075047e+02
3.988366725902805230e-04 6.064407108605325902e+02
4.121717452835938129e-04 6.258153991394226523e+02
4.259526750807212541e-04 6.458006434815886223e+02
4.401943691787655547e-04 6.664147776530896863e+02
4.549122331957894719e-04 6.876767036961980466e+02
4.701221878354804149e-04 7.096058480374110786e+02
4.858406861089974399e-04 7.322221775318055279e+02
5.020847311326308640e-04 7.555459850919846758e+02
5.188718945205230424e-04 7.795982374956175818e+02
5.362203353923492141e-04 8.044003353891001780e+02
5.541488200165187389e-04 8.299739961411482909e+02
5.726767421101455150e-04 8.563416823115261423e+02
5.918241438177454907e-04 8.835265891121912318e+02
6.116117373913557359e-04 9.115518291377373998e+02
6.320609275955268004e-04 9.404416131271216273e+02
6.531938348614238542e-04 9.702204121064989977e+02
6.750333192150836329e-04 1.000912662000880687e+03
6.976030050057104547e-04 1.032544488404147614e+03
7.209273064607610694e-04 1.065141669875589287e+03
7.450314540954613768e-04 1.098730422091180799e+03
7.699415220053250396e-04 1.133337740459802035e+03
7.956844560711916160e-04 1.168991321001670030e+03
8.222881031073025473e-04 1.205718615450274910e+03
8.497812409839368810e-04 1.243548410328064392e+03
8.781936097571961097e-04 1.282508822345732597e+03
9.075559438396131216e-04 1.322629094213558801e+03
9.379000052463793693e-04 1.363939224239337364e+03
9.692586179531593148e-04 1.406468388691583414e+03
1.001665703402655023e-03 1.450247005298163458e+03
1.035156317198330069e-03 1.495305291510851703e+03
1.069766687024985286e-03 1.541674133184840684e+03
1.105534251837205851e-03 1.589384073236871927e+03
1.142497702358069404e-03 1.638465945978791751e+03
1.180697022931930960e-03 1.688951209039038531e+03
1.220173534776542454e-03 1.740870132798090253e+03
1.260969940681316284e-03 1.794254493277487200e+03
1.303130371200056587e-03 1.849134378758714547e+03
1.346700432388157767e-03 1.905540590833140641e+03
1.391727255135877424e-03 1.963503501218152451e+03
1.438259546151070007e-03 2.023053001422536454e+03
1.486347640646530459e-03 2.084217942776877408e+03
1.536043556788919398e-03 2.147027403514792695e+03
1.587401051968200579e-03 2.211509438722058803e+03
1.640475680948428249e-03 2.277690688403005879e+03
1.695324855962815390e-03 2.345598010859380338e+03
1.752007908818060174e-03 2.415256505739991553e+03
1.810586155075142928e-03 2.486689432967583343e+03
1.871122960375984270e-03 2.559920419139338719e+03
1.933683808987751848e-03 2.634970273434093542e+03
1.998336374638913938e-03 2.711859162073562402e+03
2.065150593723721201e-03 2.790604619251017539e+03
2.134198740954243185e-03 2.871223542444371560e+03
2.205555507541849362e-03 2.953730432911284879e+03
2.279298081992675151e-03 3.038137760494396389e+03
2.355506233604463730e-03 3.124455728895264656e+03
2.434262398755145627e-03 3.212692726298827438e+03
2.515651770076436904e-03 3.302853633699362035e+03
2.599762388608985089e-03 3.394942033770410944e+03
2.686685239038679764e-03 3.488958040975460335e+03
2.776514348117217236e-03 3.584899801324022064e+03
2.869346886373309435e-03 3.682762636035509786e+03
2.965283273224645581e-03 3.782537449775969435e+03
3.064427285604211931e-03 3.884211517796192766e+03
3.166886170218578649e-03 3.987770537870337193e+03
3.272770759559481216e-03 4.093195254409157769e+03
3.382195591794276077e-03 4.200460410773004696e+03
3.495279034664920681e-03 4.309537818707002771e+03
3.612143413529477973e-03 4.420394277906259049e+03
3.732915143684721951e-03 4.532987943338991499e+03
3.857724867112893516e-03 4.647275412677020540e+03
3.986707593800617976e-03 4.763202776713153071e+03
4.120002847782761740e-03 4.880712779260240495e+03
4.257754818069308354e-03 4.999738080577136316e+03
4.400112514618404608e-03 5.120207099478802775e+03
4.547229929524409554e-03 5.242038337073624461e+03
4.699266203595197679e-03 5.365144879197716364e+03
4.856385798499019031e-03 5.489429777750876383e+03
5.018758674667020935e-03 5.614792610550940481e+03
5.186560475143959549e-03 5.741119956946412458e+03
5.359972715585955248e-03 5.868296470607902847e+03
5.539182980610755057e-03 5.996189377710148619e+03
5.724385126713026593e-03 6.124662514460564125e+03
5.915779491964028892e-03 6.253567676887839298e+03
6.113573112722652143e-03 6.382741325050213163e+03
6.317979947592099882e-03 6.512015351849627223e+03
6.529221108864616957e-03 6.641204793190454438e+03
6.747525101704480652e-03 6.770115152219063020e+03
6.973128071328140755e-03 6.898541332063836307e+03
7.206274058448705437e-03 7.026268214439177427e+03
7.447215263261310406e-03 7.153068881273315128e+03
7.696212318254701257e-03 7.278705258649288226e+03
7.953534570144332738e-03 7.402924056253047638e+03
8.219460371231864307e-03 7.525459841193396642e+03
8.494277380506187053e-03 7.646032814431068800e+03
8.778282874811823774e-03 7.764342273643786029e+03
9.071784070421121463e-03 7.880083350033168244e+03
9.375098455358292851e-03 7.992932960561353866e+03
9.688554132834568261e-03 8.102561567198776174e+03
1.001249017616620725e-02 8.208622329546858964e+03
1.034725699555901803e-02 8.310757190922628070e+03
1.069321671715643858e-02 8.408592013893407056e+03
1.105074357476093505e-02 8.501736278465279611e+03
1.142022431465263173e-02 8.589792462012883334e+03
1.180205861394306721e-02 8.672351867456798573e+03
1.219665951291643881e-02 8.749002899755656472e+03
1.260445386182631328e-02 8.819318311625316710e+03
1.302588278263077520e-02 8.882868262612790204e+03
1.346140214616583890e-02 8.939205672395124566e+03
1.391148306527291781e-02 8.987896103081440742e+03
1.437661240441416924e-02 9.028502236835734948e+03
1.485729330632660182e-02 9.060590760149314519e+03
1.535404573628500365e-02 9.083725988738620799e+03
1.586740704456205894e-02 9.097492705586137163e+03
1.639793254769450481e-02 9.101486504469123247e+03
1.694619612918364313e-02 9.095328656304669494e+03
1.751279086028037155e-02 9.078663769367445639e+03
1.809832964152614798e-02 9.051165503596685085e+03
1.870344586574363213e-02 9.012552370012292158e+03
1.932879410319460894e-02 8.962586280269408235e+03
1.997505080964588620e-02 8.901083336670197241e+03
2.064291505810955316e-02 8.827922708402722492e+03
2.133310929504865505e-02 8.743055383619652275e+03
2.204638012186681956e-02 8.646505007003177525e+03
2.278349910252664909e-02 8.538392952808610062e+03
2.354526359817107548e-02 8.418925454289317713e+03
2.433249762964985810e-02 8.288413126491765070e+03
2.514605276888498206e-02 8.147284393193193864e+03
2.598680906003840441e-02 7.996074888556794576e+03
2.685567597147924673e-02 7.835439829412306608e+03
2.775359337957988490e-02 7.666155525690097420e+03
2.868153258540498754e-02 7.489122275937286759e+03
2.964049736539381419e-02 7.305355184057273618e+03
3.063152505717161092e-02 7.115978785786336630e+03
3.165568768166540647e-02 6.922220302216754135e+03
3.271409310273729054e-02 6.725401431645804223e+03
3.380788622559029871e-02 6.526908944624983633e+03
3.493825023524253087e-02 6.328181499926888137e+03
3.610640787640997940e-02 6.130692528657958064e+03
3.731362277618164441e-02 5.935907454767322633e+03
3.856120081091872487e-02 5.745261513528649630e+03
3.985049151885547425e-02 5.560128927817952899e+03
4.118288955993056055e-02 5.381775287581522207e+03
4.255983622442782027e-02 5.211335841872240053e+03
4.398282099205792772e-02 5.049761586326601901e+03
4.545338314316834522e-02 4.897794284546256677e+03
4.697311342382341770e-02 4.755914545604594423e+03
4.854365576655684383e-02 4.624319027503077450e+03
5.016670906865677154e-02 4.502874126590247215e+03
5.184402902990837420e-02 4.391094969558193952e+03
5.357743005178047802e-02 4.288119567928575634e+03
5.536878720011212396e-02 4.192692957907757773e+03
5.722003823342062395e-02 4.103181069559062962e+03
5.913318569902666078e-02 4.017583261600968399e+03
6.111029909926251474e-02 3.933599058031250479e+03
6.315351713010779189e-02 3.848700613155473093e+03
6.526504999467336310e-02 3.760272442210714416e+03
6.744718179403717817e-02 3.665768782196247230e+03
6.970227299801623477e-02 3.562919475844920726e+03
7.203276299854979858e-02 3.449960259236312595e+03
7.444117274845411802e-02 3.325852949107772019e+03
7.693010748840443946e-02 3.190491214508210305e+03
7.950225956509210379e-02 3.044841852490575548e+03
8.216041134360790865e-02 2.890978685035810031e+03
8.490743821719984319e-02 2.732009535667563796e+03
8.774631171766281157e-02 2.571857769791746250e+03
9.068010272972255870e-02 2.414934634232759890e+03
9.371198481289348681e-02 2.265707729775246662e+03
9.684523763440215649e-02 2.128248792296626561e+03
1.000832505168899600e-01 2.005792338687910387e+03
1.034295261047340625e-01 1.900359568166789359e+03
1.068876841529496080e-01 1.812489478555753976e+03
1.104614654427753945e-01 1.741081397759413449e+03
1.141547358281756464e-01 1.683382104866298050e+03
1.179714904176376727e-01 1.635147591178018502e+03
1.219158578957853512e-01 1.591037430905253814e+03
1.259921049894874856e-01 1.545299972199479953e+03
1.302046410832891354e-01 1.492719860635605755e+03
1.345580229891604751e-01 1.429704743529224743e+03
1.390569598757198100e-01 1.355214156302124820e+03
1.437063183622670492e-01 1.271201369770518340e+03
1.485111277831346888e-01 1.182290394833700475e+03
1.534765856280515817e-01 1.094693914096687195e+03
1.586080631644066208e-01 1.014654798937529563e+03
1.639111112474894438e-01 9.468782666489146322e+02
1.693914663249987407e-01 8.933870042624630514e+02
1.750550566423093313e-01 8.530342793223296667e+02
1.809080086552135869e-01 8.217562291029493053e+02
1.869566536570689830e-01 7.936043592875138302e+02
1.932075346275276828e-01 7.625205797418263955e+02
1.996674133102498971e-01 7.244684338857953207e+02
2.063432775272630582e-01 6.790504395328672445e+02
2.132423487378718452e-01 6.296438006252878949e+02
2.203720898503036263e-01 5.817670742707994123e+02
2.277402132945338109e-01 5.404631620432163572e+02
2.353546893650253491e-01 5.080445956397950908e+02
2.432237548424092122e-01 4.832200870309143852e+02
2.513559219034258718e-01 4.619133820981496683e+02
2.597599873287743666e-01 4.394895708615487706e+02
2.684450420188219666e-01 4.133902024938058730e+02
2.774204808274743361e-01 3.845339862931492689e+02
2.866960127248350254e-01 3.563452007793156326e+02
2.962816712996577673e-01 3.320915691932457321e+02
3.061878256129444420e-01 3.125955459606376508e+02
3.164251914144354805e-01 2.959472255345527287e+02
3.270048427341168962e-01 2.792993563176167413e+02
3.379382238612947953e-01 2.612841662704638566e+02
3.492371617241852855e-01 2.429262983561006024e+02
3.609138786834163448e-01 2.262297674330649784e+02
3.729810057532814693e-01 2.120305162538854802e+02
3.854515962650386651e-01 1.993665636146107829e+02
3.983391399870480631e-01 1.868213460115593136e+02
4.116575777170102257e-01 1.741336954459828803e+02
4.254213163620995108e-01 1.621689079229248591e+02
4.396452445232932327e-01 1.515319720798428023e+02
4.543447486007690661e-01 1.418313131360081627e+02
4.695357294377799362e-01 1.324332298165925579e+02
4.852346195210218704e-01 1.233550374548665332e+02
5.014584007560848322e-01 1.149812910343137133e+02
5.182246228372336949e-01 1.073179898877063891e+02
5.355514222313770833e-01 1.000695583933424331e+02
5.534575417967635413e-01 9.317844748979538849e+01
5.719623510576314906e-01 8.678098545502744798e+01
5.910858671567322808e-01 8.084661044986953016e+01
6.108487765084068544e-01 7.525772460404827768e+01
6.312724571756275216e-01 7.002043381763782293e+01
6.523790019952193653e-01 6.515270949842081905e+01
6.741912424762606104e-01 6.060110504203456117e+01
6.967327734975364839e-01 5.634389320427189318e+01
7.200279788307419881e-01 5.237507091847169960e+01
7.441020575170596008e-01 4.867486855574879456e+01
7.689810511256225389e-01 4.522401675955663336e+01
7.946918719233755368e-01 4.200565613737692416e+01
8.212623319867858873e-01 3.900546610109540069e+01
8.487211732869031078e-01 3.620999615524205950e+01
8.770980987803161932e-01 3.360638889835097842e+01
9.064238045396205701e-01 3.118231043209409137e+01
9.367300129581793700e-01 2.892612342742814135e+01
9.680495070650749767e-01 2.682682442449665672e+01
1.000416165987385808e+00 2.487397028301927548e+01
1.033865001598128330e+00 2.305776704695113111e+01
1.068432196389532240e+00 2.136909947850427471e+01
1.104155142612600837e+00 1.979954507908771788e+01
1.141072482725305592e+00 1.834120219672589869e+01
1.179224151193147607e+00 1.698660769925963976e+01
1.218651417687333982e+00 1.572866845626304411e+01
1.259396931727273516e+00 1.456073983272583661e+01
1.301504768815691548e+00 1.347663583130614917e+01
1.345020478116276896e+00 1.247063322129818097e+01
1.389991131725407447e+00 1.153738192842936705e+01
1.436465375591293947e+00 1.067185880053241043e+01
1.484493482135585296e+00 9.869324592690812636e+00
1.534127404634392455e+00 9.125349181695058931e+00
1.585420833417506836e+00 8.435807760563243107e+00
1.638429253946665609e+00 7.796874931597735703e+00
1.693210006835640158e+00 7.204984466184175318e+00
1.749822349877109051e+00 6.656805362779564028e+00
1.808327522143368116e+00 6.149221451817194151e+00
1.868788810230267217e+00 5.679326519428699704e+00
1.931271616715998229e+00 5.244413757011947119e+00
1.995843530908793184e+00 4.841963262521291611e+00
2.062574401960084458e+00 4.469629323523272468e+00
2.131536414422164238e+00 4.125228801032400305e+00
2.202804166332139602e+00 3.806730347214138277e+00
2.276454749906602792e+00 3.512244527181003217e+00
2.352567834934338631e+00 3.240014442870601474e+00
2.431225754957225149e+00 2.988406789458180501e+00
2.512513596332623944e+00 2.755903691294766755e+00
2.596519290273538783e+00 2.541094958419817917e+00
2.683333707966161441e+00 2.342670632696771893e+00
2.773050758867611432e+00 2.159414339084058110e+00
2.865767492290306695e+00 1.990196965504985149e+00
2.961584202382770314e+00 1.833970507600233057e+00
3.060604536620467719e+00 1.689762620579529084e+00
3.162935607924048931e+00 1.556671462902709857e+00
3.268688110526199786e+00 1.433860656373399767e+00
3.377976439712552459e+00 1.320554812721050464e+00
3.490918815566087297e+00 1.216035339626481582e+00
3.607637410848952619e+00 1.119636437032665466e+00
3.728258483159945236e+00 1.030741350685785207e+00
3.852912511510727001e+00 9.487788766365353732e-01
3.981734337468417539e+00 8.732200826892786427e-01
4.114863311017320058e+00 8.035753020810029179e-01
4.252443441297450555e+00 7.393913315856952551e-01
4.394623552383071896e+00 6.802487214889797462e-01
4.541557444269631816e+00 6.257593818264858276e-01
4.693404059243289517e+00 5.755643815609666758e-01
4.850327653813030437e+00 5.293318127157139452e-01
5.012497976391239618e+00 4.867548180330325547e-01
5.180090450915090017e+00 4.475497633277685794e-01
5.353286366607249214e+00 4.114545307967920063e-01
5.532273074081278885e+00 3.782269301522791505e-01
5.717244188003695271e+00 3.476432204364270362e-01
5.908399796532135539e+00 3.194967175614028543e-01
6.105946677756002750e+00 2.935965324313308811e-01
6.310098523373801171e+00 2.697664213508942921e-01
6.521076169849157722e+00 2.478436709695192031e-01
6.739107837295406966e+00 2.276780859652292599e-01
6.964429376347387013e+00 2.091310739926800499e-01
7.197284523287298619e+00 1.920747840419409214e-01
7.437925163700752407e+00 1.763912927194962732e-01
7.686611604948010879e+00 1.619718311395006438e-01
7.943612857745410594e+00 1.487160704980853287e-01
8.209206927161357470e+00 1.365314781537668443e-01
8.483681113341843272e+00 1.253327524373807345e-01
8.767332322290526392e+00 1.150412690533546417e-01
9.060467387039910392e+00 1.055845678649847685e-01
9.363403399560734641e+00 9.689588199041510030e-02
9.676468053768756405e+00 8.891370539425975938e-02
1.000000000000001243e+01 8.158138925313428158e-02
