2.000000000000000164e-05 1.583123761551152953e+01
2.066869842267550072e-05 1.634032801802950274e+01
2.135975472437544027e-05 1.686578888312902080e+01
2.207391643902171255e-05 1.740814445205999661e+01
2.281195609427394449e-05 1.796794105349042781e+01
2.357467204719313169e-05 1.854573790466774241e+01
2.436288934784564352e-05 1.914211606333708815e+01
2.517746063178175121e-05 1.975766906592497918e+01
2.601926704235410016e-05 2.039301791770703431e+01
2.688921918387384303e-05 2.104879284941998208e+01
2.778825810663545582e-05 2.172565384069169525e+01
2.871735632487579741e-05 2.242428226971731320e+01
2.967751886876853870e-05 2.314537672982217842e+01
3.066978437159193627e-05 2.388965204143424614e+01
3.169522619324599853e-05 2.465786226366566325e+01
3.275495358133433647e-05 2.545077398016507431e+01
3.385011287106671010e-05 2.626918179197009096e+01
3.498188872528021299e-05 2.711389932826219606e+01
3.615150541592045298e-05 2.798578459718976319e+01
3.736022814836899319e-05 2.888569747578232949e+01
3.860936443004954884e-05 2.981454680445525440e+01
3.990026548479344494e-05 3.077326172020525519e+01
4.123432771449419843e-05 3.176279963311544563e+01
4.261299420963254024e-05 3.278415256650344389e+01
4.403775631030562105e-05 3.383834269592828292e+01
4.551015521944909301e-05 3.492642655453123979e+01
4.703178366999723984e-05 3.604949152688818259e+01
4.860428764778435972e-05 3.720866707794396433e+01
5.022936817205134787e-05 3.840510295286998854e+01
5.190878313548323190e-05 3.964000173422960671e+01
5.364434920576834987e-05 4.091460989006846916e+01
5.543794379073590958e-05 4.223017990629859497e+01
5.729150706919781900e-05 4.358804658408655541e+01
5.920704408969155763e-05 4.498956597593921458e+01
6.118662693939432690e-05 4.643613068768337371e+01
6.323239698555469304e-05 4.792919912738260280e+01
6.534656719186627638e-05 4.947025792444123482e+01
6.753142451228926792e-05 5.106084536728580048e+01
6.978933236490913268e-05 5.270255944950780957e+01
7.212273318850868345e-05 5.439703513471896201e+01
7.453415108461877573e-05 5.614596711066693757e+01
7.702619454790587906e-05 5.795111110907491536e+01
7.960155928784993205e-05 5.981426312765282916e+01
8.226303114476471348e-05 6.173727946435804625e+01
8.501348910331518868e-05 6.372209677559207819e+01
8.785590840679157983e-05 6.577067634581085542e+01
9.079336377550881697e-05 6.788508658950274821e+01
9.382903273281309529e-05 7.006742148814063853e+01
9.696619904229312483e-05 7.231986634134464964e+01
1.002082562599141270e-04 7.464466416296420448e+01
1.035587114049174785e-04 7.704413667957506107e+01
1.070211887534562421e-04 7.952067145918746860e+01
1.105994337590709140e-04 8.207675261312407144e+01
1.142973171042456330e-04 8.471491338905381951e+01
1.181188388874281471e-04 8.743777553349251264e+01
1.220681329500424115e-04 9.024805643317586146e+01
1.261494713481742377e-04 9.314855031443526912e+01
1.303672689737678670e-04 9.614215572558858014e+01
1.347260883303314362e-04 9.923185406013165277e+01
1.392306444683180742e-04 1.024207020433788244e+02
1.438858100855209437e-04 1.057118324393583890e+02
1.486966207979997041e-04 1.091085757213939900e+02
1.536682805872396744e-04 1.126142676589032732e+02
1.588061674294368483e-04 1.162323850841297173e+02
1.641158391129971276e-04 1.199665345162105439e+02
1.696030392505434848e-04 1.238203792683484892e+02
1.752737034919339915e-04 1.277977517141370214e+02
1.811339659450114388e-04 1.319025625427740920e+02
1.871901658110307874e-04 1.361389037661657824e+02
1.934488542419408646e-04 1.405108957302778947e+02
1.999168014269393128e-04 1.450229197187003649e+02
2.066010039159656652e-04 1.496793642425997177e+02
2.135086921880547338e-04 1.544848094119080031e+02
2.206473384727377968e-04 1.594439892498957363e+02
2.280246648329511538e-04 1.645617671190430258e+02
2.356486515181963309e-04 1.698431351288552946e+02
2.435275455969876748e-04 1.752932716001289464e+02
2.516698698779247295e-04 1.809175072122332892e+02
2.600844321290405573e-04 1.867213065972992467e+02
2.687803346053976817e-04 1.927102856319467605e+02
2.777669838952388651e-04 1.988903086767133743e+02
2.870541010953427292e-04 2.052673653666928999e+02
2.966517323265922064e-04 2.118475401939582241e+02
3.065702596011295341e-04 2.186372330030665410e+02
3.168204120528543403e-04 2.256429858660832508e+02
3.274132775434116785e-04 2.328715032124221977e+02
3.383603146562264279e-04 2.403296281307428615e+02
3.496733650915567022e-04 2.480245658564551832e+02
3.613646664759745386e-04 2.559636028210757388e+02
3.734468656001317080e-04 2.641542366362695020e+02
3.859330320991275886e-04 2.726041294911362343e+02
3.988366725902805230e-04 2.813213392992859099e+02
4.121717452835938129e-04 2.903139924134655985e+02
4.259526750807212541e-04 2.995904312982162310e+02
4.401943691787655547e-04 3.091592181988941093e+02
4.549122331957894719e-04 3.190292517757315522e+02
4.701221878354804149e-04 3.292095664458724400e+02
4.858406861089974399e-04 3.397093861968650117e+02
5.020847311326308640e-04 3.505383288465345686e+02
5.188718945205230424e-04 3.617060431639839635e+02
5.362203353923492141e-04 3.732226555979750060e+02
5.541488200165187389e-04 3.850982669410896619e+02
5.726767421101455150e-04 3.973434480298116682e+02
5.918241438177454907e-04 4.099688059345731972e+02
6.116117373913557359e-04 4.229854009779068065e+02
6.320609275955268004e-04 4.364043593709447464e+02
6.531938348614238542e-04 4.502370881585048892e+02
6.750333192150836329e-04 4.644952904721160962e+02
6.976030050057104547e-04 4.791908247748700092e+02
7.209273064607610694e-04 4.943358598365895773e+02
7.450314540954613768e-04 5.099426746783724411e+02
7.699415220053250396e-04 5.260238515996416027e+02
7.956844560711916160e-04 5.425921748171441550e+02
8.222881031073025473e-04 5.596606117459133429e+02
8.497812409839368810e-04 5.772422889724876995e+02
8.781936097571961097e-04 5.953506451081892692e+02
9.075559438396131216e-04 6.139991929461154996e+02
9.379000052463793693e-04 6.332016621884218921e+02
9.692586179531593148e-04 6.529717798270247613e+02
1.001665703402655023e-03 6.733237477543827936e+02
1.035156317198330069e-03 6.942714415778361854e+02
1.069766687024985286e-03 7.158293197149918115e+02
1.105534251837205851e-03 7.380114365946513999e+02
1.142497702358069404e-03 7.608322942771711723e+02
1.180697022931930960e-03 7.843063663135625347e+02
1.220173534776542454e-03 8.084477479239047852e+02
1.260969940681316284e-03 8.332711376113061306e+02
1.303130371200056587e-03 8.587907096309503459e+02
1.346700432388157767e-03 8.850207117376889983e+02
1.391727255135877424e-03 9.119753401816236646e+02
1.438259546151070007e-03 9.396685814961250571e+02
1.486347640646530459e-03 9.681139461288981920e+02
1.536043556788919398e-03 9.973250798196937694e+02
1.587401051968200579e-03 1.027315197121528854e+03
1.640475680948428249e-03 1.058097074423531694e+03
1.695324855962815390e-03 1.089683080534037572e+03
1.752007908818060174e-03 1.122085161348701604e+03
1.810586155075142928e-03 1.155314804695318344e+03
1.871122960375984270e-03 1.189382614890190098e+03
1.933683808987751848e-03 1.224298957520481281e+03
1.998336374638913938e-03 1.260073407988691315e+03
2.065150593723721201e-03 1.296714268035030500e+03
2.134198740954243185e-03 1.334230120493203003e+03
2.205555507541849362e-03 1.372627283143983277e+03
2.279298081992675151e-03 1.411912230194481708e+03
2.355506233604463730e-03 1.452090330804360065e+03
2.434262398755145627e-03 1.493165309017594836e+03
2.515651770076436904e-03 1.535140076730262308e+03
2.599762388608985089e-03 1.578016750077209963e+03
2.686685239038679764e-03 1.621795410844903245e+03
2.776514348117217236e-03 1.666475773844404330e+03
2.869346886373309435e-03 1.712054823372505325e+03
2.965283273224645581e-03 1.758529352067160289e+03
3.064427285604211931e-03 1.805893644324946536e+03
3.166886170218578649e-03 1.854140459426459984e+03
3.272770759559481216e-03 1.903260570086497864e+03
3.382195591794276077e-03 1.953242927580466812e+03
3.495279034664920681e-03 2.004074434747202304e+03
3.612143413529477973e-03 2.055739619597395176e+03
3.732915143684721951e-03 2.108219519182090153e+03
3.857724867112893516e-03 2.161494943115621481e+03
3.986707593800617976e-03 2.215541528186327923e+03
4.120002847782761740e-03 2.270332721204955760e+03
4.257754818069308354e-03 2.325839124438612089e+03
4.400112514618404608e-03 2.382028307381592185e+03
4.547229929524409554e-03 2.438863561394174667e+03
4.699266203595197679e-03 2.496305208545087680e+03
4.856385798499019031e-03 2.554309755821393992e+03
5.018758674667020935e-03 2.612829820413407106e+03
5.186560475143959549e-03 2.671814389773230232e+03
5.359972715585955248e-03 2.731208538893650257e+03
5.539182980610755057e-03 2.790952659457002483e+03
5.724385126713026593e-03 2.850981893251306701e+03
5.915779491964028892e-03 2.911228534279613541e+03
6.113573112722652143e-03 2.971618263264944289e+03
6.317979947592099882e-03 3.032073758340380209e+03
6.529221108864616957e-03 3.092510668851133232e+03
6.747525101704480652e-03 3.152839986216541092e+03
6.973128071328140755e-03 3.212968834511021214e+03
7.206274058448705437e-03 3.272797020846452597e+03
7.447215263261310406e-03 3.332219803370629052e+03
7.696212318254701257e-03 3.391127245168089757e+03
7.953534570144332738e-03 3.449401254787907874e+03
8.219460371231864307e-03 3.506921625539857359e+03
8.494277380506187053e-03 3.563557573893333938e+03
8.778282874811823774e-03 3.619173378351954398e+03
9.071784070421121463e-03 3.673629304721278913e+03
9.375098455358292851e-03 3.726776252099539306e+03
9.688554132834568261e-03 3.778461065003550630e+03
1.001249017616620725e-02 3.828525219112254490e+03
1.034725699555901803e-02 3.876800492376496095e+03
1.069321671715643858e-02 3.923116294199655840e+03
1.105074357476093505e-02 3.967294417038604934e+03
1.142022431465263173e-02 4.009150437077752940e+03
1.180205861394306721e-02 4.048496979626029315e+03
1.219665951291643881e-02 4.085141041346133534e+03
1.260445386182631328e-02 4.118886376622190255e+03
1.302588278263077520e-02 4.149533776476107050e+03
1.346140214616583890e-02 4.176878060263945372e+03
1.391148306527291781e-02 4.200717645938219903e+03
1.437661240441416924e-02 4.220847391241280093e+03
1.485729330632660182e-02 4.237066049536144419e+03
1.535404573628500365e-02 4.249171301567887895e+03
1.586740704456205894e-02 4.256970262049610938e+03
1.639793254769450481e-02 4.260272086095003942e+03
1.694619612918364313e-02 4.258899911419343880e+03
1.751279086028037155e-02 4.252682863722538059e+03
1.809832964152614798e-02 4.241468505549677502e+03
1.870344586574363213e-02 4.225119624192953779e+03
1.932879410319460894e-02 4.203521287648120051e+03
1.997505080964588620e-02 4.176580116382298002e+03
2.064291505810955316e-02 4.144233112430908477e+03
2.133310929504865505e-02 4.106448207480643759e+03
2.204638012186681956e-02 4.063227685519606439e+03
2.278349910252664909e-02 4.014614280071821213e+03
2.354526359817107548e-02 3.960692872297021495e+03
2.433249762964985810e-02 3.901594270177104590e+03
2.514605276888498206e-02 3.837502371468387537e+03
2.598680906003840441e-02 3.768649587928655365e+03
2.685567597147924673e-02 3.695324488195116828e+03
2.775359337957988490e-02 3.617869634510646392e+03
2.868153258540498754e-02 3.536687012432064421e+03
2.964049736539381419e-02 3.452228247129072770e+03
3.063152505717161092e-02 3.365000169010689206e+03
3.165568768166540647e-02 3.275555084017777517e+03
3.271409310273729054e-02 3.184490840077219218e+03
3.380788622559029871e-02 3.092437135803956608e+03
3.493825023524253087e-02 3.000050944503028404e+03
3.610640787640997940e-02 2.908005918860110796e+03
3.731362277618164441e-02 2.816974348566722256e+03
3.856120081091872487e-02 2.727621089782704985e+03
3.985049151885547425e-02 2.640580553354942822e+03
4.118288955993056055e-02 2.556446585640143894e+03
4.255983622442782027e-02 2.475751734182200835e+03
4.398282099205792772e-02 2.398948781859725841e+03
4.545338314316834522e-02 2.326397752753998702e+03
4.697311342382341770e-02 2.258341212348066165e+03
4.854365576655684383e-02 2.194894660810519326e+03
5.016670906865677154e-02 2.136023824730314573e+03
5.184402902990837420e-02 2.081538949117490574e+03
5.357743005178047802e-02 2.031077494079335793e+03
5.536878720011212396e-02 1.984101694393723392e+03
5.722003823342062395e-02 1.939900311642978295e+03
5.913318569902666078e-02 1.897600712148253251e+03
6.111029909926251474e-02 1.856189795470874287e+03
6.315351713010779189e-02 1.814553120551046277e+03
6.526504999467336310e-02 1.771530976490623743e+03
6.744718179403717817e-02 1.725991537907840893e+03
6.970227299801623477e-02 1.676918117560814835e+03
7.203276299854979858e-02 1.623511279043538252e+03
7.444117274845411802e-02 1.565287639735189032e+03
7.693010748840443946e-02 1.502169882753200227e+03
7.950225956509210379e-02 1.434551602701146294e+03
8.216041134360790865e-02 1.363316864768431742e+03
8.490743821719984319e-02 1.289811670531765913e+03
8.774631171766281157e-02 1.215751344334501709e+03
9.068010272972255870e-02 1.143079619535696111e+03
9.371198481289348681e-02 1.073780807019591521e+03
9.684523763440215649e-02 1.009679166719440445e+03
1.000832505168899600e-01 9.522379643774951319e+02
1.034295261047340625e-01 9.023900114887137534e+02
1.068876841529496080e-01 8.604112562726018041e+02
1.104614654427753945e-01 8.258450006392445175e+02
1.141547358281756464e-01 7.974950865612738653e+02
1.179714904176376727e-01 7.734964315628360509e+02
1.219158578957853512e-01 7.514924681344813280e+02
1.259921049894874856e-01 7.289372377955945694e+02
1.302046410832891354e-01 7.035138738459579599e+02
1.345580229891604751e-01 6.736117232008266456e+02
1.390569598757198100e-01 6.387373801855175088e+02
1.437063183622670492e-01 5.997132147528337782e+02
1.485111277831346888e-01 5.585472726813129611e+02
1.534765856280515817e-01 5.179666476246253524e+02
1.586080631644066208e-01 4.807366587698916192e+02
1.639111112474894438e-01 4.489635750695872503e+02
1.693914663249987407e-01 4.235760530559916219e+02
1.750550566423093313e-01 4.040951402143455766e+02
1.809080086552135869e-01 3.887388172729733924e+02
1.869566536570689830e-01 3.748789418272063472e+02
1.932075346275276828e-01 3.598283598793045144e+02
1.996674133102498971e-01 3.417828817350637109e+02
2.063432775272630582e-01 3.205379961079243571e+02
2.132423487378718452e-01 2.975593066006889558e+02
2.203720898503036263e-01 2.752749113049281959e+02
2.277402132945338109e-01 2.559249297136924213e+02
2.353546893650253491e-01 2.405547034469028063e+02
2.432237548424092122e-01 2.286116450248384524e+02
2.513559219034258718e-01 2.182985266198029706e+02
2.597599873287743666e-01 2.075583590289811013e+02
2.684450420188219666e-01 1.952425957093848012e+02
2.774204808274743361e-01 1.817385958382448337e+02
2.866960127248350254e-01 1.685516446828517303e+02
2.962816712996577673e-01 1.571335505950218590e+02
3.061878256129444420e-01 1.478610288267387318e+02
3.164251914144354805e-01 1.398961128048556475e+02
3.270048427341168962e-01 1.319751882569810562e+02
3.379382238612947953e-01 1.234818638151584764e+02
3.492371617241852855e-01 1.148596857228729391e+02
3.609138786834163448e-01 1.069948484914006173e+02
3.729810057532814693e-01 1.002632945815878287e+02
3.854515962650386651e-01 9.424288087799580182e+01
3.983391399870480631e-01 8.830332143522477395e+01
4.116575777170102257e-01 8.232245118224669511e+01
4.254213163620995108e-01 7.668021328489551536e+01
4.396452445232932327e-01 7.164628659120950260e+01
4.543447486007690661e-01 6.704895024750965149e+01
4.695357294377799362e-01 6.260546924835304594e+01
4.852346195210218704e-01 5.832022814510362707e+01
5.014584007560848322e-01 5.436259652254303631e+01
5.182246228372336949e-01 5.073578694185322746e+01
5.355514222313770833e-01 4.730813558591850665e+01
5.534575417967635413e-01 4.405233939726976899e+01
5.719623510576314906e-01 4.102793776041942664e+01
5.910858671567322808e-01 3.822118245345306775e+01
6.108487765084068544e-01 3.557916016908802703e+01
6.312724571756275216e-01 3.310359761061258155e+01
6.523790019952193653e-01 3.080196404165905477e+01
6.741912424762606104e-01 2.865000882597373177e+01
6.967327734975364839e-01 2.663755751508505654e+01
7.200279788307419881e-01 2.476126039222948805e+01
7.441020575170596008e-01 2.301185523484524964e+01
7.689810511256225389e-01 2.138033896557792346e+01
7.946918719233755368e-01 1.985878643868963422e+01
8.212623319867858873e-01 1.844040379536412999e+01
8.487211732869031078e-01 1.711880856284728480e+01
8.770980987803161932e-01 1.588791128458075264e+01
9.064238045396205701e-01 1.474188522448890382e+01
9.367300129581793700e-01 1.367523328138955740e+01
9.680495070650749767e-01 1.268275566963612278e+01
1.000416165987385808e+00 1.175951449434174734e+01
1.033865001598128330e+00 1.090087860640807449e+01
1.068432196389532240e+00 1.010253791174089422e+01
1.104155142612600837e+00 9.360509960933908857e+00
1.141072482725305592e+00 8.671058684387212168e+00
1.179224151193147607e+00 8.030655636256948782e+00
1.218651417687333982e+00 7.435947816751119710e+00
1.259396931727273516e+00 6.883794230549834303e+00
1.301504768815691548e+00 6.371270456600440113e+00
1.345020478116276896e+00 5.895670389070748030e+00
1.389991131725407447e+00 5.454464350966232722e+00
1.436465375591293947e+00 5.045277426142198429e+00
1.484493482135585296e+00 4.665869315384902016e+00
1.534127404634392455e+00 4.314145866314858857e+00
1.585420833417506836e+00 3.988157131014490542e+00
1.638429253946665609e+00 3.686094438463248135e+00
1.693210006835640158e+00 3.406271626359353988e+00
1.749822349877109051e+00 3.147113816400854525e+00
1.808327522143368116e+00 2.907147851993169940e+00
1.868788810230267217e+00 2.684999853949734838e+00
1.931271616715998229e+00 2.479390177089388025e+00
1.995843530908793184e+00 2.289127454765219838e+00
2.062574401960084458e+00 2.113102661127291171e+00
2.131536414422164238e+00 1.950283648225186850e+00
2.202804166332139602e+00 1.799710059868568690e+00
2.276454749906602792e+00 1.660488641284766809e+00
2.352567834934338631e+00 1.531788805561129063e+00
2.431225754957225149e+00 1.412838442188585786e+00
2.512513596332623944e+00 1.302920013092220497e+00
2.596519290273538783e+00 1.201366862835608895e+00
2.683333707966161441e+00 1.107559648303647837e+00
2.773050758867611432e+00 1.020923253398034136e+00
2.865767492290306695e+00 9.409238375567806623e-01
2.961584202382770314e+00 8.670659521805145209e-01
3.060604536620467719e+00 7.988899328743800377e-01
3.162935607924048931e+00 7.359694411875831177e-01
3.268688110526199786e+00 6.779090871958889375e-01
3.377976439712552459e+00 6.243423116760324909e-01
3.490918815566087297e+00 5.749293994887757497e-01
3.607637410848952619e+00 5.293555730545443927e-01
3.728258483159945236e+00 4.873292345848023732e-01
3.852912511510727001e+00 4.485803269771236890e-01
3.981734337468417539e+00 4.128587933972875934e-01
4.114863311017320058e+00 3.799331474527904429e-01
4.252443441297450555e+00 3.495891390702329793e-01
4.394623552383071896e+00 3.216284751256168750e-01
4.541557444269631816e+00 2.958676872310070372e-01
4.693404059243289517e+00 2.721370900070948506e-01
4.850327653813030437e+00 2.502797683994805733e-01
5.012497976391239618e+00 2.301506475260849116e-01
5.180090450915090017e+00 2.116156327601770304e-01
5.353286366607249214e+00 1.945508081444724258e-01
5.532273074081278885e+00 1.788416826500443257e-01
5.717244188003695271e+00 1.643824850346284061e-01
5.908399796532135539e+00 1.510755030850889358e-01
6.105946677756002750e+00 1.388304884855901811e-01
6.310098523373801171e+00 1.275641172677608737e-01
6.521076169849157722e+00 1.171994653690753285e-01
6.739107837295406966e+00 1.076655293758792126e-01
6.964429376347387013e+00 9.889679027665700117e-02
7.197284523287298619e+00 9.083280598042206555e-02
7.437925163700752407e+00 8.341782689723689637e-02
7.686611604948010879e+00 7.660043098810549733e-02
7.943612857745410594e+00 7.033318688400534702e-02
8.209206927161357470e+00 6.457234958786989276e-02
8.483681113341843272e+00 5.927759216038308576e-02
8.767332322290526392e+00 5.441174476041064217e-02
9.060467387039910392e+00 4.994055228350904874e-02
9.363403399560734641e+00 4.583245056802907891e-02
9.676468053768756405e+00 4.205836203213773189e-02
1.000000000000001243e+01 3.859150501117560722e-02
