2.000000000000000164e-05 5.394521412556724016e+01
2.066869842267550072e-05 5.567984072585168320e+01
2.135975472437544027e-05 5.747022453008076326e+01
2.207391643902171255e-05 5.931816668855703512e+01
2.281195609427394449e-05 6.122552332389613383e+01
2.357467204719313169e-05 6.319419900319341110e+01
2.436288934784564352e-05 6.522616024897480713e+01
2.517746063178175121e-05 6.732343112122980244e+01
2.601926704235410016e-05 6.948813278170698027e+01
2.688921918387384303e-05 7.172241554264368801e+01
2.778825810663545582e-05 7.402851550710862227e+01
2.871735632487579741e-05 7.640873312600704992e+01
2.967751886876853870e-05 7.886547298208279244e+01
3.066978437159193627e-05 8.140115543259256015e+01
3.169522619324599853e-05 8.401834621593543773e+01
3.275495358133433647e-05 8.671964537733451550e+01
3.385011287106671010e-05 8.950777399866443318e+01
3.498188872528021299e-05 9.238545971923259970e+01
3.615150541592045298e-05 9.535565138256900752e+01
3.736022814836899319e-05 9.842127750799103580e+01
3.860936443004954884e-05 1.015854152582667496e+02
3.990026548479344494e-05 1.048512059608361398e+02
4.123432771449419843e-05 1.082219058720648803e+02
4.261299420963254024e-05 1.117009018484257581e+02
4.403775631030562105e-05 1.152916458050632116e+02
4.551015521944909301e-05 1.189977421221978631e+02
4.703178366999723984e-05 1.228228491445304513e+02
4.860428764778435972e-05 1.267708237397033457e+02
5.022936817205134787e-05 1.308455612537227921e+02
5.190878313548323190e-05 1.350511587048740694e+02
5.364434920576834987e-05 1.393917551420902612e+02
5.543794379073590958e-05 1.438716968580043840e+02
5.729150706919781900e-05 1.484954768892678487e+02
5.920704408969155763e-05 1.532676230948154057e+02
6.118662693939432690e-05 1.581929236737699682e+02
6.323239698555469304e-05 1.632762565359269331e+02
6.534656719186627638e-05 1.685226571336868346e+02
6.753142451228926792e-05 1.739373561989968664e+02
6.978933236490913268e-05 1.795257040929954258e+02
7.212273318850868345e-05 1.852932102024696235e+02
7.453415108461877573e-05 1.912456787871114159e+02
7.702619454790587906e-05 1.973888897673234339e+02
7.960155928784993205e-05 2.037289627850460931e+02
8.226303114476471348e-05 2.102721634635334453e+02
8.501348910331518868e-05 2.170248951430969839e+02
8.785590840679157983e-05 2.239938992853115849e+02
9.079336377550881697e-05 2.311859416130038198e+02
9.382903273281309529e-05 2.386081552872990699e+02
9.696619904229312483e-05 2.462678181646803068e+02
1.002082562599141270e-04 2.541723918123693693e+02
1.035587114049174785e-04 2.623296506478735068e+02
1.070211887534562421e-04 2.707475390498088359e+02
1.105994337590709140e-04 2.794342994632280011e+02
1.142973171042456330e-04 2.883984112749118935e+02
1.181188388874281471e-04 2.976485081580988208e+02
1.220681329500424115e-04 3.071936084291796192e+02
1.261494713481742377e-04 3.170430099820280248e+02
1.303672689737678670e-04 3.272060733525113960e+02
1.347260883303314362e-04 3.376926776641063270e+02
1.392306444683180742e-04 3.485129050631819041e+02
1.438858100855209437e-04 3.596770889289546744e+02
1.486966207979997041e-04 3.711959433987182706e+02
1.536682805872396744e-04 3.830802788785929351e+02
1.588061674294368483e-04 3.953414724158429863e+02
1.641158391129971276e-04 4.079910137897892923e+02
1.696030392505434848e-04 4.210409858759480244e+02
1.752737034919339915e-04 4.345033666191550878e+02
1.811339659450114388e-04 4.483908601317802436e+02
1.871901658110307874e-04 4.627162473395983397e+02
1.934488542419408646e-04 4.774927933724698050e+02
1.999168014269393128e-04 4.927339461051246303e+02
2.066010039159656652e-04 5.084538059976264890e+02
2.135086921880547338e-04 5.246664028960568658e+02
2.206473384727377968e-04 5.413862772161136263e+02
2.280246648329511538e-04 5.586285402966767606e+02
2.356486515181963309e-04 5.764081556585319959e+02
2.435275455969876748e-04 5.947409090630869741e+02
2.516698698779247295e-04 6.136426523268251003e+02
2.600844321290405573e-04 6.331294652210797267e+02
2.687803346053976817e-04 6.532180577529654784e+02
2.777669838952388651e-04 6.739253212390132148e+02
2.870541010953427292e-04 6.952683417433997874e+02
2.966517323265922064e-04 7.172646498773010535e+02
3.065702596011295341e-04 7.399319947038645751e+02
3.168204120528543403e-04 7.632881881865446303e+02
3.274132775434116785e-04 7.873515945130989167e+02
3.383603146562264279e-04 8.121406673689352829e+02
3.496733650915567022e-04 8.376736614697294954e+02
3.613646664759745386e-04 8.639697285822563799e+02
3.734468656001317080e-04 8.910473510618595583e+02
3.859330320991275886e-04 9.189255663801621949e+02
3.988366725902805230e-04 9.476227258170739560e+02
4.121717452835938129e-04 9.771641255229072840e+02
4.259526750807212541e-04 1.007557572447957000e+03
4.401943691787655547e-04 1.038827369141178679e+03
4.549122331957894719e-04 1.070991348276446843e+03
4.701221878354804149e-04 1.104067847756789433e+03
4.858406861089974399e-04 1.138074585123614270e+03
5.020847311326308640e-04 1.173028568325169772e+03
5.188718945205230424e-04 1.208946873664772511e+03
5.362203353923492141e-04 1.245845495441889852e+03
5.541488200165187389e-04 1.283739684241264968e+03
5.726767421101455150e-04 1.322643525442383634e+03
5.918241438177454907e-04 1.362570479525606288e+03
6.116117373913557359e-04 1.403532753570479144e+03
6.320609275955268004e-04 1.445540640520168836e+03
6.531938348614238542e-04 1.488603535907953074e+03
6.750333192150836329e-04 1.532729607653886433e+03
6.976030050057104547e-04 1.577924221017144646e+03
7.209273064607610694e-04 1.624191048923374638e+03
7.450314540954613768e-04 1.671531564611903832e+03
7.699415220053250396e-04 1.719945075253269351e+03
7.956844560711916160e-04 1.769428449557199201e+03
8.222881031073025473e-04 1.819975059301654483e+03
8.497812409839368810e-04 1.871575791620159862e+03
8.781936097571961097e-04 1.924217755168250960e+03
9.075559438396131216e-04 1.977885919698489943e+03
9.379000052463793693e-04 2.032560554914018439e+03
9.692586179531593148e-04 2.088218679088485715e+03
1.001665703402655023e-03 2.144832880617025694e+03
1.035156317198330069e-03 2.202373100018535752e+03
1.069766687024985286e-03 2.260803365570885035e+03
1.105534251837205851e-03 2.320085091329087390e+03
1.142497702358069404e-03 2.380174131290034893e+03
1.180697022931930960e-03 2.441023470990824990e+03
1.220173534776542454e-03 2.502579922758926841e+03
1.260969940681316284e-03 2.564789201139092256e+03
1.303130371200056587e-03 2.627590357476123245e+03
1.346700432388157767e-03 2.690919888920017911e+03
1.391727255135877424e-03 2.754711103594192991e+03
1.438259546151070007e-03 2.818893722700184753e+03
1.486347640646530459e-03 2.883395006131944228e+03
1.536043556788919398e-03 2.948140073594283422e+03
1.587401051968200579e-03 3.013051854389085292e+03
1.640475680948428249e-03 3.078052753777793441e+03
1.695324855962815390e-03 3.143063633199336891e+03
1.752007908818060174e-03 3.208004560070458865e+03
1.810586155075142928e-03 3.272797161737741135e+03
1.871122960375984270e-03 3.337362301887857029e+03
1.933683808987751848e-03 3.401623082420562696e+03
1.998336374638913938e-03 3.465499619844609242e+03
2.065150593723721201e-03 3.528917467298134397e+03
2.134198740954243185e-03 3.591798957150983824e+03
2.205555507541849362e-03 3.654067812941832926e+03
2.279298081992675151e-03 3.715645115719470596e+03
2.355506233604463730e-03 3.776451830741613321e+03
2.434262398755145627e-03 3.836402930019623000e+03
2.515651770076436904e-03 3.895409059313019952e+03
2.599762388608985089e-03 3.953375127517108922e+03
2.686685239038679764e-03 4.010195275214748563e+03
2.776514348117217236e-03 4.065754871406629718e+03
2.869346886373309435e-03 4.119924928009154428e+03
2.965283273224645581e-03 4.172564051138236209e+03
3.064427285604211931e-03 4.223516090983164759e+03
3.166886170218578649e-03 4.272609291254179880e+03
3.272770759559481216e-03 4.319658595743272599e+03
3.382195591794276077e-03 4.364463252815021406e+03
3.495279034664920681e-03 4.406815618449573776e+03
3.612143413529477973e-03 4.446495207712782758e+03
3.732915143684721951e-03 4.483280730376744032e+03
3.857724867112893516e-03 4.516949405277296137e+03
3.986707593800617976e-03 4.547283112496848844e+03
4.120002847782761740e-03 4.574071858861378132e+03
4.257754818069308354e-03 4.597118056024906764e+03
4.400112514618404608e-03 4.616242869093187437e+03
4.547229929524409554e-03 4.631282138537954779e+03
4.699266203595197679e-03 4.642090606309231589e+03
4.856385798499019031e-03 4.648545975957214978e+03
5.018758674667020935e-03 4.650541786809229961e+03
5.186560475143959549e-03 4.647986566025597313e+03
5.359972715585955248e-03 4.640806114849859114e+03
5.539182980610755057e-03 4.628938940995632947e+03
5.724385126713026593e-03 4.612337593187202401e+03
5.915779491964028892e-03 4.590963560743868584e+03
6.113573112722652143e-03 4.564791566800110559e+03
6.317979947592099882e-03 4.533810581255836951e+03
6.529221108864616957e-03 4.498020493252086453e+03
6.747525101704480652e-03 4.457441988290497648e+03
6.973128071328140755e-03 4.412103664168065734e+03
7.206274058448705437e-03 4.362060107295511443e+03
7.447215263261310406e-03 4.307378642462384960e+03
7.696212318254701257e-03 4.248146570763700765e+03
7.953534570144332738e-03 4.184469554445547146e+03
8.219460371231864307e-03 4.116469551228142336e+03
8.494277380506187053e-03 4.044285776675961642e+03
8.778282874811823774e-03 3.968075361149815308e+03
9.071784070421121463e-03 3.888013249497495053e+03
9.375098455358292851e-03 3.804288669715961078e+03
9.688554132834568261e-03 3.717108357953933591e+03
1.001249017616620725e-02 3.626689580549123093e+03
1.034725699555901803e-02 3.533268578339711439e+03
1.069321671715643858e-02 3.437089732980613007e+03
1.105074357476093505e-02 3.338409213765000914e+03
1.142022431465263173e-02 3.237495208945339527e+03
1.180205861394306721e-02 3.134622452435258310e+03
1.219665951291643881e-02 3.030077023798711707e+03
1.260445386182631328e-02 2.924146906166604367e+03
1.302588278263077520e-02 2.817127398567051387e+03
1.346140214616583890e-02 2.709316324053951121e+03
1.391148306527291781e-02 2.601012629563145310e+03
1.437661240441416924e-02 2.492517014200778249e+03
1.485729330632660182e-02 2.384127151464369035e+03
1.535404573628500365e-02 2.276138353368826301e+03
1.586740704456205894e-02 2.168840280043523308e+03
1.639793254769450481e-02 2.062517099670998959e+03
1.694619612918364313e-02 1.957447424176439654e+03
1.751279086028037155e-02 1.853898104164843062e+03
1.809832964152614798e-02 1.752130682798715952e+03
1.870344586574363213e-02 1.652390998100666366e+03
1.932879410319460894e-02 1.554913330919439659e+03
1.997505080964588620e-02 1.459915758125719321e+03
2.064291505810955316e-02 1.367598760449923248e+03
2.133310929504865505e-02 1.278148018915424700e+03
2.204638012186681956e-02 1.191730698082672006e+03
2.278349910252664909e-02 1.108497852727080726e+03
2.354526359817107548e-02 1.028581017631746136e+03
2.433249762964985810e-02 9.520909392179854649e+02
2.514605276888498206e-02 8.791170642322075537e+02
2.598680906003840441e-02 8.097276305140072736e+02
2.685567597147924673e-02 7.439696518544828905e+02
2.775359337957988490e-02 6.818671711769525245e+02
2.868153258540498754e-02 6.234218394049220251e+02
2.964049736539381419e-02 5.686130865115917459e+02
3.063152505717161092e-02 5.174031871060215053e+02
3.165568768166540647e-02 4.697384941962102971e+02
3.271409310273729054e-02 4.255417451582092099e+02
3.380788622559029871e-02 3.847093543219254457e+02
3.493825023524253087e-02 3.471239133308595797e+02
3.610640787640997940e-02 3.126662417155715730e+02
3.731362277618164441e-02 2.811997851527576699e+02
3.856120081091872487e-02 2.525589328217143645e+02
3.985049151885547425e-02 2.265802587741931404e+02
4.118288955993056055e-02 2.031108107729091330e+02
4.255983622442782027e-02 1.819648499750604174e+02
4.398282099205792772e-02 1.629610640255662872e+02
4.545338314316834522e-02 1.459399443874241626e+02
4.697311342382341770e-02 1.307090116996031668e+02
4.854365576655684383e-02 1.171089903602979376e+02
5.016670906865677154e-02 1.049700062766982569e+02
5.184402902990837420e-02 9.413645923127603510e+01
5.357743005178047802e-02 8.445808427420715248e+01
5.536878720011212396e-02 7.579850423508089818e+01
5.722003823342062395e-02 6.802773319870108537e+01
5.913318569902666078e-02 6.103424567326599259e+01
6.111029909926251474e-02 5.471332668262003551e+01
6.315351713010779189e-02 4.897515796831287105e+01
6.526504999467336310e-02 4.374846669045789582e+01
6.744718179403717817e-02 3.896746883758072499e+01
6.970227299801623477e-02 3.458439520716512305e+01
7.203276299854979858e-02 3.056300022028933938e+01
7.444117274845411802e-02 2.687589308448017178e+01
7.693010748840443946e-02 2.350679523163539031e+01
7.950225956509210379e-02 2.044343686019728068e+01
8.216041134360790865e-02 1.767995603235564062e+01
8.490743821719984319e-02 1.521018106775281176e+01
8.774631171766281157e-02 1.302745473445044588e+01
9.068010272972255870e-02 1.112179400330479950e+01
9.371198481289348681e-02 9.479750746385747107e+00
9.684523763440215649e-02 8.082466768926462208e+00
1.000832505168899600e-01 6.906739397283817361e+00
1.034295261047340625e-01 5.926434351974461556e+00
1.068876841529496080e-01 5.113053677952883902e+00
1.104614654427753945e-01 4.437682544315155297e+00
1.141547358281756464e-01 3.872437996365175383e+00
1.179714904176376727e-01 3.391822160098914907e+00
1.219158578957853512e-01 2.973890105863872702e+00
1.259921049894874856e-01 2.601632716069958828e+00
1.302046410832891354e-01 2.263122938729180689e+00
1.345580229891604751e-01 1.951971104293743542e+00
1.390569598757198100e-01 1.666250453986047431e+00
1.437063183622670492e-01 1.407502190422984967e+00
1.485111277831346888e-01 1.178712066428134753e+00
1.534765856280515817e-01 9.822551326873787403e-01
1.586080631644066208e-01 8.187806704538180824e-01
1.639111112474894438e-01 6.863653553715762801e-01
1.693914663249987407e-01 5.809389375741587092e-01
1.750550566423093313e-01 4.969193651420485414e-01
1.809080086552135869e-01 4.283997912623139226e-01
1.869566536570689830e-01 3.700180404869437556e-01
1.932075346275276828e-01 3.179434032463690496e-01
1.996674133102498971e-01 2.702215004081057748e-01
2.063432775272630582e-01 2.266331116944002855e-01
2.132423487378718452e-01 1.880500510419512994e-01
2.203720898503036263e-01 1.554297684518013145e-01
2.277402132945338109e-01 1.290427218480570404e-01
2.353546893650253491e-01 1.082632927699046232e-01
2.432237548424092122e-01 9.178958400080093616e-02
2.513559219034258718e-01 7.816328580131287618e-02
2.597599873287743666e-01 6.624451440298306792e-02
2.684450420188219666e-01 5.552064963435312389e-02
2.774204808274743361e-01 4.602635061960643620e-02
2.866960127248350254e-01 3.800100747831909598e-02
2.962816712996577673e-01 3.152413510750966263e-02
3.061878256129444420e-01 2.638622326462049597e-02
3.164251914144354805e-01 2.219747936647590777e-02
3.270048427341168962e-01 1.861204884922264963e-02
3.379382238612947953e-01 1.547197973375915268e-02
3.492371617241852855e-01 1.278165234328857737e-02
3.609138786834163448e-01 1.057104263323726569e-02
3.729810057532814693e-01 8.791343851538995641e-03
3.854515962650386651e-01 7.331065722721147142e-03
3.983391399870480631e-01 6.092022012664790112e-03
4.116575777170102257e-01 5.035285031440322155e-03
4.254213163620995108e-01 4.156858532283319238e-03
4.396452445232932327e-01 3.441177505148326071e-03
4.543447486007690661e-01 2.852367303111056403e-03
4.695357294377799362e-01 2.358215200678314988e-03
4.852346195210218704e-01 1.944660153452609525e-03
5.014584007560848322e-01 1.604067949007079988e-03
5.182246228372336949e-01 1.324404347821823806e-03
5.355514222313770833e-01 1.092201510297742323e-03
5.534575417967635413e-01 8.991376738160165947e-04
5.719623510576314906e-01 7.402243115429825394e-04
5.910858671567322808e-01 6.093989918482040817e-04
6.108487765084068544e-01 5.011815603103681556e-04
6.312724571756275216e-01 4.118826571685522942e-04
6.523790019952193653e-01 3.384270513887826376e-04
6.741912424762606104e-01 2.778893280414529107e-04
6.967327734975364839e-01 2.280660031018825963e-04
7.200279788307419881e-01 1.870840595486981527e-04
7.441020575170596008e-01 1.533914419416171815e-04
7.689810511256225389e-01 1.257059992700459582e-04
7.946918719233755368e-01 1.029684697686540786e-04
8.212623319867858873e-01 8.430425606181507351e-05
8.487211732869031078e-01 6.899147346433592430e-05
8.770980987803161932e-01 5.643471473306221989e-05
9.064238045396205701e-01 4.614320821106775335e-05
9.367300129581793700e-01 3.771251194828643087e-05
9.680495070650749767e-01 3.080945104831920081e-05
1.000416165987385808e+00 2.515970301017057250e-05
1.033865001598128330e+00 2.053771019793193057e-05
1.068432196389532240e+00 1.675815601144541535e-05
1.104155142612600837e+00 1.366887929542727018e-05
1.141072482725305592e+00 1.114492478882060249e-05
1.179224151193147607e+00 9.083710944106421060e-06
1.218651417687333982e+00 7.401058107123339785e-06
1.259396931727273516e+00 6.027965280773805231e-06
1.301504768815691548e+00 4.907910408373295583e-06
1.345020478116276896e+00 3.994619679059485184e-06
1.389991131725407447e+00 3.250210026995868045e-06
1.436465375591293947e+00 2.643677373013508659e-06
1.484493482135585296e+00 2.149656221452521261e-06
1.534127404634392455e+00 1.747411895797482202e-06
1.585420833417506836e+00 1.420004164845509162e-06
1.638429253946665609e+00 1.153599155814777150e-06
1.693210006835640158e+00 9.369022802128648761e-07
1.749822349877109051e+00 7.606952185252840875e-07
1.808327522143368116e+00 6.174568310504537463e-07
1.868788810230267217e+00 5.010538482341085105e-07
1.931271616715998229e+00 4.064869018668444825e-07
1.995843530908793184e+00 3.296825905265455874e-07
2.062574401960084458e+00 2.673227276644790631e-07
2.131536414422164238e+00 2.167050727936803838e-07
2.202804166332139602e+00 1.756294670367064810e-07
2.276454749906602792e+00 1.423056643543162667e-07
2.352567834934338631e+00 1.152776057908642253e-07
2.431225754957225149e+00 9.336145352856141032e-08
2.512513596332623944e+00 7.559486359636798805e-08
2.596519290273538783e+00 6.119574180578824061e-08
2.683333707966161441e+00 4.952872087997596746e-08
2.773050758867611432e+00 4.007772145179258773e-08
2.865767492290306695e+00 3.242363903349573304e-08
2.961584202382770314e+00 2.622614915633531654e-08
3.060604536620467719e+00 2.120907563605031695e-08
3.162935607924048931e+00 1.714841146009748843e-08
3.268688110526199786e+00 1.386252824718491326e-08
3.377976439712552459e+00 1.120416197717214374e-08
3.490918815566087297e+00 9.053921185702839137e-09
3.607637410848952619e+00 7.315037989742448571e-09
3.728258483159945236e+00 5.909098696808627383e-09
3.852912511510727001e+00 4.772576060419741532e-09
3.981734337468417539e+00 3.854009577543672491e-09
4.114863311017320058e+00 3.111729423252303633e-09
4.252443441297450555e+00 2.512006590690649285e-09
4.394623552383071896e+00 2.027546711627143797e-09
4.541557444269631816e+00 1.636265136589054816e-09
4.693404059243289517e+00 1.320294335467526798e-09
4.850327653813030437e+00 1.065180858469886412e-09
5.012497976391239618e+00 8.592358986938297607e-10
5.180090450915090017e+00 6.930090388470822099e-10
5.353286366607249214e+00 5.588613004381705699e-10
5.532273074081278885e+00 4.506188049536508913e-10
5.717244188003695271e+00 3.632922990463528321e-10
5.908399796532135539e+00 2.928501710245876890e-10
6.105946677756002750e+00 2.360354705951348687e-10
6.310098523373801171e+00 1.902180171780747985e-10
6.521076169849157722e+00 1.532744444501416962e-10
6.739107837295406966e+00 1.234906151909499700e-10
6.964429376347387013e+00 9.948249776488868007e-11
7.197284523287298619e+00 8.013255365302536580e-11
7.437925163700752407e+00 6.453868318443378569e-11
7.686611604948010879e+00 5.197316569436444222e-11
7.943612857745410594e+00 4.184914695966052919e-11
8.209206927161357470e+00 3.369339064253100462e-11
8.483681113341843272e+00 2.712413686532769005e-11
8.767332322290526392e+00 2.183340781447047459e-11
9.060467387039910392e+00 1.757279797609639968e-11
9.363403399560734641e+00 1.414208135316029385e-11
9.676468053768756405e+00 1.137991886789351324e-11
1.000000000000001243e+01 9.156319548073083215e-12
