0.0088996412 1.3267149 1.4712422 1.8846677 2.5269034
0.015079122 1.3308178 1.4902168 1.8623301 2.4906128
0.021447902 1.3412754 1.501603 1.8774487 2.5058049
0.027836608 1.3281101 1.485594 1.8695513 2.5204854
0.034350998 1.3354958 1.4894046 1.864604 2.5094022
0.040478868 1.3303905 1.4860327 1.8654586 2.5201002
0.046767167 1.3363967 1.4934173 1.8773796 2.5262127
0.053082251 1.3346728 1.4907406 1.8691871 2.5192075
0.059453624 1.3407375 1.4995047 1.87142 2.5118635
0.065762248 1.335231 1.4926836 1.8728938 2.519351
0.071966329 1.3387425 1.494185 1.8714047 2.5280811
0.078278609 1.3378176 1.4950437 1.8763259 2.5305048
0.084703989 1.3400989 1.4977647 1.8747524 2.5311761
0.090968546 1.3404885 1.4998606 1.8805644 2.5370641
0.097207898 1.3379592 1.4955298 1.8748226 2.5394449
0.1034763 1.3412688 1.5010631 1.8808797 2.5298281
0.10975764 1.3389642 1.4938666 1.8743714 2.5462448
0.11605431 1.3382615 1.4965746 1.8771166 2.5357279
0.12236697 1.3425693 1.5007758 1.8816532 2.5474243
0.12868173 1.3442447 1.5039439 1.8854652 2.5499922
0.13495008 1.3398193 1.4961593 1.8810536 2.5535107
0.14119496 1.3411239 1.4997551 1.8835041 2.5418623
0.14751336 1.3397056 1.5021223 1.8830999 2.5556474
0.15378651 1.3417505 1.5016703 1.8855472 2.549009
0.16006575 1.3378134 1.4970051 1.8801143 2.5564436
0.16639912 1.338827 1.4983761 1.8857462 2.5511351
0.17271956 1.3366594 1.4972521 1.884816 2.558029
0.17897652 1.3364815 1.4951382 1.8822034 2.5586897
0.18523537 1.3374659 1.4978608 1.8833889 2.5567577
0.19148068 1.3386445 1.4967164 1.8820091 2.5543549
0.19778899 1.3369333 1.4973822 1.8833708 2.5659819
0.20409377 1.3359259 1.4957913 1.8829559 2.557648
0.21039393 1.3340072 1.495368 1.8793744 2.5492865
0.21669097 1.3345592 1.495525 1.8874878 2.5564284
0.22297003 1.3273774 1.4895249 1.882464 2.5473481
0.229262 1.3285396 1.4898486 1.8755567 2.5558887
0.23551415 1.3269321 1.488899 1.8821445 2.5398713
0.24179106 1.326969 1.4889081 1.8804766 2.5458517
0.24808565 1.3262794 1.4862754 1.8730124 2.5376492
0.25434923 1.326149 1.4892856 1.8783766 2.5437477
0.26063343 1.3251004 1.4867898 1.878259 2.5559689
0.26692574 1.3221299 1.485418 1.8711817 2.5467398
0.27324233 1.321718 1.4843791 1.8720081 2.5419036
0.27955297 1.3217399 1.4831802 1.8654518 2.5276033
0.28583663 1.3175721 1.47914 1.8634522 2.5273082
0.29208763 1.3177983 1.4794343 1.8636743 2.5269352
0.29834498 1.3158151 1.4781379 1.8622866 2.5199572
0.30463826 1.3117752 1.4740988 1.8612097 2.5187199
0.31092791 1.3130797 1.4734139 1.8549451 2.5050088
0.31721682 1.3108006 1.4737305 1.8613077 2.5167577
0.32351876 1.3080249 1.4703844 1.8535907 2.5043576
0.32981682 1.3067423 1.4694536 1.8510483 2.493757
0.33611764 1.3057984 1.467043 1.8498793 2.4832098
0.34237004 1.301548 1.4632961 1.8409163 2.4849765
0.34864782 1.3009473 1.4618217 1.8411059 2.4721805
0.35494116 1.3001753 1.4632087 1.8403968 2.4632352
0.36119169 1.2979049 1.4581497 1.8375447 2.4618507
0.36747671 1.2953848 1.4575941 1.8325797 2.4472491
0.37376478 1.2931133 1.4547333 1.8301632 2.4540588
0.3800654 1.2933843 1.4523022 1.8270562 2.4389796
0.38635399 1.2915076 1.4497055 1.8237931 2.4323795
0.39261402 1.2877052 1.4463158 1.8191887 2.4420391
0.39892645 1.2868143 1.445835 1.8178639 2.4235588
0.40520732 1.2846913 1.442221 1.8114107 2.4135943
0.41149165 1.2832636 1.4407472 1.8070235 2.3999716
0.41778143 1.2806381 1.4374563 1.8022201 2.3935358
0.42404006 1.2775824 1.4354204 1.8005055 2.3850396
0.43034257 1.2758102 1.433502 1.7961929 2.3752824
0.43663586 1.275286 1.4311292 1.788783 2.3540924
0.44289962 1.2720483 1.4285869 1.7888428 2.3514149
0.44916344 1.2683444 1.4242763 1.7822743 2.3336712
0.45544141 1.2688518 1.4229209 1.7800989 2.3387403
0.46176345 1.26707 1.422374 1.7772222 2.3386172
0.46806442 1.2637267 1.4189543 1.772556 2.3112219
0.47434852 1.2626788 1.4170519 1.7707057 2.2995187
0.48063561 1.2593982 1.4120414 1.7625103 2.3001552
0.48690193 1.2578254 1.4099162 1.7551159 2.2921395
0.49316971 1.254982 1.4082576 1.752006 2.2787595
0.49945067 1.2544164 1.4046775 1.7483024 2.2729722
0.50571591 1.2530854 1.4060633 1.7433136 2.2563189
0.5119924 1.2485473 1.4004404 1.7419375 2.2531905
0.51831261 1.2493398 1.4009379 1.7350025 2.2274431
0.52460896 1.2457022 1.394588 1.7303657 2.2238881
0.53087573 1.2413528 1.3913147 1.7247567 2.2096263
0.53715735 1.2427519 1.3913456 1.7229714 2.2077096
0.54345796 1.2373854 1.3852545 1.7175546 2.2010908
0.54974307 1.2355612 1.3839165 1.7143829 2.1694883
0.55599374 1.2336117 1.3783948 1.7006534 2.1669721
0.56228547 1.2296344 1.3756879 1.696074 2.1446269
0.56860115 1.228948 1.3747951 1.6964331 2.145971
0.57488046 1.2255527 1.3701471 1.6870643 2.1321163
0.58115502 1.2249699 1.367204 1.6862892 2.1176075
0.58743945 1.2215475 1.3649905 1.6744913 2.1014814
0.59371762 1.2193125 1.3614288 1.6721959 2.1025226
0.5999972 1.2178212 1.3615682 1.6750305 2.0759865
0.60626791 1.2155465 1.3577784 1.6663997 2.0767254
0.61254696 1.2126471 1.3540947 1.6575034 2.049291
0.61884777 1.2117233 1.3513139 1.6574974 2.040747
0.62513106 1.2082888 1.3489153 1.6534734 2.0254148
0.63140275 1.2068414 1.3439998 1.6359719 2.0095905
0.63770036 1.2050676 1.343564 1.6386415 2.0064724
0.64398578 1.2012964 1.3361368 1.6246446 1.9902555
0.65026854 1.200121 1.335503 1.6260261 1.9728131
0.65655861 1.1964403 1.3329667 1.6180713 1.9547093
0.66283693 1.1915018 1.3265237 1.6057075 1.9340353
0.66911854 1.1896607 1.3249287 1.6112891 1.9478027
0.67540702 1.1900968 1.3237099 1.6031071 1.9283705
0.68168355 1.1886799 1.3211276 1.5971004 1.8789358
0.68795925 1.1858128 1.3167806 1.5957988 1.8876285
0.69423443 1.1813694 1.3129462 1.5824249 1.870485
0.70051754 1.1808251 1.3099623 1.5827721 1.8696476
0.7068125 1.1786654 1.3084233 1.5739226 1.8288598
0.7131019 1.1758502 1.3053379 1.5663374 1.8216156
0.71939183 1.1742962 1.3003077 1.5556878 1.8203664
0.72568338 1.1697487 1.2964972 1.5496934 1.7931917
0.73196527 1.1677118 1.2943702 1.5497507 1.7969032
0.7382508 1.1660996 1.2922205 1.542309 1.7654734
0.74452658 1.1616876 1.2845225 1.5342019 1.7426826
0.75078711 1.1595839 1.2842617 1.5279457 1.7475478
0.75707585 1.1580668 1.2801135 1.5253918 1.7192591
0.76336412 1.1549134 1.276844 1.5205068 1.7044388
0.7696463 1.1521061 1.2728174 1.5080971 1.703207
0.77593949 1.1518222 1.2730437 1.5067031 1.6857389
0.78223291 1.1483201 1.2667059 1.4982726 1.6665993
0.78853149 1.1442527 1.2619619 1.4891715 1.6486862
0.79478966 1.1411915 1.2593598 1.4899268 1.631147
0.80104911 1.1420578 1.2576384 1.4761026 1.6091837
0.80733641 1.1385413 1.2532701 1.4654874 1.5989151
0.81362295 1.1364022 1.250858 1.471494 1.5725876
0.8199153 1.1343995 1.2511581 1.4549019 1.5612568
0.82619526 1.133621 1.2454794 1.4546716 1.5312934
0.83248971 1.1282603 1.2387418 1.4417724 1.5494384
0.83879593 1.1263224 1.2398315 1.4430279 1.5294147
0.84506346 1.1240014 1.2326832 1.4332899 1.4865781
0.85132829 1.1215272 1.2309287 1.4307788 1.5046892
0.85761983 1.1208345 1.2284654 1.4216601 1.4664644
0.86390585 1.1175378 1.225734 1.4161501 1.4471832
0.87018387 1.1137264 1.2212428 1.4069598 1.4345952
0.87646411 1.1140591 1.2184209 1.4022447 1.4170383
0.88275039 1.1109923 1.2137736 1.3986893 1.4177319
0.88903328 1.1072419 1.2116975 1.3868661 1.3886202
0.89530842 1.1055245 1.208195 1.3817135 1.3732885
0.90159565 1.1051172 1.2047963 1.3775152 1.3528047
0.90788333 1.1015516 1.2018552 1.3631719 1.3065539
0.91417441 1.1008025 1.2013401 1.3618012 1.3169193
0.92046308 1.0954157 1.1966362 1.3570347 1.2906588
0.92674344 1.0931817 1.1927265 1.3486694 1.2498741
0.93303242 1.090827 1.1891185 1.3384552 1.2655599
0.93932658 1.0886079 1.1828915 1.3397638 1.2384131
0.94559748 1.085879 1.1788872 1.3264412 1.2254772
0.951866 1.085374 1.1787315 1.321436 1.2063357
0.95814133 1.0832529 1.1748245 1.3187193 1.1847534
0.96443509 1.0786376 1.169566 1.3052611 1.1662697
0.97073556 1.0780133 1.1692331 1.3025889 1.139053
0.97700808 1.0753182 1.1654748 1.2977304 1.1049086
0.98328233 1.071925 1.1605996 1.2917071 1.1461779
0.98955697 1.0697549 1.1595006 1.2779654 1.0786807
0.99584563 1.067378 1.1529075 1.2732705 1.0522057
1.0021362 1.0643128 1.1494946 1.262337 1.0546368
1.0084048 1.0637753 1.1497731 1.2559408 1.0116071
1.0146941 1.0628757 1.1462506 1.260169 0.97428367
1.0209926 1.057329 1.1396582 1.2490793 0.97524218
1.027274 1.0583301 1.1402773 1.2403668 0.95878273
1.0335592 1.052917 1.135519 1.2402926 0.93620277
1.0398476 1.0516975 1.1307642 1.2237263 0.92210204
1.046127 1.050111 1.1270641 1.2200096 0.90259829
1.0524034 1.0451197 1.1244224 1.2144096 0.88813752
1.0586807 1.0443066 1.1199235 1.2013554 0.8385455
1.0649643 1.0426363 1.115956 1.1964364 0.82223188
1.0712568 1.0405896 1.1156887 1.1898539 0.81679452
1.077544 1.0394127 1.1122563 1.1863745 0.8290316
1.0838248 1.0360383 1.1080666 1.1845678 0.75982683
1.090108 1.0325451 1.102791 1.1740778 0.69587195
1.0963897 1.0309449 1.099818 1.1560595 0.69408514
1.1026811 1.0294213 1.0969579 1.1510089 0.66926851
1.108963 1.0265761 1.0943716 1.1494741 0.57815411
1.1152254 1.0248199 1.0916409 1.1436937 0.53064279
1.1215021 1.0215402 1.0884822 1.1368523 0.58228927
1.1277926 1.0192904 1.0848214 1.1247945 0.49264907
1.1340896 1.0159846 1.0808044 1.1195721 0.47947767
1.140364 1.0164355 1.0800487 1.1207542 0.52021646
1.1466392 1.0115888 1.0740559 1.1063203 0.44742035
1.1529424 1.0099018 1.0704678 1.1010312 0.39399434
1.1592289 1.0074055 1.0681733 1.0931035 0.21972082
1.1655087 1.0061828 1.0624505 1.092103 0.25208509
1.1717931 1.0025583 1.0594838 1.0807672 0.23490357
1.1780874 1.0008222 1.0583391 1.0728029 0.1887212
1.1843677 0.99913919 1.0555762 1.0598548 0.089250919
1.1906346 0.99604149 1.050601 1.0548671 0.1165102
1.1969122 0.9932049 1.0456838 1.0454132 0.14072346
1.2032016 0.99138794 1.0459184 1.043921 0.047080695
1.2094868 0.98986595 1.0412451 1.0389112 0
1.2157639 0.98794092 1.0361937 1.0268479 0.043258989
1.2220498 0.98622693 1.0358551 1.0244625 0
1.2283406 0.98252084 1.0304628 1.0193389 0.015844908
1.234633 0.98047073 1.0270234 1.0049697 0
1.2409022 0.97949163 1.0266473 1.0058297 0
1.2471748 0.97728329 1.0228341 0.98728988 0
1.2534655 0.97438169 1.017752 0.99208466 0
1.25975 0.97166419 1.0152001 0.97247357 0
1.2660321 0.96888872 1.0116128 0.96348919 0
1.2723163 0.9662967 1.0053522 0.95773133 0
1.2786042 0.96553181 1.0062558 0.95609768 0
1.2848866 0.96142114 0.99922473 0.9474309 0
1.2911754 0.9600215 0.9986412 0.93963101 0
1.2974657 0.95919966 0.99495956 0.93867072 0
1.3037418 0.95574118 0.99139151 0.92671317 0
1.3100173 0.95447421 0.98629702 0.9201884 0
1.3163014 0.95341292 0.98591217 0.91714732 0
1.3225868 0.94831696 0.97642459 0.89579572 0
1.3288655 0.94792977 0.9783942 0.89313967 0
1.3351448 0.94591749 0.97455808 0.88476682 0
1.3414405 0.94362993 0.97194476 0.87490449 0
1.3477309 0.94109693 0.9670343 0.87520963 0
1.3540016 0.9393776 0.96287789 0.86534073 0
1.3602826 0.93826714 0.96170734 0.86398373 0
1.3665657 0.9358721 0.95984974 0.85203124 0
1.3728515 0.93446059 0.95642477 0.84510598 0
1.3791354 0.93190432 0.9531818 0.82598541 0
1.3854096 0.92912292 0.95078916 0.82802672 0
1.3916986 0.9254639 0.94686022 0.82508336 0
1.3979845 0.92475832 0.94173333 0.8022117 0
1.4042679 0.92192603 0.93992464 0.80345439 0
1.4105548 0.91846271 0.9340392 0.79897133 0
1.4168378 0.91704312 0.93017804 0.78782933 0
1.4231182 0.91637885 0.92898653 0.79204436 0
1.4293978 0.91344601 0.92650459 0.77228408 0
1.4356869 0.90932972 0.9226938 0.75948553 0
1.4419771 0.91110822 0.92025484 0.76569975 0
1.4482537 0.90913966 0.9174198 0.74884671 0
1.4545323 0.90316106 0.91089083 0.74189899 0
1.4608193 0.9016089 0.90784084 0.73534584 0
1.4671104 0.89996371 0.90485376 0.72416155 0
1.4733929 0.89726789 0.90069255 0.70489537 0
1.47967 0.89847407 0.90170051 0.71280715 0
1.4859561 0.89475989 0.89660739 0.70237383 0
1.4922336 0.89221517 0.89206267 0.69075602 0
1.4985025 0.8910949 0.8889938 0.69296011 0
1.5047858 0.88721932 0.88769187 0.68501657 0
1.511076 0.88688152 0.88436687 0.6774829 0
1.5173616 0.8858163 0.88463715 0.66432413 0
1.5236486 0.88313973 0.87703397 0.65524711 0
1.529938 0.88071825 0.87602717 0.64584389 0
1.5362302 0.87678639 0.86888116 0.63681683 0
1.5425107 0.87697932 0.86893329 0.6281465 0
1.548784 0.87369192 0.86484998 0.63702874 0
1.5550731 0.87336019 0.86115243 0.5988445 0
1.5613573 0.8704622 0.85689029 0.59733506 0
1.5676291 0.87008835 0.85844487 0.60731361 0
1.5739137 0.86529174 0.85250576 0.5830257 0
1.5802035 0.86198615 0.84659695 0.57796242 0
1.5864854 0.86272272 0.84674088 0.55453075 0
1.59276 0.86046324 0.84211626 0.55581859 0
1.5990464 0.85903512 0.83902682 0.55929979 0
1.6053421 0.85627554 0.83915295 0.54572712 0
1.6116199 0.85480605 0.83476278 0.54358033 0
1.6178976 0.85110576 0.82956317 0.53021584 0
1.6241832 0.85045796 0.82813145 0.52422033 0
1.6304646 0.84825449 0.82754212 0.51117269 0
1.636749 0.84676875 0.82286623 0.51115534 0
1.6430309 0.84473799 0.82022001 0.49727327 0
1.6493092 0.84240491 0.81502535 0.4760225 0
1.6555936 0.84058015 0.81270115 0.48077837 0
1.6618796 0.83905477 0.80845835 0.44902233 0
1.6681694 0.83690981 0.80543465 0.45550388 0
1.6744502 0.8360791 0.80498281 0.43855126 0
1.6807227 0.83100386 0.80005171 0.44256145 0
1.6870139 0.83073011 0.79962751 0.43535788 0
1.693309 0.82904147 0.79468839 0.42017951 0
1.6995821 0.82815542 0.79097096 0.39965124 0
1.7058637 0.82571898 0.78709569 0.39290318 0
1.7121544 0.82267898 0.78336592 0.39213668 0
1.7184384 0.82010636 0.78296828 0.39535082 0
1.7247213 0.81971836 0.77908611 0.366417 0
1.7309974 0.81742513 0.77530352 0.34844283 0
1.7372871 0.81635555 0.77336833 0.34721366 0
1.743568 0.81438667 0.7679072 0.32398375 0
1.7498407 0.81318722 0.76688851 0.30898274 0
1.7561285 0.8103882 0.7643371 0.34404799 0
1.7624135 0.80734036 0.75822763 0.30309563 0
1.7686962 0.80516642 0.75772836 0.30549086 0
1.7749794 0.80396802 0.75836125 0.27267814 0
1.7812656 0.80279335 0.75086611 0.29740102 0
1.7875494 0.80132246 0.75299369 0.23239539 0
1.7938341 0.79997169 0.74845953 0.21198211 0
1.8001151 0.79653322 0.7425538 0.20450539 0
1.8063939 0.79609899 0.73946411 0.22102934 0
1.8126741 0.794115 0.73866855 0.17845548 0
1.8189569 0.79197144 0.73620429 0.17630671 0
1.8252442 0.78798581 0.73056519 0.19170725 0
1.8315273 0.78711424 0.72906908 0.21516592 0
1.8378113 0.78632386 0.72758765 0.13103204 0
1.8441007 0.7836826 0.72415353 0.090332285 0
1.8503848 0.78199472 0.71867292 0.12682059 0
1.8566661 0.78189061 0.7176235 0.11335654 0
1.8629477 0.78044433 0.71888737 0.11818698 0
1.8692293 0.7756334 0.70970792 0.082619833 0
1.8755176 0.77537344 0.71055929 0.031132771 0
1.8818008 0.77550724 0.71162178 0.048387583 0
1.8880789 0.77154564 0.70375291 0.005537972 0
1.894354 0.77015674 0.70107944 0.010817586 0
1.9006427 0.76908942 0.70122943 0.026573552 0
1.9069335 0.76578338 0.69295766 0.011793452 0
1.9132076 0.76467497 0.69020025 0.01843644 0
1.9194909 0.76425271 0.69393185 0.0070926828 0
1.9257769 0.76411012 0.69200004 0 0
1.9320645 0.76030618 0.68828798 0 0
1.9383426 0.75917448 0.68488371 0 0
1.9446183 0.75597932 0.67848537 0 0
1.9509063 0.75735543 0.68023168 0 0
1.9571946 0.75468037 0.67705217 0 0
1.9634796 0.75321439 0.67391705 0 0
1.9697604 0.75095895 0.67122566 0 0
1.9760484 0.7465294 0.6646368 0 0
1.982338 0.74568967 0.66644167 0 0
1.9886175 0.74548993 0.66354218 0 0
1.9948963 0.74464211 0.6629764 0 0
2.0011796 0.74076295 0.65620153 0 0
2.0074598 0.74262321 0.65913882 0 0
2.0137374 0.73858108 0.65312537 0 0
2.0200172 0.73714091 0.65451609 0 0
2.0263103 0.73577088 0.65083353 0 0
2.0326005 0.73446129 0.64861674 0 0
2.0388739 0.73411801 0.64600827 0 0
2.0451541 0.73167096 0.6427842 0 0
2.0514447 0.72972922 0.64350637 0 0
2.0577304 0.72933011 0.6398537 0 0
2.0640139 0.72734866 0.63687734 0 0
2.0702999 0.72423574 0.6348212 0 0
2.0765897 0.72520338 0.63270408 0 0
2.0828655 0.72226091 0.62729517 0 0
2.0891345 0.72035926 0.62669222 0 0
2.0954242 0.72100529 0.62660685 0 0
2.1017071 0.71739296 0.62544426 0 0
2.1079865 0.7176561 0.62312282 0 0
2.1142718 0.71744132 0.61863504 0 0
2.1205527 0.71478346 0.61884626 0 0
2.1268369 0.71346404 0.61641904 0 0
2.133122 0.71265338 0.61083435 0 0.027950866
2.1394117 0.71163634 0.61168442 0 0
2.1456971 0.71085235 0.61350175 0 0.021157078
2.1519735 0.70910534 0.61418244 0 0
2.1582599 0.70546269 0.60595198 0 0.068932017
2.1645454 0.70540116 0.60489923 0 0.053847753
2.1708307 0.70449143 0.60568456 0 0.055382361
2.1771141 0.70268911 0.60335607 0 0.046639268
2.1833876 0.70127289 0.60078936 0 0.14437214
2.1896703 0.70104624 0.60054242 0 0.15069644
2.1959601 0.69865629 0.5961311 0 0.18603131
2.2022426 0.69813898 0.59874109 0 0.26403762
2.2085217 0.69709703 0.59364725 0 0.28266684
2.2148046 0.6960615 0.59368979 0 0.4018205
2.2210926 0.69356114 0.5929338 0 0.45860714
2.2273729 0.69573542 0.59302648 0 0.47475072
2.2336572 0.69317181 0.59177547 0 0.56094753
2.2399435 0.69055887 0.58779145 0 0.45895128
2.2462242 0.69034246 0.58932761 0 0.55096779
2.2525064 0.68963124 0.58479372 0 0.59618399
2.2587834 0.68873458 0.5866107 0 0.67194406
2.2650691 0.68939262 0.58428674 0 0.7496479
2.2713504 0.68479212 0.57937715 0 0.72468315
2.277634 0.68758228 0.58438625 0 0.79961106
2.2839224 0.68613114 0.58271713 0 0.77284925
2.2902029 0.68344431 0.57686775 0 0.79217042
2.2964908 0.68309272 0.57757865 0.017878264 0.88190145
2.3027718 0.6832385 0.57910298 0.0058365282 0.88855138
2.3090514 0.68227755 0.57983744 0.0096827137 0.8899022
2.3153385 0.67915966 0.57739908 0.014331649 0.93469014
2.3216273 0.67925856 0.57828413 0.044091316 0.97819425
2.3279119 0.67781757 0.57566015 0.028446311 0.96458696
2.3341862 0.6764745 0.57411515 0.094568336 1.0517553
2.340468 0.67759078 0.57416572 0.086829668 1.0431017
2.3467569 0.67613891 0.57516816 0.14915576 1.052024
2.3530444 0.67556038 0.57510674 0.12266645 1.1095201
2.3593277 0.67473596 0.57387822 0.12755016 1.1053385
2.365603 0.6741078 0.57846566 0.18152823 1.1701124
2.3718859 0.67539648 0.57310089 0.20376771 1.1242072
2.3781733 0.67546111 0.57657064 0.24186573 1.2108036
2.384454 0.6737428 0.57403318 0.244497 1.207821
2.3907364 0.67250181 0.57827064 0.29558866 1.231718
2.3970141 0.67124848 0.57315706 0.27725505 1.2827802
2.4032955 0.67074176 0.57403673 0.27168376 1.307825
2.409585 0.67094881 0.57186012 0.29209829 1.329912
2.4158717 0.66909778 0.57139791 0.31478258 1.3231832
2.4221607 0.67034376 0.57720176 0.32439035 1.3543564
2.4284402 0.6696053 0.57640146 0.33915964 1.3839757
2.4347175 0.67083301 0.57642455 0.33883098 1.3854757
2.4410025 0.66777328 0.57883333 0.37075498 1.4131774
2.44729 0.66763096 0.57834641 0.36715604 1.4577098
2.4535718 0.66757156 0.57622528 0.40310193 1.4749917
2.4598527 0.66617769 0.57805291 0.43694239 1.5111311
2.4661392 0.66608186 0.57320491 0.43276377 1.5121914
2.472422 0.66725219 0.57820631 0.43488971 1.544157
2.4786985 0.66510638 0.57928029 0.44790739 1.5564807
2.4849808 0.66653062 0.5798525 0.4579034 1.5876358
2.4912693 0.66602248 0.58417277 0.4711939 1.6317994
2.4975485 0.66772444 0.58455761 0.49501383 1.6404024
2.5038317 0.66519471 0.58548595 0.51402878 1.6617217
2.5101179 0.66620301 0.58440905 0.52983559 1.7139042
2.5164007 0.66519622 0.58650117 0.52372013 1.7294098
2.5226882 0.66688045 0.59148463 0.55780031 1.7340176
2.5289717 0.66801697 0.59305092 0.55141006 1.7566644
2.535252 0.66619164 0.5918628 0.56344507 1.789437
2.5415375 0.66604354 0.59214908 0.59454266 1.807525
2.547823 0.66532204 0.59512185 0.60236059 1.8412065
2.5541007 0.66713497 0.60002342 0.61956361 1.8639617
2.5603768 0.66557715 0.59722764 0.62247088 1.890472
2.5666675 0.66696361 0.59944767 0.62211073 1.9142297
2.5729551 0.66655205 0.60210248 0.64305528 1.9286948
2.5792338 0.6659144 0.60158559 0.66844631 1.9704263
2.5855202 0.66729387 0.61106314 0.6743931 1.9798966
2.5918051 0.6681797 0.60984467 0.68361661 1.9764677
2.5980841 0.66800242 0.61238799 0.69519893 2.0214387
2.6043604 0.67153313 0.61183365 0.7089401 2.0414827
2.6106472 0.6706172 0.61999477 0.72158539 2.0705461
2.6169319 0.67049504 0.61970814 0.74083917 2.1005639
2.6232061 0.67344151 0.62457427 0.74878364 2.1290105
2.6294916 0.67256656 0.62765453 0.76496673 2.1510742
2.6357785 0.67070725 0.62812684 0.77749514 2.1865406
2.642061 0.67342954 0.62985045 0.7737591 2.1764408
2.6483438 0.67314217 0.63366145 0.79619961 2.212888
2.6546318 0.67403852 0.63326046 0.79624498 2.2240517
2.660919 0.67481031 0.64100178 0.82455293 2.2602744
2.6671985 0.67689527 0.64136697 0.8380307 2.2807754
2.6734843 0.67699978 0.64544109 0.84223706 2.3065173
2.6797734 0.67894184 0.647658 0.85350006 2.3318381
2.6860582 0.67826142 0.65116692 0.8744697 2.3657988
2.6923387 0.67907686 0.65251744 0.88446381 2.3727643
2.698618 0.68040269 0.65822864 0.90391628 2.4107101
2.7048955 0.68233138 0.65915152 0.90724286 2.4175388
2.7111757 0.68308309 0.66296464 0.91929111 2.4733544
2.7174598 0.68350315 0.66550785 0.93987415 2.4810168
2.7237457 0.68428027 0.67059949 0.95281875 2.5133179
2.7300384 0.68834689 0.6785337 0.96490153 2.5580538
2.736318 0.6868233 0.68150416 0.97407132 2.5648503
2.7425919 0.69097852 0.68469218 0.99572645 2.5641991
2.7488797 0.69204698 0.69283828 1.0013917 2.6188035
2.7551634 0.69457368 0.69965135 1.0252258 2.6428275
2.761447 0.69276291 0.69792473 1.0368081 2.672512
2.7677321 0.69582278 0.70163174 1.0416807 2.6825353
2.7740155 0.69592859 0.70606923 1.0603448 2.7181311
2.7802986 0.70064266 0.71228596 1.0772066 2.7469851
2.7865775 0.7009605 0.71660493 1.0859645 2.7673885
2.792858 0.70107759 0.71941141 1.099801 2.7894422
2.7991438 0.70280287 0.72147013 1.104014 2.8146773
2.8054301 0.70559255 0.72718987 1.1273526 2.8476797
2.8117151 0.70607687 0.73322132 1.1444835 2.8851644
2.8179893 0.70959341 0.73678024 1.1596621 2.9149999
2.8242692 0.71129228 0.74247337 1.1686528 2.9166582
2.830563 0.71373188 0.74813252 1.1770967 2.9423305
2.8368488 0.71678448 0.75582406 1.2003339 2.9780257
2.84313 0.71748188 0.76047224 1.2106329 3.0059415
2.8494139 0.71988633 0.76616281 1.2286424 3.041169
2.8556975 0.7224264 0.76827496 1.2359045 3.0628549
2.8619788 0.72229142 0.77426396 1.2486849 3.0941662
2.8682625 0.72505448 0.78040153 1.2632596 3.120525
2.8745474 0.72991836 0.78888238 1.2767276 3.1325849
2.8808311 0.73129871 0.79181536 1.3045454 3.1682951
2.8871132 0.73269597 0.79500635 1.3086742 3.191617
2.8933945 0.73549346 0.8013213 1.3223801 3.2220451
2.8996737 0.73921882 0.80780744 1.3405349 3.2440803
2.905954 0.74017203 0.81287553 1.352716 3.2720727
2.9122411 0.74314181 0.81718177 1.3680235 3.314403
2.918526 0.74848918 0.82751819 1.3853465 3.3332393
2.924809 0.75089096 0.83203964 1.4010919 3.3667799
2.9310959 0.75218731 0.83776787 1.4131084 3.3873491
2.9373782 0.75630682 0.84554596 1.4245489 3.4270466
2.94366 0.7575355 0.851669 1.4427856 3.4515304
2.9499465 0.76169367 0.85846343 1.4580252 3.4852133
2.9562277 0.76359402 0.85994905 1.4685114 3.5068863
2.9625105 0.76634369 0.86820685 1.483438 3.538828
2.9687965 0.77031849 0.87389704 1.5036457 3.5659817
2.9750777 0.77329768 0.88270107 1.5080106 3.5988484
2.9813599 0.77766879 0.88881169 1.5261226 3.6076493
2.9876468 0.7803787 0.8964513 1.5476892 3.6560467
2.993929 0.78443487 0.90469271 1.5631644 3.6840619
3.0002062 0.7874196 0.91119844 1.5724418 3.7229203
3.0064862 0.78954623 0.9143328 1.5941559 3.7385483
3.0127698 0.79390086 0.922693 1.6027906 3.7665319
3.0190531 0.79774779 0.92938452 1.6213285 3.8095314
3.0253374 0.80084504 0.93865227 1.6408435 3.8365497
3.0316237 0.80323795 0.94282685 1.6494846 3.8650009
3.037909 0.80586875 0.948103 1.6710445 3.8969936
3.0441951 0.81270136 0.95796281 1.6879848 3.9285783
3.0504755 0.8154374 0.96456997 1.7014891 3.9600545
3.056755 0.81753092 0.97172661 1.7180126 3.9920242
3.0630405 0.82246016 0.98107587 1.7369664 4.0190829
3.0693237 0.82697877 0.98586512 1.7480776 4.0544798
3.0756107 0.83020836 0.99623726 1.7729761 4.0801614
3.0818938 0.83463389 1.0034623 1.7836069 4.1165745
3.0881745 0.83834907 1.0084716 1.7935448 4.1467811
3.0944586 0.84297908 1.0206506 1.8136292 4.1827207
3.100744 0.84614364 1.0259696 1.8293086 4.209017
3.1070281 0.84956095 1.0302834 1.8432053 4.245786
3.1133093 0.85635675 1.0399432 1.8613689 4.283913
3.1195907 0.86196649 1.0497635 1.8822029 4.3013735
3.125874 0.86515686 1.057143 1.8976415 4.3514302
3.1321593 0.86746507 1.0636732 1.9114901 4.3729873
3.1384392 0.87407351 1.0749361 1.9329061 4.4098413
3.1447239 0.87791598 1.0819204 1.9509734 4.4333812
3.151004 0.88311626 1.0911215 1.9634123 4.4737118
3.1572837 0.88655687 1.0977358 1.9827408 4.4988087
3.1635693 0.89322169 1.1069308 2.0026947 4.5331077
3.1698517 0.89855198 1.1163421 2.0148456 4.5755812
3.1761377 0.90255785 1.1237824 2.0317456 4.6092411
3.1824209 0.90775866 1.1337457 2.0524289 4.6568368
3.1887028 0.91333402 1.1432381 2.0706701 4.6742039
3.1949905 0.91703359 1.1510511 2.0913212 4.7169845
3.2012753 0.92018345 1.1580157 2.1069569 4.7402457
3.2075514 0.92725705 1.1679377 2.1214852 4.7848611
3.2138352 0.93106779 1.1757697 2.1417072 4.8206144
3.2201226 0.93624275 1.1831915 2.1588314 4.8520261
3.2264067 0.94277157 1.1970866 2.1751953 4.8883291
3.2326878 0.94754428 1.2055208 2.193664 4.9170781
3.2389697 0.95102365 1.2112353 2.2141405 4.9576597
3.2452553 0.95870865 1.2217718 2.2307595 4.9888308
3.251535 0.96310137 1.2305624 2.2512554 5.0285184
3.257818 0.96823735 1.2380264 2.2682092 5.0664887
3.2641022 0.97418025 1.2498979 2.2840936 5.1006097
3.2703843 0.9785861 1.257342 2.3047527 5.1349539
3.2766697 0.98445493 1.2693328 2.3222364 5.1781787
3.282955 0.99200796 1.2776858 2.3438106 5.2080582
3.2892374 0.99699892 1.2878493 2.3571028 5.253498
3.2955201 1.0029818 1.2951363 2.3742446 5.2852547
3.3018068 1.0089698 1.3067466 2.3978816 5.3256916
3.3080882 1.0146171 1.3157565 2.416137 5.3604956
3.3143683 1.0202845 1.3243695 2.4355744 5.3935181
3.3206524 1.026287 1.3359304 2.4587478 5.4464154
3.3269318 1.0308814 1.3442199 2.4735661 5.4690569
3.3332172 1.0372998 1.3538713 2.4885647 5.509155
3.3395053 1.0449586 1.3668673 2.5118798 5.5482315
3.345788 1.0503479 1.3759119 2.5301392 5.5905374
3.3520722 1.0575574 1.3853264 2.5486258 5.6333308
3.3583517 1.0628081 1.3954092 2.5692367 5.667101
3.3646309 1.0691139 1.4060105 2.5909975 5.7021828
3.3709171 1.0751375 1.416218 2.6082933 5.7444763
3.3771997 1.0826206 1.428374 2.6286357 5.7796635
3.383485 1.0874318 1.4355039 2.6451981 5.8215618
3.3897714 1.0950808 1.4451195 2.6715015 5.8578607
3.3960523 1.1005975 1.4570219 2.6874986 5.8981904
3.402332 1.1076276 1.4659261 2.7095061 5.9397926
3.4086109 1.1137 1.4779758 2.7268199 5.9778562
3.4148974 1.121212 1.4898439 2.7474087 6.0175388
3.4211808 1.1273484 1.499306 2.7665196 6.0552167
3.4274635 1.1342197 1.5102773 2.7856433 6.1010031
3.433751 1.1416107 1.5205084 2.8068353 6.1397452
3.4400336 1.1481028 1.532441 2.8296325 6.181199
3.4463146 1.1554625 1.5435945 2.8498286 6.2198018
3.4526017 1.1620727 1.5530276 2.8664504 6.2575874
3.458885 1.1660457 1.5617342 2.8867531 6.3070141
3.4651654 1.1746119 1.5740783 2.9090582 6.3483574
3.4714502 1.1830649 1.5856309 2.9297261 6.3876154
3.4777353 1.1893089 1.5955646 2.9485759 6.4259897
3.4840204 1.1967988 1.6068728 2.9725072 6.4740827
3.4902984 1.2039683 1.6175879 2.9930244 6.5103552
3.4965841 1.2105333 1.6292119 3.0117509 6.5603712
3.5028697 1.2179041 1.6404007 3.0363479 6.5955336
3.5091472 1.2236648 1.6517115 3.0528864 6.6362895
3.5154293 1.2336285 1.666121 3.0764374 6.6842665
3.521711 1.2390872 1.6739855 3.0958186 6.7277765
3.5279924 1.2464662 1.6860338 3.115219 6.7645426
3.5342782 1.2550044 1.6979244 3.1407092 6.809146
3.5405659 1.2632066 1.7106875 3.162557 6.8506214
3.5468474 1.269097 1.7209687 3.1836037 6.9008312
3.5531332 1.2765964 1.7322626 3.2024443 6.9371039
3.5594194 1.2861049 1.7446477 3.2249873 6.9830799
3.5656987 1.2933041 1.7563237 3.2505028 7.0231801
3.571981 1.2989633 1.7687412 3.2691829 7.0673051
3.5782681 1.3099291 1.7812185 3.2903224 7.1108837
3.5845504 1.3137913 1.7892535 3.31214 7.1510755
3.5908286 1.3227407 1.8020935 3.3347864 7.1959839
3.597109 1.3308901 1.8156276 3.3540434 7.2381748
3.6033947 1.3395205 1.8268851 3.3758637 7.2811405
3.6096758 1.3469894 1.8387901 3.3974246 7.3351178
3.6159574 1.3543544 1.8502504 3.4198464 7.375247
3.622243 1.362084 1.8604501 3.4420529 7.417175
3.628522 1.3699863 1.8735078 3.4647641 7.4617534
3.6348065 1.3783489 1.8857719 3.4834437 7.5033646
3.6410953 1.3856714 1.8970337 3.5066506 7.5483078
3.647383 1.3940293 1.9091206 3.5321835 7.5923776
3.6536648 1.4034578 1.9230577 3.554715 7.6410115
3.6599466 1.40951 1.9320182 3.5774359 7.6803962
3.6662338 1.4190751 1.9451223 3.596625 7.7270686
3.6725162 1.4270139 1.9588398 3.6190217 7.7710027
3.6787969 1.4342915 1.9713278 3.6408207 7.8160442
3.6850808 1.4430595 1.9827884 3.6662845 7.8603817
3.6913615 1.4501033 1.9936108 3.6868918 7.9063965
3.6976453 1.4591732 2.0076966 3.7108304 7.9494392
3.7039282 1.4668603 2.0181296 3.7320814 7.9973826
3.7102105 1.4752552 2.0316284 3.7544293 8.0437682
3.7164963 1.4826388 2.0429169 3.7778726 8.0958431
3.7227765 1.4919969 2.0565562 3.797532 8.1354719
3.7290604 1.5002424 2.0694465 3.823198 8.1822596
3.7353441 1.507718 2.0802615 3.847146 8.2251511
3.7416262 1.5163779 2.0928493 3.8675659 8.2733458
3.7479078 1.5256822 2.1065932 3.8887899 8.3238601
3.7541913 1.5333007 2.1174059 3.9112728 8.3593999
3.7604793 1.5422354 2.1304378 3.9341475 8.4116268
3.7667591 1.5497509 2.1412896 3.9548379 8.4534654
3.7730369 1.5568824 2.1511627 3.9746728 8.4976488
3.7793245 1.5596777 2.1577561 3.9864331 8.5161532
3.7856096 1.5645662 2.163785 3.9969353 8.5385206
3.791892 1.5672785 2.170283 4.0108983 8.5663983
3.7981772 1.572357 2.1755681 4.0196707 8.5845117
3.8044595 1.5747698 2.1820666 4.0334322 8.6147559
3.8107406 1.5799429 2.1898913 4.0486061 8.6347601
3.8170242 1.5843148 2.1950914 4.0581506 8.6573963
3.8233083 1.5857881 2.1998813 4.0658322 8.6779644
3.82959 1.5911173 2.2094476 4.0823667 8.701927
3.8358721 1.596095 2.2135364 4.0898162 8.7230987
3.8421598 1.5998587 2.2205356 4.104375 8.7545895
3.8484445 1.6027965 2.2253811 4.1173656 8.7800832
3.8547246 1.6064746 2.2319001 4.1305831 8.8030034
3.8610074 1.6105899 2.2389754 4.1414368 8.8280984
3.8672884 1.6143247 2.2464365 4.1534812 8.8508339
3.8735709 1.6193335 2.2518575 4.1670478 8.8753251
3.8798537 1.624101 2.259491 4.1805227 8.8990058
3.8861388 1.6283322 2.2657022 4.1902189 8.9269268
3.8924222 1.632667 2.2716101 4.2044834 8.9527697
3.8987057 1.6367516 2.2778747 4.2129704 8.9748357
3.904991 1.6399855 2.2852668 4.2288458 9.0027707
3.9112719 1.6446866 2.2912508 4.2392063 9.0346486
3.9175547 1.6488991 2.2981538 4.2540964 9.0538531
3.923841 1.6537407 2.3051142 4.2650083 9.0827309
3.9301245 1.6575599 2.3111704 4.2771119 9.1035387
3.9364023 1.6621399 2.3196248 4.2935217 9.1351966
3.9426867 1.6666163 2.3256344 4.3033859 9.1545661
3.9489749 1.6715449 2.3309492 4.3145342 9.1808667
3.9552603 1.6769683 2.3397967 4.3313385 9.2097759
3.9615405 1.6802952 2.3465336 4.3432617 9.2332308
3.9678228 1.6844129 2.3516525 4.357998 9.2648171
3.9741093 1.6884728 2.3587043 4.3678618 9.2853477
3.9803891 1.6933716 2.3664306 4.3831355 9.3141602
3.9866693 1.699022 2.3738211 4.3971051 9.3373529
3.9929531 1.702887 2.3810836 4.4074244 9.3682616
3.9992376 1.7082678 2.3882798 4.4204882 9.3963302
4.0055206 1.7127266 2.3970226 4.4380007 9.4222373
4.0118004 1.7167132 2.402965 4.4446691 9.4503193
4.018084 1.7218708 2.40882 4.4581387 9.4739407
4.024369 1.7261497 2.4159525 4.4745498 9.5055594
4.0306486 1.7317541 2.4240226 4.4886592 9.5387289
4.0369309 1.7363713 2.4295104 4.5010028 9.5554736
4.043218 1.7412977 2.4381546 4.5149025 9.5855611
4.049505 1.7463182 2.446559 4.5281799 9.6171335
4.055786 1.7500114 2.4533529 4.5412237 9.6400884
4.0620657 1.7558728 2.4610083 4.5578281 9.6638781
4.0683514 1.7611251 2.4689159 4.5712837 9.6959492
4.0746341 1.7650864 2.4764747 4.5842031 9.7229983
4.0809155 1.7711679 2.4842811 4.5991364 9.7535867
4.0872042 1.774615 2.4897869 4.6109295 9.7819798
4.0934892 1.7807658 2.4990624 4.62833 9.8158705
4.0997691 1.7858117 2.5071291 4.6422428 9.8391234
4.1060505 1.7920444 2.5153222 4.6550274 9.8617617
4.1123344 1.7968431 2.5210447 4.6664765 9.8978363
4.1186204 1.8025681 2.5313192 4.6817153 9.9182776
4.1249001 1.8063766 2.5366648 4.6989203 9.9545323
4.1311787 1.812668 2.5452886 4.7103461 9.9838213
4.1374656 1.8173444 2.5550722 4.7261098 10.011126
4.1437516 1.8219883 2.560506 4.7409713 10.0443
4.1500348 1.8265843 2.5692713 4.7514837 10.068671
4.1563169 1.8335509 2.5788567 4.7687641 10.10087
4.1625996 1.8392746 2.5856029 4.7844927 10.130572
4.1688861 1.8447225 2.5924681 4.8011476 10.164373
4.1751677 1.8469356 2.6000351 4.8149427 10.191837
4.1814502 1.854862 2.6094667 4.8281496 10.22106
4.1877378 1.8607317 2.6173506 4.8431341 10.255471
4.1940191 1.8655723 2.6272492 4.8594025 10.281912
4.2002971 1.871584 2.6325971 4.8739872 10.311863
4.2065802 1.8770174 2.6427996 4.8886896 10.346019
4.2128623 1.8838167 2.6508464 4.9034168 10.37404
4.2191458 1.8870085 2.6586444 4.9208312 10.403493
4.225433 1.8930864 2.6669324 4.9313894 10.430908
4.231716 1.8982503 2.6742425 4.9506134 10.463601
4.2379957 1.9049257 2.6837124 4.9645919 10.499801
4.244278 1.9112645 2.6915081 4.9789121 10.525233
4.2505649 1.9173667 2.701286 4.9961277 10.557704
4.2568497 1.9216223 2.711135 5.0103676 10.592225
4.2631308 1.9271409 2.7174957 5.0266718 10.625549
4.2694117 1.9344138 2.7266784 5.0441695 10.651172
4.275694 1.9393153 2.7357356 5.0583997 10.689799
4.2819777 1.9444552 2.7435521 5.0750824 10.724951
4.2882622 1.9517464 2.7529343 5.089278 10.754313
4.2945474 1.9572356 2.7632061 5.1053889 10.794373
4.3008297 1.9644398 2.7704856 5.1240323 10.817535
4.3071128 1.9699966 2.7801558 5.1386573 10.854121
4.3133958 1.9774111 2.7886119 5.1517676 10.877574
4.319678 1.9823029 2.7973696 5.1716359 10.914378
4.3259594 1.9868673 2.8064198 5.1866356 10.952403
4.332245 1.9933361 2.8148501 5.2031795 10.981805
4.338532 1.9999172 2.8239682 5.2203233 11.013835
4.3448141 2.0062279 2.833421 5.2353768 11.044625
4.3510961 2.0124165 2.8431774 5.2560963 11.084725
4.3573801 2.0177635 2.8505904 5.271068 11.119319
4.3636669 2.0254222 2.8602015 5.2860195 11.157413
4.3699499 2.0317444 2.8706979 5.3009404 11.182515
4.3762279 2.0370334 2.87841 5.3217372 11.21506
4.3825069 2.04458 2.8887048 5.3355325 11.255776
4.3887934 2.0508757 2.8979206 5.354837 11.286898
4.395077 2.0550954 2.9076559 5.3685385 11.324635
4.4013576 2.0636618 2.9176706 5.3909319 11.358166
4.4076403 2.0698754 2.9277738 5.407083 11.396232
4.4139241 2.07739 2.936643 5.4188726 11.425502
4.4202108 2.0829538 2.9463195 5.4384675 11.468952
4.4264914 2.0886643 2.9543836 5.4527313 11.497405
4.432774 2.096946 2.9652827 5.4750029 11.537625
4.4390578 2.1032993 2.9749609 5.4908445 11.564491
4.4453413 2.1102698 2.9849602 5.5098997 11.606867
4.4516275 2.1154875 2.993372 5.5266533 11.649739
4.4579123 2.1230539 3.0046092 5.5463623 11.665581
4.4641977 2.1294723 3.0135066 5.5630866 11.709354
4.4704788 2.1362694 3.0228531 5.5825876 11.754205
4.4767593 2.1432753 3.0333869 5.5948292 11.790155
4.483046 2.1480396 3.0427781 5.6133746 11.818351
4.4893311 2.1553771 3.0522889 5.6342401 11.861113
4.4956106 2.163336 3.0629511 5.6506593 11.893875
4.5018888 2.1711308 3.0723141 5.667554 11.935138
4.5081704 2.1759888 3.0831882 5.6842129 11.966656
4.5144567 2.1838886 3.0914969 5.7034169 12.012345
4.5207384 2.1925658 3.1046626 5.7235147 12.049409
4.5270208 2.1975468 3.113004 5.7421449 12.082058
4.5333061 2.2043994 3.1220595 5.7562286 12.118297
4.5395877 2.2132018 3.1340941 5.7775776 12.155486
4.5458704 2.2187791 3.1428104 5.7958752 12.202251
4.5521545 2.2258795 3.1531859 5.8144714 12.232448
4.5584424 2.2331506 3.1637752 5.8339213 12.271969
4.5647254 2.2412644 3.1758357 5.8545393 12.301586
4.5710052 2.2470713 3.1836722 5.8680163 12.344279
4.5772897 2.2544832 3.1942172 5.8904663 12.382148
4.5835734 2.2612828 3.2055621 5.9085659 12.42447
4.5898565 2.2697559 3.2153454 5.9269436 12.461454
4.5961372 2.2765049 3.22542 5.943616 12.502247
4.6024224 2.284471 3.238339 5.9652895 12.544113
4.6087097 2.2911028 3.2465749 5.9836865 12.578197
4.6149912 2.2995234 3.2593574 6.0033144 12.613784
4.6212725 2.3054906 3.2675675 6.0208585 12.660328
4.627556 2.3134584 3.2806817 6.0405117 12.697964
4.6338395 2.3215297 3.290817 6.0588569 12.740623
4.640119 2.3285949 3.300461 6.0782469 12.780671
4.6464005 2.3344257 3.3101324 6.1001242 12.822572
4.6526881 2.3423195 3.3213092 6.1173073 12.856714
4.6589739 2.3503588 3.3349793 6.1395619 12.899848
4.6652533 2.3579023 3.3435929 6.1568363 12.934836
4.6715342 2.366287 3.3552661 6.1732566 12.971904
4.6778199 2.3728967 3.3658619 6.1975558 13.013594
4.6841045 2.3810977 3.3770294 6.214681 13.058689
4.6903854 2.387688 3.3869094 6.2325848 13.096445
4.6966701 2.3954728 3.3980841 6.2558581 13.136434
4.7029558 2.4040714 3.4102621 6.2744765 13.179535
4.7092363 2.4112761 3.4213864 6.2962672 13.221676
4.7155178 2.4197377 3.4315444 6.3112067 13.25735
4.7218015 2.4250022 3.441677 6.3377952 13.304433
4.7280848 2.434886 3.4533089 6.3521242 13.337263
4.7343673 2.4431754 3.4661145 6.3766567 13.37719
4.7406505 2.4502183 3.4762255 6.3938873 13.427651
4.7469333 2.4580532 3.4879901 6.4127267 13.459005
4.7532149 2.4647251 3.4975129 6.4333563 13.502255
4.7594946 2.4742518 3.5099222 6.4534587 13.548204
4.7657804 2.4816496 3.522654 6.4728226 13.590154
4.7720691 2.4892305 3.5328878 6.4932902 13.624317
4.7783509 2.4985038 3.545227 6.5158309 13.666354
4.784635 2.5053209 3.5538672 6.5324326 13.71149
4.7909206 2.5103259 3.5626726 6.5511942 13.756191
4.7972039 2.5199967 3.5763193 6.5745337 13.792683
4.8034859 2.5284454 3.5881076 6.5921485 13.836468
4.8097699 2.535298 3.598614 6.6144803 13.879849
4.8160561 2.5442702 3.6105634 6.6349795 13.926145
4.8223352 2.5514543 3.6223427 6.6550456 13.955591
4.8286118 2.5603437 3.6330841 6.6759722 14.002902
4.8348948 2.5685879 3.6442788 6.6938295 14.045388
4.8411817 2.5745569 3.6540001 6.7138791 14.097139
4.8474631 2.5837346 3.6674807 6.7351034 14.139618
4.8537471 2.5914566 3.678979 6.7576848 14.176363
4.8600362 2.5997051 3.6900196 6.7758676 14.20574
4.8663168 2.6077286 3.6997659 6.7979698 14.25164
4.8725994 2.6164416 3.7121777 6.8174784 14.303104
4.8788848 2.6243762 3.7259524 6.8397781 14.333191
4.8851663 2.6320243 3.7349569 6.8577023 14.383022
4.8914489 2.63964 3.7457885 6.8781147 14.432731
4.8977296 2.647177 3.7591803 6.8998867 14.469142
4.9040155 2.6549653 3.7697549 6.9163858 14.512422
4.9102992 2.6619029 3.7804095 6.9415532 14.559754
4.9165785 2.6711796 3.7917702 6.9597064 14.600245
4.9228647 2.6793514 3.8028347 6.9795429 14.63959
4.9291459 2.6866617 3.8148118 7.0005724 14.678636
4.9354294 2.6957548 3.8262581 7.0208432 14.721608
4.9417135 2.7019624 3.8362412 7.0399144 14.758418
4.947993 2.7125528 3.8496798 7.0662588 14.811979
4.9542788 2.7181754 3.8598355 7.0820411 14.853836
4.9605656 2.7276437 3.8718132 7.1020372 14.888891
4.9668447 2.7347325 3.8815674 7.1246902 14.929465
4.973125 2.741991 3.8920158 7.1393029 14.967335
4.9794104 2.7519116 3.9068176 7.1631313 15.009734
4.9856955 2.7573046 3.9156697 7.1797482 15.054898
4.9919773 2.7662654 3.928278 7.2051851 15.108084
4.9982613 2.7721012 3.9387623 7.2197692 15.139265
5.004546 2.7829018 3.951218 7.2434734 15.178816
5.010828 2.7886983 3.9613043 7.2678491 15.222883
5.0171047 2.7963109 3.9728869 7.2858997 15.264218
5.0233897 2.8058377 3.9840166 7.3043755 15.304374
5.029679 2.8152373 3.9963029 7.3244534 15.34807
5.0359566 2.8197937 4.0064803 7.3420616 15.389163
5.0422388 2.827439 4.0131553 7.3609878 15.428757
5.0485253 2.8361514 4.0260459 7.3845138 15.470584
5.05481 2.8439264 4.0395595 7.4057693 15.515406
5.0610964 2.8521861 4.0497395 7.4214348 15.561153
5.0673786 2.8604399 4.0630271 7.4433169 15.597615
5.0736582 2.8670425 4.0710019 7.4625029 15.633254
5.0799396 2.87489 4.0815708 7.4812482 15.672466
5.0862233 2.8832456 4.0944322 7.4977596 15.71579
5.0925057 2.8890745 4.1024651 7.5193813 15.757862
5.0987925 2.8988336 4.1167433 7.5393743 15.798113
5.1050771 2.9046004 4.1255201 7.5624317 15.833915
5.1113517 2.9123481 4.1351478 7.5746812 15.873711
5.1176364 2.9211089 4.1500337 7.5989265 15.908853
5.1239216 2.9266776 4.1581327 7.6115211 15.942003
5.1302023 2.9344204 4.1689463 7.6312652 15.98611
5.1364866 2.9409881 4.1765496 7.6513409 16.022898
5.142773 2.9504587 4.190376 7.6686579 16.061571
5.1490575 2.9571279 4.1983933 7.6878255 16.109278
5.1553345 2.9623947 4.208269 7.7085553 16.142332
5.1616191 2.9710734 4.2182269 7.7296251 16.182859
5.1679062 2.9779995 4.2297265 7.7444296 16.217555
5.1741896 2.9880935 4.2413143 7.765209 16.255535
5.1804742 2.9925087 4.2502247 7.7820439 16.2974
5.1867588 2.9986458 4.2556639 7.7977235 16.332713
5.1930392 3.0062107 4.2677824 7.8161838 16.370614
5.1993169 3.011618 4.2769896 7.8288508 16.39664
5.2055993 3.0201137 4.2901158 7.8550313 16.452917
5.2118847 3.0256801 4.2960679 7.8640975 16.472742
5.2181682 3.0347296 4.3096574 7.8860948 16.50712
5.2244496 3.0389633 4.3159575 7.9036571 16.539662
5.2307264 3.0430864 4.3225732 7.9154269 16.572412
5.2370131 3.0532231 4.3357969 7.9377508 16.619358
5.2433065 3.0585572 4.3430048 7.9484526 16.648014
5.249585 3.0652124 4.3539203 7.9714258 16.688627
5.2558663 3.0713166 4.3637651 7.9810961 16.707226
5.2621526 3.0754282 4.3683013 7.9954353 16.750146
5.2684309 3.0822583 4.3796809 8.0155906 16.788677
5.2747057 3.0890317 4.3869453 8.0255756 16.80993
5.2809908 3.096436 4.394237 8.0412654 16.832806
5.2872799 3.100043 4.4047577 8.058907 16.874026
5.2935635 3.1067486 4.4139632 8.0753045 16.899195
5.2998464 3.1087571 4.4166336 8.085127 16.933023
5.3061314 3.1155795 4.4246691 8.0961987 16.961517
5.3124149 3.1231359 4.4354323 8.1147301 16.996098
5.318692 3.1270843 4.4440062 8.1289362 17.016362
5.3249765 3.1339356 4.449896 8.1390453 17.043692
5.331267 3.1353794 4.4553149 8.1511371 17.057381
5.3375504 3.1392004 4.4628099 8.1628221 17.081828
5.3438299 3.1486542 4.4736974 8.1774774 17.122594
5.3501139 3.1518778 4.4786851 8.1907758 17.154225
5.3563991 3.1556666 4.4851913 8.2049106 17.184994
5.3626817 3.1618992 4.4965897 8.2287967 17.210649
5.3689622 3.1712155 4.5054326 8.242752 17.244025
5.3752458 3.176307 4.5140596 8.25522 17.278855
5.381536 3.1823315 4.5251467 8.2721675 17.306832
5.387813 3.1908026 4.5324205 8.2856843 17.331362
5.3940916 3.1970281 4.5411123 8.3020713 17.368797
5.4003822 3.2011527 4.5510983 8.318735 17.410485
5.4066644 3.2096537 4.5599274 8.3346777 17.4326
5.4129375 3.2175363 4.5733409 8.3560544 17.477085
5.4192183 3.2218626 4.5765301 8.3661522 17.52085
5.4255097 3.2276247 4.5851958 8.3867268 17.565846
5.4317953 3.2363423 4.5994145 8.4049781 17.581779
5.4380687 3.2397616 4.6088144 8.4251939 17.632005
5.444353 3.2512751 4.6217191 8.4426685 17.660441
5.4506476 3.2536456 4.6254892 8.4596894 17.704393
5.4569261 3.262272 4.6359153 8.4780485 17.734971
5.4632032 3.2693962 4.6469056 8.4879243 17.778002
5.4694906 3.2780624 4.6596758 8.5124368 17.799437
5.4757753 3.2879258 4.668786 8.5269555 17.850179
5.4820552 3.2908748 4.6755764 8.5482641 17.875982
5.4883448 3.3000039 4.6889595 8.5577129 17.93415
5.4946299 3.305353 4.693904 8.5788906 17.964087
5.500905 3.3124611 4.709439 8.6002388 17.997081
5.507184 3.3201517 4.7169571 8.6166606 18.041838
5.5134655 3.3264122 4.7299333 8.632959 18.08496
5.519755 3.3363882 4.7404027 8.6516864 18.10861
5.5260388 3.3418684 4.7472864 8.6774032 18.160688
5.5323112 3.3487373 4.7598117 8.6899746 18.189924
5.5385939 3.3572532 4.7668713 8.7000135 18.229305
5.5448892 3.3667509 4.7814105 8.7245358 18.279357
5.5511702 3.3743479 4.7923393 8.7513242 18.308326
5.5574444 3.382577 4.8046789 8.7731898 18.351228
5.5637327 3.3866733 4.8102819 8.7866602 18.378649
5.5700222 3.394995 4.8232518 8.8048505 18.438241
5.5762966 3.4039093 4.8348467 8.8247491 18.462479
5.582577 3.4107707 4.8472249 8.8451357 18.51765
5.5888758 3.4188947 4.8557311 8.8654967 18.568949
5.5951585 3.4256045 4.8678494 8.8799352 18.594477
5.6014285 3.4320945 4.8789166 8.9065688 18.630976
5.6077149 3.4389434 4.8898912 8.9235987 18.674172
5.6140085 3.447557 4.8992428 8.9398081 18.702784
5.6202825 3.4578083 4.9092085 8.965307 18.75968
5.6265585 3.46679 4.9250044 8.9828016 18.796437
5.6328571 3.4682695 4.9282314 8.9950284 18.838319
5.6391437 3.4755144 4.9402531 9.0242769 18.886911
5.6454227 3.4874046 4.9540315 9.0416575 18.921808
5.6517049 3.4973561 4.9648049 9.0630796 18.969864
5.6579936 3.504003 4.9798995 9.0806938 18.994935
5.6642851 3.5133453 4.9876775 9.1024436 19.026819
5.6705565 3.5196123 4.999663 9.1203723 19.10062
5.6768351 3.5309145 5.0152503 9.1406135 19.120206
5.6831318 3.5330694 5.0217986 9.1670567 19.172964
5.6894193 3.5419801 5.0337426 9.1864555 19.211607
5.6956891 3.5464175 5.0397228 9.1951512 19.248045
5.7019687 3.5588605 5.0547942 9.2269603 19.303193
5.708269 3.5665405 5.0690799 9.2438653 19.33816
5.7145496 3.576243 5.0792044 9.2625417 19.393096
5.7208164 3.579634 5.0865475 9.2698007 19.411691
5.7271108 3.5916266 5.0998338 9.3034032 19.483817
5.7334057 3.5992885 5.1109856 9.3224683 19.515214
5.7396772 3.6064407 5.123815 9.3415536 19.564493
5.7459514 3.6135748 5.1300742 9.365132 19.593637
5.7522516 3.6200251 5.143412 9.3816339 19.634756
5.758539 3.6314112 5.1609552 9.4029063 19.688201
5.7647984 3.6376594 5.1689341 9.4210467 19.724331
5.7710821 3.6461349 5.179803 9.4453861 19.774811
5.7773798 3.6577043 5.1907371 9.4689927 19.795445
5.7836569 3.6631692 5.2031665 9.4883985 19.876732
5.7899298 3.6698128 5.2192959 9.5008943 19.916518
5.7962218 3.6840237 5.2259762 9.5293353 19.939731
5.8025084 3.6868452 5.2415555 9.5504278 19.95804
5.8087875 3.696334 5.2432682 9.5591453 20.018065
5.815068 3.7074109 5.2635916 9.5865798 20.070998
5.8213519 3.714347 5.2728871 9.6026511 20.10554
5.8276413 3.7212107 5.2826916 9.632365 20.158869
5.8339209 3.7306888 5.3016124 9.6543153 20.181873
5.8401987 3.7366113 5.3018687 9.6742257 20.254057
5.846494 3.7464124 5.3213225 9.7002927 20.283048
5.8527842 3.7573697 5.3302879 9.7094923 20.337262
5.8590415 3.7668102 5.3496617 9.7392166 20.361397
5.8653156 3.7678905 5.3520227 9.7466072 20.398439
5.8716245 3.7820318 5.3690996 9.7757135 20.444637
5.8779116 3.7878967 5.3768978 9.8050878 20.489229
5.884173 3.7954554 5.3921153 9.8175046 20.550561
5.890459 3.8045475 5.3999569 9.8450557 20.604651
5.8967616 3.8094565 5.4072062 9.8636453 20.628691
5.9030337 3.8239644 5.4280545 9.8843818 20.673298
5.9093032 3.8273233 5.4376114 9.8938897 20.743102
5.9156163 3.8414562 5.4524399 9.9272288 20.780041
5.921905 3.8420367 5.4573384 9.9512783 20.825212
5.9281521 3.8547792 5.4673207 9.9663354 20.839568
5.9344277 3.8621343 5.4757897 9.9952239 20.920905
5.9407474 3.870824 5.4944679 10.021732 20.969673
5.947044 3.8788989 5.5059957 10.023808 20.977776
5.9532853 3.8911488 5.5214282 10.053651 21.036855
5.959571 3.8991663 5.532261 10.069468 21.07484
5.9658838 3.9004093 5.535228 10.092254 21.097095
5.9721535 3.9091439 5.546978 10.099445 21.147583
5.9784118 3.9165112 5.5545388 10.129528 21.188054
5.9847161 3.9292115 5.5715535 10.14733 21.243308
5.9910339 3.9364629 5.5906879 10.172661 21.265119
5.9972891 3.9392732 5.5883294 10.187576 21.316634
6.0035485 3.9489416 5.6107544 10.210235 21.392133
6.0098611 3.9585237 5.6199554 10.230686 21.419151
6.0161587 3.9671402 5.634447 10.251567 21.441207
6.0223963 3.972251 5.6349822 10.257265 21.496837
6.0286595 3.9803352 5.6491692 10.282803 21.502713
6.0349883 3.9914041 5.6630048 10.307253 21.604807
6.0412764 3.9955948 5.6722561 10.334562 21.593421
6.0475235 4.0045537 5.687835 10.34864 21.67118
6.0538231 4.0186103 5.7021227 10.376021 21.712548
6.0601472 4.0182545 5.7064148 10.396327 21.756995
6.0664012 4.029805 5.7171603 10.404517 21.765861
6.072635 4.0367297 5.7313199 10.434955 21.798936
6.0789572 4.0425022 5.7375237 10.448566 21.866076
6.0852909 4.0524651 5.7489113 10.460468 21.939874
6.09153 4.0583512 5.76842 10.477851 21.930329
6.0977644 4.0726689 5.771496 10.519483 21.980641
6.1040987 4.0778625 5.78055 10.541395 22.069613
6.1104184 4.0842354 5.8010894 10.543442 22.069212
6.1166413 4.0940081 5.8008633 10.561054 22.106036
6.1229139 4.094892 5.8140593 10.585658 22.129611
6.1292582 4.110562 5.8156518 10.597157 22.172207
6.1355365 4.1123639 5.8449881 10.637117 22.276588
6.1417569 4.1239754 5.8494358 10.639113 22.236384
6.1480695 4.1396251 5.8632495 10.649857 22.30382
6.1544121 4.1427959 5.8736454 10.680278 22.384266
6.1606378 4.1500631 5.8925792 10.714197 22.41184
6.1668736 4.1536037 5.8852368 10.699002 22.390299
6.1732242 4.1682125 5.8982287 10.719141 22.410942
6.1795551 4.1633547 5.9101996 10.757566 22.464455
6.1857456 4.1727385 5.9319689 10.798503 22.53722
6.1919759 4.1769761 5.9223529 10.78891 22.543778
6.1983636 4.1894906 5.9315676 10.812879 22.62818
6.2046914 4.2034889 5.9535265 10.826887 22.648431
6.2108424 4.2043685 5.9550225 10.841478 22.66824
6.217094 4.2076588 5.9654551 10.846048 22.711515
6.2235014 4.2161298 5.9767643 10.868166 22.690141
6.229796 4.2197179 5.9847831 10.878757 22.783406
6.2359786 4.2329217 6.0120539 10.893367 22.841349
6.2422872 4.2306032 5.9876867 10.918891 22.845009
6.2486553 4.2367084 5.9978544 10.926245 22.859768
6.2548669 4.2512047 6.0199894 10.949739 22.90657
6.2611133 4.2475554 6.0289644 10.973132 22.999795
6.2675223 4.2560699 6.0325772 10.979866 23.019895
6.2738161 4.2628737 6.0425217 10.972719 23.007384
6.2799176 4.2734759 6.0727683 11.010543 23.032718
6.2862174 4.2822016 6.0736804 11.06435 23.02698
6.2927241 4.2870174 6.0837553 11.039262 23.137958
6.2989558 4.2949741 6.0991662 11.092413 23.149222
6.3049391 4.3215987 6.1008854 11.097463 23.16054
6.3113408 4.3063784 6.1045735 11.135022 23.239522
6.3179475 4.3007223 6.103582 11.118054 23.287033
6.3240719 4.3133301 6.1177813 11.103348 23.239964
6.3300021 4.3296686 6.1120868 11.114068 23.389823
6.3365138 4.329814 6.1380294 11.15346 23.246623
6.3431536 4.3327195 6.1398195 11.151315 23.436162
6.3491186 4.3299831 6.1750238 11.223379 23.383633
6.3550533 4.3534855 6.1644928 11.200815 23.441733
6.3617438 4.339845 6.1444698 11.193007 23.476521
6.3684172 4.3466522 6.163171 11.20445 23.467186
6.3740597 4.3770295 6.1936316 11.231791 23.595522
6.380051 4.3585486 6.2029638 11.271347 23.48673
6.3869902 4.3891779 6.1966737 11.256279 23.592858
6.3936831 4.3864683 6.189077 11.289805 23.632889
6.3990096 4.3676846 6.1739407 11.239823 23.44511
6.4050873 4.3964925 6.2327554 11.321423 23.710419
6.4122154 4.3930636 6.2360529 11.311688 23.742372
6.4189842 4.3817315 6.2258738 11.310726 23.646853
6.4241576 4.3837489 6.2121948 11.297211 23.688914
6.4302427 4.3885965 6.2608628 11.284745 23.746065
6.4374349 4.4269312 6.2564778 11.411968 23.801214
6.4442148 4.4086464 6.2784053 11.31772 23.659461
6.4492026 4.4598875 6.2404047 11.483311 23.887004
6.4554407 4.3844864 6.2342475 11.344626 23.869934
6.4626465 4.4123883 6.292031 11.370493 23.879302
6.4687081 4.4553782 6.262584 11.399014 24.025368
6.4736854 4.4160613 6.258377 11.281059 23.64882
6.4806668 4.4656894 6.3649693 11.377882 23.572198
6.4878735 4.4518628 6.3052838 11.383178 23.967224
6.4934547 4.3869734 6.110154 11.403846 23.884156
6.4986714 4.3911651 6.2041951 11.553339 23.785213
6.5058484 4.443056 6.3470791 11.59302 24.037838
6.5129779 4.3940285 6.1350215 11.477115 24.25835
6.5188016 4.5851445 6.363008 11.63489 23.638977
6.5233329 4.6420815 6.7801527 11.408527 24.707965
6.5296777 5.6745961 25.238046 16.048994 57.056374
