2.000000000000000164e-05 5.301150420915963224e-01
2.066869842267550072e-05 5.301299785889632687e-01
2.135975472437544027e-05 5.301285516827293209e-01
2.207391643902171255e-05 5.301198687963148970e-01
2.281195609427394449e-05 5.301202131086347746e-01
2.357467204719313169e-05 5.301175034412970444e-01
2.436288934784564352e-05 5.301209830593114347e-01
2.517746063178175121e-05 5.301228111015597877e-01
2.601926704235410016e-05 5.301314247196468044e-01
2.688921918387384303e-05 5.301336843194441872e-01
2.778825810663545582e-05 5.301209020197820143e-01
2.871735632487579741e-05 5.301215643305142722e-01
2.967751886876853870e-05 5.301273931811659734e-01
3.066978437159193627e-05 5.301228547523383350e-01
3.169522619324599853e-05 5.301165879613412013e-01
3.275495358133433647e-05 5.301268617767376234e-01
3.385011287106671010e-05 5.301229715962919586e-01
3.498188872528021299e-05 5.301206408049110586e-01
3.615150541592045298e-05 5.301216178098802079e-01
3.736022814836899319e-05 5.301226813557549100e-01
3.860936443004954884e-05 5.301238211091161556e-01
3.990026548479344494e-05 5.301257204839853188e-01
4.123432771449419843e-05 5.301130870424891617e-01
4.261299420963254024e-05 5.301256561574899662e-01
4.403775631030562105e-05 5.301213253668265457e-01
4.551015521944909301e-05 5.301185018767573531e-01
4.703178366999723984e-05 5.301258891595477252e-01
4.860428764778435972e-05 5.301209437273923797e-01
5.022936817205134787e-05 5.301190925113200558e-01
5.190878313548323190e-05 5.301213316855094559e-01
5.364434920576834987e-05 5.301131125055085214e-01
5.543794379073590958e-05 5.301114851748733869e-01
5.729150706919781900e-05 5.301241024781685462e-01
5.920704408969155763e-05 5.301153067888358938e-01
6.118662693939432690e-05 5.301182181019853390e-01
6.323239698555469304e-05 5.301129097278024505e-01
6.534656719186627638e-05 5.301160986000784670e-01
6.753142451228926792e-05 5.301300107408473128e-01
6.978933236490913268e-05 5.301130598137848704e-01
7.212273318850868345e-05 5.301225463565313323e-01
7.453415108461877573e-05 5.301213815876405500e-01
7.702619454790587906e-05 5.301187055445967244e-01
7.960155928784993205e-05 5.301096783227889908e-01
8.226303114476471348e-05 5.301188518560037144e-01
8.501348910331518868e-05 5.301119048082688634e-01
8.785590840679157983e-05 5.301193748515308224e-01
9.079336377550881697e-05 5.301147894265129112e-01
9.382903273281309529e-05 5.301169501528530947e-01
9.696619904229312483e-05 5.301194377763001064e-01
1.002082562599141270e-04 5.301224756802817017e-01
1.035587114049174785e-04 5.301156064771138654e-01
1.070211887534562421e-04 5.301180511697320963e-01
1.105994337590709140e-04 5.301146272017808192e-01
1.142973171042456330e-04 5.301078044858708038e-01
1.181188388874281471e-04 5.301184834182860461e-01
1.220681329500424115e-04 5.301055444315143639e-01
1.261494713481742377e-04 5.301139083648718220e-01
1.303672689737678670e-04 5.301047333457440391e-01
1.347260883303314362e-04 5.301076871678165325e-01
1.392306444683180742e-04 5.301025885561549966e-01
1.438858100855209437e-04 5.301107144928631776e-01
1.486966207979997041e-04 5.301089069790906327e-01
1.536682805872396744e-04 5.301078553101112867e-01
1.588061674294368483e-04 5.301092025588308720e-01
1.641158391129971276e-04 5.301068156320767333e-01
1.696030392505434848e-04 5.300934756400442760e-01
1.752737034919339915e-04 5.301089586510064899e-01
1.811339659450114388e-04 5.300938716407789242e-01
1.871901658110307874e-04 5.301025431769674778e-01
1.934488542419408646e-04 5.300909878963366850e-01
1.999168014269393128e-04 5.300929345773740531e-01
2.066010039159656652e-04 5.300915188513536380e-01
2.135086921880547338e-04 5.300890927163253163e-01
2.206473384727377968e-04 5.300832349222477369e-01
2.280246648329511538e-04 5.300838932928532143e-01
2.356486515181963309e-04 5.300845069093932382e-01
2.435275455969876748e-04 5.300815870288700937e-01
2.516698698779247295e-04 5.300745142561168466e-01
2.600844321290405573e-04 5.300755344492744658e-01
2.687803346053976817e-04 5.300714100192408518e-01
2.777669838952388651e-04 5.300748694262178429e-01
2.870541010953427292e-04 5.300618860553999445e-01
2.966517323265922064e-04 5.300585110676451217e-01
3.065702596011295341e-04 5.300730945131989502e-01
3.168204120528543403e-04 5.300498808736620049e-01
3.274132775434116785e-04 5.300459448475721702e-01
3.383603146562264279e-04 5.300496345675828058e-01
3.496733650915567022e-04 5.300389173548525346e-01
3.613646664759745386e-04 5.300447433816377618e-01
3.734468656001317080e-04 5.300335028303794216e-01
3.859330320991275886e-04 5.300260112210984920e-01
3.988366725902805230e-04 5.300210988878037988e-01
4.121717452835938129e-04 5.300295888847755821e-01
4.259526750807212541e-04 5.300216706942249001e-01
4.401943691787655547e-04 5.300110108816394883e-01
4.549122331957894719e-04 5.299963473911202261e-01
4.701221878354804149e-04 5.299892958781503571e-01
4.858406861089974399e-04 5.299960597215060965e-01
5.020847311326308640e-04 5.299910924900779197e-01
5.188718945205230424e-04 5.299885170648619415e-01
5.362203353923492141e-04 5.299690783784803960e-01
5.541488200165187389e-04 5.299675573853682709e-01
5.726767421101455150e-04 5.299628254890677015e-01
5.918241438177454907e-04 5.299484327405747930e-01
6.116117373913557359e-04 5.299504107581346490e-01
6.320609275955268004e-04 5.299412863498861315e-01
6.531938348614238542e-04 5.299345676272451122e-01
6.750333192150836329e-04 5.299256815767728890e-01
6.976030050057104547e-04 5.299146328008297324e-01
7.209273064607610694e-04 5.299157668456930814e-01
7.450314540954613768e-04 5.299056021918686632e-01
7.699415220053250396e-04 5.299033043909885388e-01
7.956844560711916160e-04 5.298870660013147438e-01
8.222881031073025473e-04 5.298849152378414251e-01
8.497812409839368810e-04 5.298880880481310340e-01
8.781936097571961097e-04 5.298812222726150267e-01
9.075559438396131216e-04 5.298694695284237310e-01
9.379000052463793693e-04 5.298734389784411913e-01
9.692586179531593148e-04 5.298703208731943004e-01
1.001665703402655023e-03 5.298589076799620212e-01
1.035156317198330069e-03 5.298642207135250137e-01
1.069766687024985286e-03 5.298578860998028883e-01
1.105534251837205851e-03 5.298577288305832411e-01
1.142497702358069404e-03 5.298422861997688083e-01
1.180697022931930960e-03 5.298489648849278311e-01
1.220173534776542454e-03 5.298422968531047994e-01
1.260969940681316284e-03 5.298305488297593291e-01
1.303130371200056587e-03 5.298332226661961464e-01
1.346700432388157767e-03 5.298183778633049901e-01
1.391727255135877424e-03 5.298339221784752473e-01
1.438259546151070007e-03 5.298272425077812375e-01
1.486347640646530459e-03 5.298094656154668236e-01
1.536043556788919398e-03 5.298220449434477564e-01
1.587401051968200579e-03 5.298011945287248725e-01
1.640475680948428249e-03 5.298134476538107762e-01
1.695324855962815390e-03 5.298001336576864118e-01
1.752007908818060174e-03 5.297992046456218018e-01
1.810586155075142928e-03 5.297962290736557556e-01
1.871122960375984270e-03 5.297811965231555842e-01
1.933683808987751848e-03 5.297929277599421338e-01
1.998336374638913938e-03 5.297894636440220184e-01
2.065150593723721201e-03 5.297642142629465090e-01
2.134198740954243185e-03 5.297761738152185762e-01
2.205555507541849362e-03 5.297654426810154416e-01
2.279298081992675151e-03 5.297540595051949408e-01
2.355506233604463730e-03 5.297605731685912644e-01
2.434262398755145627e-03 5.297494744292330360e-01
2.515651770076436904e-03 5.297446421128216842e-01
2.599762388608985089e-03 5.297373322598324386e-01
2.686685239038679764e-03 5.297364753662515691e-01
2.776514348117217236e-03 5.297224129517337232e-01
2.869346886373309435e-03 5.297210653848725137e-01
2.965283273224645581e-03 5.297117366234624924e-01
3.064427285604211931e-03 5.297089743041982768e-01
3.166886170218578649e-03 5.297000942515979194e-01
3.272770759559481216e-03 5.296936028958744158e-01
3.382195591794276077e-03 5.296736291427340815e-01
3.495279034664920681e-03 5.296791594979399775e-01
3.612143413529477973e-03 5.296671649036401863e-01
3.732915143684721951e-03 5.296539862477825933e-01
3.857724867112893516e-03 5.296496863627128127e-01
3.986707593800617976e-03 5.296406221109580814e-01
4.120002847782761740e-03 5.296289145535511000e-01
4.257754818069308354e-03 5.296147592511898372e-01
4.400112514618404608e-03 5.296015073568551834e-01
4.547229929524409554e-03 5.295893456846496594e-01
4.699266203595197679e-03 5.295799883608520719e-01
4.856385798499019031e-03 5.295740845035373789e-01
5.018758674667020935e-03 5.295534667572738829e-01
5.186560475143959549e-03 5.295552077207315023e-01
5.359972715585955248e-03 5.295295912683083417e-01
5.539182980610755057e-03 5.295100776782823981e-01
5.724385126713026593e-03 5.295014279198562157e-01
5.915779491964028892e-03 5.294870045970512251e-01
6.113573112722652143e-03 5.294641333394521920e-01
6.317979947592099882e-03 5.294411256901578877e-01
6.529221108864616957e-03 5.294362226937368021e-01
6.747525101704480652e-03 5.294114336829082168e-01
6.973128071328140755e-03 5.293960521338838543e-01
7.206274058448705437e-03 5.293712211358291286e-01
7.447215263261310406e-03 5.293510271549465296e-01
7.696212318254701257e-03 5.293308154934438514e-01
7.953534570144332738e-03 5.293177250567939751e-01
8.219460371231864307e-03 5.292857750806289063e-01
8.494277380506187053e-03 5.292737229435581225e-01
8.778282874811823774e-03 5.292431257716611048e-01
9.071784070421121463e-03 5.292257994790774411e-01
9.375098455358292851e-03 5.291875435903088398e-01
9.688554132834568261e-03 5.291731051434220845e-01
1.001249017616620725e-02 5.291396517446154135e-01
1.034725699555901803e-02 5.291169085626959978e-01
1.069321671715643858e-02 5.290902915099618964e-01
1.105074357476093505e-02 5.290514213813424238e-01
1.142022431465263173e-02 5.290305446742104012e-01
1.180205861394306721e-02 5.289957363913780908e-01
1.219665951291643881e-02 5.289713332960092051e-01
1.260445386182631328e-02 5.289392982012549593e-01
1.302588278263077520e-02 5.289119816085362524e-01
1.346140214616583890e-02 5.288841848321025330e-01
1.391148306527291781e-02 5.288418758389978880e-01
1.437661240441416924e-02 5.288058543561229286e-01
1.485729330632660182e-02 5.287842473775340446e-01
1.535404573628500365e-02 5.287514247722735483e-01
1.586740704456205894e-02 5.287019228383377234e-01
1.639793254769450481e-02 5.286771652860600135e-01
1.694619612918364313e-02 5.286466259564168713e-01
1.751279086028037155e-02 5.286071812555868110e-01
1.809832964152614798e-02 5.285694517418474403e-01
1.870344586574363213e-02 5.285274487766450369e-01
1.932879410319460894e-02 5.285014884364639398e-01
1.997505080964588620e-02 5.284668141818825715e-01
2.064291505810955316e-02 5.284229480205100415e-01
2.133310929504865505e-02 5.283855971256991024e-01
2.204638012186681956e-02 5.283465072126963813e-01
2.278349910252664909e-02 5.283042777213180496e-01
2.354526359817107548e-02 5.282700140041268755e-01
2.433249762964985810e-02 5.282208076454981693e-01
2.514605276888498206e-02 5.281808432032658596e-01
2.598680906003840441e-02 5.281553346513576663e-01
2.685567597147924673e-02 5.281120970312911389e-01
2.775359337957988490e-02 5.280640230843373084e-01
2.868153258540498754e-02 5.280210745905135061e-01
2.964049736539381419e-02 5.279978435330836550e-01
3.063152505717161092e-02 5.279547520499823232e-01
3.165568768166540647e-02 5.279075814597051775e-01
3.271409310273729054e-02 5.278725724226142058e-01
3.380788622559029871e-02 5.278359389841060789e-01
3.493825023524253087e-02 5.277972264973851413e-01
3.610640787640997940e-02 5.277532622489676806e-01
3.731362277618164441e-02 5.277217303291337203e-01
3.856120081091872487e-02 5.276896266744695030e-01
3.985049151885547425e-02 5.276299240673483215e-01
4.118288955993056055e-02 5.275991410426800199e-01
4.255983622442782027e-02 5.275673489155245921e-01
4.398282099205792772e-02 5.275337833978684943e-01
4.545338314316834522e-02 5.274877728220787043e-01
4.697311342382341770e-02 5.274642124872511717e-01
4.854365576655684383e-02 5.274218347834009890e-01
5.016670906865677154e-02 5.273807380905998210e-01
5.184402902990837420e-02 5.273543304179284519e-01
5.357743005178047802e-02 5.273111285802605241e-01
5.536878720011212396e-02 5.272895040604979044e-01
5.722003823342062395e-02 5.272578477072060732e-01
5.913318569902666078e-02 5.272136633346046208e-01
6.111029909926251474e-02 5.271907742960394438e-01
6.315351713010779189e-02 5.271459350476215278e-01
6.526504999467336310e-02 5.271197964766821675e-01
6.744718179403717817e-02 5.270943267799469423e-01
6.970227299801623477e-02 5.270570676410426536e-01
7.203276299854979858e-02 5.270347728215549754e-01
7.444117274845411802e-02 5.270082750698225071e-01
7.693010748840443946e-02 5.269714017810418483e-01
7.950225956509210379e-02 5.269480637201372497e-01
8.216041134360790865e-02 5.269221159991844816e-01
8.490743821719984319e-02 5.268933038301711891e-01
8.774631171766281157e-02 5.268675353010121576e-01
9.068010272972255870e-02 5.268527322998644014e-01
9.371198481289348681e-02 5.268193178171222124e-01
9.684523763440215649e-02 5.267964322143819933e-01
1.000832505168899600e-01 5.267705011226196943e-01
1.034295261047340625e-01 5.267472504973710334e-01
1.068876841529496080e-01 5.267267727965883051e-01
1.104614654427753945e-01 5.267034098189080638e-01
1.141547358281756464e-01 5.266815238419656486e-01
1.179714904176376727e-01 5.266574752091954803e-01
1.219158578957853512e-01 5.266430419563676857e-01
1.259921049894874856e-01 5.266307616496478383e-01
1.302046410832891354e-01 5.266083645658115042e-01
1.345580229891604751e-01 5.265843855816771946e-01
1.390569598757198100e-01 5.265732949048631539e-01
1.437063183622670492e-01 5.265572655719830131e-01
1.485111277831346888e-01 5.265386709048442970e-01
1.534765856280515817e-01 5.265166553897353552e-01
1.586080631644066208e-01 5.265007482030623631e-01
1.639111112474894438e-01 5.264942760049935444e-01
1.693914663249987407e-01 5.264701202129682400e-01
1.750550566423093313e-01 5.264634239219695422e-01
1.809080086552135869e-01 5.264499642739940422e-01
1.869566536570689830e-01 5.264291909450024010e-01
1.932075346275276828e-01 5.264215829542996383e-01
1.996674133102498971e-01 5.264168709416603420e-01
2.063432775272630582e-01 5.263937791724476734e-01
2.132423487378718452e-01 5.263890527741575953e-01
2.203720898503036263e-01 5.263783288001003813e-01
2.277402132945338109e-01 5.263657574300212305e-01
2.353546893650253491e-01 5.263479880481481965e-01
2.432237548424092122e-01 5.263559386545371144e-01
2.513559219034258718e-01 5.263395346252820461e-01
2.597599873287743666e-01 5.263357065315262817e-01
2.684450420188219666e-01 5.263333299160138923e-01
2.774204808274743361e-01 5.263287349924512526e-01
2.866960127248350254e-01 5.263094793074067912e-01
2.962816712996577673e-01 5.262969325057677006e-01
3.061878256129444420e-01 5.262939149190526411e-01
3.164251914144354805e-01 5.262872637121764896e-01
3.270048427341168962e-01 5.262928463601282969e-01
3.379382238612947953e-01 5.262791748476677300e-01
3.492371617241852855e-01 5.262664966821196666e-01
3.609138786834163448e-01 5.262671672042555926e-01
3.729810057532814693e-01 5.262535703295230238e-01
3.854515962650386651e-01 5.262545737618814501e-01
3.983391399870480631e-01 5.262447685122921825e-01
4.116575777170102257e-01 5.262466704522184013e-01
4.254213163620995108e-01 5.262362590899682946e-01
4.396452445232932327e-01 5.262306455891834212e-01
4.543447486007690661e-01 5.262289991469165651e-01
4.695357294377799362e-01 5.262250131702203015e-01
4.852346195210218704e-01 5.262261492131158347e-01
5.014584007560848322e-01 5.262162266594925253e-01
5.182246228372336949e-01 5.262177155771059489e-01
5.355514222313770833e-01 5.262149563591845824e-01
5.534575417967635413e-01 5.262121528513532542e-01
5.719623510576314906e-01 5.262073165193075219e-01
5.910858671567322808e-01 5.261958580597114743e-01
6.108487765084068544e-01 5.261936028215796757e-01
6.312724571756275216e-01 5.261976274514517105e-01
6.523790019952193653e-01 5.262001038063933711e-01
6.741912424762606104e-01 5.261337068331434219e-01
6.967327734975364839e-01 5.262133141764400168e-01
7.200279788307419881e-01 5.262342628347160822e-01
7.441020575170596008e-01 5.262118768113620559e-01
7.689810511256225389e-01 5.261855481620610897e-01
7.946918719233755368e-01 5.261776554800000616e-01
8.212623319867858873e-01 5.261807316189872630e-01
8.487211732869031078e-01 5.261843243374799695e-01
8.770980987803161932e-01 5.261825197221666750e-01
9.064238045396205701e-01 5.261782985728605810e-01
9.367300129581793700e-01 5.261756654874737427e-01
9.680495070650749767e-01 5.261767617113825013e-01
1.000416165987385808e+00 5.261796414084047857e-01
1.033865001598128330e+00 5.261818187149085446e-01
1.068432196389532240e+00 5.261815839881844870e-01
1.104155142612600837e+00 5.261791368296193649e-01
1.141072482725305592e+00 5.261749656529648433e-01
1.179224151193147607e+00 5.261699513303231823e-01
1.218651417687333982e+00 5.261660593873822567e-01
1.259396931727273516e+00 5.261654405735659568e-01
1.301504768815691548e+00 5.261690031792570776e-01
1.345020478116276896e+00 5.261737890270646867e-01
1.389991131725407447e+00 5.261760900856008449e-01
1.436465375591293947e+00 5.261734911858459984e-01
1.484493482135585296e+00 5.261681153557602464e-01
1.534127404634392455e+00 5.261630808323700670e-01
1.585420833417506836e+00 5.261607796956760952e-01
1.638429253946665609e+00 5.261607257656557568e-01
1.693210006835640158e+00 5.261617198291554942e-01
1.749822349877109051e+00 5.261627442424108292e-01
1.808327522143368116e+00 5.261635943988144382e-01
1.868788810230267217e+00 5.261642931690954095e-01
1.931271616715998229e+00 5.261647990124636021e-01
1.995843530908793184e+00 5.261647443143510072e-01
2.062574401960084458e+00 5.261636585395085275e-01
2.131536414422164238e+00 5.261612583515401509e-01
2.202804166332139602e+00 5.261583331579434697e-01
2.276454749906602792e+00 5.261560537343707988e-01
2.352567834934338631e+00 5.261553878758766789e-01
2.431225754957225149e+00 5.261559813044822675e-01
2.512513596332623944e+00 5.261569514283609417e-01
2.596519290273538783e+00 5.261575258110494646e-01
2.683333707966161441e+00 5.261577564365206294e-01
2.773050758867611432e+00 5.261580648108192815e-01
2.865767492290306695e+00 5.261587965874190420e-01
2.961584202382770314e+00 5.261596427397217113e-01
3.060604536620467719e+00 5.261599657254468765e-01
3.162935607924048931e+00 5.261592048469825311e-01
3.268688110526199786e+00 5.261575666656540529e-01
3.377976439712552459e+00 5.261556879680979737e-01
3.490918815566087297e+00 5.261541656629717956e-01
3.607637410848952619e+00 5.261530988981656387e-01
3.728258483159945236e+00 5.261522753999196000e-01
3.852912511510727001e+00 5.261515070833140406e-01
3.981734337468417539e+00 5.261509807574732411e-01
4.114863311017320058e+00 5.261511446031269523e-01
4.252443441297450555e+00 5.261524068611540539e-01
4.394623552383071896e+00 5.261544902189956296e-01
4.541557444269631816e+00 5.261565853441383389e-01
4.693404059243289517e+00 5.261578951092341638e-01
4.850327653813030437e+00 5.261580901693776458e-01
5.012497976391239618e+00 5.261572450009996960e-01
5.180090450915090017e+00 5.261554583331263801e-01
5.353286366607249214e+00 5.261530639533105180e-01
5.532273074081278885e+00 5.261506212660151949e-01
5.717244188003695271e+00 5.261486913489937800e-01
5.908399796532135539e+00 5.261476426767265346e-01
6.105946677756002750e+00 5.261476381884188092e-01
6.310098523373801171e+00 5.261488096083575261e-01
6.521076169849157722e+00 5.261506105432138813e-01
6.739107837295406966e+00 5.261516898883598081e-01
6.964429376347387013e+00 5.261506939133333560e-01
7.197284523287298619e+00 5.261480478239450864e-01
7.437925163700752407e+00 5.261465252727852704e-01
7.686611604948010879e+00 5.261490034531167703e-01
7.943612857745410594e+00 5.261553704681213306e-01
8.209206927161357470e+00 5.261611207982888061e-01
8.483681113341843272e+00 5.261614484204826248e-01
8.767332322290526392e+00 5.261551017783361317e-01
9.060467387039910392e+00 5.261466524400385536e-01
9.363403399560734641e+00 5.261411815799957870e-01
9.676468053768756405e+00 5.261408374316525194e-01
1.000000000000001243e+01 5.261424052585907951e-01
