2.000000000000000164e-05 9.821286404041424944e-01
2.066869842267550072e-05 9.821293159865784883e-01
2.135975472437544027e-05 9.821325104013589602e-01
2.207391643902171255e-05 9.821364875341125344e-01
2.281195609427394449e-05 9.821347649820539871e-01
2.357467204719313169e-05 9.821293348723642014e-01
2.436288934784564352e-05 9.821348278834737267e-01
2.517746063178175121e-05 9.821347209948416701e-01
2.601926704235410016e-05 9.821398062936896878e-01
2.688921918387384303e-05 9.821392006117861673e-01
2.778825810663545582e-05 9.821378495954217192e-01
2.871735632487579741e-05 9.821395558015296734e-01
2.967751886876853870e-05 9.821378338427790844e-01
3.066978437159193627e-05 9.821430345051661570e-01
3.169522619324599853e-05 9.821459396198085612e-01
3.275495358133433647e-05 9.821389232640441724e-01
3.385011287106671010e-05 9.821457636835626559e-01
3.498188872528021299e-05 9.821443291562198530e-01
3.615150541592045298e-05 9.821481449918676443e-01
3.736022814836899319e-05 9.821485972856275337e-01
3.860936443004954884e-05 9.821498029304515098e-01
3.990026548479344494e-05 9.821523213354044213e-01
4.123432771449419843e-05 9.821598900258772247e-01
4.261299420963254024e-05 9.821538132980454083e-01
4.403775631030562105e-05 9.821641410180625975e-01
4.551015521944909301e-05 9.821619658194620239e-01
4.703178366999723984e-05 9.821629182210841469e-01
4.860428764778435972e-05 9.821701309179231565e-01
5.022936817205134787e-05 9.821705661797958120e-01
5.190878313548323190e-05 9.821700707178143697e-01
5.364434920576834987e-05 9.821845709367041932e-01
5.543794379073590958e-05 9.821798008173848737e-01
5.729150706919781900e-05 9.821896591035713664e-01
5.920704408969155763e-05 9.821888422876231539e-01
6.118662693939432690e-05 9.821928303494126267e-01
6.323239698555469304e-05 9.822049869307554193e-01
6.534656719186627638e-05 9.822067809086103551e-01
6.753142451228926792e-05 9.822096988114160654e-01
6.978933236490913268e-05 9.822185183653076024e-01
7.212273318850868345e-05 9.822207133377801602e-01
7.453415108461877573e-05 9.822256503214046308e-01
7.702619454790587906e-05 9.822407597683322500e-01
7.960155928784993205e-05 9.822459284531940282e-01
8.226303114476471348e-05 9.822531554561917400e-01
8.501348910331518868e-05 9.822657522826202525e-01
8.785590840679157983e-05 9.822738455121688972e-01
9.079336377550881697e-05 9.822794505830723111e-01
9.382903273281309529e-05 9.822955816123813966e-01
9.696619904229312483e-05 9.823082432506079487e-01
1.002082562599141270e-04 9.823145559860078091e-01
1.035587114049174785e-04 9.823286904942378772e-01
1.070211887534562421e-04 9.823417550920880981e-01
1.105994337590709140e-04 9.823632099251947691e-01
1.142973171042456330e-04 9.823767151003959253e-01
1.181188388874281471e-04 9.823926402555454018e-01
1.220681329500424115e-04 9.824107532318264724e-01
1.261494713481742377e-04 9.824298018580531755e-01
1.303672689737678670e-04 9.824529607761262051e-01
1.347260883303314362e-04 9.824773111123634717e-01
1.392306444683180742e-04 9.824959623943911868e-01
1.438858100855209437e-04 9.825217318877749184e-01
1.486966207979997041e-04 9.825513878335627727e-01
1.536682805872396744e-04 9.825821154224817500e-01
1.588061674294368483e-04 9.826131923190076778e-01
1.641158391129971276e-04 9.826445887246587629e-01
1.696030392505434848e-04 9.826796631132925786e-01
1.752737034919339915e-04 9.827169728126291526e-01
1.811339659450114388e-04 9.827573061381933428e-01
1.871901658110307874e-04 9.828019077401584092e-01
1.934488542419408646e-04 9.828458256044413366e-01
1.999168014269393128e-04 9.828963114455419037e-01
2.066010039159656652e-04 9.829530809733791896e-01
2.135086921880547338e-04 9.830086447027300833e-01
2.206473384727377968e-04 9.830648045660689283e-01
2.280246648329511538e-04 9.831350694189383566e-01
2.356486515181963309e-04 9.831981660406419188e-01
2.435275455969876748e-04 9.832699352001517124e-01
2.516698698779247295e-04 9.833532623751748414e-01
2.600844321290405573e-04 9.834347607800889568e-01
2.687803346053976817e-04 9.835201576337653240e-01
2.777669838952388651e-04 9.836194174382318911e-01
2.870541010953427292e-04 9.837182202537598785e-01
2.966517323265922064e-04 9.838254582945182847e-01
3.065702596011295341e-04 9.839491149488582833e-01
3.168204120528543403e-04 9.840662828204399526e-01
3.274132775434116785e-04 9.842066437307110949e-01
3.383603146562264279e-04 9.843435670889676414e-01
3.496733650915567022e-04 9.844938954370435757e-01
3.613646664759745386e-04 9.846595694536827148e-01
3.734468656001317080e-04 9.848288615407013724e-01
3.859330320991275886e-04 9.850092801307208656e-01
3.988366725902805230e-04 9.852084153804365751e-01
4.121717452835938129e-04 9.854210887780839867e-01
4.259526750807212541e-04 9.856408971280941067e-01
4.401943691787655547e-04 9.858853451710567484e-01
4.549122331957894719e-04 9.861415181413571984e-01
4.701221878354804149e-04 9.864091389135731802e-01
4.858406861089974399e-04 9.867075139311521914e-01
5.020847311326308640e-04 9.870185307225868288e-01
5.188718945205230424e-04 9.873482211336456205e-01
5.362203353923492141e-04 9.877072978808227877e-01
5.541488200165187389e-04 9.880873987104784595e-01
5.726767421101455150e-04 9.884971493322696201e-01
5.918241438177454907e-04 9.889300945754818661e-01
6.116117373913557359e-04 9.893982641866475580e-01
6.320609275955268004e-04 9.898852089589734726e-01
6.531938348614238542e-04 9.904161707211734944e-01
6.750333192150836329e-04 9.909772893989202691e-01
6.976030050057104547e-04 9.915819961686420658e-01
7.209273064607610694e-04 9.922216534758578899e-01
7.450314540954613768e-04 9.929112093542069584e-01
7.699415220053250396e-04 9.936530703708273959e-01
7.956844560711916160e-04 9.944313297883611291e-01
8.222881031073025473e-04 9.952655402693192377e-01
8.497812409839368810e-04 9.961607315474865221e-01
8.781936097571961097e-04 9.971161628183885517e-01
9.075559438396131216e-04 9.981308987613087824e-01
9.379000052463793693e-04 9.992185368344244090e-01
9.692586179531593148e-04 1.000368430159252142e+00
1.001665703402655023e-03 1.001608149938792547e+00
1.035156317198330069e-03 1.002917255158044085e+00
1.069766687024985286e-03 1.004315238145280009e+00
1.105534251837205851e-03 1.005813873013569282e+00
1.142497702358069404e-03 1.007400744235821044e+00
1.180697022931930960e-03 1.009090414848043293e+00
1.220173534776542454e-03 1.010889378476863110e+00
1.260969940681316284e-03 1.012800748288267716e+00
1.303130371200056587e-03 1.014832233971764808e+00
1.346700432388157767e-03 1.016986888120996690e+00
1.391727255135877424e-03 1.019279046658103649e+00
1.438259546151070007e-03 1.021702202169554541e+00
1.486347640646530459e-03 1.024271443374760615e+00
1.536043556788919398e-03 1.026990148875571718e+00
1.587401051968200579e-03 1.029856365051975864e+00
1.640475680948428249e-03 1.032893187535768753e+00
1.695324855962815390e-03 1.036083700599640611e+00
1.752007908818060174e-03 1.039441007081705504e+00
1.810586155075142928e-03 1.042965177152411105e+00
1.871122960375984270e-03 1.046677436260432970e+00
1.933683808987751848e-03 1.050542833127019682e+00
1.998336374638913938e-03 1.054591188002525826e+00
2.065150593723721201e-03 1.058811288985416876e+00
2.134198740954243185e-03 1.063182884673529838e+00
2.205555507541849362e-03 1.067732634328417696e+00
2.279298081992675151e-03 1.072435480663981533e+00
2.355506233604463730e-03 1.077278944736724364e+00
2.434262398755145627e-03 1.082255055052085080e+00
2.515651770076436904e-03 1.087358470560672474e+00
2.599762388608985089e-03 1.092569704157052790e+00
2.686685239038679764e-03 1.097861128945963216e+00
2.776514348117217236e-03 1.103238456833462111e+00
2.869346886373309435e-03 1.108656900802800882e+00
2.965283273224645581e-03 1.114102974992104977e+00
3.064427285604211931e-03 1.119581129457091428e+00
3.166886170218578649e-03 1.125032831392937860e+00
3.272770759559481216e-03 1.130464851082103372e+00
3.382195591794276077e-03 1.135855387444182130e+00
3.495279034664920681e-03 1.141187927405605596e+00
3.612143413529477973e-03 1.146463088672882158e+00
3.732915143684721951e-03 1.151666083272755214e+00
3.857724867112893516e-03 1.156808662563598267e+00
3.986707593800617976e-03 1.161894632542195716e+00
4.120002847782761740e-03 1.166939879470696440e+00
4.257754818069308354e-03 1.171946300741755209e+00
4.400112514618404608e-03 1.176956355963113543e+00
4.547229929524409554e-03 1.181978193492661200e+00
4.699266203595197679e-03 1.187041985809499378e+00
4.856385798499019031e-03 1.192166060396984806e+00
5.018758674667020935e-03 1.197372579449051733e+00
5.186560475143959549e-03 1.202679038375899623e+00
5.359972715585955248e-03 1.208093009434650700e+00
5.539182980610755057e-03 1.213615295121426962e+00
5.724385126713026593e-03 1.219254719115166807e+00
5.915779491964028892e-03 1.225001819798080760e+00
6.113573112722652143e-03 1.230848917332228121e+00
6.317979947592099882e-03 1.236782453526693804e+00
6.529221108864616957e-03 1.242798589599394266e+00
6.747525101704480652e-03 1.248891931941911393e+00
6.973128071328140755e-03 1.255046832606331098e+00
7.206274058448705437e-03 1.261264179219435233e+00
7.447215263261310406e-03 1.267532166747556310e+00
7.696212318254701257e-03 1.273861398656614297e+00
7.953534570144332738e-03 1.280259280787897413e+00
8.219460371231864307e-03 1.286713632173608790e+00
8.494277380506187053e-03 1.293218285746623675e+00
8.778282874811823774e-03 1.299780724906974383e+00
9.071784070421121463e-03 1.306407180144918412e+00
9.375098455358292851e-03 1.313067735031834049e+00
9.688554132834568261e-03 1.319785467778620935e+00
1.001249017616620725e-02 1.326554378130587075e+00
1.034725699555901803e-02 1.333359892584784046e+00
1.069321671715643858e-02 1.340214822221861724e+00
1.105074357476093505e-02 1.347110295588026530e+00
1.142022431465263173e-02 1.354038320904572990e+00
1.180205861394306721e-02 1.361005639623515506e+00
1.219665951291643881e-02 1.368004156743299005e+00
1.260445386182631328e-02 1.375028619804119279e+00
1.302588278263077520e-02 1.382084619155408145e+00
1.346140214616583890e-02 1.389170397575958837e+00
1.391148306527291781e-02 1.396271108366951008e+00
1.437661240441416924e-02 1.403397928148919283e+00
1.485729330632660182e-02 1.410539568135328325e+00
1.535404573628500365e-02 1.417700700484658238e+00
1.586740704456205894e-02 1.424864903767451008e+00
1.639793254769450481e-02 1.432038710073334054e+00
1.694619612918364313e-02 1.439233469004452370e+00
1.751279086028037155e-02 1.446418714947573569e+00
1.809832964152614798e-02 1.453611085564876726e+00
1.870344586574363213e-02 1.460806656112988433e+00
1.932879410319460894e-02 1.467989398379108801e+00
1.997505080964588620e-02 1.475176686130198478e+00
2.064291505810955316e-02 1.482359152883904629e+00
2.133310929504865505e-02 1.489517344541549493e+00
2.204638012186681956e-02 1.496671700458043652e+00
2.278349910252664909e-02 1.503807218954024583e+00
2.354526359817107548e-02 1.510917822218884154e+00
2.433249762964985810e-02 1.518010727810190863e+00
2.514605276888498206e-02 1.525072410137354284e+00
2.598680906003840441e-02 1.532122413631855418e+00
2.685567597147924673e-02 1.539149910689909362e+00
2.775359337957988490e-02 1.546155307084352337e+00
2.868153258540498754e-02 1.553113349734673410e+00
2.964049736539381419e-02 1.560034185142099350e+00
3.063152505717161092e-02 1.566914787467414749e+00
3.165568768166540647e-02 1.573748553171141262e+00
3.271409310273729054e-02 1.580550060746244379e+00
3.380788622559029871e-02 1.587326339976688816e+00
3.493825023524253087e-02 1.594074932236913211e+00
3.610640787640997940e-02 1.600767002922415472e+00
3.731362277618164441e-02 1.607357592874961050e+00
3.856120081091872487e-02 1.613904925230254195e+00
3.985049151885547425e-02 1.620476374827985788e+00
4.118288955993056055e-02 1.627010973795430582e+00
4.255983622442782027e-02 1.633352306050730007e+00
4.398282099205792772e-02 1.639679248830374192e+00
4.545338314316834522e-02 1.646143819692812871e+00
4.697311342382341770e-02 1.652306857473905266e+00
4.854365576655684383e-02 1.658419254024054768e+00
5.016670906865677154e-02 1.664784208108472940e+00
5.184402902990837420e-02 1.670595273255324642e+00
5.357743005178047802e-02 1.676787281520122797e+00
5.536878720011212396e-02 1.682701735597724957e+00
5.722003823342062395e-02 1.688504638478074193e+00
5.913318569902666078e-02 1.694410623953319650e+00
6.111029909926251474e-02 1.700143743728423029e+00
6.315351713010779189e-02 1.705727959742462829e+00
6.526504999467336310e-02 1.711611232474743005e+00
6.744718179403717817e-02 1.716779926877971540e+00
6.970227299801623477e-02 1.722479908691990635e+00
7.203276299854979858e-02 1.728139239406622396e+00
7.444117274845411802e-02 1.733027410417872005e+00
7.693010748840443946e-02 1.738204124843713894e+00
7.950225956509210379e-02 1.743849370693694834e+00
8.216041134360790865e-02 1.748835521908363333e+00
8.490743821719984319e-02 1.753981101704929157e+00
8.774631171766281157e-02 1.758838682040499091e+00
9.068010272972255870e-02 1.763762877918752192e+00
9.371198481289348681e-02 1.768659193359229498e+00
9.684523763440215649e-02 1.773157301814440867e+00
1.000832505168899600e-01 1.777784631480370026e+00
1.034295261047340625e-01 1.782720952831160499e+00
1.068876841529496080e-01 1.787505316074433637e+00
1.104614654427753945e-01 1.791779618505455085e+00
1.141547358281756464e-01 1.796324811575722435e+00
1.179714904176376727e-01 1.800477544135146601e+00
1.219158578957853512e-01 1.804825832895674109e+00
1.259921049894874856e-01 1.808949415757682644e+00
1.302046410832891354e-01 1.812729328297721265e+00
1.345580229891604751e-01 1.816755071289930523e+00
1.390569598757198100e-01 1.821199415192875870e+00
1.437063183622670492e-01 1.824490443398028461e+00
1.485111277831346888e-01 1.828892580903040521e+00
1.534765856280515817e-01 1.832383981162966080e+00
1.586080631644066208e-01 1.836138374356899527e+00
1.639111112474894438e-01 1.839186580586544828e+00
1.693914663249987407e-01 1.843110314672809835e+00
1.750550566423093313e-01 1.846760709525340216e+00
1.809080086552135869e-01 1.849951501726640357e+00
1.869566536570689830e-01 1.852946862913724901e+00
1.932075346275276828e-01 1.857406800529434410e+00
1.996674133102498971e-01 1.860434463220482781e+00
2.063432775272630582e-01 1.864130833732379866e+00
2.132423487378718452e-01 1.867116914310658071e+00
2.203720898503036263e-01 1.870206039886611382e+00
2.277402132945338109e-01 1.871400125868972975e+00
2.353546893650253491e-01 1.874891770329689678e+00
2.432237548424092122e-01 1.877861476056355228e+00
2.513559219034258718e-01 1.879892512738744248e+00
2.597599873287743666e-01 1.883548587623271597e+00
2.684450420188219666e-01 1.885415852296906891e+00
2.774204808274743361e-01 1.889034906799706981e+00
2.866960127248350254e-01 1.892963859890617995e+00
2.962816712996577673e-01 1.892842252897475541e+00
3.061878256129444420e-01 1.898167888695477146e+00
3.164251914144354805e-01 1.899322164640122157e+00
3.270048427341168962e-01 1.900426295004818744e+00
3.379382238612947953e-01 1.904074503063492019e+00
3.492371617241852855e-01 1.903175833924163118e+00
3.609138786834163448e-01 1.906787245853671431e+00
3.729810057532814693e-01 1.909787477130195255e+00
3.854515962650386651e-01 1.910553081371487938e+00
3.983391399870480631e-01 1.916137047601337740e+00
4.116575777170102257e-01 1.918371473117638004e+00
4.254213163620995108e-01 1.918551107607680661e+00
4.396452445232932327e-01 1.920840999326544507e+00
4.543447486007690661e-01 1.922246160543966020e+00
4.695357294377799362e-01 1.922295193119083034e+00
4.852346195210218704e-01 1.926521366476215524e+00
5.014584007560848322e-01 1.924002372600245314e+00
5.182246228372336949e-01 1.928638023696735759e+00
5.355514222313770833e-01 1.929580402771380987e+00
5.534575417967635413e-01 1.931977583852394265e+00
5.719623510576314906e-01 1.934702405923438562e+00
5.910858671567322808e-01 1.936001449144344022e+00
6.108487765084068544e-01 1.936032219633343487e+00
6.312724571756275216e-01 1.937827539255913001e+00
6.523790019952193653e-01 1.940286868144671883e+00
6.741912424762606104e-01 1.928220680187208602e+00
6.967327734975364839e-01 1.946528207308692915e+00
7.200279788307419881e-01 1.952239370257968787e+00
7.441020575170596008e-01 1.948659773053540434e+00
7.689810511256225389e-01 1.944297323122047505e+00
7.946918719233755368e-01 1.944027965408756664e+00
8.212623319867858873e-01 1.946356302203940070e+00
8.487211732869031078e-01 1.949148066962580694e+00
8.770980987803161932e-01 1.951034815272147060e+00
9.064238045396205701e-01 1.952149044476474860e+00
9.367300129581793700e-01 1.952797340288633166e+00
9.680495070650749767e-01 1.953232512730181059e+00
1.000416165987385808e+00 1.953589420165300794e+00
1.033865001598128330e+00 1.953987187544184323e+00
1.068432196389532240e+00 1.954516071132686328e+00
1.104155142612600837e+00 1.955195319729008618e+00
1.141072482725305592e+00 1.956033441869476031e+00
1.179224151193147607e+00 1.957025098330913204e+00
1.218651417687333982e+00 1.958126678384664254e+00
1.259396931727273516e+00 1.959288000749608960e+00
1.301504768815691548e+00 1.960428332459908107e+00
1.345020478116276896e+00 1.961371865458218178e+00
1.389991131725407447e+00 1.961924359131514084e+00
1.436465375591293947e+00 1.962007634922669164e+00
1.484493482135585296e+00 1.961950914193878681e+00
1.534127404634392455e+00 1.962172759465611094e+00
1.585420833417506836e+00 1.962948491174618448e+00
1.638429253946665609e+00 1.963985662366408258e+00
1.693210006835640158e+00 1.964851172693824255e+00
1.749822349877109051e+00 1.965225607250552953e+00
1.808327522143368116e+00 1.965298613408436479e+00
1.868788810230267217e+00 1.965402268198367386e+00
1.931271616715998229e+00 1.965802431578186793e+00
1.995843530908793184e+00 1.966429776022021958e+00
2.062574401960084458e+00 1.967109176180105390e+00
2.131536414422164238e+00 1.967694143085829239e+00
2.202804166332139602e+00 1.968202485807780677e+00
2.276454749906602792e+00 1.968710422555208783e+00
2.352567834934338631e+00 1.969258485856228313e+00
2.431225754957225149e+00 1.969654845904456719e+00
2.512513596332623944e+00 1.969614818366384856e+00
2.596519290273538783e+00 1.968933751866855264e+00
2.683333707966161441e+00 1.968000319105885021e+00
2.773050758867611432e+00 1.967469133214542198e+00
2.865767492290306695e+00 1.967897621657005658e+00
2.961584202382770314e+00 1.969012664947493718e+00
3.060604536620467719e+00 1.970124377027003604e+00
3.162935607924048931e+00 1.970616575479297250e+00
3.268688110526199786e+00 1.970616364681883725e+00
3.377976439712552459e+00 1.970667630370747103e+00
3.490918815566087297e+00 1.971261389582408929e+00
3.607637410848952619e+00 1.972247647570858575e+00
3.728258483159945236e+00 1.973075363834731144e+00
3.852912511510727001e+00 1.973235037914622625e+00
3.981734337468417539e+00 1.972834494373676639e+00
4.114863311017320058e+00 1.972411942962636333e+00
4.252443441297450555e+00 1.972477926042969232e+00
4.394623552383071896e+00 1.972991176406435621e+00
4.541557444269631816e+00 1.973482197806778249e+00
4.693404059243289517e+00 1.973494125036831415e+00
4.850327653813030437e+00 1.972996835791883452e+00
5.012497976391239618e+00 1.972328602373332407e+00
5.180090450915090017e+00 1.971826902394042236e+00
5.353286366607249214e+00 1.971553455716380743e+00
5.532273074081278885e+00 1.971305301746076877e+00
5.717244188003695271e+00 1.970880395837437682e+00
5.908399796532135539e+00 1.970377301187744346e+00
6.105946677756002750e+00 1.970215372161315148e+00
6.310098523373801171e+00 1.970814454527466175e+00
6.521076169849157722e+00 1.972109944274744509e+00
6.739107837295406966e+00 1.973462349713941189e+00
6.964429376347387013e+00 1.974211792775841579e+00
7.197284523287298619e+00 1.974222971373793323e+00
7.437925163700752407e+00 1.974053097109497168e+00
7.686611604948010879e+00 1.974295869670796399e+00
7.943612857745410594e+00 1.974974539723991285e+00
8.209206927161357470e+00 1.975273862831674387e+00
8.483681113341843272e+00 1.974323818463184388e+00
8.767332322290526392e+00 1.972112836143933068e+00
9.060467387039910392e+00 1.970035706257578623e+00
9.363403399560734641e+00 1.969607170671918484e+00
9.676468053768756405e+00 1.971326641568007076e+00
1.000000000000001243e+01 1.973836969977152078e+00
