2.000000000000000164e-05 3.295782466513954745e+01
2.066869842267550072e-05 3.401765789802873741e+01
2.135975472437544027e-05 3.511157589607695684e+01
2.207391643902171255e-05 3.624065480945753137e+01
2.281195609427394449e-05 3.740605436930270145e+01
2.357467204719313169e-05 3.860892585894554685e+01
2.436288934784564352e-05 3.985046607498044580e+01
2.517746063178175121e-05 4.113194321587498337e+01
2.601926704235410016e-05 4.245461092944445625e+01
2.688921918387384303e-05 4.381982247621044024e+01
2.778825810663545582e-05 4.522892537444086969e+01
2.871735632487579741e-05 4.668333832192366373e+01
2.967751886876853870e-05 4.818451792596617622e+01
3.066978437159193627e-05 4.973396953920358499e+01
3.169522619324599853e-05 5.133323831290496031e+01
3.275495358133433647e-05 5.298392890906346508e+01
3.385011287106671010e-05 5.468769141625748631e+01
3.498188872528021299e-05 5.644624323960084666e+01
3.615150541592045298e-05 5.826133610158346698e+01
3.736022814836899319e-05 6.013479292940011334e+01
3.860936443004954884e-05 6.206847227996882310e+01
3.990026548479344494e-05 6.406433172556661759e+01
4.123432771449419843e-05 6.612436089052928878e+01
4.261299420963254024e-05 6.825061958307317411e+01
4.403775631030562105e-05 7.044523390751068348e+01
4.551015521944909301e-05 7.271040359612884174e+01
4.703178366999723984e-05 7.504840936081001246e+01
4.860428764778435972e-05 7.746157730832842958e+01
5.022936817205134787e-05 7.995232000050788201e+01
5.190878313548323190e-05 8.252313236421618114e+01
5.364434920576834987e-05 8.517658171983796933e+01
5.543794379073590958e-05 8.791534703579003462e+01
5.729150706919781900e-05 9.074213957440747436e+01
5.920704408969155763e-05 9.365979502856956174e+01
6.118662693939432690e-05 9.667123496422502171e+01
6.323239698555469304e-05 9.977947205598266578e+01
6.534656719186627638e-05 1.029876134039193687e+02
6.753142451228926792e-05 1.062988545511140188e+02
6.978933236490913268e-05 1.097165361615679871e+02
7.212273318850868345e-05 1.132440592469126983e+02
7.453415108461877573e-05 1.168849284724677204e+02
7.702619454790587906e-05 1.206427907855078132e+02
7.960155928784993205e-05 1.245214324844705658e+02
8.226303114476471348e-05 1.285246738282642127e+02
8.501348910331518868e-05 1.326565570044164701e+02
8.785590840679157983e-05 1.369212135523218592e+02
9.079336377550881697e-05 1.413228315131866566e+02
9.382903273281309529e-05 1.458658757787925992e+02
9.696619904229312483e-05 1.505548350390916710e+02
1.002082562599141270e-04 1.553944532350907934e+02
1.035587114049174785e-04 1.603894426876272803e+02
1.070211887534562421e-04 1.655448777109411935e+02
1.105994337590709140e-04 1.708658774897406545e+02
1.142973171042456330e-04 1.763576803533894122e+02
1.181188388874281471e-04 1.820257876665855292e+02
1.220681329500424115e-04 1.878758835084003920e+02
1.261494713481742377e-04 1.939137482309189977e+02
1.303672689737678670e-04 2.001453795135745679e+02
1.347260883303314362e-04 2.065770414611803005e+02
1.392306444683180742e-04 2.132149514169889812e+02
1.438858100855209437e-04 2.200658959458798449e+02
1.486966207979997041e-04 2.271365394939831504e+02
1.536682805872396744e-04 2.344339503658279682e+02
1.588061674294368483e-04 2.419652859324795884e+02
1.641158391129971276e-04 2.497380795106917617e+02
1.696030392505434848e-04 2.577600160537853071e+02
1.752737034919339915e-04 2.660389205633961751e+02
1.811339659450114388e-04 2.745831046831563071e+02
1.871901658110307874e-04 2.834009099576643393e+02
1.934488542419408646e-04 2.925010191157567760e+02
1.999168014269393128e-04 3.018924157047629819e+02
2.066010039159656652e-04 3.115843431421094465e+02
2.135086921880547338e-04 3.215863287010171803e+02
2.206473384727377968e-04 3.319080318461789147e+02
2.280246648329511538e-04 3.425597085233187613e+02
2.356486515181963309e-04 3.535517896115798635e+02
2.435275455969876748e-04 3.648948183910380862e+02
2.516698698779247295e-04 3.766000854691023392e+02
2.600844321290405573e-04 3.886787111258644245e+02
2.687803346053976817e-04 4.011425986880860250e+02
2.777669838952388651e-04 4.140037331130020561e+02
2.870541010953427292e-04 4.272745922712608149e+02
2.966517323265922064e-04 4.409678756068022949e+02
3.065702596011295341e-04 4.550967763678181655e+02
3.168204120528543403e-04 4.696749697761695757e+02
3.274132775434116785e-04 4.847161755761329687e+02
3.383603146562264279e-04 5.002348503860812343e+02
3.496733650915567022e-04 5.162458478354849376e+02
3.613646664759745386e-04 5.327639934524192995e+02
3.734468656001317080e-04 5.498052453556529144e+02
3.859330320991275886e-04 5.673852897502206361e+02
3.988366725902805230e-04 5.855207396692970860e+02
4.121717452835938129e-04 6.042285024580506843e+02
4.259526750807212541e-04 6.235259089429669075e+02
4.401943691787655547e-04 6.434307205844153259e+02
4.549122331957894719e-04 6.639613753723302807e+02
4.701221878354804149e-04 6.851363223082546483e+02
4.858406861089974399e-04 7.069749432320154483e+02
5.020847311326308640e-04 7.294969020963917501e+02
5.188718945205230424e-04 7.527226653492017476e+02
5.362203353923492141e-04 7.766724570003001418e+02
5.541488200165187389e-04 8.013679067671663461e+02
5.726767421101455150e-04 8.268303874514072049e+02
5.918241438177454907e-04 8.530820664116700982e+02
6.116117373913557359e-04 8.801458452507796437e+02
6.320609275955268004e-04 9.080447985914305491e+02
6.531938348614238542e-04 9.368021688893719556e+02
6.750333192150836329e-04 9.664429062069074234e+02
6.976030050057104547e-04 9.969910764012429354e+02
7.209273064607610694e-04 1.028471817881601282e+03
7.450314540954613768e-04 1.060911116607896020e+03
7.699415220053250396e-04 1.094334388371666591e+03
7.956844560711916160e-04 1.128768714024846759e+03
8.222881031073025473e-04 1.164240875741860918e+03
8.497812409839368810e-04 1.200778332062473282e+03
8.781936097571961097e-04 1.238408684193132103e+03
9.075559438396131216e-04 1.277160112079867076e+03
9.379000052463793693e-04 1.317061306463901929e+03
9.692586179531593148e-04 1.358141026538453843e+03
1.001665703402655023e-03 1.400428326038825844e+03
1.035156317198330069e-03 1.443952994075245442e+03
1.069766687024985286e-03 1.488744191114345085e+03
1.105534251837205851e-03 1.534832035126092251e+03
1.142497702358069404e-03 1.582246474851755465e+03
1.180697022931930960e-03 1.631017293680933790e+03
1.220173534776542454e-03 1.681174535249857172e+03
1.260969940681316284e-03 1.732748703423725829e+03
1.303130371200056587e-03 1.785768551642667489e+03
1.346700432388157767e-03 1.840264769147438528e+03
1.391727255135877424e-03 1.896265722841277238e+03
1.438259546151070007e-03 1.953800140382923701e+03
1.486347640646530459e-03 2.012897175619782502e+03
1.536043556788919398e-03 2.073583731931526017e+03
1.587401051968200579e-03 2.135886765970813030e+03
1.640475680948428249e-03 2.199833298170081434e+03
1.695324855962815390e-03 2.265447036672720515e+03
1.752007908818060174e-03 2.332752999315747275e+03
1.810586155075142928e-03 2.401774125267110776e+03
1.871122960375984270e-03 2.472531370393020097e+03
1.933683808987751848e-03 2.545045468042034372e+03
1.998336374638913938e-03 2.619334923474010338e+03
2.065150593723721201e-03 2.695416697185538396e+03
2.134198740954243185e-03 2.773304734242673931e+03
2.205555507541849362e-03 2.853014659386629319e+03
2.279298081992675151e-03 2.934555678579549294e+03
2.355506233604463730e-03 3.017936677984826474e+03
2.434262398755145627e-03 3.103165900416202476e+03
2.515651770076436904e-03 3.190246335316552631e+03
2.599762388608985089e-03 3.279180619871494855e+03
2.686685239038679764e-03 3.369967626130537155e+03
2.776514348117217236e-03 3.462603018500791222e+03
2.869346886373309435e-03 3.557081642639441725e+03
2.965283273224645581e-03 3.653393313530043088e+03
3.064427285604211931e-03 3.751524207089429638e+03
3.166886170218578649e-03 3.851458977344817413e+03
3.272770759559481216e-03 3.953177383751098660e+03
3.382195591794276077e-03 4.056654159786612581e+03
3.495279034664920681e-03 4.161860669838023568e+03
3.612143413529477973e-03 4.268763804404918119e+03
3.732915143684721951e-03 4.377320828720295140e+03
3.857724867112893516e-03 4.487491837527702046e+03
3.986707593800617976e-03 4.599221682587205578e+03
4.120002847782761740e-03 4.712453370781237027e+03
4.257754818069308354e-03 4.827122917999909077e+03
4.400112514618404608e-03 4.943159580544939672e+03
4.547229929524409554e-03 5.060485266820947800e+03
4.699266203595197679e-03 5.179014626783578024e+03
4.856385798499019031e-03 5.298653395391695085e+03
5.018758674667020935e-03 5.419303289944179596e+03
5.186560475143959549e-03 5.540857327340037955e+03
5.359972715585955248e-03 5.663198672841162988e+03
5.539182980610755057e-03 5.786202342285245322e+03
5.724385126713026593e-03 5.909735126160750042e+03
5.915779491964028892e-03 6.033651807303458554e+03
6.113573112722652143e-03 6.157796797269559647e+03
6.317979947592099882e-03 6.282004645334133784e+03
6.529221108864616957e-03 6.406098245139672144e+03
6.747525101704480652e-03 6.529887528516613202e+03
6.973128071328140755e-03 6.653176345935536119e+03
7.206274058448705437e-03 6.775755041061269367e+03
7.447215263261310406e-03 6.897405232651538427e+03
7.696212318254701257e-03 7.017898652296062210e+03
7.953534570144332738e-03 7.136990292441144447e+03
8.219460371231864307e-03 7.254426256812276733e+03
8.494277380506187053e-03 7.369931927147939859e+03
8.778282874811823774e-03 7.483224117203573769e+03
9.071784070421121463e-03 7.594008098884306492e+03
9.375098455358292851e-03 7.701971187642219775e+03
9.688554132834568261e-03 7.806797701056612823e+03
1.001249017616620725e-02 7.908155058643166740e+03
1.034725699555901803e-02 8.005701575291628615e+03
1.069321671715643858e-02 8.099073451934867080e+03
1.105074357476093505e-02 8.187900478356763415e+03
1.142022431465263173e-02 8.271798458494289662e+03
1.180205861394306721e-02 8.350377695700150070e+03
1.219665951291643881e-02 8.423243192543552141e+03
1.260445386182631328e-02 8.489984940414411540e+03
1.302588278263077520e-02 8.550191425922226699e+03
1.346140214616583890e-02 8.603435476979846499e+03
1.391148306527291781e-02 8.649298413236374472e+03
1.437661240441416924e-02 8.687368037589287269e+03
1.485729330632660182e-02 8.717221109777899983e+03
1.535404573628500365e-02 8.738450303700710720e+03
1.586740704456205894e-02 8.750652699919361112e+03
1.639793254769450481e-02 8.753446323739528452e+03
1.694619612918364313e-02 8.746468966291924517e+03
1.751279086028037155e-02 8.729379755662432217e+03
1.809832964152614798e-02 8.701871824937221390e+03
1.870344586574363213e-02 8.663676055904521490e+03
1.932879410319460894e-02 8.614568981373920906e+03
1.997505080964588620e-02 8.554375678505075484e+03
2.064291505810955316e-02 8.482985772884552716e+03
2.133310929504865505e-02 8.400354650676574238e+03
2.204638012186681956e-02 8.306514613023888160e+03
2.278349910252664909e-02 8.201579825754284684e+03
2.354526359817107548e-02 8.085756802241870901e+03
2.433249762964985810e-02 7.959354806353741878e+03
2.514605276888498206e-02 7.822779771236935630e+03
2.598680906003840441e-02 7.676556515060538004e+03
2.685567597147924673e-02 7.521320637684733811e+03
2.775359337957988490e-02 7.357822587007651236e+03
2.868153258540498754e-02 7.186929830044913615e+03
2.964049736539381419e-02 7.009623383641131113e+03
3.063152505717161092e-02 6.826988752502613352e+03
3.165568768166540647e-02 6.640209664127707583e+03
3.271409310273729054e-02 6.450555075366399251e+03
3.380788622559029871e-02 6.259359612115066739e+03
3.493825023524253087e-02 6.068014043905605831e+03
3.610640787640997940e-02 5.877927249552380999e+03
3.731362277618164441e-02 5.690510631717585966e+03
3.856120081091872487e-02 5.507142501717172308e+03
3.985049151885547425e-02 5.329138243738518213e+03
4.118288955993056055e-02 5.157713566800530316e+03
4.255983622442782027e-02 4.993953049533557532e+03
4.398282099205792772e-02 4.838767945039862752e+03
4.545338314316834522e-02 4.692862457768560489e+03
4.697311342382341770e-02 4.556693971554765994e+03
4.854365576655684383e-02 4.430442008610793891e+03
5.016670906865677154e-02 4.313971447205623008e+03
5.184402902990837420e-02 4.206809590897442831e+03
5.357743005178047802e-02 4.108117608316075348e+03
5.536878720011212396e-02 4.016682684978499310e+03
5.722003823342062395e-02 3.930924231408595460e+03
5.913318569902666078e-02 3.848917001939188140e+03
6.111029909926251474e-02 3.768437293432093611e+03
6.315351713010779189e-02 3.687055825361573170e+03
6.526504999467336310e-02 3.602252749146651695e+03
6.744718179403717817e-02 3.511581217594603004e+03
6.970227299801623477e-02 3.412863132039381526e+03
7.203276299854979858e-02 3.304408164473054512e+03
7.444117274845411802e-02 3.185228555128902826e+03
7.693010748840443946e-02 3.055233338908611131e+03
7.950225956509210379e-02 2.915366735524063643e+03
8.216041134360790865e-02 2.767636763031369810e+03
8.490743821719984319e-02 2.615042373604569093e+03
8.774631171766281157e-02 2.461367520638090809e+03
9.068010272972255870e-02 2.310852835270613014e+03
9.371198481289348681e-02 2.167793685028572327e+03
9.684523763440215649e-02 2.036094078564920437e+03
1.000832505168899600e-01 1.918848086488090530e+03
1.034295261047340625e-01 1.817981882586830125e+03
1.068876841529496080e-01 1.733991918494496531e+03
1.104614654427753945e-01 1.665800036422137509e+03
1.141547358281756464e-01 1.610740460940165804e+03
1.179714904176376727e-01 1.564718985900632333e+03
1.219158578957853512e-01 1.522594089691442832e+03
1.259921049894874856e-01 1.478836650354215635e+03
1.302046410832891354e-01 1.428446854923507999e+03
1.345580229891604751e-01 1.367992957763106233e+03
1.390569598757198100e-01 1.296508106532646480e+03
1.437063183622670492e-01 1.215902109327998232e+03
1.485111277831346888e-01 1.130645602932523389e+03
1.534765856280515817e-01 1.046719047149304970e+03
1.586080631644066208e-01 9.701131521431814235e+02
1.639111112474894438e-01 9.053237771132522766e+02
1.693914663249987407e-01 8.542600726084257303e+02
1.750550566423093313e-01 8.157852018594737729e+02
1.809080086552135869e-01 7.859670823810261027e+02
1.869566536570689830e-01 7.590789057374058757e+02
1.932075346275276828e-01 7.293104594299521750e+02
1.996674133102498971e-01 6.928150307921340527e+02
2.063432775272630582e-01 6.492538624967735359e+02
2.132423487378718452e-01 6.019068335917493187e+02
2.203720898503036263e-01 5.560861827529255379e+02
2.277402132945338109e-01 5.166169067853306842e+02
2.353546893650253491e-01 4.856838124870611750e+02
2.432237548424092122e-01 4.620094374971956768e+02
2.513559219034258718e-01 4.416585321539491247e+02
2.597599873287743666e-01 4.201877452359491372e+02
2.684450420188219666e-01 3.951726346243902981e+02
2.774204808274743361e-01 3.675316652603167427e+02
2.866960127248350254e-01 3.405680656566764242e+02
2.962816712996577673e-01 3.174044709584575799e+02
3.061878256129444420e-01 2.987991729898761264e+02
3.164251914144354805e-01 2.828958640884998204e+02
3.270048427341168962e-01 2.669636380133290459e+02
3.379382238612947953e-01 2.497135496815380691e+02
3.492371617241852855e-01 2.321508955932436606e+02
3.609138786834163448e-01 2.161986730910900008e+02
3.729810057532814693e-01 2.026400878608064886e+02
3.854515962650386651e-01 1.905371558825062550e+02
3.983391399870480631e-01 1.785350116126843716e+02
4.116575777170102257e-01 1.663984946344776006e+02
4.254213163620995108e-01 1.549638646387492145e+02
4.396452445232932327e-01 1.448028752983899494e+02
4.543447486007690661e-01 1.355312933413189569e+02
4.695357294377799362e-01 1.265442307198517540e+02
4.852346195210218704e-01 1.178658539566726375e+02
5.014584007560848322e-01 1.098648569730488873e+02
5.182246228372336949e-01 1.025417229391372871e+02
5.355514222313770833e-01 9.561279630270918517e+01
5.534575417967635413e-01 8.902641468030243743e+01
5.719623510576314906e-01 8.291337255523423266e+01
5.910858671567322808e-01 7.724222091066718576e+01
6.108487765084068544e-01 7.190075883577239324e+01
6.312724571756275216e-01 6.689606151274416845e+01
6.523790019952193653e-01 6.224468701546832961e+01
6.741912424762606104e-01 5.789509218941985580e+01
6.967327734975364839e-01 5.382714321639017641e+01
7.200279788307419881e-01 5.003483268004005424e+01
7.441020575170596008e-01 4.649924403603574063e+01
7.689810511256225389e-01 4.320197101930043715e+01
7.946918719233755368e-01 4.012690515441435224e+01
8.212623319867858873e-01 3.726035338934269703e+01
8.487211732869031078e-01 3.458945366245529840e+01
8.770980987803161932e-01 3.210191193779283481e+01
9.064238045396205701e-01 2.978593619907736922e+01
9.367300129581793700e-01 2.763040110020324391e+01
9.680495070650749767e-01 2.562478819143353448e+01
1.000416165987385808e+00 2.375911630886248105e+01
1.033865001598128330e+00 2.202402496070466142e+01
1.068432196389532240e+00 2.041080198557335734e+01
1.104155142612600837e+00 1.891139619129787874e+01
1.141072482725305592e+00 1.751825433905283802e+01
1.179224151193147607e+00 1.622424247651798979e+01
1.218651417687333982e+00 1.502258046867805064e+01
1.259396931727273516e+00 1.390691729228371010e+01
1.301504768815691548e+00 1.287134108470420024e+01
1.345020478116276896e+00 1.191038351264930384e+01
1.389991131725407447e+00 1.101893283063670381e+01
1.436465375591293947e+00 1.019218922346522938e+01
1.484493482135585296e+00 9.425623305465162360e+00
1.534127404634392455e+00 8.715001183495385106e+00
1.585420833417506836e+00 8.056381061020472245e+00
1.638429253946665609e+00 7.446107705711177971e+00
1.693210006835640158e+00 6.880773637248670305e+00
1.749822349877109051e+00 6.357196235229046088e+00
1.808327522143368116e+00 5.872398435297387032e+00
1.868788810230267217e+00 5.423603804135925799e+00
1.931271616715998229e+00 5.008226238842666156e+00
1.995843530908793184e+00 4.623857594816314531e+00
2.062574401960084458e+00 4.268256163708900708e+00
2.131536414422164238e+00 3.939335866687211585e+00
2.202804166332139602e+00 3.635156268997444151e+00
2.276454749906602792e+00 3.353912651289714830e+00
2.352567834934338631e+00 3.093926832188680365e+00
2.431225754957225149e+00 2.853638542382471499e+00
2.512513596332623944e+00 2.631597745828529344e+00
2.596519290273538783e+00 2.426457301768973451e+00
2.683333707966161441e+00 2.236965856334005132e+00
2.773050758867611432e+00 2.061961472115011684e+00
2.865767492290306695e+00 1.900365565748757035e+00
2.961584202382770314e+00 1.751176943095488436e+00
3.060604536620467719e+00 1.613466679931659264e+00
3.162935607924048931e+00 1.486373262636962567e+00
3.268688110526199786e+00 1.369097865019536675e+00
3.377976439712552459e+00 1.260899974166135085e+00
3.490918815566087297e+00 1.161093302203419109e+00
3.607637410848952619e+00 1.069041935917533603e+00
3.728258483159945236e+00 9.841567868479221826e-01
3.852912511510727001e+00 9.058922748342208564e-01
3.981734337468417539e+00 8.337431544838387332e-01
4.114863311017320058e+00 7.672416746675562171e-01
4.252443441297450555e+00 7.059549421478030773e-01
4.394623552383071896e+00 6.494823864111411993e-01
4.541557444269631816e+00 5.974534308479440003e-01
4.693404059243289517e+00 5.495253298208968573e-01
4.850327653813030437e+00 5.053810976369036423e-01
5.012497976391239618e+00 4.647276463722656015e-01
5.180090450915090017e+00 4.272940773928217140e-01
5.353286366607249214e+00 3.928300595379214943e-01
5.532273074081278885e+00 3.611043057713034798e-01
5.717244188003695271e+00 3.319031496757996469e-01
5.908399796532135539e+00 3.050292133613292656e-01
6.105946677756002750e+00 2.803002029028913711e-01
6.310098523373801171e+00 2.575478123903930938e-01
6.521076169849157722e+00 2.366166607256360854e-01
6.739107837295406966e+00 2.173633241774353408e-01
6.964429376347387013e+00 1.996554594503253677e-01
7.197284523287298619e+00 1.833709791791024724e-01
7.437925163700752407e+00 1.683972749812360503e-01
7.686611604948010879e+00 1.546304815480964989e-01
7.943612857745410594e+00 1.419747950686318094e-01
8.209206927161357470e+00 1.303418582319019192e-01
8.483681113341843272e+00 1.196502190171590679e-01
8.767332322290526392e+00 1.098248015854769027e-01
9.060467387039910392e+00 1.007964161200650410e-01
9.363403399560734641e+00 9.250130964438060821e-02
9.676468053768756405e+00 8.488075242689102629e-02
1.000000000000001243e+01 7.788065220131389077e-02
