2.000000000000000164e-05 5.302896538733741227e-01
2.066869842267550072e-05 5.302883647851508453e-01
2.135975472437544027e-05 5.302840197529046229e-01
2.207391643902171255e-05 5.302881312806738690e-01
2.281195609427394449e-05 5.302884325043604186e-01
2.357467204719313169e-05 5.302843171479955098e-01
2.436288934784564352e-05 5.302896265817045318e-01
2.517746063178175121e-05 5.302936069480612691e-01
2.601926704235410016e-05 5.302940752087202947e-01
2.688921918387384303e-05 5.302944263111553092e-01
2.778825810663545582e-05 5.302942710229462397e-01
2.871735632487579741e-05 5.302845594279653740e-01
2.967751886876853870e-05 5.302863241509870873e-01
3.066978437159193627e-05 5.302882389881540259e-01
3.169522619324599853e-05 5.302861376740684030e-01
3.275495358133433647e-05 5.302868413479542298e-01
3.385011287106671010e-05 5.302872610345594762e-01
3.498188872528021299e-05 5.302858798445105881e-01
3.615150541592045298e-05 5.302891241109332077e-01
3.736022814836899319e-05 5.302904556833376581e-01
3.860936443004954884e-05 5.302974652056924310e-01
3.990026548479344494e-05 5.302888578735758252e-01
4.123432771449419843e-05 5.302930893775967824e-01
4.261299420963254024e-05 5.302840636005996533e-01
4.403775631030562105e-05 5.302842652073950225e-01
4.551015521944909301e-05 5.302837701885720900e-01
4.703178366999723984e-05 5.302860757162156657e-01
4.860428764778435972e-05 5.302844155469781384e-01
5.022936817205134787e-05 5.302866059689589351e-01
5.190878313548323190e-05 5.302854728319310595e-01
5.364434920576834987e-05 5.302892898129302202e-01
5.543794379073590958e-05 5.302995881670772294e-01
5.729150706919781900e-05 5.302864016080514054e-01
5.920704408969155763e-05 5.302835896029678420e-01
6.118662693939432690e-05 5.302822420572078643e-01
6.323239698555469304e-05 5.302853837847025797e-01
6.534656719186627638e-05 5.302877587074321664e-01
6.753142451228926792e-05 5.302865871413238175e-01
6.978933236490913268e-05 5.302933111000739386e-01
7.212273318850868345e-05 5.302816889981750714e-01
7.453415108461877573e-05 5.302889776248395082e-01
7.702619454790587906e-05 5.302750001795470958e-01
7.960155928784993205e-05 5.302815653071788482e-01
8.226303114476471348e-05 5.302800340468990514e-01
8.501348910331518868e-05 5.302785268308516375e-01
8.785590840679157983e-05 5.302843273785211586e-01
9.079336377550881697e-05 5.302833682820800032e-01
9.382903273281309529e-05 5.302772180076490427e-01
9.696619904229312483e-05 5.302776657815400085e-01
1.002082562599141270e-04 5.302785047504287030e-01
1.035587114049174785e-04 5.302851391500569278e-01
1.070211887534562421e-04 5.302793747754063203e-01
1.105994337590709140e-04 5.302781759673252937e-01
1.142973171042456330e-04 5.302732395208360483e-01
1.181188388874281471e-04 5.302750430969285222e-01
1.220681329500424115e-04 5.302696519660957675e-01
1.261494713481742377e-04 5.302787263900441417e-01
1.303672689737678670e-04 5.302655003080147811e-01
1.347260883303314362e-04 5.302730405570191818e-01
1.392306444683180742e-04 5.302661694784235324e-01
1.438858100855209437e-04 5.302642963533886755e-01
1.486966207979997041e-04 5.302614522105564276e-01
1.536682805872396744e-04 5.302624723983274668e-01
1.588061674294368483e-04 5.302671214876151229e-01
1.641158391129971276e-04 5.302481476421189166e-01
1.696030392505434848e-04 5.302545554377691150e-01
1.752737034919339915e-04 5.302493938443454402e-01
1.811339659450114388e-04 5.302531820653119121e-01
1.871901658110307874e-04 5.302528803936252810e-01
1.934488542419408646e-04 5.302402258391746281e-01
1.999168014269393128e-04 5.302438410783960610e-01
2.066010039159656652e-04 5.302412964263744088e-01
2.135086921880547338e-04 5.302405275947598140e-01
2.206473384727377968e-04 5.302278335866987824e-01
2.280246648329511538e-04 5.302320622820847484e-01
2.356486515181963309e-04 5.302246814709097311e-01
2.435275455969876748e-04 5.302153679822670940e-01
2.516698698779247295e-04 5.302193003387544179e-01
2.600844321290405573e-04 5.302140612627770366e-01
2.687803346053976817e-04 5.302180167572779768e-01
2.777669838952388651e-04 5.301970914337430507e-01
2.870541010953427292e-04 5.302013813180230795e-01
2.966517323265922064e-04 5.301898914241333083e-01
3.065702596011295341e-04 5.301827853864603535e-01
3.168204120528543403e-04 5.301745667128182626e-01
3.274132775434116785e-04 5.301750423984896710e-01
3.383603146562264279e-04 5.301592795530063462e-01
3.496733650915567022e-04 5.301545367489883809e-01
3.613646664759745386e-04 5.301529520778690552e-01
3.734468656001317080e-04 5.301420210796460308e-01
3.859330320991275886e-04 5.301369622322893438e-01
3.988366725902805230e-04 5.301179176394671400e-01
4.121717452835938129e-04 5.301212626232558733e-01
4.259526750807212541e-04 5.301082256084623801e-01
4.401943691787655547e-04 5.301066635557926121e-01
4.549122331957894719e-04 5.300916240199717855e-01
4.701221878354804149e-04 5.300769128026562305e-01
4.858406861089974399e-04 5.300751166242759771e-01
5.020847311326308640e-04 5.300671558537383143e-01
5.188718945205230424e-04 5.300490680187022186e-01
5.362203353923492141e-04 5.300415168819243572e-01
5.541488200165187389e-04 5.300372657229864837e-01
5.726767421101455150e-04 5.300220875001701026e-01
5.918241438177454907e-04 5.300093815284696586e-01
6.116117373913557359e-04 5.299942384302966936e-01
6.320609275955268004e-04 5.299886015328306721e-01
6.531938348614238542e-04 5.299812730667047278e-01
6.750333192150836329e-04 5.299769240341063448e-01
6.976030050057104547e-04 5.299540827356236106e-01
7.209273064607610694e-04 5.299516384525096990e-01
7.450314540954613768e-04 5.299522217789380818e-01
7.699415220053250396e-04 5.299307536249737716e-01
7.956844560711916160e-04 5.299217731131817821e-01
8.222881031073025473e-04 5.299128418265275364e-01
8.497812409839368810e-04 5.299145370690698797e-01
8.781936097571961097e-04 5.299008219812599840e-01
9.075559438396131216e-04 5.298954166858833581e-01
9.379000052463793693e-04 5.298944149249990021e-01
9.692586179531593148e-04 5.298818044982749331e-01
1.001665703402655023e-03 5.298732109276061975e-01
1.035156317198330069e-03 5.298871877382866913e-01
1.069766687024985286e-03 5.298672806902137156e-01
1.105534251837205851e-03 5.298699005267376583e-01
1.142497702358069404e-03 5.298578019515420845e-01
1.180697022931930960e-03 5.298629330939208515e-01
1.220173534776542454e-03 5.298547386393802627e-01
1.260969940681316284e-03 5.298585394184479602e-01
1.303130371200056587e-03 5.298521868813313995e-01
1.346700432388157767e-03 5.298562036220821891e-01
1.391727255135877424e-03 5.298374178575143700e-01
1.438259546151070007e-03 5.298392836711766085e-01
1.486347640646530459e-03 5.298423921404672443e-01
1.536043556788919398e-03 5.298323607244612710e-01
1.587401051968200579e-03 5.298390140827424766e-01
1.640475680948428249e-03 5.298274079685945104e-01
1.695324855962815390e-03 5.298289830034121906e-01
1.752007908818060174e-03 5.298231415610014094e-01
1.810586155075142928e-03 5.298297608596762576e-01
1.871122960375984270e-03 5.298179486157490459e-01
1.933683808987751848e-03 5.298303533849387792e-01
1.998336374638913938e-03 5.298242235378178844e-01
2.065150593723721201e-03 5.298272830679178202e-01
2.134198740954243185e-03 5.298295692183170313e-01
2.205555507541849362e-03 5.298120157300065802e-01
2.279298081992675151e-03 5.298107398728476580e-01
2.355506233604463730e-03 5.298163169891906277e-01
2.434262398755145627e-03 5.298179017560336046e-01
2.515651770076436904e-03 5.298134150564746125e-01
2.599762388608985089e-03 5.298175482993834340e-01
2.686685239038679764e-03 5.298173093679490187e-01
2.776514348117217236e-03 5.298075349815584145e-01
2.869346886373309435e-03 5.298161551888718179e-01
2.965283273224645581e-03 5.298056629194217715e-01
3.064427285604211931e-03 5.298172020259026560e-01
3.166886170218578649e-03 5.298183519359014326e-01
3.272770759559481216e-03 5.298057098660395869e-01
3.382195591794276077e-03 5.298048882649925018e-01
3.495279034664920681e-03 5.298063335948528518e-01
3.612143413529477973e-03 5.298076499600072875e-01
3.732915143684721951e-03 5.298017290249665834e-01
3.857724867112893516e-03 5.298033944961593189e-01
3.986707593800617976e-03 5.298058533024172512e-01
4.120002847782761740e-03 5.298101457242453405e-01
4.257754818069308354e-03 5.298044079207882007e-01
4.400112514618404608e-03 5.298115211249753154e-01
4.547229929524409554e-03 5.298015583321662447e-01
4.699266203595197679e-03 5.298135711770188827e-01
4.856385798499019031e-03 5.298061232842034007e-01
5.018758674667020935e-03 5.298069182445021008e-01
5.186560475143959549e-03 5.298210244010683745e-01
5.359972715585955248e-03 5.298069761862483906e-01
5.539182980610755057e-03 5.298027774204184803e-01
5.724385126713026593e-03 5.298009559739564889e-01
5.915779491964028892e-03 5.297964902164737921e-01
6.113573112722652143e-03 5.298061003604713770e-01
6.317979947592099882e-03 5.298151949024951790e-01
6.529221108864616957e-03 5.298006126210498268e-01
6.747525101704480652e-03 5.298070055501419295e-01
6.973128071328140755e-03 5.298003546595516644e-01
7.206274058448705437e-03 5.298077739752254933e-01
7.447215263261310406e-03 5.298058519468523686e-01
7.696212318254701257e-03 5.298095342665072316e-01
7.953534570144332738e-03 5.298010186347892336e-01
8.219460371231864307e-03 5.298060430193201054e-01
8.494277380506187053e-03 5.298032779363821554e-01
8.778282874811823774e-03 5.298045078693306431e-01
9.071784070421121463e-03 5.298080532746347604e-01
9.375098455358292851e-03 5.298012921533447050e-01
9.688554132834568261e-03 5.298041486536648748e-01
1.001249017616620725e-02 5.298038829181962450e-01
1.034725699555901803e-02 5.298030049710648060e-01
1.069321671715643858e-02 5.297988987385812143e-01
1.105074357476093505e-02 5.298012308505113399e-01
1.142022431465263173e-02 5.297998672671755394e-01
1.180205861394306721e-02 5.298061803035510886e-01
1.219665951291643881e-02 5.298045322932927181e-01
1.260445386182631328e-02 5.298017739096239076e-01
1.302588278263077520e-02 5.298085571870675414e-01
1.346140214616583890e-02 5.297986222991476479e-01
1.391148306527291781e-02 5.297996720943922710e-01
1.437661240441416924e-02 5.298025572234840164e-01
1.485729330632660182e-02 5.298013835395208870e-01
1.535404573628500365e-02 5.298030370761848129e-01
1.586740704456205894e-02 5.298040577729444811e-01
1.639793254769450481e-02 5.297992171958629815e-01
1.694619612918364313e-02 5.298084822522192150e-01
1.751279086028037155e-02 5.297938870944605139e-01
1.809832964152614798e-02 5.298096109561195588e-01
1.870344586574363213e-02 5.298022491317588845e-01
1.932879410319460894e-02 5.298022137385967056e-01
1.997505080964588620e-02 5.297985271513786509e-01
2.064291505810955316e-02 5.297995543247908667e-01
2.133310929504865505e-02 5.297962911797694519e-01
2.204638012186681956e-02 5.298042350048619564e-01
2.278349910252664909e-02 5.297957786619360565e-01
2.354526359817107548e-02 5.298001876965272583e-01
2.433249762964985810e-02 5.297985526683148816e-01
2.514605276888498206e-02 5.297999502827028806e-01
2.598680906003840441e-02 5.298019012032656461e-01
2.685567597147924673e-02 5.298003877591087596e-01
2.775359337957988490e-02 5.297934100110767153e-01
2.868153258540498754e-02 5.297980283538195057e-01
2.964049736539381419e-02 5.298086873848604217e-01
3.063152505717161092e-02 5.298068850929393836e-01
3.165568768166540647e-02 5.298022167805906957e-01
3.271409310273729054e-02 5.298010706144231641e-01
3.380788622559029871e-02 5.298044558579615426e-01
3.493825023524253087e-02 5.297991906877583812e-01
3.610640787640997940e-02 5.298061728951733995e-01
3.731362277618164441e-02 5.298073615999483454e-01
3.856120081091872487e-02 5.297991093941125662e-01
3.985049151885547425e-02 5.298025308733902428e-01
4.118288955993056055e-02 5.298014643244275401e-01
4.255983622442782027e-02 5.297978285440506641e-01
4.398282099205792772e-02 5.298027774020785952e-01
4.545338314316834522e-02 5.297992491561800410e-01
4.697311342382341770e-02 5.298043944059421806e-01
4.854365576655684383e-02 5.297996827364649386e-01
5.016670906865677154e-02 5.297991348733708250e-01
5.184402902990837420e-02 5.298007991816130469e-01
5.357743005178047802e-02 5.298089913907206849e-01
5.536878720011212396e-02 5.298046475145237189e-01
5.722003823342062395e-02 5.297979272533099859e-01
5.913318569902666078e-02 5.298015140586612715e-01
6.111029909926251474e-02 5.298061598263977823e-01
6.315351713010779189e-02 5.298018035060030329e-01
6.526504999467336310e-02 5.297924894952776853e-01
6.744718179403717817e-02 5.297986411219762770e-01
6.970227299801623477e-02 5.298082706672097020e-01
7.203276299854979858e-02 5.298057602471953897e-01
7.444117274845411802e-02 5.298054348117892109e-01
7.693010748840443946e-02 5.297995641715548265e-01
7.950225956509210379e-02 5.298055344254859467e-01
8.216041134360790865e-02 5.298095294998101945e-01
8.490743821719984319e-02 5.298033828567744186e-01
8.774631171766281157e-02 5.297994234638567779e-01
9.068010272972255870e-02 5.298003758656926188e-01
9.371198481289348681e-02 5.297966787264029032e-01
9.684523763440215649e-02 5.298105622501981804e-01
1.000832505168899600e-01 5.298044118674910541e-01
1.034295261047340625e-01 5.298070941884907015e-01
1.068876841529496080e-01 5.297968791793034038e-01
1.104614654427753945e-01 5.298037687211738511e-01
1.141547358281756464e-01 5.298044852857711762e-01
1.179714904176376727e-01 5.298059589290891047e-01
1.219158578957853512e-01 5.298000494679003802e-01
1.259921049894874856e-01 5.298041845817824669e-01
1.302046410832891354e-01 5.298054772227231979e-01
1.345580229891604751e-01 5.297959802640808125e-01
1.390569598757198100e-01 5.298040830187291661e-01
1.437063183622670492e-01 5.298054014509145926e-01
1.485111277831346888e-01 5.297923268730505564e-01
1.534765856280515817e-01 5.298013647983091934e-01
1.586080631644066208e-01 5.297990276526345355e-01
1.639111112474894438e-01 5.298048820720977492e-01
1.693914663249987407e-01 5.297978696249177055e-01
1.750550566423093313e-01 5.297966743784557897e-01
1.809080086552135869e-01 5.298002762302944646e-01
1.869566536570689830e-01 5.298028123013150958e-01
1.932075346275276828e-01 5.297992648086805589e-01
1.996674133102498971e-01 5.297923217194612233e-01
2.063432775272630582e-01 5.298021623921284062e-01
2.132423487378718452e-01 5.297944306395259151e-01
2.203720898503036263e-01 5.298045209967723324e-01
2.277402132945338109e-01 5.297962840266764450e-01
2.353546893650253491e-01 5.297939286542486803e-01
2.432237548424092122e-01 5.297981593670343381e-01
2.513559219034258718e-01 5.298029321572574890e-01
2.597599873287743666e-01 5.297980812906203374e-01
2.684450420188219666e-01 5.297996316120361371e-01
2.774204808274743361e-01 5.298091361415440126e-01
2.866960127248350254e-01 5.298000653520593684e-01
2.962816712996577673e-01 5.297934456459276742e-01
3.061878256129444420e-01 5.297997602895914149e-01
3.164251914144354805e-01 5.298045916634221975e-01
3.270048427341168962e-01 5.297958273566358844e-01
3.379382238612947953e-01 5.297979874383087484e-01
3.492371617241852855e-01 5.298026961744820573e-01
3.609138786834163448e-01 5.298066417883562362e-01
3.729810057532814693e-01 5.298021984128192807e-01
3.854515962650386651e-01 5.298021048099093022e-01
3.983391399870480631e-01 5.298099486992376983e-01
4.116575777170102257e-01 5.297960988878058775e-01
4.254213163620995108e-01 5.297979987253913503e-01
4.396452445232932327e-01 5.298021298537353152e-01
4.543447486007690661e-01 5.298011725954281381e-01
4.695357294377799362e-01 5.298029819316453226e-01
4.852346195210218704e-01 5.297977641059236076e-01
5.014584007560848322e-01 5.297971284024590721e-01
5.182246228372336949e-01 5.297959013707844722e-01
5.355514222313770833e-01 5.297988257637432641e-01
5.534575417967635413e-01 5.298039943504606608e-01
5.719623510576314906e-01 5.298023658174556560e-01
5.910858671567322808e-01 5.298027802262325059e-01
6.108487765084068544e-01 5.297993652915101714e-01
6.312724571756275216e-01 5.298007105899078528e-01
6.523790019952193653e-01 5.297944368468040510e-01
6.741912424762606104e-01 5.298803885673599723e-01
6.967327734975364839e-01 5.297822787923791577e-01
7.200279788307419881e-01 5.297542660793272962e-01
7.441020575170596008e-01 5.297803910001557259e-01
7.689810511256225389e-01 5.298111785868734325e-01
7.946918719233755368e-01 5.298177672188739695e-01
8.212623319867858873e-01 5.298098837975144804e-01
8.487211732869031078e-01 5.298014581297043613e-01
8.770980987803161932e-01 5.298007166394265166e-01
9.064238045396205701e-01 5.298039451252870569e-01
9.367300129581793700e-01 5.298059370433092496e-01
9.680495070650749767e-01 5.298037288977213155e-01
1.000416165987385808e+00 5.297996186409590358e-01
1.033865001598128330e+00 5.297966554699987674e-01
1.068432196389532240e+00 5.297967127855229830e-01
1.104155142612600837e+00 5.297985674045047055e-01
1.141072482725305592e+00 5.298004927799183639e-01
1.179224151193147607e+00 5.298012626470552933e-01
1.218651417687333982e+00 5.298011329308262019e-01
1.259396931727273516e+00 5.298006327438352647e-01
1.301504768815691548e+00 5.298002199672486867e-01
1.345020478116276896e+00 5.298001145922197619e-01
1.389991131725407447e+00 5.298004870076581385e-01
1.436465375591293947e+00 5.298013467997484405e-01
1.484493482135585296e+00 5.298020973318418037e-01
1.534127404634392455e+00 5.298019991311545551e-01
1.585420833417506836e+00 5.298006080273287566e-01
1.638429253946665609e+00 5.297987372875454515e-01
1.693210006835640158e+00 5.297975348125508743e-01
1.749822349877109051e+00 5.297979031386104154e-01
1.808327522143368116e+00 5.297995641331471051e-01
1.868788810230267217e+00 5.298018849839217781e-01
1.931271616715998229e+00 5.298042217975865720e-01
1.995843530908793184e+00 5.298058707491669628e-01
2.062574401960084458e+00 5.298061077214031300e-01
2.131536414422164238e+00 5.298044711284394248e-01
2.202804166332139602e+00 5.298021187637678153e-01
2.276454749906602792e+00 5.298008252500883142e-01
2.352567834934338631e+00 5.298020001637093745e-01
2.431225754957225149e+00 5.298044867552240689e-01
2.512513596332623944e+00 5.298060308224049608e-01
2.596519290273538783e+00 5.298047254742437318e-01
2.683333707966161441e+00 5.298014702564902700e-01
2.773050758867611432e+00 5.297985092637614857e-01
2.865767492290306695e+00 5.297978385498592901e-01
2.961584202382770314e+00 5.297991103335147889e-01
3.060604536620467719e+00 5.298007210561892499e-01
3.162935607924048931e+00 5.298012114215617796e-01
3.268688110526199786e+00 5.298007637638116885e-01
3.377976439712552459e+00 5.298005423268419278e-01
3.490918815566087297e+00 5.298016032103717299e-01
3.607637410848952619e+00 5.298035262407064794e-01
3.728258483159945236e+00 5.298049067970161952e-01
3.852912511510727001e+00 5.298044301392776934e-01
3.981734337468417539e+00 5.298023102564457520e-01
4.114863311017320058e+00 5.297998964036534364e-01
4.252443441297450555e+00 5.297985109023800598e-01
4.394623552383071896e+00 5.297985779155891528e-01
4.541557444269631816e+00 5.297997795029834034e-01
4.693404059243289517e+00 5.298017673557213758e-01
4.850327653813030437e+00 5.298040323013529784e-01
5.012497976391239618e+00 5.298059173533186117e-01
5.180090450915090017e+00 5.298067854004160360e-01
5.353286366607249214e+00 5.298066056960755166e-01
5.532273074081278885e+00 5.298059669146489847e-01
5.717244188003695271e+00 5.298054597226202755e-01
5.908399796532135539e+00 5.298049143882483936e-01
6.105946677756002750e+00 5.298032975060487093e-01
6.310098523373801171e+00 5.297995672366350162e-01
6.521076169849157722e+00 5.297940817085472487e-01
6.739107837295406966e+00 5.297889677362845884e-01
6.964429376347387013e+00 5.297864298537053873e-01
7.197284523287298619e+00 5.297870075878261531e-01
7.437925163700752407e+00 5.297888993425245996e-01
7.686611604948010879e+00 5.297901496669454868e-01
7.943612857745410594e+00 5.297901567733436234e-01
8.209206927161357470e+00 5.297904393896789577e-01
8.483681113341843272e+00 5.297926815717040050e-01
8.767332322290526392e+00 5.297968940832783469e-01
9.060467387039910392e+00 5.298001640231060350e-01
9.363403399560734641e+00 5.297993033808030550e-01
9.676468053768756405e+00 5.297935095408987660e-01
1.000000000000001243e+01 5.297866361756281561e-01
