2.000000000000000164e-05 9.607855748868104895e-01
2.066869842267550072e-05 9.607837043384737097e-01
2.135975472437544027e-05 9.607866550977585129e-01
2.207391643902171255e-05 9.607851627271721817e-01
2.281195609427394449e-05 9.607845141509604447e-01
2.357467204719313169e-05 9.607839887863158790e-01
2.436288934784564352e-05 9.607810584772538132e-01
2.517746063178175121e-05 9.607804950285913081e-01
2.601926704235410016e-05 9.607834668057274596e-01
2.688921918387384303e-05 9.607863365125131061e-01
2.778825810663545582e-05 9.607829539326970814e-01
2.871735632487579741e-05 9.607848092060500278e-01
2.967751886876853870e-05 9.607824328148768522e-01
3.066978437159193627e-05 9.607878805559796342e-01
3.169522619324599853e-05 9.607825487628387506e-01
3.275495358133433647e-05 9.607791770053918379e-01
3.385011287106671010e-05 9.607875497349185334e-01
3.498188872528021299e-05 9.607820382655951619e-01
3.615150541592045298e-05 9.607850804616886453e-01
3.736022814836899319e-05 9.607831379193872978e-01
3.860936443004954884e-05 9.607789315508877825e-01
3.990026548479344494e-05 9.607842430749999885e-01
4.123432771449419843e-05 9.607827837430524820e-01
4.261299420963254024e-05 9.607787518659941517e-01
4.403775631030562105e-05 9.607812617647728537e-01
4.551015521944909301e-05 9.607812932491032187e-01
4.703178366999723984e-05 9.607802997692265201e-01
4.860428764778435972e-05 9.607809785549673576e-01
5.022936817205134787e-05 9.607763437188059363e-01
5.190878313548323190e-05 9.607780435607592429e-01
5.364434920576834987e-05 9.607749591987490012e-01
5.543794379073590958e-05 9.607789513016713467e-01
5.729150706919781900e-05 9.607775771971009959e-01
5.920704408969155763e-05 9.607758994050655810e-01
6.118662693939432690e-05 9.607743943355724348e-01
6.323239698555469304e-05 9.607743680897213867e-01
6.534656719186627638e-05 9.607801897165483274e-01
6.753142451228926792e-05 9.607751736882446103e-01
6.978933236490913268e-05 9.607730165585681714e-01
7.212273318850868345e-05 9.607705082530944019e-01
7.453415108461877573e-05 9.607740480552338092e-01
7.702619454790587906e-05 9.607730781437990863e-01
7.960155928784993205e-05 9.607654508457086351e-01
8.226303114476471348e-05 9.607685682806430538e-01
8.501348910331518868e-05 9.607670388587256083e-01
8.785590840679157983e-05 9.607642157320140930e-01
9.079336377550881697e-05 9.607683945114691149e-01
9.382903273281309529e-05 9.607631625882159243e-01
9.696619904229312483e-05 9.607614887640292256e-01
1.002082562599141270e-04 9.607605844427017372e-01
1.035587114049174785e-04 9.607622515678054809e-01
1.070211887534562421e-04 9.607546792414807246e-01
1.105994337590709140e-04 9.607560171367853785e-01
1.142973171042456330e-04 9.607522802792085592e-01
1.181188388874281471e-04 9.607505074863648131e-01
1.220681329500424115e-04 9.607475449225686415e-01
1.261494713481742377e-04 9.607476221498647551e-01
1.303672689737678670e-04 9.607435215619073432e-01
1.347260883303314362e-04 9.607407980393442015e-01
1.392306444683180742e-04 9.607393592379078751e-01
1.438858100855209437e-04 9.607327660884148468e-01
1.486966207979997041e-04 9.607315712031582189e-01
1.536682805872396744e-04 9.607258493685988388e-01
1.588061674294368483e-04 9.607268631056011809e-01
1.641158391129971276e-04 9.607189799246446116e-01
1.696030392505434848e-04 9.607185594403769846e-01
1.752737034919339915e-04 9.607098475894906286e-01
1.811339659450114388e-04 9.607091500225959368e-01
1.871901658110307874e-04 9.607030617025278385e-01
1.934488542419408646e-04 9.606920728243653063e-01
1.999168014269393128e-04 9.606902420081565586e-01
2.066010039159656652e-04 9.606856251623998588e-01
2.135086921880547338e-04 9.606764136390379960e-01
2.206473384727377968e-04 9.606726799706384323e-01
2.280246648329511538e-04 9.606614330381004763e-01
2.356486515181963309e-04 9.606600038158504828e-01
2.435275455969876748e-04 9.606475392812866554e-01
2.516698698779247295e-04 9.606345557172845107e-01
2.600844321290405573e-04 9.606248268847910055e-01
2.687803346053976817e-04 9.606221549862685727e-01
2.777669838952388651e-04 9.606022312283327702e-01
2.870541010953427292e-04 9.605976268940872309e-01
2.966517323265922064e-04 9.605840522439766938e-01
3.065702596011295341e-04 9.605672347237071973e-01
3.168204120528543403e-04 9.605584427628618416e-01
3.274132775434116785e-04 9.605347390346362646e-01
3.383603146562264279e-04 9.605297101452454633e-01
3.496733650915567022e-04 9.605080738458218192e-01
3.613646664759745386e-04 9.604905662424574331e-01
3.734468656001317080e-04 9.604730048467405856e-01
3.859330320991275886e-04 9.604562807076888475e-01
3.988366725902805230e-04 9.604342960953349273e-01
4.121717452835938129e-04 9.604128300152270370e-01
4.259526750807212541e-04 9.603874667103436957e-01
4.401943691787655547e-04 9.603652653830772046e-01
4.549122331957894719e-04 9.603410902026429108e-01
4.701221878354804149e-04 9.603140736714929071e-01
4.858406861089974399e-04 9.602875418196720192e-01
5.020847311326308640e-04 9.602571166715809792e-01
5.188718945205230424e-04 9.602278446143589496e-01
5.362203353923492141e-04 9.601944924747346510e-01
5.541488200165187389e-04 9.601643995464897996e-01
5.726767421101455150e-04 9.601311717246656663e-01
5.918241438177454907e-04 9.600927911636202294e-01
6.116117373913557359e-04 9.600556997684247529e-01
6.320609275955268004e-04 9.600128595734780390e-01
6.531938348614238542e-04 9.599753160913780947e-01
6.750333192150836329e-04 9.599327206707628513e-01
6.976030050057104547e-04 9.598940539112812420e-01
7.209273064607610694e-04 9.598494380942860227e-01
7.450314540954613768e-04 9.598013513914899209e-01
7.699415220053250396e-04 9.597618077962486449e-01
7.956844560711916160e-04 9.597128637098610859e-01
8.222881031073025473e-04 9.596669435540883253e-01
8.497812409839368810e-04 9.596200257036019421e-01
8.781936097571961097e-04 9.595686224376870355e-01
9.075559438396131216e-04 9.595242913513279959e-01
9.379000052463793693e-04 9.594768778399055398e-01
9.692586179531593148e-04 9.594302407354133866e-01
1.001665703402655023e-03 9.593832022178906405e-01
1.035156317198330069e-03 9.593366870820535519e-01
1.069766687024985286e-03 9.592959421531142006e-01
1.105534251837205851e-03 9.592511006811601515e-01
1.142497702358069404e-03 9.592008853613489539e-01
1.180697022931930960e-03 9.591669111183687146e-01
1.220173534776542454e-03 9.591257417546299457e-01
1.260969940681316284e-03 9.590920910431642854e-01
1.303130371200056587e-03 9.590555193089059793e-01
1.346700432388157767e-03 9.590224070428211567e-01
1.391727255135877424e-03 9.589919391632215628e-01
1.438259546151070007e-03 9.589634999348275457e-01
1.486347640646530459e-03 9.589399539335911049e-01
1.536043556788919398e-03 9.589093669043269319e-01
1.587401051968200579e-03 9.588923941977935961e-01
1.640475680948428249e-03 9.588690472458653025e-01
1.695324855962815390e-03 9.588505789250381106e-01
1.752007908818060174e-03 9.588317677010895768e-01
1.810586155075142928e-03 9.588166066952122923e-01
1.871122960375984270e-03 9.587981286992809382e-01
1.933683808987751848e-03 9.587788895969662217e-01
1.998336374638913938e-03 9.587687298415250581e-01
2.065150593723721201e-03 9.587524280883376049e-01
2.134198740954243185e-03 9.587387016555509733e-01
2.205555507541849362e-03 9.587253293060108428e-01
2.279298081992675151e-03 9.587097686647041428e-01
2.355506233604463730e-03 9.586965833843705820e-01
2.434262398755145627e-03 9.586855915536280914e-01
2.515651770076436904e-03 9.586761699274848336e-01
2.599762388608985089e-03 9.586659435887772140e-01
2.686685239038679764e-03 9.586577663016643269e-01
2.776514348117217236e-03 9.586486148711178545e-01
2.869346886373309435e-03 9.586387445431827636e-01
2.965283273224645581e-03 9.586341886474344376e-01
3.064427285604211931e-03 9.586234281687063818e-01
3.166886170218578649e-03 9.586219624607960066e-01
3.272770759559481216e-03 9.586083575700631298e-01
3.382195591794276077e-03 9.586087069641799907e-01
3.495279034664920681e-03 9.585975226195320165e-01
3.612143413529477973e-03 9.585949392260311175e-01
3.732915143684721951e-03 9.585924460068875330e-01
3.857724867112893516e-03 9.585869698383928661e-01
3.986707593800617976e-03 9.585850319992557100e-01
4.120002847782761740e-03 9.585803540010040535e-01
4.257754818069308354e-03 9.585730652746689007e-01
4.400112514618404608e-03 9.585638236646115695e-01
4.547229929524409554e-03 9.585634875419299927e-01
4.699266203595197679e-03 9.585632529490535347e-01
4.856385798499019031e-03 9.585603306370589216e-01
5.018758674667020935e-03 9.585571319818541047e-01
5.186560475143959549e-03 9.585541464677067580e-01
5.359972715585955248e-03 9.585497816772194923e-01
5.539182980610755057e-03 9.585518871435145805e-01
5.724385126713026593e-03 9.585458345529925817e-01
5.915779491964028892e-03 9.585436336504234989e-01
6.113573112722652143e-03 9.585428281294386954e-01
6.317979947592099882e-03 9.585392298902202235e-01
6.529221108864616957e-03 9.585367577643391090e-01
6.747525101704480652e-03 9.585355088901827969e-01
6.973128071328140755e-03 9.585358035526932996e-01
7.206274058448705437e-03 9.585346223853579151e-01
7.447215263261310406e-03 9.585316330956504816e-01
7.696212318254701257e-03 9.585326464210732755e-01
7.953534570144332738e-03 9.585320998665369796e-01
8.219460371231864307e-03 9.585296373782811186e-01
8.494277380506187053e-03 9.585301789893914126e-01
8.778282874811823774e-03 9.585303576297844463e-01
9.071784070421121463e-03 9.585229518300781848e-01
9.375098455358292851e-03 9.585239160519345436e-01
9.688554132834568261e-03 9.585253327012200897e-01
1.001249017616620725e-02 9.585295832835944996e-01
1.034725699555901803e-02 9.585234728444191887e-01
1.069321671715643858e-02 9.585215903971541218e-01
1.105074357476093505e-02 9.585273271349941115e-01
1.142022431465263173e-02 9.585221063147746356e-01
1.180205861394306721e-02 9.585211537157951600e-01
1.219665951291643881e-02 9.585218805798751962e-01
1.260445386182631328e-02 9.585181810902727584e-01
1.302588278263077520e-02 9.585196962815355493e-01
1.346140214616583890e-02 9.585210455827409826e-01
1.391148306527291781e-02 9.585217742690042009e-01
1.437661240441416924e-02 9.585196368808693856e-01
1.485729330632660182e-02 9.585176552580961795e-01
1.535404573628500365e-02 9.585179451701879572e-01
1.586740704456205894e-02 9.585162083009638456e-01
1.639793254769450481e-02 9.585161902466072803e-01
1.694619612918364313e-02 9.585169655377275832e-01
1.751279086028037155e-02 9.585189221880351385e-01
1.809832964152614798e-02 9.585153740316914028e-01
1.870344586574363213e-02 9.585180648729246800e-01
1.932879410319460894e-02 9.585146381724004572e-01
1.997505080964588620e-02 9.585177713054452431e-01
2.064291505810955316e-02 9.585196039406482793e-01
2.133310929504865505e-02 9.585096822843451880e-01
2.204638012186681956e-02 9.585197499923464592e-01
2.278349910252664909e-02 9.585166547146278804e-01
2.354526359817107548e-02 9.585153536052697376e-01
2.433249762964985810e-02 9.585172322809712986e-01
2.514605276888498206e-02 9.585157582393744047e-01
2.598680906003840441e-02 9.585179318251338954e-01
2.685567597147924673e-02 9.585124359092314084e-01
2.775359337957988490e-02 9.585127112933918836e-01
2.868153258540498754e-02 9.585149357280758897e-01
2.964049736539381419e-02 9.585157896086826668e-01
3.063152505717161092e-02 9.585154695321822516e-01
3.165568768166540647e-02 9.585133974811230750e-01
3.271409310273729054e-02 9.585150514827658341e-01
3.380788622559029871e-02 9.585110003450285632e-01
3.493825023524253087e-02 9.585144796781166487e-01
3.610640787640997940e-02 9.585125823436516646e-01
3.731362277618164441e-02 9.585172625585391959e-01
3.856120081091872487e-02 9.585165304400791175e-01
3.985049151885547425e-02 9.585109765698275330e-01
4.118288955993056055e-02 9.585142806684220362e-01
4.255983622442782027e-02 9.585135377928815092e-01
4.398282099205792772e-02 9.585085857007293875e-01
4.545338314316834522e-02 9.585169277639384866e-01
4.697311342382341770e-02 9.585143964089023472e-01
4.854365576655684383e-02 9.585096358602415156e-01
5.016670906865677154e-02 9.585134326172820574e-01
5.184402902990837420e-02 9.585143375225858575e-01
5.357743005178047802e-02 9.585151667882240156e-01
5.536878720011212396e-02 9.585120970837299748e-01
5.722003823342062395e-02 9.585145890480584185e-01
5.913318569902666078e-02 9.585106834896900407e-01
6.111029909926251474e-02 9.585134205974760180e-01
6.315351713010779189e-02 9.585127009606804194e-01
6.526504999467336310e-02 9.585129418935497414e-01
6.744718179403717817e-02 9.585117613799989389e-01
6.970227299801623477e-02 9.585130827898227235e-01
7.203276299854979858e-02 9.585139996138632990e-01
7.444117274845411802e-02 9.585140035238030043e-01
7.693010748840443946e-02 9.585156181611156345e-01
7.950225956509210379e-02 9.585101185158446668e-01
8.216041134360790865e-02 9.585152290806202569e-01
8.490743821719984319e-02 9.585157077307079332e-01
8.774631171766281157e-02 9.585126058298445439e-01
9.068010272972255870e-02 9.585159784059265053e-01
9.371198481289348681e-02 9.585119511883480881e-01
9.684523763440215649e-02 9.585058692187498064e-01
1.000832505168899600e-01 9.585064530501341551e-01
1.034295261047340625e-01 9.585190358913917574e-01
1.068876841529496080e-01 9.585161023542443370e-01
1.104614654427753945e-01 9.585165468468671568e-01
1.141547358281756464e-01 9.585109801424377407e-01
1.179714904176376727e-01 9.585142505462064255e-01
1.219158578957853512e-01 9.585156793352059834e-01
1.259921049894874856e-01 9.585163240327434497e-01
1.302046410832891354e-01 9.585147860430078826e-01
1.345580229891604751e-01 9.585154346417840143e-01
1.390569598757198100e-01 9.585106735835664526e-01
1.437063183622670492e-01 9.585118380918804526e-01
1.485111277831346888e-01 9.585084385155218101e-01
1.534765856280515817e-01 9.585131378699386362e-01
1.586080631644066208e-01 9.585129932807152642e-01
1.639111112474894438e-01 9.585126510867975069e-01
1.693914663249987407e-01 9.585123077542303527e-01
1.750550566423093313e-01 9.585120356303089562e-01
1.809080086552135869e-01 9.585127299177792493e-01
1.869566536570689830e-01 9.585130612873791200e-01
1.932075346275276828e-01 9.585116538066706937e-01
1.996674133102498971e-01 9.585155660569261160e-01
2.063432775272630582e-01 9.585096932701375749e-01
2.132423487378718452e-01 9.585104351632598441e-01
2.203720898503036263e-01 9.585134161712356438e-01
2.277402132945338109e-01 9.585112668927944224e-01
2.353546893650253491e-01 9.585144713297713004e-01
2.432237548424092122e-01 9.585143862942382409e-01
2.513559219034258718e-01 9.585117830956068063e-01
2.597599873287743666e-01 9.585078942263827173e-01
2.684450420188219666e-01 9.585094395553129809e-01
2.774204808274743361e-01 9.585090300710419342e-01
2.866960127248350254e-01 9.585103681516228269e-01
2.962816712996577673e-01 9.585133396299748698e-01
3.061878256129444420e-01 9.585122087972093308e-01
3.164251914144354805e-01 9.585150516751458349e-01
3.270048427341168962e-01 9.585156271504624570e-01
3.379382238612947953e-01 9.585138820203743526e-01
3.492371617241852855e-01 9.585094967842870961e-01
3.609138786834163448e-01 9.585114912304942836e-01
3.729810057532814693e-01 9.585133267906427168e-01
3.854515962650386651e-01 9.585141957748188890e-01
3.983391399870480631e-01 9.585132220978554995e-01
4.116575777170102257e-01 9.585145258829357306e-01
4.254213163620995108e-01 9.585145415065267072e-01
4.396452445232932327e-01 9.585140715937049416e-01
4.543447486007690661e-01 9.585143971309046940e-01
4.695357294377799362e-01 9.585128734025578634e-01
4.852346195210218704e-01 9.585139198168939334e-01
5.014584007560848322e-01 9.585154697785687183e-01
5.182246228372336949e-01 9.585117252984598490e-01
5.355514222313770833e-01 9.585164067508440411e-01
5.534575417967635413e-01 9.585121896835244737e-01
5.719623510576314906e-01 9.585145499459988283e-01
5.910858671567322808e-01 9.585144844927537822e-01
6.108487765084068544e-01 9.585122528161351685e-01
6.312724571756275216e-01 9.585112562408694137e-01
6.523790019952193653e-01 9.585160891028018382e-01
6.741912424762606104e-01 9.584891468572078743e-01
6.967327734975364839e-01 9.585205052038852092e-01
7.200279788307419881e-01 9.585288522353068164e-01
7.441020575170596008e-01 9.585194071590305009e-01
7.689810511256225389e-01 9.585079911453828760e-01
7.946918719233755368e-01 9.585041490174378565e-01
8.212623319867858873e-01 9.585056761793014912e-01
8.487211732869031078e-01 9.585090837813309284e-01
8.770980987803161932e-01 9.585118848139704273e-01
9.064238045396205701e-01 9.585136897239691089e-01
9.367300129581793700e-01 9.585143731809101508e-01
9.680495070650749767e-01 9.585139761863825658e-01
1.000416165987385808e+00 9.585129299042081108e-01
1.033865001598128330e+00 9.585117211385029146e-01
1.068432196389532240e+00 9.585107144836541027e-01
1.104155142612600837e+00 9.585099526809408577e-01
1.141072482725305592e+00 9.585094261245413749e-01
1.179224151193147607e+00 9.585091399928036271e-01
1.218651417687333982e+00 9.585091432661829725e-01
1.259396931727273516e+00 9.585094929968276389e-01
1.301504768815691548e+00 9.585102335880623103e-01
1.345020478116276896e+00 9.585113672000213914e-01
1.389991131725407447e+00 9.585128871838056730e-01
1.436465375591293947e+00 9.585145839491988617e-01
1.484493482135585296e+00 9.585154828140943772e-01
1.534127404634392455e+00 9.585144288300847526e-01
1.585420833417506836e+00 9.585108072605496021e-01
1.638429253946665609e+00 9.585063036823268101e-01
1.693210006835640158e+00 9.585032158380353273e-01
1.749822349877109051e+00 9.585032888169029430e-01
1.808327522143368116e+00 9.585056083755816303e-01
1.868788810230267217e+00 9.585084613881658111e-01
1.931271616715998229e+00 9.585103865241253462e-01
1.995843530908793184e+00 9.585112937913650155e-01
2.062574401960084458e+00 9.585115575056598614e-01
2.131536414422164238e+00 9.585114886632138953e-01
2.202804166332139602e+00 9.585110054314512906e-01
2.276454749906602792e+00 9.585098763476067596e-01
2.352567834934338631e+00 9.585079896036848845e-01
2.431225754957225149e+00 9.585060738554093129e-01
2.512513596332623944e+00 9.585052171709165236e-01
2.596519290273538783e+00 9.585063002609792715e-01
2.683333707966161441e+00 9.585085372149801941e-01
2.773050758867611432e+00 9.585103436537052435e-01
2.865767492290306695e+00 9.585103330916646680e-01
2.961584202382770314e+00 9.585089732683009789e-01
3.060604536620467719e+00 9.585077253777124495e-01
3.162935607924048931e+00 9.585079165841413618e-01
3.268688110526199786e+00 9.585093661366226314e-01
3.377976439712552459e+00 9.585109913517754210e-01
3.490918815566087297e+00 9.585117614692627575e-01
3.607637410848952619e+00 9.585114250543580461e-01
3.728258483159945236e+00 9.585102503659297390e-01
3.852912511510727001e+00 9.585085257430836503e-01
3.981734337468417539e+00 9.585066902453722726e-01
4.114863311017320058e+00 9.585052948609433798e-01
4.252443441297450555e+00 9.585048469634911417e-01
4.394623552383071896e+00 9.585050819612954687e-01
4.541557444269631816e+00 9.585050974235905796e-01
4.693404059243289517e+00 9.585040234093772371e-01
4.850327653813030437e+00 9.585020143803459902e-01
5.012497976391239618e+00 9.585001660871808049e-01
5.180090450915090017e+00 9.584995607238661064e-01
5.353286366607249214e+00 9.585001204714993506e-01
5.532273074081278885e+00 9.585005825152270731e-01
5.717244188003695271e+00 9.584996718607468047e-01
5.908399796532135539e+00 9.584973235687884729e-01
6.105946677756002750e+00 9.584948471112575419e-01
6.310098523373801171e+00 9.584935957672511275e-01
6.521076169849157722e+00 9.584938053669685987e-01
6.739107837295406966e+00 9.584942999867760438e-01
6.964429376347387013e+00 9.584938323524019310e-01
7.197284523287298619e+00 9.584920481862551078e-01
7.437925163700752407e+00 9.584898488212960643e-01
7.686611604948010879e+00 9.584882171699509179e-01
7.943612857745410594e+00 9.584873526333299587e-01
8.209206927161357470e+00 9.584862272487431056e-01
8.483681113341843272e+00 9.584837156010512782e-01
8.767332322290526392e+00 9.584795115766393536e-01
9.060467387039910392e+00 9.584747405937396048e-01
9.363403399560734641e+00 9.584706673412477507e-01
9.676468053768756405e+00 9.584679510903818533e-01
1.000000000000001243e+01 9.584660693374037477e-01
