2.000000000000000164e-05 1.052431963486587962e+00
2.066869842267550072e-05 1.052432048125014008e+00
2.135975472437544027e-05 1.052432143377536322e+00
2.207391643902171255e-05 1.052431891183443824e+00
2.281195609427394449e-05 1.052435501790774275e+00
2.357467204719313169e-05 1.052432583368336561e+00
2.436288934784564352e-05 1.052429829347230950e+00
2.517746063178175121e-05 1.052429341726847989e+00
2.601926704235410016e-05 1.052433613117997879e+00
2.688921918387384303e-05 1.052432674049221806e+00
2.778825810663545582e-05 1.052431967012031899e+00
2.871735632487579741e-05 1.052426868783133296e+00
2.967751886876853870e-05 1.052429922015995833e+00
3.066978437159193627e-05 1.052432930267024114e+00
3.169522619324599853e-05 1.052431291175182526e+00
3.275495358133433647e-05 1.052429347942893667e+00
3.385011287106671010e-05 1.052431850758006382e+00
3.498188872528021299e-05 1.052428553663097954e+00
3.615150541592045298e-05 1.052435380964843903e+00
3.736022814836899319e-05 1.052427777926686403e+00
3.860936443004954884e-05 1.052431868829728723e+00
3.990026548479344494e-05 1.052431140400852394e+00
4.123432771449419843e-05 1.052429658731226958e+00
4.261299420963254024e-05 1.052426745933930485e+00
4.403775631030562105e-05 1.052429026850365101e+00
4.551015521944909301e-05 1.052429342035576809e+00
4.703178366999723984e-05 1.052429963002411650e+00
4.860428764778435972e-05 1.052430125331317301e+00
5.022936817205134787e-05 1.052427293751719617e+00
5.190878313548323190e-05 1.052428778646062657e+00
5.364434920576834987e-05 1.052431949045032455e+00
5.543794379073590958e-05 1.052431698503038415e+00
5.729150706919781900e-05 1.052427420266782487e+00
5.920704408969155763e-05 1.052429144156266538e+00
6.118662693939432690e-05 1.052423822655246921e+00
6.323239698555469304e-05 1.052429292248293402e+00
6.534656719186627638e-05 1.052429659872351264e+00
6.753142451228926792e-05 1.052429193916728289e+00
6.978933236490913268e-05 1.052422868870018791e+00
7.212273318850868345e-05 1.052423584663042755e+00
7.453415108461877573e-05 1.052428026141429385e+00
7.702619454790587906e-05 1.052425397599864976e+00
7.960155928784993205e-05 1.052421131963399370e+00
8.226303114476471348e-05 1.052423229850509623e+00
8.501348910331518868e-05 1.052425661739425200e+00
8.785590840679157983e-05 1.052425703096294018e+00
9.079336377550881697e-05 1.052418235979590611e+00
9.382903273281309529e-05 1.052415780901138742e+00
9.696619904229312483e-05 1.052418768677209737e+00
1.002082562599141270e-04 1.052420144979303585e+00
1.035587114049174785e-04 1.052416489614225625e+00
1.070211887534562421e-04 1.052414179434091768e+00
1.105994337590709140e-04 1.052413797918827276e+00
1.142973171042456330e-04 1.052413927348542444e+00
1.181188388874281471e-04 1.052406768338803644e+00
1.220681329500424115e-04 1.052411914601766085e+00
1.261494713481742377e-04 1.052408571145414973e+00
1.303672689737678670e-04 1.052409160538920530e+00
1.347260883303314362e-04 1.052407520459655244e+00
1.392306444683180742e-04 1.052400826336352235e+00
1.438858100855209437e-04 1.052404704356478815e+00
1.486966207979997041e-04 1.052399991008543090e+00
1.536682805872396744e-04 1.052396975032101611e+00
1.588061674294368483e-04 1.052392728065235428e+00
1.641158391129971276e-04 1.052395688224104342e+00
1.696030392505434848e-04 1.052389309591461819e+00
1.752737034919339915e-04 1.052387781105677211e+00
1.811339659450114388e-04 1.052383832855060097e+00
1.871901658110307874e-04 1.052378150897052222e+00
1.934488542419408646e-04 1.052379586548735757e+00
1.999168014269393128e-04 1.052369399130715477e+00
2.066010039159656652e-04 1.052368389579875885e+00
2.135086921880547338e-04 1.052363007966491182e+00
2.206473384727377968e-04 1.052356605743743234e+00
2.280246648329511538e-04 1.052354229535447550e+00
2.356486515181963309e-04 1.052348009336783630e+00
2.435275455969876748e-04 1.052341449954318664e+00
2.516698698779247295e-04 1.052337408088543480e+00
2.600844321290405573e-04 1.052330486845675095e+00
2.687803346053976817e-04 1.052321954653478109e+00
2.777669838952388651e-04 1.052317472555232003e+00
2.870541010953427292e-04 1.052308149244217228e+00
2.966517323265922064e-04 1.052295705383610613e+00
3.065702596011295341e-04 1.052294485272222024e+00
3.168204120528543403e-04 1.052281518713995334e+00
3.274132775434116785e-04 1.052270281416145759e+00
3.383603146562264279e-04 1.052260096817465573e+00
3.496733650915567022e-04 1.052244182928331773e+00
3.613646664759745386e-04 1.052238173923394138e+00
3.734468656001317080e-04 1.052222520547017037e+00
3.859330320991275886e-04 1.052208529237128598e+00
3.988366725902805230e-04 1.052192258536430058e+00
4.121717452835938129e-04 1.052176127093763291e+00
4.259526750807212541e-04 1.052156386163984658e+00
4.401943691787655547e-04 1.052140015652987426e+00
4.549122331957894719e-04 1.052122775389193965e+00
4.701221878354804149e-04 1.052101163536359074e+00
4.858406861089974399e-04 1.052073955211611622e+00
5.020847311326308640e-04 1.052053654609073075e+00
5.188718945205230424e-04 1.052027571164517283e+00
5.362203353923492141e-04 1.051994608641582785e+00
5.541488200165187389e-04 1.051965826073341104e+00
5.726767421101455150e-04 1.051940055717536682e+00
5.918241438177454907e-04 1.051906076408923862e+00
6.116117373913557359e-04 1.051867081965606854e+00
6.320609275955268004e-04 1.051827729472434081e+00
6.531938348614238542e-04 1.051789119109440174e+00
6.750333192150836329e-04 1.051743102257600704e+00
6.976030050057104547e-04 1.051702035529267221e+00
7.209273064607610694e-04 1.051647823025536388e+00
7.450314540954613768e-04 1.051596719851043193e+00
7.699415220053250396e-04 1.051539892918016639e+00
7.956844560711916160e-04 1.051480378821520123e+00
8.222881031073025473e-04 1.051415680771583094e+00
8.497812409839368810e-04 1.051344960394913652e+00
8.781936097571961097e-04 1.051275232341812416e+00
9.075559438396131216e-04 1.051195701568725438e+00
9.379000052463793693e-04 1.051112463616731718e+00
9.692586179531593148e-04 1.051021791174559628e+00
1.001665703402655023e-03 1.050927851398861357e+00
1.035156317198330069e-03 1.050826570281411243e+00
1.069766687024985286e-03 1.050719010391710562e+00
1.105534251837205851e-03 1.050608215306424453e+00
1.142497702358069404e-03 1.050481762147903675e+00
1.180697022931930960e-03 1.050350538054085847e+00
1.220173534776542454e-03 1.050213824381977190e+00
1.260969940681316284e-03 1.050069008649142654e+00
1.303130371200056587e-03 1.049907698341633111e+00
1.346700432388157767e-03 1.049738244848264390e+00
1.391727255135877424e-03 1.049558569350843573e+00
1.438259546151070007e-03 1.049369763450339166e+00
1.486347640646530459e-03 1.049166699404314507e+00
1.536043556788919398e-03 1.048951762823159495e+00
1.587401051968200579e-03 1.048722161424643140e+00
1.640475680948428249e-03 1.048474738808025553e+00
1.695324855962815390e-03 1.048211243935969206e+00
1.752007908818060174e-03 1.047939070070300849e+00
1.810586155075142928e-03 1.047644368337065535e+00
1.871122960375984270e-03 1.047336375341867853e+00
1.933683808987751848e-03 1.047002266483864963e+00
1.998336374638913938e-03 1.046650371254021827e+00
2.065150593723721201e-03 1.046274773428112148e+00
2.134198740954243185e-03 1.045877356335541020e+00
2.205555507541849362e-03 1.045451400726006286e+00
2.279298081992675151e-03 1.045011309263798038e+00
2.355506233604463730e-03 1.044536630902117347e+00
2.434262398755145627e-03 1.044041110168960396e+00
2.515651770076436904e-03 1.043506403048955367e+00
2.599762388608985089e-03 1.042944632424182227e+00
2.686685239038679764e-03 1.042352309686566114e+00
2.776514348117217236e-03 1.041724500198619729e+00
2.869346886373309435e-03 1.041065700146500017e+00
2.965283273224645581e-03 1.040368385211734248e+00
3.064427285604211931e-03 1.039639442601818953e+00
3.166886170218578649e-03 1.038866709242915354e+00
3.272770759559481216e-03 1.038060262381626186e+00
3.382195591794276077e-03 1.037201000241958271e+00
3.495279034664920681e-03 1.036305057210463731e+00
3.612143413529477973e-03 1.035367223455452512e+00
3.732915143684721951e-03 1.034388632139203734e+00
3.857724867112893516e-03 1.033364147808323530e+00
3.986707593800617976e-03 1.032294314905259469e+00
4.120002847782761740e-03 1.031182027709302895e+00
4.257754818069308354e-03 1.030025242885198367e+00
4.400112514618404608e-03 1.028823086621423855e+00
4.547229929524409554e-03 1.027584126380978180e+00
4.699266203595197679e-03 1.026292855975258878e+00
4.856385798499019031e-03 1.024975882725613019e+00
5.018758674667020935e-03 1.023615393893435366e+00
5.186560475143959549e-03 1.022218521577309192e+00
5.359972715585955248e-03 1.020789151556741325e+00
5.539182980610755057e-03 1.019336738183356239e+00
5.724385126713026593e-03 1.017860317030108597e+00
5.915779491964028892e-03 1.016364335397491825e+00
6.113573112722652143e-03 1.014856929627504956e+00
6.317979947592099882e-03 1.013348499975208039e+00
6.529221108864616957e-03 1.011834960990928289e+00
6.747525101704480652e-03 1.010329440660838962e+00
6.973128071328140755e-03 1.008844085712735650e+00
7.206274058448705437e-03 1.007376215910763317e+00
7.447215263261310406e-03 1.005940328121293081e+00
7.696212318254701257e-03 1.004541940041024040e+00
7.953534570144332738e-03 1.003195312506122816e+00
8.219460371231864307e-03 1.001901229244148928e+00
8.494277380506187053e-03 1.000663152705171255e+00
8.778282874811823774e-03 9.994956254209895752e-01
9.071784070421121463e-03 9.983935637871292901e-01
9.375098455358292851e-03 9.973625458807894306e-01
9.688554132834568261e-03 9.964086249175875265e-01
1.001249017616620725e-02 9.955342846934538414e-01
1.034725699555901803e-02 9.947157642145012524e-01
1.069321671715643858e-02 9.939755688759732699e-01
1.105074357476093505e-02 9.932900372469068984e-01
1.142022431465263173e-02 9.926598909906668711e-01
1.180205861394306721e-02 9.920781361682208255e-01
1.219665951291643881e-02 9.915342522398350456e-01
1.260445386182631328e-02 9.910226396183213771e-01
1.302588278263077520e-02 9.905257994184072379e-01
1.346140214616583890e-02 9.900433823525592869e-01
1.391148306527291781e-02 9.895859124197772250e-01
1.437661240441416924e-02 9.891243817124349968e-01
1.485729330632660182e-02 9.886741020325851004e-01
1.535404573628500365e-02 9.882339864401666896e-01
1.586740704456205894e-02 9.878070220538316404e-01
1.639793254769450481e-02 9.873882157122254588e-01
1.694619612918364313e-02 9.869931553699244908e-01
1.751279086028037155e-02 9.866261338772552847e-01
1.809832964152614798e-02 9.862894943995405006e-01
1.870344586574363213e-02 9.859723709373803269e-01
1.932879410319460894e-02 9.856830549576793832e-01
1.997505080964588620e-02 9.854151707544114291e-01
2.064291505810955316e-02 9.851562535256881414e-01
2.133310929504865505e-02 9.849067904458947975e-01
2.204638012186681956e-02 9.846570559775896792e-01
2.278349910252664909e-02 9.844209043000871073e-01
2.354526359817107548e-02 9.841821371128227636e-01
2.433249762964985810e-02 9.839568036937816897e-01
2.514605276888498206e-02 9.837307568523659951e-01
2.598680906003840441e-02 9.835245141845287975e-01
2.685567597147924673e-02 9.833282150264509580e-01
2.775359337957988490e-02 9.831449074811272615e-01
2.868153258540498754e-02 9.829729128335364940e-01
2.964049736539381419e-02 9.828007751309504325e-01
3.063152505717161092e-02 9.826339002488609919e-01
3.165568768166540647e-02 9.824805609431679354e-01
3.271409310273729054e-02 9.823258424176213310e-01
3.380788622559029871e-02 9.821797148430488900e-01
3.493825023524253087e-02 9.820451150584826872e-01
3.610640787640997940e-02 9.819283837488864686e-01
3.731362277618164441e-02 9.818120911879729684e-01
3.856120081091872487e-02 9.817019565850269025e-01
3.985049151885547425e-02 9.816090027607384805e-01
4.118288955993056055e-02 9.815207243242696222e-01
4.255983622442782027e-02 9.814462565659061166e-01
4.398282099205792772e-02 9.813910467407547245e-01
4.545338314316834522e-02 9.813417420337710029e-01
4.697311342382341770e-02 9.813022398610355967e-01
4.854365576655684383e-02 9.812766334311729954e-01
5.016670906865677154e-02 9.812596215581065318e-01
5.184402902990837420e-02 9.812533814967496770e-01
5.357743005178047802e-02 9.812563896182329160e-01
5.536878720011212396e-02 9.812639357142488583e-01
5.722003823342062395e-02 9.812740248362308293e-01
5.913318569902666078e-02 9.812896248495146523e-01
6.111029909926251474e-02 9.813028479314329644e-01
6.315351713010779189e-02 9.813087269762356124e-01
6.526504999467336310e-02 9.813062726069943231e-01
6.744718179403717817e-02 9.812909153186660793e-01
6.970227299801623477e-02 9.812653661878546485e-01
7.203276299854979858e-02 9.812249876441500041e-01
7.444117274845411802e-02 9.811661510401109565e-01
7.693010748840443946e-02 9.810990789084461650e-01
7.950225956509210379e-02 9.810077924454301268e-01
8.216041134360790865e-02 9.809125291543963066e-01
8.490743821719984319e-02 9.808150672450111074e-01
8.774631171766281157e-02 9.807026337543190975e-01
9.068010272972255870e-02 9.806071378675597083e-01
9.371198481289348681e-02 9.805184123293566589e-01
9.684523763440215649e-02 9.804496120559691441e-01
1.000832505168899600e-01 9.804221143309808095e-01
1.034295261047340625e-01 9.804205774412569907e-01
1.068876841529496080e-01 9.804600444724094199e-01
1.104614654427753945e-01 9.805284671415395170e-01
1.141547358281756464e-01 9.806206225165994272e-01
1.179714904176376727e-01 9.807219540004294966e-01
1.219158578957853512e-01 9.808101137077868126e-01
1.259921049894874856e-01 9.808777659466203502e-01
1.302046410832891354e-01 9.809002124846692983e-01
1.345580229891604751e-01 9.808835294377281633e-01
1.390569598757198100e-01 9.808189442633609145e-01
1.437063183622670492e-01 9.807252453358087374e-01
1.485111277831346888e-01 9.806027144820825825e-01
1.534765856280515817e-01 9.804798552655940025e-01
1.586080631644066208e-01 9.803971834013917031e-01
1.639111112474894438e-01 9.803603822479787233e-01
1.693914663249987407e-01 9.803894222293347838e-01
1.750550566423093313e-01 9.804696834293278318e-01
1.809080086552135869e-01 9.805759828375359977e-01
1.869566536570689830e-01 9.806727249549703762e-01
1.932075346275276828e-01 9.807249900017489530e-01
1.996674133102498971e-01 9.807119553274309398e-01
2.063432775272630582e-01 9.806430373036958414e-01
2.132423487378718452e-01 9.805454951311357581e-01
2.203720898503036263e-01 9.804518624772438073e-01
2.277402132945338109e-01 9.804097020587916322e-01
2.353546893650253491e-01 9.804330665321698834e-01
2.432237548424092122e-01 9.804978111711558642e-01
2.513559219034258718e-01 9.805769133731845333e-01
2.597599873287743666e-01 9.806143416194660345e-01
2.684450420188219666e-01 9.805927348105956121e-01
2.774204808274743361e-01 9.805305349352123612e-01
2.866960127248350254e-01 9.804655794753514009e-01
2.962816712996577673e-01 9.804529077257529979e-01
3.061878256129444420e-01 9.804804123620909362e-01
3.164251914144354805e-01 9.805323655149827955e-01
3.270048427341168962e-01 9.805466017516165644e-01
3.379382238612947953e-01 9.805233575388424550e-01
3.492371617241852855e-01 9.804869303482464105e-01
3.609138786834163448e-01 9.804684641425275293e-01
3.729810057532814693e-01 9.804836934375970037e-01
3.854515962650386651e-01 9.805054632887588717e-01
3.983391399870480631e-01 9.805162715081454650e-01
4.116575777170102257e-01 9.804891741218587642e-01
4.254213163620995108e-01 9.804797604640010933e-01
4.396452445232932327e-01 9.804839611753435324e-01
4.543447486007690661e-01 9.804927601776665114e-01
4.695357294377799362e-01 9.804903117821327507e-01
4.852346195210218704e-01 9.804788527560537315e-01
5.014584007560848322e-01 9.804756134805380219e-01
5.182246228372336949e-01 9.804795748970686065e-01
5.355514222313770833e-01 9.804808317540840701e-01
5.534575417967635413e-01 9.804783818627695879e-01
5.719623510576314906e-01 9.804742087394121564e-01
5.910858671567322808e-01 9.804800594472371511e-01
6.108487765084068544e-01 9.804741432269279411e-01
6.312724571756275216e-01 9.804723699220483368e-01
6.523790019952193653e-01 9.804751594409781834e-01
6.741912424762606104e-01 9.805011703348562868e-01
6.967327734975364839e-01 9.804629657468302284e-01
7.200279788307419881e-01 9.804507547533671818e-01
7.441020575170596008e-01 9.804588297845054923e-01
7.689810511256225389e-01 9.804687380268196639e-01
7.946918719233755368e-01 9.804698116107055661e-01
8.212623319867858873e-01 9.804659562020905383e-01
8.487211732869031078e-01 9.804626630006881838e-01
8.770980987803161932e-01 9.804629859304162531e-01
9.064238045396205701e-01 9.804648762245602445e-01
9.367300129581793700e-01 9.804656486404286220e-01
9.680495070650749767e-01 9.804639155892564961e-01
1.000416165987385808e+00 9.804613333459941682e-01
1.033865001598128330e+00 9.804599922046600691e-01
1.068432196389532240e+00 9.804609937066997016e-01
1.104155142612600837e+00 9.804628354127330470e-01
1.141072482725305592e+00 9.804635918567515818e-01
1.179224151193147607e+00 9.804620986853416209e-01
1.218651417687333982e+00 9.804594464970093348e-01
1.259396931727273516e+00 9.804571414421922038e-01
1.301504768815691548e+00 9.804562178960227747e-01
1.345020478116276896e+00 9.804561346802295185e-01
1.389991131725407447e+00 9.804560221064561043e-01
1.436465375591293947e+00 9.804552493052995921e-01
1.484493482135585296e+00 9.804540857537424881e-01
1.534127404634392455e+00 9.804530130645090491e-01
1.585420833417506836e+00 9.804524161685116423e-01
1.638429253946665609e+00 9.804522683103373826e-01
1.693210006835640158e+00 9.804524331755694044e-01
1.749822349877109051e+00 9.804527662113928788e-01
1.808327522143368116e+00 9.804530832286952879e-01
1.868788810230267217e+00 9.804531881314009212e-01
1.931271616715998229e+00 9.804529080915884709e-01
1.995843530908793184e+00 9.804521969412518523e-01
2.062574401960084458e+00 9.804510513966117058e-01
2.131536414422164238e+00 9.804495218282324176e-01
2.202804166332139602e+00 9.804479893321891293e-01
2.276454749906602792e+00 9.804469609792294538e-01
2.352567834934338631e+00 9.804468670662594976e-01
2.431225754957225149e+00 9.804475982132307976e-01
2.512513596332623944e+00 9.804488142552023611e-01
2.596519290273538783e+00 9.804501659634203836e-01
2.683333707966161441e+00 9.804512386856463202e-01
2.773050758867611432e+00 9.804515864259240043e-01
2.865767492290306695e+00 9.804508094923839456e-01
2.961584202382770314e+00 9.804489331372691074e-01
3.060604536620467719e+00 9.804462102890525443e-01
3.162935607924048931e+00 9.804429364269386937e-01
3.268688110526199786e+00 9.804398315253118890e-01
3.377976439712552459e+00 9.804378694616868728e-01
3.490918815566087297e+00 9.804379106886701445e-01
3.607637410848952619e+00 9.804393943514603249e-01
3.728258483159945236e+00 9.804408117973126835e-01
3.852912511510727001e+00 9.804407525979996763e-01
3.981734337468417539e+00 9.804394440266595012e-01
4.114863311017320058e+00 9.804383295516182484e-01
4.252443441297450555e+00 9.804387868875590328e-01
4.394623552383071896e+00 9.804406158229210799e-01
4.541557444269631816e+00 9.804423123775014570e-01
4.693404059243289517e+00 9.804424046687468808e-01
4.850327653813030437e+00 9.804408338642817133e-01
5.012497976391239618e+00 9.804388395358034636e-01
5.180090450915090017e+00 9.804376626216806390e-01
5.353286366607249214e+00 9.804374236895609940e-01
5.532273074081278885e+00 9.804370988050860047e-01
5.717244188003695271e+00 9.804356492322277017e-01
5.908399796532135539e+00 9.804331159732008194e-01
6.105946677756002750e+00 9.804307664259280797e-01
6.310098523373801171e+00 9.804299026621171587e-01
6.521076169849157722e+00 9.804306682951864360e-01
6.739107837295406966e+00 9.804317433725913133e-01
6.964429376347387013e+00 9.804317371837160122e-01
7.197284523287298619e+00 9.804303349308250981e-01
7.437925163700752407e+00 9.804287346174808127e-01
7.686611604948010879e+00 9.804282309298920639e-01
7.943612857745410594e+00 9.804290753003399583e-01
8.209206927161357470e+00 9.804298849125826498e-01
8.483681113341843272e+00 9.804291449226008037e-01
8.767332322290526392e+00 9.804262388324759270e-01
9.060467387039910392e+00 9.804221197871934024e-01
9.363403399560734641e+00 9.804178966645454851e-01
9.676468053768756405e+00 9.804143874011727045e-01
1.000000000000001243e+01 9.804118420160226055e-01
