2.000000000000000164e-05 8.827457717088077516e+01
2.066869842267550072e-05 9.111324398655966661e+01
2.135975472437544027e-05 9.404316257179524996e+01
2.207391643902171255e-05 9.706730401950537157e+01
2.281195609427394449e-05 1.001887063445214636e+02
2.357467204719313169e-05 1.034104409764003947e+02
2.436288934784564352e-05 1.067358054753741214e+02
2.517746063178175121e-05 1.101680810307375964e+02
2.601926704235410016e-05 1.137107211561319673e+02
2.688921918387384303e-05 1.173672679867215152e+02
2.778825810663545582e-05 1.211413813286844885e+02
2.871735632487579741e-05 1.250368643979517600e+02
2.967751886876853870e-05 1.290575665371688387e+02
3.066978437159193627e-05 1.332075584411396960e+02
3.169522619324599853e-05 1.374910165617804978e+02
3.275495358133433647e-05 1.419121925937317030e+02
3.385011287106671010e-05 1.464754911482618809e+02
3.498188872528021299e-05 1.511855205760623164e+02
3.615150541592045298e-05 1.560470051394604525e+02
3.736022814836899319e-05 1.610647683602651057e+02
3.860936443004954884e-05 1.662438732416595144e+02
3.990026548479344494e-05 1.715894539994684749e+02
4.123432771449419843e-05 1.771069155720984440e+02
4.261299420963254024e-05 1.828017592674396496e+02
4.403775631030562105e-05 1.886796692631780274e+02
4.551015521944909301e-05 1.947465361807740010e+02
4.703178366999723984e-05 2.010084590103888331e+02
4.860428764778435972e-05 2.074716417541793874e+02
5.022936817205134787e-05 2.141426120070758543e+02
5.190878313548323190e-05 2.210280170469966663e+02
5.364434920576834987e-05 2.281347862270859252e+02
5.543794379073590958e-05 2.354699117205272501e+02
5.729150706919781900e-05 2.430408725394173928e+02
5.920704408969155763e-05 2.508550825557275346e+02
6.118662693939432690e-05 2.589204959734365161e+02
6.323239698555469304e-05 2.672450983668726394e+02
6.534656719186627638e-05 2.758372299720206229e+02
6.753142451228926792e-05 2.847055157716179110e+02
6.978933236490913268e-05 2.938587837298032355e+02
7.212273318850868345e-05 3.033060660115389169e+02
7.453415108461877573e-05 3.130569976922521960e+02
7.702619454790587906e-05 3.231211541563895935e+02
7.960155928784993205e-05 3.335086805142877893e+02
8.226303114476471348e-05 3.442298820923210769e+02
8.501348910331518868e-05 3.552955681437831572e+02
8.785590840679157983e-05 3.667164784936243223e+02
9.079336377550881697e-05 3.785044314295149661e+02
9.382903273281309529e-05 3.906707442176868881e+02
9.696619904229312483e-05 4.032279202671656435e+02
1.002082562599141270e-04 4.161882646755141195e+02
1.035587114049174785e-04 4.295647031805430061e+02
1.070211887534562421e-04 4.433704779469218238e+02
1.105994337590709140e-04 4.576194798444767571e+02
1.142973171042456330e-04 4.723257751790254133e+02
1.181188388874281471e-04 4.875040811974488975e+02
1.220681329500424115e-04 5.031691806417738917e+02
1.261494713481742377e-04 5.193369823147404531e+02
1.303672689737678670e-04 5.360233832482941807e+02
1.347260883303314362e-04 5.532449950342264628e+02
1.392306444683180742e-04 5.710187670775522975e+02
1.438858100855209437e-04 5.893622125708585600e+02
1.486966207979997041e-04 6.082938370444906013e+02
1.536682805872396744e-04 6.278319732806588718e+02
1.588061674294368483e-04 6.479959398736629055e+02
1.641158391129971276e-04 6.688058733082580147e+02
1.696030392505434848e-04 6.902822376592673663e+02
1.752737034919339915e-04 7.124460210859831477e+02
1.811339659450114388e-04 7.353190368852449410e+02
1.871901658110307874e-04 7.589239179322388509e+02
1.934488542419408646e-04 7.832835962786567734e+02
1.999168014269393128e-04 8.084221979416201975e+02
2.066010039159656652e-04 8.343639637044794881e+02
2.135086921880547338e-04 8.611344867565750292e+02
2.206473384727377968e-04 8.887597946208599069e+02
2.280246648329511538e-04 9.172667667421872011e+02
2.356486515181963309e-04 9.466831667106317809e+02
2.435275455969876748e-04 9.770373613394835957e+02
2.516698698779247295e-04 1.008358907475442834e+03
2.600844321290405573e-04 1.040677906870193283e+03
2.687803346053976817e-04 1.074025282834459858e+03
2.777669838952388651e-04 1.108433490855222999e+03
2.870541010953427292e-04 1.143935239186517720e+03
2.966517323265922064e-04 1.180564518725748030e+03
3.065702596011295341e-04 1.218356236687856608e+03
3.168204120528543403e-04 1.257346131550772952e+03
3.274132775434116785e-04 1.297571400407262445e+03
3.383603146562264279e-04 1.339069972140491927e+03
3.496733650915567022e-04 1.381880021877187801e+03
3.613646664759745386e-04 1.426043104189841870e+03
3.734468656001317080e-04 1.471599236617536008e+03
3.859330320991275886e-04 1.518590987382263393e+03
3.988366725902805230e-04 1.567062203093976450e+03
4.121717452835938129e-04 1.617057327289316845e+03
4.259526750807212541e-04 1.668621575270866288e+03
4.401943691787655547e-04 1.721802961343635161e+03
4.549122331957894719e-04 1.776648501911002086e+03
4.701221878354804149e-04 1.833208975625218727e+03
4.858406861089974399e-04 1.891533815169587569e+03
5.020847311326308640e-04 1.951675414984382542e+03
5.188718945205230424e-04 2.013687021614894775e+03
5.362203353923492141e-04 2.077623712366497784e+03
5.541488200165187389e-04 2.143540797794920763e+03
5.726767421101455150e-04 2.211495101603440162e+03
5.918241438177454907e-04 2.281545709036347034e+03
6.116117373913557359e-04 2.353751744148187754e+03
6.320609275955268004e-04 2.428175708079232663e+03
6.531938348614238542e-04 2.504878694124255162e+03
6.750333192150836329e-04 2.583925239002194758e+03
6.976030050057104547e-04 2.665380069872472632e+03
7.209273064607610694e-04 2.749310495739166527e+03
7.450314540954613768e-04 2.835784464458073217e+03
7.699415220053250396e-04 2.924870266267260831e+03
7.956844560711916160e-04 3.016638617037738641e+03
8.222881031073025473e-04 3.111162246735120789e+03
8.497812409839368810e-04 3.208514123062840099e+03
8.781936097571961097e-04 3.308767800219466153e+03
9.075559438396131216e-04 3.411998540076985137e+03
9.379000052463793693e-04 3.518283744514146747e+03
9.692586179531593148e-04 3.627699868447809422e+03
1.001665703402655023e-03 3.740327759136571785e+03
1.035156317198330069e-03 3.856245377962795828e+03
1.069766687024985286e-03 3.975532636068804550e+03
1.105534251837205851e-03 4.098272231321815525e+03
1.142497702358069404e-03 4.224543412128236014e+03
1.180697022931930960e-03 4.354429939379579992e+03
1.220173534776542454e-03 4.488015326199879382e+03
1.260969940681316284e-03 4.625380673744674823e+03
1.303130371200056587e-03 4.766607661411306253e+03
1.346700432388157767e-03 4.911782365672082960e+03
1.391727255135877424e-03 5.060983537878256357e+03
1.438259546151070007e-03 5.214297275745368097e+03
1.486347640646530459e-03 5.371801361372537940e+03
1.536043556788919398e-03 5.533577089735636036e+03
1.587401051968200579e-03 5.699705002537618384e+03
1.640475680948428249e-03 5.870261631708553068e+03
1.695324855962815390e-03 6.045326034410643842e+03
1.752007908818060174e-03 6.224968768235909920e+03
1.810586155075142928e-03 6.409264439221778048e+03
1.871122960375984270e-03 6.598279530452255131e+03
1.933683808987751848e-03 6.792084930222152252e+03
1.998336374638913938e-03 6.990739706928652595e+03
2.065150593723721201e-03 7.194304577604936640e+03
2.134198740954243185e-03 7.402834687129991835e+03
2.205555507541849362e-03 7.616381674616292003e+03
2.279298081992675151e-03 7.834988035557787953e+03
2.355506233604463730e-03 8.058699394356232915e+03
2.434262398755145627e-03 8.287545859531477618e+03
2.515651770076436904e-03 8.521560224855560591e+03
2.599762388608985089e-03 8.760762812318705983e+03
2.686685239038679764e-03 9.005166751152846700e+03
2.776514348117217236e-03 9.254780521687463988e+03
2.869346886373309435e-03 9.509607453712063943e+03
2.965283273224645581e-03 9.769633607289582869e+03
3.064427285604211931e-03 1.003484193995369787e+04
3.166886170218578649e-03 1.030520212717004324e+04
3.272770759559481216e-03 1.058067344089027574e+04
3.382195591794276077e-03 1.086120949069552989e+04
3.495279034664920681e-03 1.114674011433060150e+04
3.612143413529477973e-03 1.143719154618948232e+04
3.732915143684721951e-03 1.173246812268331996e+04
3.857724867112893516e-03 1.203246198404415190e+04
3.986707593800617976e-03 1.233704948688775221e+04
4.120002847782761740e-03 1.264608606423193305e+04
4.257754818069308354e-03 1.295941146252531325e+04
4.400112514618404608e-03 1.327684667531843115e+04
4.547229929524409554e-03 1.359819243511796230e+04
4.699266203595197679e-03 1.392323400749530265e+04
4.856385798499019031e-03 1.425173250828353412e+04
5.018758674667020935e-03 1.458342734684686911e+04
5.186560475143959549e-03 1.491804027870782011e+04
5.359972715585955248e-03 1.525526784869920812e+04
5.539182980610755057e-03 1.559478467347411970e+04
5.724385126713026593e-03 1.593623474438567609e+04
5.915779491964028892e-03 1.627923487759685122e+04
6.113573112722652143e-03 1.662337253559057353e+04
6.317979947592099882e-03 1.696821415552954932e+04
6.529221108864616957e-03 1.731327511605168547e+04
6.747525101704480652e-03 1.765805522652945001e+04
6.973128071328140755e-03 1.800201929070173719e+04
7.206274058448705437e-03 1.834461456443494899e+04
7.447215263261310406e-03 1.868522627715182171e+04
7.696212318254701257e-03 1.902324388292718140e+04
7.953534570144332738e-03 1.935800180099614590e+04
8.219460371231864307e-03 1.968879718794265136e+04
8.494277380506187053e-03 2.001489163248672776e+04
8.778282874811823774e-03 2.033550212032367563e+04
9.071784070421121463e-03 2.064981627314961588e+04
9.375098455358292851e-03 2.095698370132462878e+04
9.688554132834568261e-03 2.125612787995934559e+04
1.001249017616620725e-02 2.154632656188808323e+04
1.034725699555901803e-02 2.182664048432224808e+04
1.069321671715643858e-02 2.209605685962557982e+04
1.105074357476093505e-02 2.235355625479231821e+04
1.142022431465263173e-02 2.259807483070866874e+04
1.180205861394306721e-02 2.282852688405796289e+04
1.219665951291643881e-02 2.304380135409930881e+04
1.260445386182631328e-02 2.324276902454250012e+04
1.302588278263077520e-02 2.342426313634333928e+04
1.346140214616583890e-02 2.358711557376947894e+04
1.391148306527291781e-02 2.373013763523451053e+04
1.437661240441416924e-02 2.385215380845227264e+04
1.485729330632660182e-02 2.395199187484784852e+04
1.535404573628500365e-02 2.402849447256048370e+04
1.586740704456205894e-02 2.408051375969288711e+04
1.639793254769450481e-02 2.410696055837366293e+04
1.694619612918364313e-02 2.410679348012578703e+04
1.751279086028037155e-02 2.407903288806952332e+04
1.809832964152614798e-02 2.402277676494092157e+04
1.870344586574363213e-02 2.393721277665043453e+04
1.932879410319460894e-02 2.382168158647961536e+04
1.997505080964588620e-02 2.367562699426999825e+04
2.064291505810955316e-02 2.349866620772280658e+04
2.133310929504865505e-02 2.329059834794396374e+04
2.204638012186681956e-02 2.305142888887710797e+04
2.278349910252664909e-02 2.278136160934873988e+04
2.354526359817107548e-02 2.248089484797696059e+04
2.433249762964985810e-02 2.215075420486573057e+04
2.514605276888498206e-02 2.179196413099687925e+04
2.598680906003840441e-02 2.140585517744829849e+04
2.685567597147924673e-02 2.099406621387771156e+04
2.775359337957988490e-02 2.055855238790745352e+04
2.868153258540498754e-02 2.010159072023185945e+04
2.964049736539381419e-02 1.962578213382649483e+04
3.063152505717161092e-02 1.913401308512845571e+04
3.165568768166540647e-02 1.862944498727103928e+04
3.271409310273729054e-02 1.811549958653397698e+04
3.380788622559029871e-02 1.759578745677684856e+04
3.493825023524253087e-02 1.707407842274646464e+04
3.610640787640997940e-02 1.655421893748992807e+04
3.731362277618164441e-02 1.604009162646885852e+04
3.856120081091872487e-02 1.553549379601567489e+04
3.985049151885547425e-02 1.504408700168723772e+04
4.118288955993056055e-02 1.456927691298382888e+04
4.255983622442782027e-02 1.411413211734582910e+04
4.398282099205792772e-02 1.368126466716675532e+04
4.545338314316834522e-02 1.327273873864644338e+04
4.697311342382341770e-02 1.288997734312399734e+04
4.854365576655684383e-02 1.253363837294400219e+04
5.016670906865677154e-02 1.220354271068948765e+04
5.184402902990837420e-02 1.189859217105334756e+04
5.357743005178047802e-02 1.161670878446322968e+04
5.536878720011212396e-02 1.135478099983352877e+04
5.722003823342062395e-02 1.110869712273801451e+04
5.913318569902666078e-02 1.087339955588219527e+04
6.111029909926251474e-02 1.064300231335116587e+04
6.315351713010779189e-02 1.041101404921257563e+04
6.526504999467336310e-02 1.017066110389806090e+04
6.744718179403717817e-02 9.915320280154837747e+03
6.970227299801623477e-02 9.639016430134592156e+03
7.203276299854979858e-02 9.337016001633093765e+03
7.444117274845411802e-02 9.006418718088723836e+03
7.693010748840443946e-02 8.646682421707533649e+03
7.950225956509210379e-02 8.260014386866032510e+03
8.216041134360790865e-02 7.851502967002994410e+03
8.490743821719984319e-02 7.428952725079930133e+03
8.774631171766281157e-02 7.002369514859490664e+03
9.068010272972255870e-02 6.583122221007404733e+03
9.371198481289348681e-02 6.182879617582503670e+03
9.684523763440215649e-02 5.812407603690959149e+03
1.000832505168899600e-01 5.480410683439279637e+03
1.034295261047340625e-01 5.192531397720511450e+03
1.068876841529496080e-01 4.950585597428215806e+03
1.104614654427753945e-01 4.752128020392563485e+03
1.141547358281756464e-01 4.590368093646906345e+03
1.179714904176376727e-01 4.454557430815209955e+03
1.219158578957853512e-01 4.330976815304494266e+03
1.259921049894874856e-01 4.204662622332903084e+03
1.302046410832891354e-01 4.061837245638385866e+03
1.345580229891604751e-01 3.892707753309968211e+03
1.390569598757198100e-01 3.693952507737536962e+03
1.437063183622670492e-01 3.469982170684368612e+03
1.485111277831346888e-01 3.232301288586753344e+03
1.534765856280515817e-01 2.996853014317035104e+03
1.586080631644066208e-01 2.780042440047350738e+03
1.639111112474894438e-01 2.594609831761474197e+03
1.693914663249987407e-01 2.446498573685981683e+03
1.750550566423093313e-01 2.333400597790148367e+03
1.809080086552135869e-01 2.245247841041310039e+03
1.869566536570689830e-01 2.166759092244472868e+03
1.932075346275276828e-01 2.081914379567419473e+03
1.996674133102498971e-01 1.979743112492340742e+03
2.063432775272630582e-01 1.858178996922954866e+03
2.132423487378718452e-01 1.725516099436763852e+03
2.203720898503036263e-01 1.595805954271648034e+03
2.277402132945338109e-01 1.482600182912140326e+03
2.353546893650253491e-01 1.392621334323043357e+03
2.432237548424092122e-01 1.323201603679397067e+03
2.513559219034258718e-01 1.264090474493962802e+03
2.597599873287743666e-01 1.203034268973245617e+03
2.684450420188219666e-01 1.132727738760160491e+03
2.774204808274743361e-01 1.054906823224351228e+03
2.866960127248350254e-01 9.781712348628547034e+02
2.962816712996577673e-01 9.113983887339342118e+02
3.061878256129444420e-01 8.572794764043259192e+02
3.164251914144354805e-01 8.112715058147587115e+02
3.270048427341168962e-01 7.658902264885765589e+02
3.379382238612947953e-01 7.170769008604495411e+02
3.492371617241852855e-01 6.671082980353921812e+02
3.609138786834163448e-01 6.212465051585215861e+02
3.729810057532814693e-01 5.820224431438828105e+02
3.854515962650386651e-01 5.471930977819220061e+02
3.983391399870480631e-01 5.129690996296601497e+02
4.116575777170102257e-01 4.783749773176409690e+02
4.254213163620995108e-01 4.455577111185490367e+02
4.396452445232932327e-01 4.162623536684129135e+02
4.543447486007690661e-01 3.896247791374909184e+02
4.695357294377799362e-01 3.639240816531648193e+02
4.852346195210218704e-01 3.390605558095206788e+02
5.014584007560848322e-01 3.160440196234412156e+02
5.182246228372336949e-01 2.949868440368635447e+02
5.355514222313770833e-01 2.751177275199725614e+02
5.534575417967635413e-01 2.562160333804222319e+02
5.719623510576314906e-01 2.386367693887590349e+02
5.910858671567322808e-01 2.223390942098801304e+02
6.108487765084068544e-01 2.070010925839564777e+02
6.312724571756275216e-01 1.926144612447737074e+02
6.523790019952193653e-01 1.792393039835262130e+02
6.741912424762606104e-01 1.667370272857875761e+02
6.967327734975364839e-01 1.550415294637558929e+02
7.200279788307419881e-01 1.441350006570177413e+02
7.441020575170596008e-01 1.339646117661192761e+02
7.689810511256225389e-01 1.244785949990748009e+02
7.946918719233755368e-01 1.156310876500166103e+02
8.212623319867858873e-01 1.073825612012717983e+02
8.487211732869031078e-01 9.969591318476494735e+01
8.770980987803161932e-01 9.253583696445278406e+01
9.064238045396205701e-01 8.586866094275875128e+01
9.367300129581793700e-01 7.966260409083652405e+01
9.680495070650749767e-01 7.388755554980571105e+01
1.000416165987385808e+00 6.851483157673139601e+01
1.033865001598128330e+00 6.351752203287405507e+01
1.068432196389532240e+00 5.887059891448306104e+01
1.104155142612600837e+00 5.455098639833413188e+01
1.141072482725305592e+00 5.053703831507832689e+01
1.179224151193147607e+00 4.680829793860582555e+01
1.218651417687333982e+00 4.334529172526388408e+01
1.259396931727273516e+00 4.012976916533002480e+01
1.301504768815691548e+00 3.714474028525599181e+01
1.345020478116276896e+00 3.437449903936152396e+01
1.389991131725407447e+00 3.180436454204299324e+01
1.436465375591293947e+00 2.942054778984352836e+01
1.484493482135585296e+00 2.721002448960696896e+01
1.534127404634392455e+00 2.516061542312457533e+01
1.585420833417506836e+00 2.326098236624323690e+01
1.638429253946665609e+00 2.150061882615099762e+01
1.693210006835640158e+00 1.986973101622790949e+01
1.749822349877109051e+00 1.835916800184271480e+01
1.808327522143368116e+00 1.696036307889891503e+01
1.868788810230267217e+00 1.566532418088042888e+01
1.931271616715998229e+00 1.446660679585700926e+01
1.995843530908793184e+00 1.335727925444976805e+01
2.062574401960084458e+00 1.233088848087844092e+01
2.131536414422164238e+00 1.138142852224638268e+01
2.202804166332139602e+00 1.050331189839095103e+01
2.276454749906602792e+00 9.691341232498674074e+00
2.352567834934338631e+00 8.940682951562910930e+00
2.431225754957225149e+00 8.246842558669486678e+00
2.512513596332623944e+00 7.605642557218121880e+00
2.596519290273538783e+00 7.013201428576222973e+00
2.683333707966161441e+00 6.465913336999009609e+00
2.773050758867611432e+00 5.960429712209917241e+00
2.865767492290306695e+00 5.493641752458448657e+00
2.961584202382770314e+00 5.062662951871384820e+00
3.060604536620467719e+00 4.664814711651762202e+00
3.162935607924048931e+00 4.297612692795609313e+00
3.268688110526199786e+00 3.958753519599864212e+00
3.377976439712552459e+00 3.646101915305895780e+00
3.490918815566087297e+00 3.357678697816367297e+00
3.607637410848952619e+00 3.091649654106964462e+00
3.728258483159945236e+00 2.846315392490504692e+00
3.852912511510727001e+00 2.620101867342695456e+00
3.981734337468417539e+00 2.411551177110424771e+00
4.114863311017320058e+00 2.219313435511664157e+00
4.252443441297450555e+00 2.042139269097744236e+00
4.394623552383071896e+00 1.878872564014646640e+00
4.541557444269631816e+00 1.728443723515972419e+00
4.693404059243289517e+00 1.589863391187565256e+00
4.850327653813030437e+00 1.462216485892998241e+00
5.012497976391239618e+00 1.344656833521782557e+00
5.180090450915090017e+00 1.236402255457596411e+00
5.353286366607249214e+00 1.136729889456724596e+00
5.532273074081278885e+00 1.044971806755031984e+00
5.717244188003695271e+00 9.605109202612278629e-01
5.908399796532135539e+00 8.827771667235486674e-01
6.105946677756002750e+00 8.112440234758553359e-01
6.310098523373801171e+00 7.454253248404635324e-01
6.521076169849157722e+00 6.848721668840650478e-01
6.739107837295406966e+00 6.291701218498809700e-01
6.964429376347387013e+00 5.779367617699913140e-01
7.197284523287298619e+00 5.308192997279858050e-01
7.437925163700752407e+00 4.874923483088876019e-01
7.686611604948010879e+00 4.476557623935533692e-01
7.943612857745410594e+00 4.110326721305813669e-01
8.209206927161357470e+00 3.773677053519684521e-01
8.483681113341843272e+00 3.464254295706650777e-01
8.767332322290526392e+00 3.179888159722668028e-01
9.060467387039910392e+00 2.918578217707936129e-01
9.363403399560734641e+00 2.678481158482947655e-01
9.676468053768756405e+00 2.457899006955426568e-01
1.000000000000001243e+01 2.255268061765981213e-01
