2.000000000000000164e-05 1.270887742868881919e-02
2.066869842267550072e-05 1.311756344813185156e-02
2.135975472437544027e-05 1.353939179993099776e-02
2.207391643902171255e-05 1.397478797797012916e-02
2.281195609427394449e-05 1.442418262002440402e-02
2.357467204719313169e-05 1.488803090793989689e-02
2.436288934784564352e-05 1.536679450997964491e-02
2.517746063178175121e-05 1.586095341612340018e-02
2.601926704235410016e-05 1.637099902615122421e-02
2.688921918387384303e-05 1.689745113649859451e-02
2.778825810663545582e-05 1.744083144606533436e-02
2.871735632487579741e-05 1.800168550885049984e-02
2.967751886876853870e-05 1.858057279601961487e-02
3.066978437159193627e-05 1.917807564236812673e-02
3.169522619324599853e-05 1.979479274578750669e-02
3.275495358133433647e-05 2.043134243279180404e-02
3.385011287106671010e-05 2.108836387804989901e-02
3.498188872528021299e-05 2.176650822705217606e-02
3.615150541592045298e-05 2.246645976423658486e-02
3.736022814836899319e-05 2.318892045383705997e-02
3.860936443004954884e-05 2.393461105721735732e-02
3.990026548479344494e-05 2.470428563126238555e-02
4.123432771449419843e-05 2.549870241967316584e-02
4.261299420963254024e-05 2.631867032958823058e-02
4.403775631030562105e-05 2.716500056287289230e-02
4.551015521944909301e-05 2.803854874204616057e-02
4.703178366999723984e-05 2.894018212263390483e-02
4.860428764778435972e-05 2.987081185697369745e-02
5.022936817205134787e-05 3.083136033253122341e-02
5.190878313548323190e-05 3.182280607642176684e-02
5.364434920576834987e-05 3.284612210095878143e-02
5.543794379073590958e-05 3.390234019001461818e-02
5.729150706919781900e-05 3.499253088084848529e-02
5.920704408969155763e-05 3.611776729863035162e-02
6.118662693939432690e-05 3.727918701912780880e-02
6.323239698555469304e-05 3.847795061284433465e-02
6.534656719186627638e-05 3.971526054039578590e-02
6.753142451228926792e-05 4.099234775068195252e-02
6.978933236490913268e-05 4.231049917875428362e-02
7.212273318850868345e-05 4.367104062131090675e-02
7.453415108461877573e-05 4.507531886662100723e-02
7.702619454790587906e-05 4.652474656529940328e-02
7.960155928784993205e-05 4.802077951740556239e-02
8.226303114476471348e-05 4.956490341193234977e-02
8.501348910331518868e-05 5.115867423076701781e-02
8.785590840679157983e-05 5.280369233344182900e-02
9.079336377550881697e-05 5.450158849740934647e-02
9.382903273281309529e-05 5.625407023003764495e-02
9.696619904229312483e-05 5.806289723232248984e-02
1.002082562599141270e-04 5.992986632238032213e-02
1.035587114049174785e-04 6.185685760838249836e-02
1.070211887534562421e-04 6.384578745103046404e-02
1.105994337590709140e-04 6.589864755904836779e-02
1.142973171042456330e-04 6.801750729626403202e-02
1.181188388874281471e-04 7.020446530186028045e-02
1.220681329500424115e-04 7.246171714369675776e-02
1.261494713481742377e-04 7.479152747996721529e-02
1.303672689737678670e-04 7.719621316732636074e-02
1.347260883303314362e-04 7.967818327964276692e-02
1.392306444683180742e-04 8.223991070319788821e-02
1.438858100855209437e-04 8.488397242270440124e-02
1.486966207979997041e-04 8.761300634841130697e-02
1.536682805872396744e-04 9.042973614596239162e-02
1.588061674294368483e-04 9.333695471471306626e-02
1.641158391129971276e-04 9.633758930059005410e-02
1.696030392505434848e-04 9.943463777744827869e-02
1.752737034919339915e-04 1.026311545339405190e-01
1.811339659450114388e-04 1.059303965389473134e-01
1.871901658110307874e-04 1.093355877582708052e-01
1.934488542419408646e-04 1.128501436950207215e-01
1.999168014269393128e-04 1.164775981409774119e-01
2.066010039159656652e-04 1.202215306607029716e-01
2.135086921880547338e-04 1.240856681238576148e-01
2.206473384727377968e-04 1.280739084219561508e-01
2.280246648329511538e-04 1.321901509160375299e-01
2.356486515181963309e-04 1.364385625283418280e-01
2.435275455969876748e-04 1.408232988489991067e-01
2.516698698779247295e-04 1.453487473372498950e-01
2.600844321290405573e-04 1.500194445150423161e-01
2.687803346053976817e-04 1.548399547837268908e-01
2.777669838952388651e-04 1.598151163466446090e-01
2.870541010953427292e-04 1.649498426353525615e-01
2.966517323265922064e-04 1.702492294015617580e-01
3.065702596011295341e-04 1.757185030909840517e-01
3.168204120528543403e-04 1.813630779938227577e-01
3.274132775434116785e-04 1.871885760018209555e-01
3.383603146562264279e-04 1.932006778077615672e-01
3.496733650915567022e-04 1.994054147995097948e-01
3.613646664759745386e-04 2.058087917635729736e-01
3.734468656001317080e-04 2.124171754080482755e-01
3.859330320991275886e-04 2.192370780918838635e-01
3.988366725902805230e-04 2.262751253772062598e-01
4.121717452835938129e-04 2.335383020498588424e-01
4.259526750807212541e-04 2.410336335176903044e-01
4.401943691787655547e-04 2.487685479602781968e-01
4.549122331957894719e-04 2.567505001093377537e-01
4.701221878354804149e-04 2.649873460764602395e-01
4.858406861089974399e-04 2.734870452769938010e-01
5.020847311326308640e-04 2.822578595246229005e-01
5.188718945205230424e-04 2.913082768680840817e-01
5.362203353923492141e-04 3.006470630273030409e-01
5.541488200165187389e-04 3.102831529228195495e-01
5.726767421101455150e-04 3.202258653783386921e-01
5.918241438177454907e-04 3.304847872738099768e-01
6.116117373913557359e-04 3.410695375525041872e-01
6.320609275955268004e-04 3.519903157755939205e-01
6.531938348614238542e-04 3.632575055379979601e-01
6.750333192150836329e-04 3.748816807853768696e-01
6.976030050057104547e-04 3.868738673768193914e-01
7.209273064607610694e-04 3.992452604891860157e-01
7.450314540954613768e-04 4.120073042656915985e-01
7.699415220053250396e-04 4.251720288500957512e-01
7.956844560711916160e-04 4.387514006106904008e-01
8.222881031073025473e-04 4.527580438418097319e-01
8.497812409839368810e-04 4.672046282786138094e-01
8.781936097571961097e-04 4.821042882281482700e-01
9.075559438396131216e-04 4.974704075806319348e-01
9.379000052463793693e-04 5.133167632851959317e-01
9.692586179531593148e-04 5.296573147898052669e-01
1.001665703402655023e-03 5.465063527137626886e-01
1.035156317198330069e-03 5.638786833873954407e-01
1.069766687024985286e-03 5.817891139778440524e-01
1.105534251837205851e-03 6.002530609548697438e-01
1.142497702358069404e-03 6.192858102491408667e-01
1.180697022931930960e-03 6.389033443361760156e-01
1.220173534776542454e-03 6.591216533816290912e-01
1.260969940681316284e-03 6.799570578175232471e-01
1.303130371200056587e-03 7.014259794882808929e-01
1.346700432388157767e-03 7.235452793709431507e-01
1.391727255135877424e-03 7.463318643494305515e-01
1.438259546151070007e-03 7.698028856633660766e-01
1.486347640646530459e-03 7.939751938509260754e-01
1.536043556788919398e-03 8.188664023377466572e-01
1.587401051968200579e-03 8.444939187976606698e-01
1.640475680948428249e-03 8.708744563321296761e-01
1.695324855962815390e-03 8.980260029701507829e-01
1.752007908818060174e-03 9.259651337900733914e-01
1.810586155075142928e-03 9.547092122030996775e-01
1.871122960375984270e-03 9.842744598750731155e-01
1.933683808987751848e-03 1.014677940710017268e+00
1.998336374638913938e-03 1.045935041410707589e+00
2.065150593723721201e-03 1.078061295556666410e+00
2.134198740954243185e-03 1.111071842373519969e+00
2.205555507541849362e-03 1.144980416312626037e+00
2.279298081992675151e-03 1.179800676152269245e+00
2.355506233604463730e-03 1.215544444571245108e+00
2.434262398755145627e-03 1.252223038710052139e+00
2.515651770076436904e-03 1.289846157089332479e+00
2.599762388608985089e-03 1.328422320143667790e+00
2.686685239038679764e-03 1.367958039043630336e+00
2.776514348117217236e-03 1.408458232509271157e+00
2.869346886373309435e-03 1.449925482166625201e+00
2.965283273224645581e-03 1.492360274617836158e+00
3.064427285604211931e-03 1.535760765481388734e+00
3.166886170218578649e-03 1.580121970387363239e+00
3.272770759559481216e-03 1.625435879423580365e+00
3.382195591794276077e-03 1.671691344711720761e+00
3.495279034664920681e-03 1.718873405447725711e+00
3.612143413529477973e-03 1.766963853809694562e+00
3.732915143684721951e-03 1.815939092546964728e+00
3.857724867112893516e-03 1.865772255704256422e+00
3.986707593800617976e-03 1.916431280531498249e+00
4.120002847782761740e-03 1.967877893653350085e+00
4.257754818069308354e-03 2.020070609184728916e+00
4.400112514618404608e-03 2.072959639734494264e+00
4.547229929524409554e-03 2.126491799091093871e+00
4.699266203595197679e-03 2.180605016295919629e+00
4.856385798499019031e-03 2.235233572625745069e+00
5.018758674667020935e-03 2.290301920478909903e+00
5.186560475143959549e-03 2.345730112139302825e+00
5.359972715585955248e-03 2.401430280206722667e+00
5.539182980610755057e-03 2.457305927045046801e+00
5.724385126713026593e-03 2.513256161181731674e+00
5.915779491964028892e-03 2.569169792634245386e+00
6.113573112722652143e-03 2.624930568587214630e+00
6.317979947592099882e-03 2.680413346529502583e+00
6.529221108864616957e-03 2.735487145191637381e+00
6.747525101704480652e-03 2.790013282562989527e+00
6.973128071328140755e-03 2.843846628601361282e+00
7.206274058448705437e-03 2.896834807107283360e+00
7.447215263261310406e-03 2.948819845082522484e+00
7.696212318254701257e-03 2.999638361064173253e+00
7.953534570144332738e-03 3.049117995667351089e+00
8.219460371231864307e-03 3.097084697790219110e+00
8.494277380506187053e-03 3.143355742912639528e+00
8.778282874811823774e-03 3.187744928731184757e+00
9.071784070421121463e-03 3.230059187617857486e+00
9.375098455358292851e-03 3.270101642168774525e+00
9.688554132834568261e-03 3.307668614041650912e+00
1.001249017616620725e-02 3.342550928131778676e+00
1.034725699555901803e-02 3.374535799091903154e+00
1.069321671715643858e-02 3.403401968011579903e+00
1.105074357476093505e-02 3.428925788584560763e+00
1.142022431465263173e-02 3.450876004317916745e+00
1.180205861394306721e-02 3.469018033726807282e+00
1.219665951291643881e-02 3.483113725798020699e+00
1.260445386182631328e-02 3.492921760581916502e+00
1.302588278263077520e-02 3.498202397737594449e+00
1.346140214616583890e-02 3.498716391772647594e+00
1.391148306527291781e-02 3.494230562908487325e+00
1.437661240441416924e-02 3.484521653133898056e+00
1.485729330632660182e-02 3.469377503149575492e+00
1.535404573628500365e-02 3.448606696879824796e+00
1.586740704456205894e-02 3.422038505894525073e+00
1.639793254769450481e-02 3.389530070270952766e+00
1.694619612918364313e-02 3.350972841847675188e+00
1.751279086028037155e-02 3.306295788172065375e+00
1.809832964152614798e-02 3.255468212270363981e+00
1.870344586574363213e-02 3.198508022688819175e+00
1.932879410319460894e-02 3.135486993662885080e+00
1.997505080964588620e-02 3.066529364992932383e+00
2.064291505810955316e-02 2.991823107805722692e+00
2.133310929504865505e-02 2.911619423659669970e+00
2.204638012186681956e-02 2.826240955759852458e+00
2.278349910252664909e-02 2.736079826798686110e+00
2.354526359817107548e-02 2.641608650006743719e+00
2.433249762964985810e-02 2.543371531588740631e+00
2.514605276888498206e-02 2.441990810034617265e+00
2.598680906003840441e-02 2.338157594071323064e+00
2.685567597147924673e-02 2.232630152107580646e+00
2.775359337957988490e-02 2.126221671226546039e+00
2.868153258540498754e-02 2.019791268718238886e+00
2.964049736539381419e-02 1.914231224983047097e+00
3.063152505717161092e-02 1.810450785905307169e+00
3.165568768166540647e-02 1.709361323737653704e+00
3.271409310273729054e-02 1.611862031975864751e+00
3.380788622559029871e-02 1.518816915797224887e+00
3.493825023524253087e-02 1.431042123360897422e+00
3.610640787640997940e-02 1.349288016314940331e+00
3.731362277618164441e-02 1.274226436231789661e+00
3.856120081091872487e-02 1.206436865407516157e+00
3.985049151885547425e-02 1.146402147873543775e+00
4.118288955993056055e-02 1.094500644208926232e+00
4.255983622442782027e-02 1.051003586535014023e+00
4.398282099205792772e-02 1.016070374636382168e+00
4.545338314316834522e-02 9.897437124231173167e-01
4.697311342382341770e-02 9.719350047338540799e-01
4.854365576655684383e-02 9.624061731749182780e-01
5.016670906865677154e-02 9.607391092534840471e-01
5.184402902990837420e-02 9.662942076192087004e-01
5.357743005178047802e-02 9.781575252092139516e-01
5.536878720011212396e-02 9.950982869477051906e-01
5.722003823342062395e-02 1.015506185121525684e+00
5.913318569902666078e-02 1.037377113466553480e+00
6.111029909926251474e-02 1.058326773664040044e+00
6.315351713010779189e-02 1.075658289118410327e+00
6.526504999467336310e-02 1.086506899602287080e+00
6.744718179403717817e-02 1.088058554555930257e+00
6.970227299801623477e-02 1.077837268154522743e+00
7.203276299854979858e-02 1.054031965061380305e+00
7.444117274845411802e-02 1.015816850311944686e+00
7.693010748840443946e-02 9.636048493864503017e-01
7.950225956509210379e-02 8.991620568860539953e-01
8.216041134360790865e-02 8.255385168934852302e-01
8.490743821719984319e-02 7.467906730372763091e-01
8.774631171766281157e-02 6.675215842394641719e-01
9.068010272972255870e-02 5.923246323170963112e-01
9.371198481289348681e-02 5.252429605106461175e-01
9.684523763440215649e-02 4.693621648768989685e-01
1.000832505168899600e-01 4.266139348214841309e-01
1.034295261047340625e-01 3.977776440830869120e-01
1.068876841529496080e-01 3.825842465943173898e-01
1.104614654427753945e-01 3.797815460468496052e-01
1.141547358281756464e-01 3.870639944250914843e-01
1.179714904176376727e-01 4.009110920620257978e-01
1.219158578957853512e-01 4.165479110663915518e-01
1.259921049894874856e-01 4.283290307027461941e-01
1.302046410832891354e-01 4.307341800741982807e-01
1.345580229891604751e-01 4.198343146614775812e-01
1.390569598757198100e-01 3.946905906666142161e-01
1.437063183622670492e-01 3.579640489662470060e-01
1.485111277831346888e-01 3.152627020605178743e-01
1.534765856280515817e-01 2.733961846750835312e-01
1.586080631644066208e-01 2.383424438158767700e-01
1.639111112474894438e-01 2.138444927902211634e-01
1.693914663249987407e-01 2.010034563242713290e-01
1.750550566423093313e-01 1.984812186830469116e-01
1.809080086552135869e-01 2.027636129711008761e-01
1.869566536570689830e-01 2.085511165973700232e-01
1.932075346275276828e-01 2.099601395305140950e-01
1.996674133102498971e-01 2.028107444656851721e-01
2.063432775272630582e-01 1.867293594431899129e-01
2.132423487378718452e-01 1.655157605602665949e-01
2.203720898503036263e-01 1.449144998584922239e-01
2.277402132945338109e-01 1.296714889260833781e-01
2.353546893650253491e-01 1.216377067144066432e-01
2.432237548424092122e-01 1.195207027986235487e-01
2.513559219034258718e-01 1.196415525034128235e-01
2.597599873287743666e-01 1.176281441198416405e-01
2.684450420188219666e-01 1.109460977615181615e-01
2.774204808274743361e-01 1.005774092296467526e-01
2.866960127248350254e-01 8.999186963974957487e-02
2.962816712996577673e-01 8.233166087836077396e-02
3.061878256129444420e-01 7.831934540879360862e-02
3.164251914144354805e-01 7.620119922235744914e-02
3.270048427341168962e-01 7.331744071957238540e-02
3.379382238612947953e-01 6.835610158725635710e-02
3.492371617241852855e-01 6.235013492751927816e-02
3.609138786834163448e-01 5.726968460643794973e-02
3.729810057532814693e-01 5.393259240762964674e-02
3.854515962650386651e-01 5.146379413398376179e-02
3.983391399870480631e-01 4.853997413763928848e-02
4.116575777170102257e-01 4.492564709441607129e-02
4.254213163620995108e-01 4.147918436331506087e-02
4.396452445232932327e-01 3.881352098585948845e-02
4.543447486007690661e-01 3.658919050147561858e-02
4.695357294377799362e-01 3.421985506247512965e-02
4.852346195210218704e-01 3.173651695943761203e-02
5.014584007560848322e-01 2.953388678478180429e-02
5.182246228372336949e-01 2.764839477849895602e-02
5.355514222313770833e-01 2.581723456076778431e-02
5.534575417967635413e-01 2.399811550067951563e-02
5.719623510576314906e-01 2.234230745926085726e-02
5.910858671567322808e-01 2.084363972347850688e-02
6.108487765084068544e-01 1.940448498063094065e-02
6.312724571756275216e-01 1.804423290090726231e-02
6.523790019952193653e-01 1.679790577952091496e-02
6.741912424762606104e-01 1.562909331220989004e-02
6.967327734975364839e-01 1.452957289949209294e-02
7.200279788307419881e-01 1.350708904769005146e-02
7.441020575170596008e-01 1.255533531512568503e-02
7.689810511256225389e-01 1.166764756164952524e-02
7.946918719233755368e-01 1.083893228032559511e-02
8.212623319867858873e-01 1.006588492818694114e-02
8.487211732869031078e-01 9.345437573901414080e-03
8.770980987803161932e-01 8.674474147248428454e-03
9.064238045396205701e-01 8.049758205669818589e-03
9.367300129581793700e-01 7.468223959518877075e-03
9.680495070650749767e-01 6.927009868978877168e-03
1.000416165987385808e+00 6.423453450107155516e-03
1.033865001598128330e+00 5.955060158126431955e-03
1.068432196389532240e+00 5.519500813174622357e-03
1.104155142612600837e+00 5.114614102089469656e-03
1.141072482725305592e+00 4.738370800951840871e-03
1.179224151193147607e+00 4.388853224481016092e-03
1.218651417687333982e+00 4.064235539142427127e-03
1.259396931727273516e+00 3.762806825122878059e-03
1.301504768815691548e+00 3.482975285183308959e-03
1.345020478116276896e+00 3.223271524440345093e-03
1.389991131725407447e+00 2.982322061790510133e-03
1.436465375591293947e+00 2.758836078035867886e-03
1.484493482135585296e+00 2.551592837285488000e-03
1.534127404634392455e+00 2.359450587181633960e-03
1.585420833417506836e+00 2.181346562245778820e-03
1.638429253946665609e+00 2.016296236712284643e-03
1.693210006835640158e+00 1.863381925231339569e-03
1.749822349877109051e+00 1.721746229574491922e-03
1.808327522143368116e+00 1.590586749321850181e-03
1.868788810230267217e+00 1.469154891687627675e-03
1.931271616715998229e+00 1.356753200773132750e-03
1.995843530908793184e+00 1.252731944289257665e-03
2.062574401960084458e+00 1.156486166410967227e-03
2.131536414422164238e+00 1.067452844266347138e-03
2.202804166332139602e+00 9.851082192632459617e-04
2.276454749906602792e+00 9.089651094627991448e-04
2.352567834934338631e+00 8.385704413704037291e-04
2.431225754957225149e+00 7.735029838898563282e-04
2.512513596332623944e+00 7.133712199426633363e-04
2.596519290273538783e+00 6.578113417588611275e-04
2.683333707966161441e+00 6.064853234946567667e-04
2.773050758867611432e+00 5.590792312563330714e-04
2.865767492290306695e+00 5.153016055118588793e-04
2.961584202382770314e+00 4.748818218310451342e-04
3.060604536620467719e+00 4.375687442171803903e-04
3.162935607924048931e+00 4.031294479023632112e-04
3.268688110526199786e+00 3.713479773089375068e-04
3.377976439712552459e+00 3.420241364237985989e-04
3.490918815566087297e+00 3.149723612877184981e-04
3.607637410848952619e+00 2.900206870873640462e-04
3.728258483159945236e+00 2.670097897641530733e-04
3.852912511510727001e+00 2.457920893047064190e-04
3.981734337468417539e+00 2.262308775547922416e-04
4.114863311017320058e+00 2.081995648863562819e-04
4.252443441297450555e+00 1.915809878794943587e-04
4.394623552383071896e+00 1.762667321952984605e-04
4.541557444269631816e+00 1.621564983506695932e-04
4.693404059243289517e+00 1.491575102702094363e-04
4.850327653813030437e+00 1.371839602823896347e-04
5.012497976391239618e+00 1.261565037817731505e-04
5.180090450915090017e+00 1.160017940179270947e-04
5.353286366607249214e+00 1.066520400380564830e-04
5.532273074081278885e+00 9.804459777434999693e-05
5.717244188003695271e+00 9.012159143939580362e-05
5.908399796532135539e+00 8.282955755883471640e-05
6.105946677756002750e+00 7.611911770135490929e-05
6.310098523373801171e+00 6.994467736229473308e-05
6.521076169849157722e+00 6.426413658771933178e-05
6.739107837295406966e+00 5.903862878502772734e-05
6.964429376347387013e+00 5.423228741208101748e-05
7.197284523287298619e+00 4.981202407786719923e-05
7.437925163700752407e+00 4.574731856127254280e-05
7.686611604948010879e+00 4.201001806584520580e-05
7.943612857745410594e+00 3.857415365586355267e-05
8.209206927161357470e+00 3.541577364274159058e-05
8.483681113341843272e+00 3.251279607427074283e-05
8.767332322290526392e+00 2.984486481678779715e-05
9.060467387039910392e+00 2.739321674586399035e-05
9.363403399560734641e+00 2.514056204820323611e-05
9.676468053768756405e+00 2.307097397749925964e-05
1.000000000000001243e+01 2.116978526393894678e-05
