2.000000000000000164e-05 1.557377694065973373e+01
2.066869842267550072e-05 1.607458765962470082e+01
2.135975472437544027e-05 1.659150044803798707e+01
2.207391643902171255e-05 1.712503442616679195e+01
2.281195609427394449e-05 1.767572566789110056e+01
2.357467204719313169e-05 1.824412507832145280e+01
2.436288934784564352e-05 1.883079880764343983e+01
2.517746063178175121e-05 1.943634123180572360e+01
2.601926704235410016e-05 2.006135160630056191e+01
2.688921918387384303e-05 2.070646112619350276e+01
2.778825810663545582e-05 2.137231171227903914e+01
2.871735632487579741e-05 2.205957378177891215e+01
2.967751886876853870e-05 2.276893325304126492e+01
3.066978437159193627e-05 2.350110336427168534e+01
3.169522619324599853e-05 2.425681511622312669e+01
3.275495358133433647e-05 2.503682621276950115e+01
3.385011287106671010e-05 2.584191322371515653e+01
3.498188872528021299e-05 2.667289031641292851e+01
3.615150541592045298e-05 2.753058233171469027e+01
3.736022814836899319e-05 2.841585591867002591e+01
3.860936443004954884e-05 2.932958731284975684e+01
3.990026548479344494e-05 3.027269641258339661e+01
4.123432771449419843e-05 3.124613337555873471e+01
4.261299420963254024e-05 3.225085792511953997e+01
4.403775631030562105e-05 3.328788828213455986e+01
4.551015521944909301e-05 3.435825986603723692e+01
4.703178366999723984e-05 3.546303947554930147e+01
4.860428764778435972e-05 3.660334011613360872e+01
5.022936817205134787e-05 3.778030220870794409e+01
5.190878313548323190e-05 3.899509225466402285e+01
5.364434920576834987e-05 4.024893607856566291e+01
5.543794379073590958e-05 4.154308123524010909e+01
5.729150706919781900e-05 4.287882695377595610e+01
5.920704408969155763e-05 4.425751162705365971e+01
6.118662693939432690e-05 4.568051244287631363e+01
6.323239698555469304e-05 4.714925178406273432e+01
6.534656719186627638e-05 4.866519024167310192e+01
6.753142451228926792e-05 5.022985447140441551e+01
6.978933236490913268e-05 5.184479922601409640e+01
7.212273318850868345e-05 5.351165369588137111e+01
7.453415108461877573e-05 5.523206246082366278e+01
7.702619454790587906e-05 5.700775350358580340e+01
7.960155928784993205e-05 5.884052402522308256e+01
8.226303114476471348e-05 6.073215362982391241e+01
8.501348910331518868e-05 6.268456923140362136e+01
8.785590840679157983e-05 6.469971225043022400e+01
9.079336377550881697e-05 6.677958706774811048e+01
9.382903273281309529e-05 6.892628669993618473e+01
9.696619904229312483e-05 7.114191366278411977e+01
1.002082562599141270e-04 7.342872407822132175e+01
1.035587114049174785e-04 7.578894485369521306e+01
1.070211887534562421e-04 7.822499235898609982e+01
1.105994337590709140e-04 8.073923020059588396e+01
1.142973171042456330e-04 8.333420743027025424e+01
1.181188388874281471e-04 8.601247249986887766e+01
1.220681329500424115e-04 8.877671934310171764e+01
1.261494713481742377e-04 9.162965882706326681e+01
1.303672689737678670e-04 9.457416997445928075e+01
1.347260883303314362e-04 9.761313637267480203e+01
1.392306444683180742e-04 1.007496176475789866e+02
1.438858100855209437e-04 1.039866807279593530e+02
1.486966207979997041e-04 1.073275728218010556e+02
1.536682805872396744e-04 1.107755649520929211e+02
1.588061674294368483e-04 1.143340996760356347e+02
1.641158391129971276e-04 1.180066875460911433e+02
1.696030392505434848e-04 1.217969563673415365e+02
1.752737034919339915e-04 1.257086429523597957e+02
1.811339659450114388e-04 1.297456092642463545e+02
1.871901658110307874e-04 1.339118497793922131e+02
1.934488542419408646e-04 1.382113939927616855e+02
1.999168014269393128e-04 1.426485607510154807e+02
2.066010039159656652e-04 1.472276730034618879e+02
2.135086921880547338e-04 1.519532067144265000e+02
2.206473384727377968e-04 1.568297717101943078e+02
2.280246648329511538e-04 1.618621716216775326e+02
2.356486515181963309e-04 1.670552995879318132e+02
2.435275455969876748e-04 1.724142189970681898e+02
2.516698698779247295e-04 1.779441131337371758e+02
2.600844321290405573e-04 1.836503887021968353e+02
2.687803346053976817e-04 1.895385680050144686e+02
2.777669838952388651e-04 1.956142737018045352e+02
2.870541010953427292e-04 2.018834392277086351e+02
2.966517323265922064e-04 2.083520413478605917e+02
3.065702596011295341e-04 2.150263241647194263e+02
3.168204120528543403e-04 2.219125889796801800e+02
3.274132775434116785e-04 2.290175136427586722e+02
3.383603146562264279e-04 2.363477511413274215e+02
3.496733650915567022e-04 2.439103275573275766e+02
3.613646664759745386e-04 2.517122594173064840e+02
3.734468656001317080e-04 2.597609492508099152e+02
3.859330320991275886e-04 2.680639455097621635e+02
3.988366725902805230e-04 2.766289175657538522e+02
4.121717452835938129e-04 2.854639074847131042e+02
4.259526750807212541e-04 2.945769592577414073e+02
4.401943691787655547e-04 3.039764968567924370e+02
4.549122331957894719e-04 3.136711424665278400e+02
4.701221878354804149e-04 3.236695851587619472e+02
4.858406861089974399e-04 3.339809484619102591e+02
5.020847311326308640e-04 3.446144165145655620e+02
5.188718945205230424e-04 3.555795311399375578e+02
5.362203353923492141e-04 3.668857977046405949e+02
5.541488200165187389e-04 3.785434602377047781e+02
5.726767421101455150e-04 3.905623766782450161e+02
5.918241438177454907e-04 4.029531351351620856e+02
6.116117373913557359e-04 4.157262097103389920e+02
6.320609275955268004e-04 4.288925602455099124e+02
6.531938348614238542e-04 4.424630503652628590e+02
6.750333192150836329e-04 4.564491856678429826e+02
6.976030050057104547e-04 4.708623522850012364e+02
7.209273064607610694e-04 4.857144232499217082e+02
7.450314540954613768e-04 5.010172848525569407e+02
7.699415220053250396e-04 5.167830459425523486e+02
7.956844560711916160e-04 5.330242334845651158e+02
8.222881031073025473e-04 5.497533527564088445e+02
8.497812409839368810e-04 5.669834462538381104e+02
8.781936097571961097e-04 5.847271736229533872e+02
9.075559438396131216e-04 6.029981313138614496e+02
9.379000052463793693e-04 6.218094485186555858e+02
9.692586179531593148e-04 6.411748875400179486e+02
1.001665703402655023e-03 6.611081996718146456e+02
1.035156317198330069e-03 6.816231792879543718e+02
1.069766687024985286e-03 7.027340744655289200e+02
1.105534251837205851e-03 7.244550746220503470e+02
1.142497702358069404e-03 7.468006080338489028e+02
1.180697022931930960e-03 7.697848321496059043e+02
1.220173534776542454e-03 7.934227632655378102e+02
1.260969940681316284e-03 8.177286518243919318e+02
1.303130371200056587e-03 8.427172718668080051e+02
1.346700432388157767e-03 8.684033762397615419e+02
1.391727255135877424e-03 8.948015008521684877e+02
1.438259546151070007e-03 9.219261489330490349e+02
1.486347640646530459e-03 9.497920627426834699e+02
1.536043556788919398e-03 9.784132609453839677e+02
1.587401051968200579e-03 1.007804034057268723e+03
1.640475680948428249e-03 1.037978157059067598e+03
1.695324855962815390e-03 1.068948966168557035e+03
1.752007908818060174e-03 1.100730093207372647e+03
1.810586155075142928e-03 1.133333781500029772e+03
1.871122960375984270e-03 1.166772574692539820e+03
1.933683808987751848e-03 1.201057638298054826e+03
1.998336374638913938e-03 1.236200589956710928e+03
2.065150593723721201e-03 1.272211468957056695e+03
2.134198740954243185e-03 1.309099836697972933e+03
2.205555507541849362e-03 1.346874516689937536e+03
2.279298081992675151e-03 1.385543204148611039e+03
2.355506233604463730e-03 1.425113233110223064e+03
2.434262398755145627e-03 1.465590448585797958e+03
2.515651770076436904e-03 1.506979845246895593e+03
2.599762388608985089e-03 1.549285289018883532e+03
2.686685239038679764e-03 1.592508913582065361e+03
2.776514348117217236e-03 1.636652747008306960e+03
2.869346886373309435e-03 1.681715661469989755e+03
2.965283273224645581e-03 1.727696886750054546e+03
3.064427285604211931e-03 1.774592182495596944e+03
3.166886170218578649e-03 1.822397239288833589e+03
3.272770759559481216e-03 1.871103876839322993e+03
3.382195591794276077e-03 1.920703679034857942e+03
3.495279034664920681e-03 1.971185107069195283e+03
3.612143413529477973e-03 2.022533953736477315e+03
3.732915143684721951e-03 2.074733857122821973e+03
3.857724867112893516e-03 2.127765431395349879e+03
3.986707593800617976e-03 2.181606241510740347e+03
4.120002847782761740e-03 2.236230597783563098e+03
4.257754818069308354e-03 2.291609510471692829e+03
4.400112514618404608e-03 2.347710290142837039e+03
4.547229929524409554e-03 2.404497827738752221e+03
4.699266203595197679e-03 2.461933101643559439e+03
4.856385798499019031e-03 2.519972927825824627e+03
5.018758674667020935e-03 2.578571698470909723e+03
5.186560475143959549e-03 2.637679075114107945e+03
5.359972715585955248e-03 2.697241722471663707e+03
5.539182980610755057e-03 2.757201252413141447e+03
5.724385126713026593e-03 2.817494504969443369e+03
5.915779491964028892e-03 2.878052476807896255e+03
6.113573112722652143e-03 2.938803404871127441e+03
6.317979947592099882e-03 2.999665699508965645e+03
6.529221108864616957e-03 3.060556479696390852e+03
6.747525101704480652e-03 3.121383818637980767e+03
6.973128071328140755e-03 3.182052852816663744e+03
7.206274058448705437e-03 3.242462525816655670e+03
7.447215263261310406e-03 3.302506802138264902e+03
7.696212318254701257e-03 3.362074840706544819e+03
7.953534570144332738e-03 3.421047615472756206e+03
8.219460371231864307e-03 3.479300232193048032e+03
8.494277380506187053e-03 3.536700414439269025e+03
8.778282874811823774e-03 3.593107549323196054e+03
9.071784070421121463e-03 3.648375915310362416e+03
9.375098455358292851e-03 3.702354428933347663e+03
9.688554132834568261e-03 3.754885530581472722e+03
1.001249017616620725e-02 3.805806156042200655e+03
1.034725699555901803e-02 3.854945856089716017e+03
1.069321671715643858e-02 3.902127665882619112e+03
1.105074357476093505e-02 3.947165905689050760e+03
1.142022431465263173e-02 3.989870771389431866e+03
1.180205861394306721e-02 4.030049481782649764e+03
1.219665951291643881e-02 4.067503507819275455e+03
1.260445386182631328e-02 4.102031570824189657e+03
1.302588278263077520e-02 4.133426832795384144e+03
1.346140214616583890e-02 4.161478585894831667e+03
1.391148306527291781e-02 4.185977122202734790e+03
1.437661240441416924e-02 4.206712712716567694e+03
1.485729330632660182e-02 4.223479839538637862e+03
1.535404573628500365e-02 4.236068859528393659e+03
1.586740704456205894e-02 4.244280626740125626e+03
1.639793254769450481e-02 4.247919137606466393e+03
1.694619612918364313e-02 4.246805216928625669e+03
1.751279086028037155e-02 4.240763128629847415e+03
1.809832964152614798e-02 4.229637324839382018e+03
1.870344586574363213e-02 4.213288174973421519e+03
1.932879410319460894e-02 4.191601478520358796e+03
1.997505080964588620e-02 4.164483226616453067e+03
2.064291505810955316e-02 4.131871243967294504e+03
2.133310929504865505e-02 4.093737390944637809e+03
2.204638012186681956e-02 4.050089565017006862e+03
2.278349910252664909e-02 4.000974564225028644e+03
2.354526359817107548e-02 3.946488050927637687e+03
2.433249762964985810e-02 3.886770311037357715e+03
2.514605276888498206e-02 3.822015721690600913e+03
2.598680906003840441e-02 3.752471807194570374e+03
2.685567597147924673e-02 3.678442703769248055e+03
2.775359337957988490e-02 3.600289616004915842e+03
2.868153258540498754e-02 3.518430620556194754e+03
2.964049736539381419e-02 3.433341064221866418e+03
3.063152505717161092e-02 3.345547164494624212e+03
3.165568768166540647e-02 3.255624392511157566e+03
3.271409310273729054e-02 3.164192159918060042e+03
3.380788622559029871e-02 3.071902368735346954e+03
3.493825023524253087e-02 2.979435821037312508e+03
3.610640787640997940e-02 2.887482592434937033e+03
3.731362277618164441e-02 2.796737639222341841e+03
3.856120081091872487e-02 2.707879588182674070e+03
3.985049151885547425e-02 2.621557869937853411e+03
4.118288955993056055e-02 2.538376173467864646e+03
4.255983622442782027e-02 2.458873616206758925e+03
4.398282099205792772e-02 2.383505285819259825e+03
4.545338314316834522e-02 2.312627077331317196e+03
4.697311342382341770e-02 2.246474975695691228e+03
4.854365576655684383e-02 2.185147627217923400e+03
5.016670906865677154e-02 2.128590643172211003e+03
5.184402902990837420e-02 2.076583111287025986e+03
5.357743005178047802e-02 2.028723471511480739e+03
5.536878720011212396e-02 1.984426103451313566e+03
5.722003823342062395e-02 1.942921543463311536e+03
5.913318569902666078e-02 1.903267833121891726e+03
6.111029909926251474e-02 1.864373636569208429e+03
6.315351713010779189e-02 1.825039947663524117e+03
6.526504999467336310e-02 1.784018824357507356e+03
6.744718179403717817e-02 1.740092234153901472e+03
6.970227299801623477e-02 1.692168057305158527e+03
7.203276299854979858e-02 1.639388003282950422e+03
7.444117274845411802e-02 1.581235895137356238e+03
7.693010748840443946e-02 1.517637687797090166e+03
7.950225956509210379e-02 1.449027293879692024e+03
8.216041134360790865e-02 1.376370677271851491e+03
8.490743821719984319e-02 1.301132385620711830e+03
8.774631171766281157e-02 1.225174376832957023e+03
9.068010272972255870e-02 1.150600753162527781e+03
9.371198481289348681e-02 1.079557788992696032e+03
9.684523763440215649e-02 1.014012390908751854e+03
1.000832505168899600e-01 9.555429123653786974e+02
1.034295261047340625e-01 9.051582226787039644e+02
1.068876841529496080e-01 8.631622602818997620e+02
1.104614654427753945e-01 8.290786626332619562e+02
1.141547358281756464e-01 8.016372013814294633e+02
1.179714904176376727e-01 7.788451297207770949e+02
1.219158578957853512e-01 7.581681106338726295e+02
1.259921049894874856e-01 7.368470907532208685e+02
1.302046410832891354e-01 7.123482982384098250e+02
1.345580229891604751e-01 6.828818619543228579e+02
1.390569598757198100e-01 6.478618180734863472e+02
1.437063183622670492e-01 6.081355323443933685e+02
1.485111277831346888e-01 5.658568160348842184e+02
1.534765856280515817e-01 5.239847274070267531e+02
1.586080631644066208e-01 4.855433734110836212e+02
1.639111112474894438e-01 4.528622492932695422e+02
1.693914663249987407e-01 4.270094956899574754e+02
1.750550566423093313e-01 4.075357913394288403e+02
1.809080086552135869e-01 3.925707240607756603e+02
1.869566536570689830e-01 3.792934604764120081e+02
1.932075346275276828e-01 3.647550605015684937e+02
1.996674133102498971e-01 3.469455115077189475e+02
2.063432775272630582e-01 3.255084215553692957e+02
2.132423487378718452e-01 3.019960895614738661e+02
2.203720898503036263e-01 2.790128297281423784e+02
2.277402132945338109e-01 2.590509468342191894e+02
2.353546893650253491e-01 2.433321748447713162e+02
2.432237548424092122e-01 2.313487483211417839e+02
2.513559219034258718e-01 2.212045550316977369e+02
2.597599873287743666e-01 2.106448071674122104e+02
2.684450420188219666e-01 1.983355598768076504e+02
2.774204808274743361e-01 1.846125854416821710e+02
2.866960127248350254e-01 1.710709713619336014e+02
2.962816712996577673e-01 1.593431479412569161e+02
3.061878256129444420e-01 1.499151247850628579e+02
3.164251914144354805e-01 1.419428205124417275e+02
3.270048427341168962e-01 1.340486121033013376e+02
3.379382238612947953e-01 1.254933362327101065e+02
3.492371617241852855e-01 1.167052075229375987e+02
3.609138786834163448e-01 1.086554837634254511e+02
3.729810057532814693e-01 1.018060751117967584e+02
3.854515962650386651e-01 9.574017324396351114e+01
3.983391399870480631e-01 8.976163179630768241e+01
4.116575777170102257e-01 8.369601159088951192e+01
4.254213163620995108e-01 7.794199295867774424e+01
4.396452445232932327e-01 7.281986831707956753e+01
4.543447486007690661e-01 6.816894499099836935e+01
4.695357294377799362e-01 6.367362435141151167e+01
4.852346195210218704e-01 5.931833181737663097e+01
5.014584007560848322e-01 5.529009645805926709e+01
5.182246228372336949e-01 5.160917999270063916e+01
5.355514222313770833e-01 4.813400414241925773e+01
5.534575417967635413e-01 4.482540825533781259e+01
5.719623510576314906e-01 4.174964000288678534e+01
5.910858671567322808e-01 3.889929170281340731e+01
6.108487765084068544e-01 3.621577556590743541e+01
6.312724571756275216e-01 3.369838508071040906e+01
6.523790019952193653e-01 3.135861523319898225e+01
6.741912424762606104e-01 2.917140340512693797e+01
6.967327734975364839e-01 2.712510106847608071e+01
7.200279788307419881e-01 2.521695024159847875e+01
7.441020575170596008e-01 2.343765712114710098e+01
7.689810511256225389e-01 2.177809442693287068e+01
7.946918719233755368e-01 2.023020751843740328e+01
8.212623319867858873e-01 1.878709637767709850e+01
8.487211732869031078e-01 1.744228576385605578e+01
8.770980987803161932e-01 1.618960615028781547e+01
9.064238045396205701e-01 1.502316334918302765e+01
9.367300129581793700e-01 1.393739369115832893e+01
9.680495070650749767e-01 1.292702759113574373e+01
1.000416165987385808e+00 1.198704771236167232e+01
1.033865001598128330e+00 1.111274709126531413e+01
1.068432196389532240e+00 1.029974768285632969e+01
1.104155142612600837e+00 9.544012522372032237e+00
1.141072482725305592e+00 8.841754662860379810e+00
1.179224151193147607e+00 8.189395104948033577e+00
1.218651417687333982e+00 7.583526557033444249e+00
1.259396931727273516e+00 7.020955741157846930e+00
1.301504768815691548e+00 6.498710107106169254e+00
1.345020478116276896e+00 6.014042090360361748e+00
1.389991131725407447e+00 5.564383483605451097e+00
1.436465375591293947e+00 5.147322035118071071e+00
1.484493482135585296e+00 4.760579178635786057e+00
1.534127404634392455e+00 4.402024158544620924e+00
1.585420833417506836e+00 4.069673275418049130e+00
1.638429253946665609e+00 3.761688110696218335e+00
1.693210006835640158e+00 3.476354953153298233e+00
1.749822349877109051e+00 3.212072724879943220e+00
1.808327522143368116e+00 2.967342976413013922e+00
1.868788810230267217e+00 2.740767813392988916e+00
1.931271616715998229e+00 2.531044981968963548e+00
1.995843530908793184e+00 2.336961611551440665e+00
2.062574401960084458e+00 2.157388508287410911e+00
2.131536414422164238e+00 1.991274768480173707e+00
2.202804166332139602e+00 1.837642810579400265e+00
2.276454749906602792e+00 1.695583338097257364e+00
2.352567834934338631e+00 1.564250710730413330e+00
2.431225754957225149e+00 1.442858650566668954e+00
2.512513596332623944e+00 1.330676342215863395e+00
2.596519290273538783e+00 1.227024729144255089e+00
2.683333707966161441e+00 1.131272923538057640e+00
2.773050758867611432e+00 1.042835031403457791e+00
2.865767492290306695e+00 9.611671252700990653e-01
2.961584202382770314e+00 8.857642218997480166e-01
3.060604536620467719e+00 8.161577273619246009e-01
3.162935607924048931e+00 7.519130199171633055e-01
3.268688110526199786e+00 6.926271048810995756e-01
3.377976439712552459e+00 6.379263842949878249e-01
3.490918815566087297e+00 5.874645742307910146e-01
3.607637410848952619e+00 5.409207582865932507e-01
3.728258483159945236e+00 4.979976110991715665e-01
3.852912511510727001e+00 4.584197403889379019e-01
3.981734337468417539e+00 4.219320860445353039e-01
4.114863311017320058e+00 3.882984909349267433e-01
4.252443441297450555e+00 3.573003790155213077e-01
4.394623552383071896e+00 3.287354819706105324e-01
4.541557444269631816e+00 3.024166632502113261e-01
4.693404059243289517e+00 2.781708254416033199e-01
4.850327653813030437e+00 2.558378669783254455e-01
5.012497976391239618e+00 2.352697427066789693e-01
5.180090450915090017e+00 2.163296042727330670e-01
5.353286366607249214e+00 1.988909827750936499e-01
5.532273074081278885e+00 1.828370213739517469e-01
5.717244188003695271e+00 1.680597577604769077e-01
5.908399796532135539e+00 1.544594565204369940e-01
6.105946677756002750e+00 1.419439997612149951e-01
6.310098523373801171e+00 1.304283298464966323e-01
6.521076169849157722e+00 1.198339067886328435e-01
6.739107837295406966e+00 1.100882211861270304e-01
6.964429376347387013e+00 1.011243628118461413e-01
7.197284523287298619e+00 9.288061065497661695e-02
7.437925163700752407e+00 8.530004056088082154e-02
7.686611604948010879e+00 7.833014334042338878e-02
7.943612857745410594e+00 7.192247834333251322e-02
8.209206927161357470e+00 6.603236248589999802e-02
8.483681113341843272e+00 6.061860195857265987e-02
8.767332322290526392e+00 5.564322528520396910e-02
9.060467387039910392e+00 5.107123559120526485e-02
9.363403399560734641e+00 4.687038440315521859e-02
9.676468053768756405e+00 4.301096462974039053e-02
1.000000000000001243e+01 3.946561681441462105e-02
