2.000000000000000164e-05 1.244542037274510259e-02
2.066869842267550072e-05 1.284563716997353527e-02
2.135975472437544027e-05 1.325872208437848046e-02
2.207391643902171255e-05 1.368509086305606456e-02
2.281195609427394449e-05 1.412516987910246435e-02
2.357467204719313169e-05 1.457940192753358691e-02
2.436288934784564352e-05 1.504824058877946881e-02
2.517746063178175121e-05 1.553215703141357443e-02
2.601926704235410016e-05 1.603163013892300315e-02
2.688921918387384303e-05 1.654716941519927126e-02
2.778825810663545582e-05 1.707928751600008496e-02
2.871735632487579741e-05 1.762851471776117826e-02
2.967751886876853870e-05 1.819540317873143825e-02
3.066978437159193627e-05 1.878052461800578873e-02
3.169522619324599853e-05 1.938445415340495775e-02
3.275495358133433647e-05 2.000781046150820752e-02
3.385011287106671010e-05 2.065121000251589692e-02
3.498188872528021299e-05 2.131529766942198700e-02
3.615150541592045298e-05 2.200074378540001208e-02
3.736022814836899319e-05 2.270822845259585707e-02
3.860936443004954884e-05 2.343846345236833342e-02
3.990026548479344494e-05 2.419218100215132783e-02
4.123432771449419843e-05 2.497013810063968692e-02
4.261299420963254024e-05 2.577310811658243064e-02
4.403775631030562105e-05 2.660189413504088912e-02
4.551015521944909301e-05 2.745733729089736355e-02
4.703178366999723984e-05 2.834028820633423956e-02
4.860428764778435972e-05 2.925162653346257899e-02
5.022936817205134787e-05 3.019227393598068743e-02
5.190878313548323190e-05 3.116316195725602617e-02
5.364434920576834987e-05 3.216527282697785595e-02
5.543794379073590958e-05 3.319960367671289519e-02
5.729150706919781900e-05 3.426719699596912638e-02
5.920704408969155763e-05 3.536912021860644240e-02
6.118662693939432690e-05 3.650647269860924499e-02
6.323239698555469304e-05 3.768039197109580157e-02
6.534656719186627638e-05 3.889206136147664583e-02
6.753142451228926792e-05 4.014268986344837753e-02
6.978933236490913268e-05 4.143352568374826517e-02
7.212273318850868345e-05 4.276586813697162703e-02
7.453415108461877573e-05 4.414106137326710699e-02
7.702619454790587906e-05 4.556045138287447005e-02
7.960155928784993205e-05 4.702549154597712028e-02
8.226303114476471348e-05 4.853763258153841187e-02
8.501348910331518868e-05 5.009838715201085646e-02
8.785590840679157983e-05 5.170932033394037841e-02
9.079336377550881697e-05 5.337205105583549963e-02
9.382903273281309529e-05 5.508822690341137057e-02
9.696619904229312483e-05 5.685959503428401202e-02
1.002082562599141270e-04 5.868789298472346094e-02
1.035587114049174785e-04 6.057497528410556858e-02
1.070211887534562421e-04 6.252272020871625646e-02
1.105994337590709140e-04 6.453307598641273846e-02
1.142973171042456330e-04 6.660805919235672501e-02
1.181188388874281471e-04 6.874974955540544275e-02
1.220681329500424115e-04 7.096028298563818171e-02
1.261494713481742377e-04 7.324185736426176707e-02
1.303672689737678670e-04 7.559676947870427877e-02
1.347260883303314362e-04 7.802738155564652167e-02
1.392306444683180742e-04 8.053610592239901500e-02
1.438858100855209437e-04 8.312547351502834470e-02
1.486966207979997041e-04 8.579804272844357427e-02
1.536682805872396744e-04 8.855649630852589771e-02
1.588061674294368483e-04 9.140360534008033777e-02
1.641158391129971276e-04 9.434219164440099670e-02
1.696030392505434848e-04 9.737519912231377972e-02
1.752737034919339915e-04 1.005056666067510596e-01
1.811339659450114388e-04 1.037367005045900376e-01
1.871901658110307874e-04 1.070715485350643148e-01
1.934488542419408646e-04 1.105134989139779089e-01
1.999168014269393128e-04 1.140660311424927104e-01
2.066010039159656652e-04 1.177326626465099724e-01
2.135086921880547338e-04 1.215170590769928255e-01
2.206473384727377968e-04 1.254229846934913073e-01
2.280246648329511538e-04 1.294543262782587301e-01
2.356486515181963309e-04 1.336151149009228711e-01
2.435275455969876748e-04 1.379094556321698306e-01
2.516698698779247295e-04 1.423416780068293974e-01
2.600844321290405573e-04 1.469161437904226986e-01
2.687803346053976817e-04 1.516374141692296840e-01
2.777669838952388651e-04 1.565102131877839642e-01
2.870541010953427292e-04 1.615393094416358033e-01
2.966517323265922064e-04 1.667297486780356386e-01
3.065702596011295341e-04 1.720866434346966234e-01
3.168204120528543403e-04 1.776153208918632986e-01
3.274132775434116785e-04 1.833212813946214770e-01
3.383603146562264279e-04 1.892101207732819201e-01
3.496733650915567022e-04 1.952876831184652273e-01
3.613646664759745386e-04 2.015599343857944759e-01
3.734468656001317080e-04 2.080331716102112871e-01
3.859330320991275886e-04 2.147136577507023636e-01
3.988366725902805230e-04 2.216079955470213747e-01
4.121717452835938129e-04 2.287230123208365273e-01
4.259526750807212541e-04 2.360656388667218553e-01
4.401943691787655547e-04 2.436431493552860816e-01
4.549122331957894719e-04 2.514628860882682226e-01
4.701221878354804149e-04 2.595325299647988637e-01
4.858406861089974399e-04 2.678599601402176233e-01
5.020847311326308640e-04 2.764532881975327872e-01
5.188718945205230424e-04 2.853208563396697484e-01
5.362203353923492141e-04 2.944712972770401338e-01
5.541488200165187389e-04 3.039134719461651923e-01
5.726767421101455150e-04 3.136564460164269486e-01
5.918241438177454907e-04 3.237097173111814219e-01
6.116117373913557359e-04 3.340828743191871508e-01
6.320609275955268004e-04 3.447858407261421010e-01
6.531938348614238542e-04 3.558288502371135809e-01
6.750333192150836329e-04 3.672224973542342896e-01
6.976030050057104547e-04 3.789775265957648909e-01
7.209273064607610694e-04 3.911050281862527567e-01
7.450314540954613768e-04 4.036164803377109145e-01
7.699415220053250396e-04 4.165236000977105002e-01
7.956844560711916160e-04 4.298384554753278963e-01
8.222881031073025473e-04 4.435733649949820667e-01
8.497812409839368810e-04 4.577409676394861293e-01
8.781936097571961097e-04 4.723543947858457326e-01
9.075559438396131216e-04 4.874269107481197238e-01
9.379000052463793693e-04 5.029722547796817711e-01
9.692586179531593148e-04 5.190043014374327024e-01
1.001665703402655023e-03 5.355374714943379466e-01
1.035156317198330069e-03 5.525864728768253853e-01
1.069766687024985286e-03 5.701660402561320451e-01
1.105534251837205851e-03 5.882918899582413319e-01
1.142497702358069404e-03 6.069791912221169650e-01
1.180697022931930960e-03 6.262441390959073706e-01
1.220173534776542454e-03 6.461030473473604596e-01
1.260969940681316284e-03 6.665722070451299830e-01
1.303130371200056587e-03 6.876685698800369950e-01
1.346700432388157767e-03 7.094090444912003468e-01
1.391727255135877424e-03 7.318110354785336558e-01
1.438259546151070007e-03 7.548922034903302603e-01
1.486347640646530459e-03 7.786701539175836517e-01
1.536043556788919398e-03 8.031626751635878581e-01
1.587401051968200579e-03 8.283878680047854770e-01
1.640475680948428249e-03 8.543640244155151775e-01
1.695324855962815390e-03 8.811091825395401811e-01
1.752007908818060174e-03 9.086416051728170018e-01
1.810586155075142928e-03 9.369794862810463254e-01
1.871122960375984270e-03 9.661409618535763411e-01
1.933683808987751848e-03 9.961439243017976564e-01
1.998336374638913938e-03 1.027006122896610529e+00
2.065150593723721201e-03 1.058744962220372621e+00
2.134198740954243185e-03 1.091377380920308227e+00
2.205555507541849362e-03 1.124920027152783053e+00
2.279298081992675151e-03 1.159389120000799300e+00
2.355506233604463730e-03 1.194799777039454058e+00
2.434262398755145627e-03 1.231166212942067739e+00
2.515651770076436904e-03 1.268502297996760175e+00
2.599762388608985089e-03 1.306820618140236423e+00
2.686685239038679764e-03 1.346132236640961155e+00
2.776514348117217236e-03 1.386447306002950741e+00
2.869346886373309435e-03 1.427773963948600899e+00
2.965283273224645581e-03 1.470119017988078980e+00
3.064427285604211931e-03 1.513487096181839631e+00
3.166886170218578649e-03 1.557880628355899244e+00
3.272770759559481216e-03 1.603300747989205410e+00
3.382195591794276077e-03 1.649744047612943465e+00
3.495279034664920681e-03 1.697206565856800742e+00
3.612143413529477973e-03 1.745680282946980855e+00
3.732915143684721951e-03 1.795153253924125947e+00
3.857724867112893516e-03 1.845611721159513774e+00
3.986707593800617976e-03 1.897036988848342709e+00
4.120002847782761740e-03 1.949407700961174106e+00
4.257754818069308354e-03 2.002696948172303149e+00
4.400112514618404608e-03 2.056874415522309096e+00
4.547229929524409554e-03 2.111904824496370292e+00
4.699266203595197679e-03 2.167749059897869923e+00
4.856385798499019031e-03 2.224362642572608184e+00
5.018758674667020935e-03 2.281695262041568029e+00
5.186560475143959549e-03 2.339693471354763687e+00
5.359972715585955248e-03 2.398296897317839793e+00
5.539182980610755057e-03 2.457441457400277418e+00
5.724385126713026593e-03 2.517057642772117187e+00
5.915779491964028892e-03 2.577069658391479390e+00
6.113573112722652143e-03 2.637399200030602131e+00
6.317979947592099882e-03 2.697961160504745326e+00
6.529221108864616957e-03 2.758667576527383591e+00
6.747525101704480652e-03 2.819424261378933316e+00
6.973128071328140755e-03 2.880135664190504929e+00
7.206274058448705437e-03 2.940699652065088543e+00
7.447215263261310406e-03 3.001013677492214704e+00
7.696212318254701257e-03 3.060969674953243569e+00
7.953534570144332738e-03 3.120458571745545306e+00
8.219460371231864307e-03 3.179366311556375724e+00
8.494277380506187053e-03 3.237578611081803448e+00
8.778282874811823774e-03 3.294977938269106676e+00
9.071784070421121463e-03 3.351442993731090780e+00
9.375098455358292851e-03 3.406852030378642482e+00
9.688554132834568261e-03 3.461078367364878172e+00
1.001249017616620725e-02 3.513993351958051736e+00
1.034725699555901803e-02 3.565463577606052148e+00
1.069321671715643858e-02 3.615350254953994646e+00
1.105074357476093505e-02 3.663511380856864896e+00
1.142022431465263173e-02 3.709798699790997745e+00
1.180205861394306721e-02 3.754056868128235358e+00
1.219665951291643881e-02 3.796124263150244982e+00
1.260445386182631328e-02 3.835833539143834514e+00
1.302588278263077520e-02 3.873010592650418804e+00
1.346140214616583890e-02 3.907476943405830294e+00
1.391148306527291781e-02 3.939046525253508069e+00
1.437661240441416924e-02 3.967532426134156243e+00
1.485729330632660182e-02 3.992746788561430726e+00
1.535404573628500365e-02 4.014500412141708274e+00
1.586740704456205894e-02 4.032605999558136034e+00
1.639793254769450481e-02 4.046882292903750233e+00
1.694619612918364313e-02 4.057155008751470504e+00
1.751279086028037155e-02 4.063257131401096345e+00
1.809832964152614798e-02 4.065031834319262849e+00
1.870344586574363213e-02 4.062332403813911696e+00
1.932879410319460894e-02 4.055027786341619311e+00
1.997505080964588620e-02 4.042998379685987409e+00
2.064291505810955316e-02 4.026142388525136617e+00
2.133310929504865505e-02 4.004378430998479566e+00
2.204638012186681956e-02 3.977645289702891773e+00
2.278349910252664909e-02 3.945909897274506584e+00
2.354526359817107548e-02 3.909169820271809037e+00
2.433249762964985810e-02 3.867455515539634181e+00
2.514605276888498206e-02 3.820838873000525826e+00
2.598680906003840441e-02 3.769428128770706987e+00
2.685567597147924673e-02 3.713379255238356880e+00
2.775359337957988490e-02 3.652889944932838251e+00
2.868153258540498754e-02 3.588205329958506606e+00
2.964049736539381419e-02 3.519613375393592314e+00
3.063152505717161092e-02 3.447452267386984737e+00
3.165568768166540647e-02 3.372100682179597797e+00
3.271409310273729054e-02 3.293984556712225231e+00
3.380788622559029871e-02 3.213566446930613552e+00
3.493825023524253087e-02 3.131346672777248763e+00
3.610640787640997940e-02 3.047850816504300564e+00
3.731362277618164441e-02 2.963624980533139386e+00
3.856120081091872487e-02 2.879224420143424723e+00
3.985049151885547425e-02 2.795201906398886660e+00
4.118288955993056055e-02 2.712098347414939603e+00
4.255983622442782027e-02 2.630426346562857898e+00
4.398282099205792772e-02 2.550658671240421782e+00
4.545338314316834522e-02 2.473211706254012654e+00
4.697311342382341770e-02 2.398432961591521195e+00
4.854365576655684383e-02 2.326582157094676973e+00
5.016670906865677154e-02 2.257822452242470135e+00
5.184402902990837420e-02 2.192208233162417752e+00
5.357743005178047802e-02 2.129674807383847845e+00
5.536878720011212396e-02 2.070029602262290158e+00
5.722003823342062395e-02 2.012956853278509151e+00
5.913318569902666078e-02 1.958018180771203154e+00
6.111029909926251474e-02 1.904665801451121965e+00
6.315351713010779189e-02 1.852263013285766480e+00
6.526504999467336310e-02 1.800113975736589822e+00
6.744718179403717817e-02 1.747506566223567592e+00
6.970227299801623477e-02 1.693761896042059956e+00
7.203276299854979858e-02 1.638294109232136808e+00
7.444117274845411802e-02 1.580670248083336782e+00
7.693010748840443946e-02 1.520673502042349412e+00
7.950225956509210379e-02 1.458349537364272752e+00
8.216041134360790865e-02 1.394039089547091548e+00
8.490743821719984319e-02 1.328381268288304051e+00
8.774631171766281157e-02 1.262281824105025096e+00
9.068010272972255870e-02 1.196851094600176024e+00
9.371198481289348681e-02 1.133303279438195643e+00
9.684523763440215649e-02 1.072839282142557860e+00
1.000832505168899600e-01 1.016510944311313835e+00
1.034295261047340625e-01 9.650969754190930061e-01
1.068876841529496080e-01 9.189923012750883524e-01
1.104614654427753945e-01 8.781343573823214843e-01
1.141547358281756464e-01 8.419756924325008107e-01
1.179714904176376727e-01 8.095128665677132629e-01
1.219158578957853512e-01 7.793885567792602220e-01
1.259921049894874856e-01 7.500666174387988772e-01
1.302046410832891354e-01 7.200761271098984340e-01
1.345580229891604751e-01 6.882913254937642611e-01
1.390569598757198100e-01 6.541879027885696418e-01
1.437063183622670492e-01 6.179971566134270233e-01
1.485111277831346888e-01 5.806933760950198087e-01
1.534765856280515817e-01 5.437836519140808456e-01
1.586080631644066208e-01 5.089426642772504339e-01
1.639111112474894438e-01 4.775829996478783701e-01
1.693914663249987407e-01 4.504823418925092970e-01
1.750550566423093313e-01 4.275638367044893862e-01
1.809080086552135869e-01 4.078984379246963776e-01
1.869566536570689830e-01 3.899519409569268125e-01
1.932075346275276828e-01 3.720416237996624909e-01
1.996674133102498971e-01 3.529474710088060241e-01
2.063432775272630582e-01 3.322887961662857603e-01
2.132423487378718452e-01 3.107714142727904250e-01
2.203720898503036263e-01 2.897476460388294650e-01
2.277402132945338109e-01 2.706426713641708059e-01
2.353546893650253491e-01 2.542522680821230341e-01
2.432237548424092122e-01 2.404056169849723146e-01
2.513559219034258718e-01 2.280927008477615925e-01
2.597599873287743666e-01 2.160228532351856634e-01
2.684450420188219666e-01 2.033546213199790009e-01
2.774204808274743361e-01 1.901612724662133380e-01
2.866960127248350254e-01 1.772636312744634846e-01
2.962816712996577673e-01 1.655989354744009934e-01
3.061878256129444420e-01 1.555059895594023411e-01
3.164251914144354805e-01 1.465595496741234627e-01
3.270048427341168962e-01 1.379725627996258863e-01
3.379382238612947953e-01 1.292641234963757269e-01
3.492371617241852855e-01 1.206115257326855206e-01
3.609138786834163448e-01 1.125466652519531846e-01
3.729810057532814693e-01 1.053587658646167741e-01
3.854515962650386651e-01 9.883657010845588176e-02
3.983391399870480631e-01 9.257220621060802124e-02
4.116575777170102257e-01 8.642726411617537852e-02
4.254213163620995108e-01 8.060230581480733181e-02
4.396452445232932327e-01 7.528446736045564525e-02
4.543447486007690661e-01 7.039272298831186769e-02
4.695357294377799362e-01 6.573731644599493940e-02
4.852346195210218704e-01 6.128784209205978550e-02
5.014584007560848322e-01 5.714108568215159334e-02
5.182246228372336949e-01 5.331038787618810892e-02
5.355514222313770833e-01 4.971091898324392355e-02
5.534575417967635413e-01 4.630863960086711861e-02
5.719623510576314906e-01 4.313399538881479423e-02
5.910858671567322808e-01 4.018041110489504325e-02
6.108487765084068544e-01 3.740902544408786917e-02
6.312724571756275216e-01 3.481245374446235302e-02
6.523790019952193653e-01 3.239319144456694749e-02
6.741912424762606104e-01 3.013290162075827477e-02
6.967327734975364839e-01 2.802026896793355717e-02
7.200279788307419881e-01 2.604930907803143167e-02
7.441020575170596008e-01 2.421087111317464860e-02
7.689810511256225389e-01 2.249613213853021709e-02
7.946918719233755368e-01 2.089703828038756012e-02
8.212623319867858873e-01 1.940633045396336631e-02
8.487211732869031078e-01 1.801718494812169780e-02
8.770980987803161932e-01 1.672316473313991900e-02
9.064238045396205701e-01 1.551820662732050944e-02
9.367300129581793700e-01 1.439659126804466310e-02
9.680495070650749767e-01 1.335288828057957719e-02
1.000416165987385808e+00 1.238190775905835886e-02
1.033865001598128330e+00 1.147877969039445833e-02
1.068432196389532240e+00 1.063897678245025874e-02
1.104155142612600837e+00 9.858328016666811563e-03
1.141072482725305592e+00 9.132921248765541594e-03
1.179224151193147607e+00 8.459059368468989371e-03
1.218651417687333982e+00 7.833223124985447608e-03
1.259396931727273516e+00 7.252114266026272668e-03
1.301504768815691548e+00 6.712662179711056248e-03
1.345020478116276896e+00 6.212027942320281874e-03
1.389991131725407447e+00 5.747557927181163803e-03
1.436465375591293947e+00 5.316759849931144456e-03
1.484493482135585296e+00 4.917279904659782076e-03
1.534127404634392455e+00 4.546917046090444975e-03
1.585420833417506836e+00 4.203622145611295331e-03
1.638429253946665609e+00 3.885496193649880421e-03
1.693210006835640158e+00 3.590768994304630642e-03
1.749822349877109051e+00 3.317786649354552853e-03
1.808327522143368116e+00 3.065001128957176458e-03
1.868788810230267217e+00 2.830968275875605025e-03
1.931271616715998229e+00 2.614342790098771099e-03
1.995843530908793184e+00 2.413871820405797276e-03
2.062574401960084458e+00 2.228388979271378814e-03
2.131536414422164238e+00 2.056808747145168030e-03
2.202804166332139602e+00 1.898121356617119525e-03
2.276454749906602792e+00 1.751387572493001222e-03
2.352567834934338631e+00 1.615733896696903201e-03
2.431225754957225149e+00 1.490348098342161517e-03
2.512513596332623944e+00 1.374475229124774494e-03
2.596519290273538783e+00 1.267413822860803370e-03
2.683333707966161441e+00 1.168512202670874897e-03
2.773050758867611432e+00 1.077165180416425226e-03
2.865767492290306695e+00 9.928109179938699423e-04
2.961584202382770314e+00 9.149278154409429091e-04
3.060604536620467719e+00 8.430318625292263727e-04
3.162935607924048931e+00 7.766741330277390906e-04
3.268688110526199786e+00 7.154383434576964094e-04
3.377976439712552459e+00 6.589385676523728868e-04
3.490918815566087297e+00 6.068171034556820104e-04
3.607637410848952619e+00 5.587424831539138884e-04
3.728258483159945236e+00 5.144076195497083396e-04
3.852912511510727001e+00 4.735280728073268147e-04
3.981734337468417539e+00 4.358403864296018604e-04
4.114863311017320058e+00 4.011006202935208580e-04
4.252443441297450555e+00 3.690829973104363978e-04
4.394623552383071896e+00 3.395785960365126197e-04
4.541557444269631816e+00 3.123941307059011443e-04
4.693404059243289517e+00 2.873508139766653316e-04
4.850327653813030437e+00 2.642832757065718074e-04
5.012497976391239618e+00 2.430385951394906942e-04
5.180090450915090017e+00 2.234754180018210337e-04
5.353286366607249214e+00 2.054631166329377585e-04
5.532273074081278885e+00 1.888809954543822756e-04
5.717244188003695271e+00 1.736175443620986800e-04
5.908399796532135539e+00 1.595697468795120703e-04
6.105946677756002750e+00 1.466424518032586743e-04
6.310098523373801171e+00 1.347478013195611910e-04
6.521076169849157722e+00 1.238046769484634131e-04
6.739107837295406966e+00 1.137381952989788264e-04
6.964429376347387013e+00 1.044792529997402310e-04
7.197284523287298619e+00 9.596409675438384720e-05
7.437925163700752407e+00 8.813391899240474898e-05
7.686611604948010879e+00 8.093447486177817601e-05
7.943612857745410594e+00 7.431573144997183551e-05
8.209206927161357470e+00 6.823154686920308398e-05
8.483681113341843272e+00 6.263938076769433295e-05
8.767332322290526392e+00 5.750001583225780198e-05
9.060467387039910392e+00 5.277730185942323992e-05
9.363403399560734641e+00 4.843792734580120720e-05
9.676468053768756405e+00 4.445120702717288272e-05
1.000000000000001243e+01 4.078888214891068504e-05
