2.000000000000000164e-05 8.552507156159293800e+00
2.066869842267550072e-05 8.827534922558781361e+00
2.135975472437544027e-05 9.111402184094151480e+00
2.207391643902171255e-05 9.404398744625767748e+00
2.281195609427394449e-05 9.706817748991291239e+00
2.357467204719313169e-05 1.001896074010861604e+01
2.436288934784564352e-05 1.034114126668552913e+01
2.517746063178175121e-05 1.067368100783726881e+01
2.601926704235410016e-05 1.101691598596425692e+01
2.688921918387384303e-05 1.137118443161409509e+01
2.778825810663545582e-05 1.173684645755775691e+01
2.871735632487579741e-05 1.211426388326555603e+01
2.967751886876853870e-05 1.250381828338472978e+01
3.066978437159193627e-05 1.290589937688282873e+01
3.169522619324599853e-05 1.332090880963090562e+01
3.275495358133433647e-05 1.374926349809043202e+01
3.385011287106671010e-05 1.419139089092026929e+01
3.498188872528021299e-05 1.464773142963106345e+01
3.615150541592045298e-05 1.511874787498290651e+01
3.736022814836899319e-05 1.560490380201465932e+01
3.860936443004954884e-05 1.610669850977719264e+01
3.990026548479344494e-05 1.662462348911993004e+01
4.123432771449419843e-05 1.715919670317240531e+01
4.261299420963254024e-05 1.771095933495002939e+01
4.403775631030562105e-05 1.828046591220183004e+01
4.551015521944909301e-05 1.886827896611907462e+01
4.703178366999723984e-05 1.947498950769429626e+01
4.860428764778435972e-05 2.010120531371992314e+01
5.022936817205134787e-05 2.074755108860050257e+01
5.190878313548323190e-05 2.141468265351193523e+01
5.364434920576834987e-05 2.210325007417745979e+01
5.543794379073590958e-05 2.281396148365928056e+01
5.729150706919781900e-05 2.354751784254464297e+01
5.920704408969155763e-05 2.430465045095153798e+01
6.118662693939432690e-05 2.508612636877233371e+01
6.323239698555469304e-05 2.589271528295515878e+01
6.534656719186627638e-05 2.672523565664811684e+01
6.753142451228926792e-05 2.758450818504142887e+01
6.978933236490913268e-05 2.847140030311648573e+01
7.212273318850868345e-05 2.938680042766918277e+01
7.453415108461877573e-05 3.033161535996245561e+01
7.702619454790587906e-05 3.130678988627047943e+01
7.960155928784993205e-05 3.231330932430435610e+01
8.226303114476471348e-05 3.335216719092375115e+01
8.501348910331518868e-05 3.442440321236670542e+01
8.785590840679157983e-05 3.553109376078599269e+01
9.079336377550881697e-05 3.667333923663500173e+01
9.382903273281309529e-05 3.785227728733810437e+01
9.696619904229312483e-05 3.906909375031235498e+01
1.002082562599141270e-04 4.032498786062040352e+01
1.035587114049174785e-04 4.162122619469925411e+01
1.070211887534562421e-04 4.295909179152999968e+01
1.105994337590709140e-04 4.433992251396414730e+01
1.142973171042456330e-04 4.576509513249425254e+01
1.181188388874281471e-04 4.723602889510709701e+01
1.220681329500424115e-04 4.875416956279144642e+01
1.261494713481742377e-04 5.032106337174077737e+01
1.303672689737678670e-04 5.193822756854699207e+01
1.347260883303314362e-04 5.360731326164535204e+01
1.392306444683180742e-04 5.532993810911760590e+01
1.438858100855209437e-04 5.710783220305660990e+01
1.486966207979997041e-04 5.894276566184409205e+01
1.536682805872396744e-04 6.083655505607680425e+01
1.588061674294368483e-04 6.279104264698856497e+01
1.641158391129971276e-04 6.480823995046459629e+01
1.696030392505434848e-04 6.689005308236053793e+01
1.752737034919339915e-04 6.903860986254170484e+01
1.811339659450114388e-04 7.125600141799054654e+01
1.871901658110307874e-04 7.354440429168772653e+01
1.934488542419408646e-04 7.590610722864791171e+01
1.999168014269393128e-04 7.834341995680803450e+01
2.066010039159656652e-04 8.085874051889513225e+01
2.135086921880547338e-04 8.345451696370297157e+01
2.206473384727377968e-04 8.613333021308385185e+01
2.280246648329511538e-04 8.889779993550267534e+01
2.356486515181963309e-04 9.175060988901138614e+01
2.435275455969876748e-04 9.469455370508451608e+01
2.516698698779247295e-04 9.773251475145568179e+01
2.600844321290405573e-04 1.008674137368060855e+02
2.687803346053976817e-04 1.041023536578478712e+02
2.777669838952388651e-04 1.074404280873869197e+02
2.870541010953427292e-04 1.108848610205641734e+02
2.966517323265922064e-04 1.144390141351538972e+02
3.065702596011295341e-04 1.181062352245778015e+02
3.168204120528543403e-04 1.218901346760469977e+02
3.274132775434116785e-04 1.257942798629265866e+02
3.383603146562264279e-04 1.298223879264297693e+02
3.496733650915567022e-04 1.339783532857427701e+02
3.613646664759745386e-04 1.382660266313004058e+02
3.734468656001317080e-04 1.426895349243714293e+02
3.859330320991275886e-04 1.472529755617120486e+02
3.988366725902805230e-04 1.519606622414960100e+02
4.121717452835938129e-04 1.568169948868156780e+02
4.259526750807212541e-04 1.618264626454743507e+02
4.401943691787655547e-04 1.669936900976330776e+02
4.549122331957894719e-04 1.723234526913270770e+02
4.701221878354804149e-04 1.778205604091257896e+02
4.858406861089974399e-04 1.834901054175620061e+02
5.020847311326308640e-04 1.893371543111370272e+02
5.188718945205230424e-04 1.953669165702036992e+02
5.362203353923492141e-04 2.015848082824541905e+02
5.541488200165187389e-04 2.079963660659222739e+02
5.726767421101455150e-04 2.146071252714986031e+02
5.918241438177454907e-04 2.214228769051477741e+02
6.116117373913557359e-04 2.284495272943239570e+02
6.320609275955268004e-04 2.356931157809942476e+02
6.531938348614238542e-04 2.431596364619640269e+02
6.750333192150836329e-04 2.508555143167150163e+02
6.976030050057104547e-04 2.587869954488484154e+02
7.209273064607610694e-04 2.669606801093054855e+02
7.450314540954613768e-04 2.753830796552555285e+02
7.699415220053250396e-04 2.840610714220338195e+02
7.956844560711916160e-04 2.930014112273744331e+02
8.222881031073025473e-04 3.022110442761158993e+02
8.497812409839368810e-04 3.116971276511886231e+02
8.781936097571961097e-04 3.214666858901234718e+02
9.075559438396131216e-04 3.315272168465284608e+02
9.379000052463793693e-04 3.418859693258158359e+02
9.692586179531593148e-04 3.525503692762495120e+02
1.001665703402655023e-03 3.635279635968507250e+02
1.035156317198330069e-03 3.748264748365899095e+02
1.069766687024985286e-03 3.864534351856246985e+02
1.105534251837205851e-03 3.984167144981809088e+02
1.142497702358069404e-03 4.107241808666415182e+02
1.180697022931930960e-03 4.233834476513172831e+02
1.220173534776542454e-03 4.364027142022590624e+02
1.260969940681316284e-03 4.497897421961218924e+02
1.303130371200056587e-03 4.635524733087607956e+02
1.346700432388157767e-03 4.776989309693447581e+02
1.391727255135877424e-03 4.922369813876239277e+02
1.438259546151070007e-03 5.071746369022555996e+02
1.486347640646530459e-03 5.225196523269374893e+02
1.536043556788919398e-03 5.382799881335373584e+02
1.587401051968200579e-03 5.544631642003993193e+02
1.640475680948428249e-03 5.710770335815094541e+02
1.695324855962815390e-03 5.881288575180581120e+02
1.752007908818060174e-03 6.056258923427546961e+02
1.810586155075142928e-03 6.235755903959312718e+02
1.871122960375984270e-03 6.419844317372759406e+02
1.933683808987751848e-03 6.608591588877926597e+02
1.998336374638913938e-03 6.802061034968436388e+02
2.065150593723721201e-03 7.000310259040925303e+02
2.134198740954243185e-03 7.203395851531950029e+02
2.205555507541849362e-03 7.411368522558044560e+02
2.279298081992675151e-03 7.624271644080179158e+02
2.355506233604463730e-03 7.842148740506122522e+02
2.434262398755145627e-03 8.065034675504904271e+02
2.515651770076436904e-03 8.292955603392277908e+02
2.599762388608985089e-03 8.525937463518657751e+02
2.686685239038679764e-03 8.763993624861604985e+02
2.776514348117217236e-03 9.007132356739473380e+02
2.869346886373309435e-03 9.255353145593874160e+02
2.965283273224645581e-03 9.508646192521043758e+02
3.064427285604211931e-03 9.766995465259991533e+02
3.166886170218578649e-03 1.003037211844063904e+03
3.272770759559481216e-03 1.029873623011049403e+03
3.382195591794276077e-03 1.057203816406918804e+03
3.495279034664920681e-03 1.085021527230185711e+03
3.612143413529477973e-03 1.113318769159296608e+03
3.732915143684721951e-03 1.142087497904637985e+03
3.857724867112893516e-03 1.171316209826892873e+03
3.986707593800617976e-03 1.200993869198752691e+03
4.120002847782761740e-03 1.231106482287785411e+03
4.257754818069308354e-03 1.261639091784848006e+03
4.400112514618404608e-03 1.292574476547891436e+03
4.547229929524409554e-03 1.323894283799655796e+03
4.699266203595197679e-03 1.355577304880615429e+03
4.856385798499019031e-03 1.387601040990685760e+03
5.018758674667020935e-03 1.419940512051420910e+03
5.186560475143959549e-03 1.452568462813345377e+03
5.359972715585955248e-03 1.485455854483381472e+03
5.539182980610755057e-03 1.518570461120432810e+03
5.724385126713026593e-03 1.551878672306179169e+03
5.915779491964028892e-03 1.585342610138065993e+03
6.113573112722652143e-03 1.618923830258463113e+03
6.317979947592099882e-03 1.652579646288874073e+03
6.529221108864616957e-03 1.686264761945099735e+03
6.747525101704480652e-03 1.719931150513650891e+03
6.973128071328140755e-03 1.753527934282537217e+03
7.206274058448705437e-03 1.787000397386806526e+03
7.447215263261310406e-03 1.820291741938692212e+03
7.696212318254701257e-03 1.853341051298661796e+03
7.953534570144332738e-03 1.886083937226085254e+03
8.219460371231864307e-03 1.918453757982947309e+03
8.494277380506187053e-03 1.950378989373821469e+03
8.778282874811823774e-03 1.981785586081436122e+03
9.071784070421121463e-03 2.012595462424694006e+03
9.375098455358292851e-03 2.042726466183600905e+03
9.688554132834568261e-03 2.072095009960316474e+03
1.001249017616620725e-02 2.100611704585508505e+03
1.034725699555901803e-02 2.128184592993387014e+03
1.069321671715643858e-02 2.154718576335650141e+03
1.105074357476093505e-02 2.180114774442567978e+03
1.142022431465263173e-02 2.204271734091258622e+03
1.180205861394306721e-02 2.227084204093906465e+03
1.219665951291643881e-02 2.248445382003352734e+03
1.260445386182631328e-02 2.268245369770359503e+03
1.302588278263077520e-02 2.286373185692096285e+03
1.346140214616583890e-02 2.302714809798710576e+03
1.391148306527291781e-02 2.317156487167629621e+03
1.437661240441416924e-02 2.329584716819865207e+03
1.485729330632660182e-02 2.339884333764677194e+03
1.535404573628500365e-02 2.347943387192601222e+03
1.586740704456205894e-02 2.353651683686292927e+03
1.639793254769450481e-02 2.356902032082871301e+03
1.694619612918364313e-02 2.357592148522351636e+03
1.751279086028037155e-02 2.355625825476436603e+03
1.809832964152614798e-02 2.350914406708379374e+03
1.870344586574363213e-02 2.343377910597813297e+03
1.932879410319460894e-02 2.332947386606078908e+03
1.997505080964588620e-02 2.319567254732075071e+03
2.064291505810955316e-02 2.303196091206988513e+03
2.133310929504865505e-02 2.283811029720768602e+03
2.204638012186681956e-02 2.261405950604550981e+03
2.278349910252664909e-02 2.235996915796200028e+03
2.354526359817107548e-02 2.207624328661545405e+03
2.433249762964985810e-02 2.176352136438885282e+03
2.514605276888498206e-02 2.142272821658664725e+03
2.598680906003840441e-02 2.105506024339431406e+03
2.685567597147924673e-02 2.066203175366529649e+03
2.775359337957988490e-02 2.024544417450572382e+03
2.868153258540498754e-02 1.980741426289300762e+03
2.964049736539381419e-02 1.935036400708052952e+03
3.063152505717161092e-02 1.887700918673493106e+03
3.165568768166540647e-02 1.839031977680065438e+03
3.271409310273729054e-02 1.789352740853900741e+03
3.380788622559029871e-02 1.739005683811336439e+03
3.493825023524253087e-02 1.688349000346549474e+03
3.610640787640997940e-02 1.637750840317897882e+03
3.731362277618164441e-02 1.587582180864692418e+03
3.856120081091872487e-02 1.538210098021267868e+03
3.985049151885547425e-02 1.489987315934790786e+03
4.118288955993056055e-02 1.443245702148677310e+03
4.255983622442782027e-02 1.398286116544357128e+03
4.398282099205792772e-02 1.355367021269947600e+03
4.545338314316834522e-02 1.314696558952987061e+03
4.697311342382341770e-02 1.276421932071796618e+03
4.854365576655684383e-02 1.240620185986060278e+03
5.016670906865677154e-02 1.207288926130004484e+03
5.184402902990837420e-02 1.176339251793187032e+03
5.357743005178047802e-02 1.147590024949751296e+03
5.536878720011212396e-02 1.120763648730989871e+03
5.722003823342062395e-02 1.095487587960655446e+03
5.913318569902666078e-02 1.071300013222144116e+03
6.111029909926251474e-02 1.047660576719183609e+03
6.315351713010779189e-02 1.023971650903747786e+03
6.526504999467336310e-02 9.996067907489120898e+02
6.744718179403717817e-02 9.739498876970599213e+02
6.970227299801623477e-02 9.464427034843273532e+02
7.203276299854979858e-02 9.166380961793510096e+02
7.444117274845411802e-02 8.842545072343840502e+02
7.693010748840443946e-02 8.492260728905275755e+02
7.950225956509210379e-02 8.117388845946924221e+02
8.216041134360790865e-02 7.722446943470926044e+02
8.490743821719984319e-02 7.314486147918561301e+02
8.774631171766281157e-02 6.902638911071319399e+02
9.068010272972255870e-02 6.497365233550871153e+02
9.371198481289348681e-02 6.109478729353472772e+02
9.684523763440215649e-02 5.749039539186727552e+02
1.000832505168899600e-01 5.424264729656334794e+02
1.034295261047340625e-01 5.140570763304546062e+02
1.068876841529496080e-01 4.899841215140602912e+02
1.104614654427753945e-01 4.699985535262311487e+02
1.141547358281756464e-01 4.534858414113331833e+02
1.179714904176376727e-01 4.394604092847517904e+02
1.219158578957853512e-01 4.266584304898877349e+02
1.259921049894874856e-01 4.136971936063044382e+02
1.302046410832891354e-01 3.992985232340664083e+02
1.345580229891604751e-01 3.825462292684510999e+02
1.390569598757198100e-01 3.631156511669649944e+02
1.437063183622670492e-01 3.413919122752188855e+02
1.485111277831346888e-01 3.184170921468316351e+02
1.534765856280515817e-01 2.956516967323366316e+02
1.586080631644066208e-01 2.746122544406458701e+02
1.639111112474894438e-01 2.564881763770114844e+02
1.693914663249987407e-01 2.418468211417622626e+02
1.750550566423093313e-01 2.304908154311812893e+02
1.809080086552135869e-01 2.214994753748689504e+02
1.869566536570689830e-01 2.134638310917455897e+02
1.932075346275276828e-01 2.048999317084449672e+02
1.996674133102498971e-01 1.947853522769453889e+02
2.063432775272630582e-01 1.829125048776363656e+02
2.132423487378718452e-01 1.700328789637488569e+02
2.203720898503036263e-01 1.574359324146144559e+02
2.277402132945338109e-01 1.463780573502261007e+02
2.353546893650253491e-01 1.374920334905885397e+02
2.432237548424092122e-01 1.305420102270134066e+02
2.513559219034258718e-01 1.245851139319288592e+02
2.597599873287743666e-01 1.184860873020474230e+02
2.684450420188219666e-01 1.115612169846758519e+02
2.774204808274743361e-01 1.039603653548552415e+02
2.866960127248350254e-01 9.647195777567164043e+01
2.962816712996577673e-01 8.991921768432774797e+01
3.061878256129444420e-01 8.455748045680449820e+01
3.164251914144354805e-01 7.997145051497072643e+01
3.270048427341168962e-01 7.546798678941347305e+01
3.379382238612947953e-01 7.066589101268476725e+01
3.492371617241852855e-01 6.577004676892620694e+01
3.609138786834163448e-01 6.126593645458338955e+01
3.729810057532814693e-01 5.739061852673813036e+01
3.854515962650386651e-01 5.393893120980861511e+01
3.983391399870480631e-01 5.055915605798841739e+01
4.116575777170102257e-01 4.715751323156684549e+01
4.254213163620995108e-01 4.393053163696236396e+01
4.396452445232932327e-01 4.104040983779491825e+01
4.543447486007690661e-01 3.840825348320950638e+01
4.695357294377799362e-01 3.587390961407655254e+01
4.852346195210218704e-01 3.342630694930062418e+01
5.014584007560848322e-01 3.115821624008958324e+01
5.182246228372336949e-01 2.908032261171361554e+01
5.355514222313770833e-01 2.712093835523097951e+01
5.534575417967635413e-01 2.525866338706748593e+01
5.719623510576314906e-01 2.352581901961429622e+01
5.910858671567322808e-01 2.191849871813197836e+01
6.108487765084068544e-01 2.040650308380048727e+01
6.312724571756275216e-01 1.898850459020977866e+01
6.523790019952193653e-01 1.766979080010771241e+01
6.741912424762606104e-01 1.643721800265387500e+01
6.967327734975364839e-01 1.528434522097290760e+01
7.200279788307419881e-01 1.420916844861370087e+01
7.441020575170596008e-01 1.320651516134105385e+01
7.689810511256225389e-01 1.227133020025073584e+01
7.946918719233755368e-01 1.139911365430168821e+01
8.212623319867858873e-01 1.058595851425257095e+01
8.487211732869031078e-01 9.828196601372603425e+00
8.770980987803161932e-01 9.122342092242845979e+00
9.064238045396205701e-01 8.465076989599209512e+00
9.367300129581793700e-01 7.853269964951064885e+00
9.680495070650749767e-01 7.283953591928124638e+00
1.000416165987385808e+00 6.754300187662609645e+00
1.033865001598128330e+00 6.261656791572083769e+00
1.068432196389532240e+00 5.803555911731247186e+00
1.104155142612600837e+00 5.377722345881786659e+00
1.141072482725305592e+00 4.982021877135496268e+00
1.179224151193147607e+00 4.614437673274376372e+00
1.218651417687333982e+00 4.273050022087005573e+00
1.259396931727273516e+00 3.956059797067991823e+00
1.301504768815691548e+00 3.661792102401672633e+00
1.345020478116276896e+00 3.388698545963617192e+00
1.389991131725407447e+00 3.135331799642508521e+00
1.436465375591293947e+00 2.900332492321048949e+00
1.484493482135585296e+00 2.682416710582904873e+00
1.534127404634392455e+00 2.480383850750136787e+00
1.585420833417506836e+00 2.293116184034117655e+00
1.638429253946665609e+00 2.119577901802256026e+00
1.693210006835640158e+00 1.958803453769860869e+00
1.749822349877109051e+00 1.809890695939382121e+00
1.808327522143368116e+00 1.671995156868859356e+00
1.868788810230267217e+00 1.544329019915142043e+00
1.931271616715998229e+00 1.426158424068032726e+00
1.995843530908793184e+00 1.316800019536787492e+00
2.062574401960084458e+00 1.215617628044008525e+00
2.131536414422164238e+00 1.122019151866936681e+00
2.202804166332139602e+00 1.035453737539710373e+00
2.276454749906602792e+00 9.554089923275131957e-01
2.352567834934338631e+00 8.814084039341963939e-01
2.431225754957225149e+00 8.130089382702222478e-01
2.512513596332623944e+00 7.497988195861146066e-01
2.596519290273538783e+00 6.913954300226765604e-01
2.683333707966161441e+00 6.374432754798329270e-01
2.773050758867611432e+00 5.876122101715006707e-01
2.865767492290306695e+00 5.415957403584993335e-01
2.961584202382770314e+00 4.991093301920772607e-01
3.060604536620467719e+00 4.598889524215382663e-01
3.162935607924048931e+00 4.236897183807908362e-01
3.268688110526199786e+00 3.902845480022169578e-01
3.377976439712552459e+00 3.594629214927380634e-01
3.490918815566087297e+00 3.310297143900282069e-01
3.607637410848952619e+00 3.048041139380355258e-01
3.728258483159945236e+00 2.806186067026616437e-01
3.852912511510727001e+00 2.583180316852663472e-01
3.981734337468417539e+00 2.377586692828231041e-01
4.114863311017320058e+00 2.188074437971418706e-01
4.252443441297450555e+00 2.013411887201302375e-01
4.394623552383071896e+00 1.852459344883807535e-01
4.541557444269631816e+00 1.704162421400238492e-01
4.693404059243289517e+00 1.567545817523076923e-01
4.850327653813030437e+00 1.441707435524484382e-01
5.012497976391239618e+00 1.325813094747861354e-01
5.180090450915090017e+00 1.219091703611211025e-01
5.353286366607249214e+00 1.120830656709257966e-01
5.532273074081278885e+00 1.030371510567361926e-01
5.717244188003695271e+00 9.471059397344210040e-02
5.908399796532135539e+00 8.704719944089781003e-02
6.105946677756002750e+00 7.999506614721291209e-02
6.310098523373801171e+00 7.350626987572606019e-02
6.521076169849157722e+00 6.753655682245329750e-02
6.739107837295406966e+00 6.204506955721757200e-02
6.964429376347387013e+00 5.699410569430504031e-02
7.197284523287298619e+00 5.234888764254915644e-02
7.437925163700752407e+00 4.807734149614806968e-02
7.686611604948010879e+00 4.414988082167008859e-02
7.943612857745410594e+00 4.053921207948271016e-02
8.209206927161357470e+00 3.722015954027893536e-02
8.483681113341843272e+00 3.416951307278396494e-02
8.767332322290526392e+00 3.136587779725832220e-02
9.060467387039910392e+00 2.878953462126547860e-02
9.363403399560734641e+00 2.642231283357452526e-02
9.676468053768756405e+00 2.424747372653716579e-02
1.000000000000001243e+01 2.224960158166501209e-02
