2.000000000000000164e-05 8.827460674904158111e+01
2.066869842267550072e-05 9.111324277449496378e+01
2.135975472437544027e-05 9.404318658269910713e+01
2.207391643902171255e-05 9.706732634831649875e+01
2.281195609427394449e-05 1.001887208616684717e+02
2.357467204719313169e-05 1.034104761581905905e+02
2.436288934784564352e-05 1.067358192060737849e+02
2.517746063178175121e-05 1.101681161568286456e+02
2.601926704235410016e-05 1.137107478033195775e+02
2.688921918387384303e-05 1.173673197103339589e+02
2.778825810663545582e-05 1.211414338888238404e+02
2.871735632487579741e-05 1.250369054048218089e+02
2.967751886876853870e-05 1.290576342725402981e+02
3.066978437159193627e-05 1.332076536487552971e+02
3.169522619324599853e-05 1.374911022119528354e+02
3.275495358133433647e-05 1.419122602535084354e+02
3.385011287106671010e-05 1.464755799336874702e+02
3.498188872528021299e-05 1.511856314177538252e+02
3.615150541592045298e-05 1.560470913388136580e+02
3.736022814836899319e-05 1.610649057893764393e+02
3.860936443004954884e-05 1.662439974810672823e+02
3.990026548479344494e-05 1.715896016194221545e+02
4.123432771449419843e-05 1.771070669648773048e+02
4.261299420963254024e-05 1.828019340813306144e+02
4.403775631030562105e-05 1.886798625793367705e+02
4.551015521944909301e-05 1.947467312985498609e+02
4.703178366999723984e-05 2.010086835385568804e+02
4.860428764778435972e-05 2.074719418681734453e+02
5.022936817205134787e-05 2.141429127221395561e+02
5.190878313548323190e-05 2.210283133154792665e+02
5.364434920576834987e-05 2.281351196768985687e+02
5.543794379073590958e-05 2.354703497207132159e+02
5.729150706919781900e-05 2.430412724403588243e+02
5.920704408969155763e-05 2.508555534079507652e+02
6.118662693939432690e-05 2.589210091496336759e+02
6.323239698555469304e-05 2.672456916378623646e+02
6.534656719186627638e-05 2.758378887207861681e+02
6.753142451228926792e-05 2.847061901117315301e+02
6.978933236490913268e-05 2.938595440131785494e+02
7.212273318850868345e-05 3.033069185391855740e+02
7.453415108461877573e-05 3.130579228940910070e+02
7.702619454790587906e-05 3.231221784821113943e+02
7.960155928784993205e-05 3.335098085149913913e+02
8.226303114476471348e-05 3.442311565201518988e+02
8.501348910331518868e-05 3.552968435565893515e+02
8.785590840679157983e-05 3.667180844497785301e+02
9.079336377550881697e-05 3.785060261179984309e+02
9.382903273281309529e-05 3.906726506116643236e+02
9.696619904229312483e-05 4.032299293934749471e+02
1.002082562599141270e-04 4.161904724437092682e+02
1.035587114049174785e-04 4.295671262776722870e+02
1.070211887534562421e-04 4.433731935328498821e+02
1.105994337590709140e-04 4.576224729231363426e+02
1.142973171042456330e-04 4.723290393962378744e+02
1.181188388874281471e-04 4.875075965312759649e+02
1.220681329500424115e-04 5.031732364892321243e+02
1.261494713481742377e-04 5.193414826484226978e+02
1.303672689737678670e-04 5.360282083256958003e+02
1.347260883303314362e-04 5.532502899894279835e+02
1.392306444683180742e-04 5.710245042556811086e+02
1.438858100855209437e-04 5.893686047543870927e+02
1.486966207979997041e-04 6.083007478984739009e+02
1.536682805872396744e-04 6.278396428854319993e+02
1.588061674294368483e-04 6.480045956438560779e+02
1.641158391129971276e-04 6.688152142861114271e+02
1.696030392505434848e-04 6.902925824003770003e+02
1.752737034919339915e-04 7.124573554509264568e+02
1.811339659450114388e-04 7.353316041060071484e+02
1.871901658110307874e-04 7.589377490605912726e+02
1.934488542419408646e-04 7.832987925079419256e+02
1.999168014269393128e-04 8.084388177448454371e+02
2.066010039159656652e-04 8.343823137081571986e+02
2.135086921880547338e-04 8.611547893941560687e+02
2.206473384727377968e-04 8.887819583160504635e+02
2.280246648329511538e-04 9.172912677181077470e+02
2.356486515181963309e-04 9.467099186078818320e+02
2.435275455969876748e-04 9.770669469386729133e+02
2.516698698779247295e-04 1.008391200148640905e+03
2.600844321290405573e-04 1.040713414557972783e+03
2.687803346053976817e-04 1.074064647894160089e+03
2.777669838952388651e-04 1.108476410543846669e+03
2.870541010953427292e-04 1.143982492772131536e+03
2.966517323265922064e-04 1.180616316699628669e+03
3.065702596011295341e-04 1.218413153910186793e+03
3.168204120528543403e-04 1.257408660232031934e+03
3.274132775434116785e-04 1.297639935454583792e+03
3.383603146562264279e-04 1.339144812311522173e+03
3.496733650915567022e-04 1.381962554172482896e+03
3.613646664759745386e-04 1.426133460451098244e+03
3.734468656001317080e-04 1.471697975756467258e+03
3.859330320991275886e-04 1.518699283528600745e+03
3.988366725902805230e-04 1.567180458455278313e+03
4.121717452835938129e-04 1.617186707932460649e+03
4.259526750807212541e-04 1.668763092422601176e+03
4.401943691787655547e-04 1.721957348753271845e+03
4.549122331957894719e-04 1.776817427779738182e+03
4.701221878354804149e-04 1.833392480430463593e+03
4.858406861089974399e-04 1.891734399213594997e+03
5.020847311326308640e-04 1.951894179345548537e+03
5.188718945205230424e-04 2.013925259836792748e+03
5.362203353923492141e-04 2.077882784789563175e+03
5.541488200165187389e-04 2.143822512199439188e+03
5.726767421101455150e-04 2.211801232971782611e+03
5.918241438177454907e-04 2.281877602873742035e+03
6.116117373913557359e-04 2.354112120128554579e+03
6.320609275955268004e-04 2.428565641881434658e+03
6.531938348614238542e-04 2.505300932906804064e+03
6.750333192150836329e-04 2.584381724423021751e+03
6.976030050057104547e-04 2.665872829656877911e+03
7.209273064607610694e-04 2.749842267807779990e+03
7.450314540954613768e-04 2.836357091380731163e+03
7.699415220053250396e-04 2.925486467488570270e+03
7.956844560711916160e-04 3.017300931544884406e+03
8.222881031073025473e-04 3.111872820101027628e+03
8.497812409839368810e-04 3.209274850923068698e+03
8.781936097571961097e-04 3.309581634364082220e+03
9.075559438396131216e-04 3.412867726967883300e+03
9.379000052463793693e-04 3.519211163324448989e+03
9.692586179531593148e-04 3.628687632104484237e+03
1.001665703402655023e-03 3.741376675164599419e+03
1.035156317198330069e-03 3.857358570879950548e+03
1.069766687024985286e-03 3.976710652502553330e+03
1.105534251837205851e-03 4.099517430774340937e+03
1.142497702358069404e-03 4.225857245910186975e+03
1.180697022931930960e-03 4.355814635571159670e+03
1.220173534776542454e-03 4.489469204698669273e+03
1.260969940681316284e-03 4.626905583603110244e+03
1.303130371200056587e-03 4.768205720428479253e+03
1.346700432388157767e-03 4.913451291490124277e+03
1.391727255135877424e-03 5.062724494001575295e+03
1.438259546151070007e-03 5.216108460098814248e+03
1.486347640646530459e-03 5.373684125144817699e+03
1.536043556788919398e-03 5.535530833688516395e+03
1.587401051968200579e-03 5.701728227747749770e+03
1.640475680948428249e-03 5.872354992711398154e+03
1.695324855962815390e-03 6.047486476837811097e+03
1.752007908818060174e-03 6.227199644534121944e+03
1.810586155075142928e-03 6.411564069395950355e+03
1.871122960375984270e-03 6.600650517324233078e+03
1.933683808987751848e-03 6.794526973182395523e+03
1.998336374638913938e-03 6.993254499802503233e+03
2.065150593723721201e-03 7.196897585307224290e+03
2.134198740954243185e-03 7.405509942085024704e+03
2.205555507541849362e-03 7.619141255571177680e+03
2.279298081992675151e-03 7.837842571079394475e+03
2.355506233604463730e-03 8.061655212838956686e+03
2.434262398755145627e-03 8.290613844299079574e+03
2.515651770076436904e-03 8.524747772823771811e+03
2.599762388608985089e-03 8.764081454338043841e+03
2.686685239038679764e-03 9.008631915219357325e+03
2.776514348117217236e-03 9.258401426195365275e+03
2.869346886373309435e-03 9.513399022878978940e+03
2.965283273224645581e-03 9.773604900961850944e+03
3.064427285604211931e-03 1.003900957664517409e+04
3.166886170218578649e-03 1.030957645548457003e+04
3.272770759559481216e-03 1.058526720825423399e+04
3.382195591794276077e-03 1.086602981323780295e+04
3.495279034664920681e-03 1.115180169562633273e+04
3.612143413529477973e-03 1.144250170079415511e+04
3.732915143684721951e-03 1.173803927594752349e+04
3.857724867112893516e-03 1.203830688523407662e+04
3.986707593800617976e-03 1.234318169726811175e+04
4.120002847782761740e-03 1.265252517175011235e+04
4.257754818069308354e-03 1.296617692606717901e+04
4.400112514618404608e-03 1.328396764859763789e+04
4.547229929524409554e-03 1.360569373050680042e+04
4.699266203595197679e-03 1.393115201242223520e+04
4.856385798499019031e-03 1.426009945324001455e+04
5.018758674667020935e-03 1.459228299610787144e+04
5.186560475143959549e-03 1.492742181815820550e+04
5.359972715585955248e-03 1.526520946951470250e+04
5.539182980610755057e-03 1.560532727090579283e+04
5.724385126713026593e-03 1.594741701996201846e+04
5.915779491964028892e-03 1.629109997962574380e+04
6.113573112722652143e-03 1.663597411820046545e+04
6.317979947592099882e-03 1.698159631333659127e+04
6.529221108864616957e-03 1.732749752943738713e+04
6.747525101704480652e-03 1.767319303159738411e+04
6.973128071328140755e-03 1.801814280399467680e+04
7.206274058448705437e-03 1.836179855456381847e+04
7.447215263261310406e-03 1.870355887222194724e+04
7.696212318254701257e-03 1.904280980144349815e+04
7.953534570144332738e-03 1.937888290624699948e+04
8.219460371231864307e-03 1.971108842137402462e+04
8.494277380506187053e-03 2.003869376623786957e+04
8.778282874811823774e-03 2.036093112828771700e+04
9.071784070421121463e-03 2.067699877679450947e+04
9.375098455358292851e-03 2.098604928777953319e+04
9.688554132834568261e-03 2.128721491583525130e+04
1.001249017616620725e-02 2.157958007281554455e+04
1.034725699555901803e-02 2.186219688366282935e+04
1.069321671715643858e-02 2.213408513845048947e+04
1.105074357476093505e-02 2.239422318961036945e+04
1.142022431465263173e-02 2.264156397291810936e+04
1.180205861394306721e-02 2.287502964626516041e+04
1.219665951291643881e-02 2.309350963398740714e+04
1.260445386182631328e-02 2.329587967199873310e+04
1.302588278263077520e-02 2.348099712605345849e+04
1.346140214616583890e-02 2.364767913312905148e+04
1.391148306527291781e-02 2.379476558714005660e+04
1.437661240441416924e-02 2.392107860489827726e+04
1.485729330632660182e-02 2.402543995395343882e+04
1.535404573628500365e-02 2.410669699247613971e+04
1.586740704456205894e-02 2.416371512108846582e+04
1.639793254769450481e-02 2.419539058235236007e+04
1.694619612918364313e-02 2.420068334363571194e+04
1.751279086028037155e-02 2.417859146495517416e+04
1.809832964152614798e-02 2.412822526494738850e+04
1.870344586574363213e-02 2.404874900629498370e+04
1.932879410319460894e-02 2.393947562739801651e+04
1.997505080964588620e-02 2.379983507592372553e+04
2.064291505810955316e-02 2.362940943812234036e+04
2.133310929504865505e-02 2.342797416161220463e+04
2.204638012186681956e-02 2.319548476485919309e+04
2.278349910252664909e-02 2.293211345959980463e+04
2.354526359817107548e-02 2.263829545690241503e+04
2.433249762964985810e-02 2.231470524256878707e+04
2.514605276888498206e-02 2.196231691866216715e+04
2.598680906003840441e-02 2.158237724136983161e+04
2.685567597147924673e-02 2.117646689913978116e+04
2.775359337957988490e-02 2.074646211087866686e+04
2.868153258540498754e-02 2.029456606307851325e+04
2.964049736539381419e-02 1.982329542639895590e+04
3.063152505717161092e-02 1.933545861352136126e+04
3.165568768166540647e-02 1.883413787385758405e+04
3.271409310273729054e-02 1.832268597515536021e+04
3.380788622559029871e-02 1.780464119612465220e+04
3.493825023524253087e-02 1.728370468436420924e+04
3.610640787640997940e-02 1.676368509974502012e+04
3.731362277618164441e-02 1.624840275514832865e+04
3.856120081091872487e-02 1.574163652149969676e+04
3.985049151885547425e-02 1.524703222559415008e+04
4.118288955993056055e-02 1.476799098175875770e+04
4.255983622442782027e-02 1.430759588954720311e+04
4.398282099205792772e-02 1.386850205093720615e+04
4.545338314316834522e-02 1.345282923402693996e+04
4.697311342382341770e-02 1.306206270427343406e+04
4.854365576655684383e-02 1.269696321972972328e+04
5.016670906865677154e-02 1.235746730057941204e+04
5.184402902990837420e-02 1.204261854281743217e+04
5.357743005178047802e-02 1.175050027270429564e+04
5.536878720011212396e-02 1.147819011324518033e+04
5.722003823342062395e-02 1.122179779595181571e+04
5.913318569902666078e-02 1.097649541307270374e+04
6.111029909926251474e-02 1.073664468084278087e+04
6.315351713010779189e-02 1.049602149105322496e+04
6.526504999467336310e-02 1.024810300707874012e+04
6.744718179403717817e-02 9.986483510159139769e+03
6.970227299801623477e-02 9.705368306395237596e+03
7.203276299854979858e-02 9.400127165501426134e+03
7.444117274845411802e-02 9.067861749462099397e+03
7.693010748840443946e-02 8.707931443068926455e+03
7.950225956509210379e-02 8.322318525917535226e+03
8.216041134360790865e-02 7.915774749610695835e+03
8.490743821719984319e-02 7.495684744109565145e+03
8.774631171766281157e-02 7.071586643539076249e+03
9.068010272972255870e-02 6.654385274445853611e+03
9.371198481289348681e-02 6.255330334627280536e+03
9.684523763440215649e-02 5.884870845293802631e+03
1.000832505168899600e-01 5.551512553548582218e+03
1.034295261047340625e-01 5.260846735394737152e+03
1.068876841529496080e-01 5.014778136666270257e+03
1.104614654427753945e-01 4.811087823050287625e+03
1.141547358281756464e-01 4.643338755068065439e+03
1.179714904176376727e-01 4.501250271211687505e+03
1.219158578957853512e-01 4.371653153012119219e+03
1.259921049894874856e-01 4.240149633658466882e+03
1.302046410832891354e-01 4.093443557873349164e+03
1.345580229891604751e-01 3.922027712191132650e+03
1.390569598757198100e-01 3.722566712082982122e+03
1.437063183622670492e-01 3.499129222394537464e+03
1.485111277831346888e-01 3.262619947515122931e+03
1.534765856280515817e-01 3.028281962046688932e+03
1.586080631644066208e-01 2.811901966798777266e+03
1.639111112474894438e-01 2.625833718728375516e+03
1.693914663249987407e-01 2.475937124418652274e+03
1.750550566423093313e-01 2.360116135483513972e+03
1.809080086552135869e-01 2.268758253856457486e+03
1.869566536570689830e-01 2.187184491757075648e+03
1.932075346275276828e-01 2.099953292595245330e+03
1.996674133102498971e-01 1.996442283833987403e+03
2.063432775272630582e-01 1.874533704943258954e+03
2.132423487378718452e-01 1.742090927812627342e+03
2.203720898503036263e-01 1.612563607024565954e+03
2.277402132945338109e-01 1.499023553548262498e+03
2.353546893650253491e-01 1.408028388069755010e+03
2.432237548424092122e-01 1.337094929646002356e+03
2.513559219034258718e-01 1.276394162027086622e+03
2.597599873287743666e-01 1.214113698205590026e+03
2.684450420188219666e-01 1.143157381797438347e+03
2.774204808274743361e-01 1.065112899600822630e+03
2.866960127248350254e-01 9.882060178324539947e+02
2.962816712996577673e-01 9.210007718183080669e+02
3.061878256129444420e-01 8.661385463835911196e+02
3.164251914144354805e-01 8.192832866918211039e+02
3.270048427341168962e-01 7.732220027051675970e+02
3.379382238612947953e-01 7.240020203335250244e+02
3.492371617241852855e-01 6.737709530504919258e+02
3.609138786834163448e-01 6.275854713549906592e+02
3.729810057532814693e-01 5.879057582992261359e+02
3.854515962650386651e-01 5.525903899405793709e+02
3.983391399870480631e-01 5.179811882073503284e+02
4.116575777170102257e-01 4.831110190417177250e+02
4.254213163620995108e-01 4.500314461596316278e+02
4.396452445232932327e-01 4.204287938571265499e+02
4.543447486007690661e-01 3.934790159490426049e+02
4.695357294377799362e-01 3.675177218157980974e+02
4.852346195210218704e-01 3.424344399104984973e+02
5.014584007560848322e-01 3.191965097404901712e+02
5.182246228372336949e-01 2.979146415002932144e+02
5.355514222313770833e-01 2.778432809171860072e+02
5.534575417967635413e-01 2.587623539555062848e+02
5.719623510576314906e-01 2.410097940054930632e+02
5.910858671567322808e-01 2.245451839856961271e+02
6.108487765084068544e-01 2.090554046728701394e+02
6.312724571756275216e-01 1.945280069268833074e+02
6.523790019952193653e-01 1.810187846055370358e+02
6.741912424762606104e-01 1.683919576963708096e+02
6.967327734975364839e-01 1.565809631826227246e+02
7.200279788307419881e-01 1.455662194052276561e+02
7.441020575170596008e-01 1.352946170007006685e+02
7.689810511256225389e-01 1.257141922339796736e+02
7.946918719233755368e-01 1.167787684246921742e+02
8.212623319867858873e-01 1.084483589712933309e+02
8.487211732869031078e-01 1.006854247962165942e+02
8.770980987803161932e-01 9.345427412976475523e+01
9.064238045396205701e-01 8.672090829339829554e+01
9.367300129581793700e-01 8.045324012716767470e+01
9.680495070650749767e-01 7.462086482129059561e+01
1.000416165987385808e+00 6.919481312534571771e+01
1.033865001598128330e+00 6.414790647332135620e+01
1.068432196389532240e+00 5.945486767528596062e+01
1.104155142612600837e+00 5.509239203229464721e+01
1.141072482725305592e+00 5.103861864147894067e+01
1.179224151193147607e+00 4.727288689619359729e+01
1.218651417687333982e+00 4.377552709076443449e+01
1.259396931727273516e+00 4.052810505023656873e+01
1.301504768815691548e+00 3.751346112877048711e+01
1.345020478116276896e+00 3.471573509294184134e+01
1.389991131725407447e+00 3.212010208099182051e+01
1.436465375591293947e+00 2.971263721540339375e+01
1.484493482135585296e+00 2.748018668596060721e+01
1.534127404634392455e+00 2.541044995880069024e+01
1.585420833417506836e+00 2.349197577704972417e+01
1.638429253946665609e+00 2.171415243258375938e+01
1.693210006835640158e+00 2.006708811973451390e+01
1.749822349877109051e+00 1.854154081596764669e+01
1.808327522143368116e+00 1.712885996855510840e+01
1.868788810230267217e+00 1.582097542160028070e+01
1.931271616715998229e+00 1.461036939185250105e+01
1.995843530908793184e+00 1.349004055818486414e+01
2.062574401960084458e+00 1.245347075797997149e+01
2.131536414422164238e+00 1.149459381468595787e+01
2.202804166332139602e+00 1.060776714331201198e+01
2.276454749906602792e+00 9.787742327120600550e+00
2.352567834934338631e+00 9.029638173787303046e+00
2.431225754957225149e+00 8.328915544401693793e+00
2.512513596332623944e+00 7.681355337431130970e+00
2.596519290273538783e+00 7.083037407445489819e+00
2.683333707966161441e+00 6.530320084336754149e+00
2.773050758867611432e+00 6.019821545696259157e+00
2.865767492290306695e+00 5.548402145136472008e+00
2.961584202382770314e+00 5.113146882284342887e+00
3.060604536620467719e+00 4.711350755894114783e+00
3.162935607924048931e+00 4.340504883522671165e+00
3.268688110526199786e+00 3.998282954312310178e+00
3.377976439712552459e+00 3.682528359280141661e+00
3.490918815566087297e+00 3.391242185139390131e+00
3.607637410848952619e+00 3.122572094626304917e+00
3.728258483159945236e+00 2.874801975407948795e+00
3.852912511510727001e+00 2.646342255910734576e+00
3.981734337468417539e+00 2.435720520908193354e+00
4.114863311017320058e+00 2.241573377909916509e+00
4.252443441297450555e+00 2.062638983383609848e+00
4.394623552383071896e+00 1.897749823607752573e+00
4.541557444269631816e+00 1.745825833556643003e+00
4.693404059243289517e+00 1.605867939957241530e+00
4.850327653813030437e+00 1.476951980716979529e+00
5.012497976391239618e+00 1.358223322518802290e+00
5.180090450915090017e+00 1.248891975684975009e+00
5.353286366607249214e+00 1.148227883256379922e+00
5.532273074081278885e+00 1.055556486913609593e+00
5.717244188003695271e+00 9.702545767848032021e-01
5.908399796532135539e+00 8.917464626340079192e-01
6.105946677756002750e+00 8.195004482065456619e-01
6.310098523373801171e+00 7.530255793868220193e-01
6.521076169849157722e+00 6.918685107537591028e-01
6.739107837295406966e+00 6.356106970151846891e-01
6.964429376347387013e+00 5.838659080338263196e-01
7.197284523287298619e+00 5.362778522490223576e-01
7.437925163700752407e+00 4.925179133615192328e-01
7.686611604948010879e+00 4.522829660827328846e-01
7.943612857745410594e+00 4.152933962551867419e-01
8.209206927161357470e+00 3.812913070490926981e-01
8.483681113341843272e+00 3.500389349882515044e-01
8.767332322290526392e+00 3.213171001405987770e-01
9.060467387039910392e+00 2.949237758574327906e-01
9.363403399560734641e+00 2.706728007015037352e-01
9.676468053768756405e+00 2.483926928111733767e-01
1.000000000000001243e+01 2.279255350146361658e-01
