2.000000000000000164e-05 1.557378241221308990e+01
2.066869842267550072e-05 1.607459128052937203e+01
2.135975472437544027e-05 1.659150445527157203e+01
2.207391643902171255e-05 1.712504029752699353e+01
2.281195609427394449e-05 1.767573053586024301e+01
2.357467204719313169e-05 1.824412744314166446e+01
2.436288934784564352e-05 1.883080673934681215e+01
2.517746063178175121e-05 1.943634815760977474e+01
2.601926704235410016e-05 2.006136120817655666e+01
2.688921918387384303e-05 2.070646951618043374e+01
2.778825810663545582e-05 2.137232234230169325e+01
2.871735632487579741e-05 2.205958420861246339e+01
2.967751886876853870e-05 2.276894729305340093e+01
3.066978437159193627e-05 2.350111757044478722e+01
3.169522619324599853e-05 2.425683002062218208e+01
3.275495358133433647e-05 2.503684136500563540e+01
3.385011287106671010e-05 2.584193172053015530e+01
3.498188872528021299e-05 2.667291135526540202e+01
3.615150541592045298e-05 2.753060178711969996e+01
3.736022814836899319e-05 2.841587653461764873e+01
3.860936443004954884e-05 2.932961466159359887e+01
3.990026548479344494e-05 3.027272441478993414e+01
4.123432771449419843e-05 3.124616346321202442e+01
4.261299420963254024e-05 3.225089338502826308e+01
4.403775631030562105e-05 3.328792990559722398e+01
4.551015521944909301e-05 3.435830528412808604e+01
4.703178366999723984e-05 3.546309130964549183e+01
4.860428764778435972e-05 3.660339177912105413e+01
5.022936817205134787e-05 3.778036017573828076e+01
5.190878313548323190e-05 3.899515408758408341e+01
5.364434920576834987e-05 4.024900418928903889e+01
5.543794379073590958e-05 4.154315692703293905e+01
5.729150706919781900e-05 4.287891796262936595e+01
5.920704408969155763e-05 4.425760523078253073e+01
6.118662693939432690e-05 4.568061608626662462e+01
6.323239698555469304e-05 4.714936589187927041e+01
6.534656719186627638e-05 4.866531383346001860e+01
6.753142451228926792e-05 5.022999675565866085e+01
6.978933236490913268e-05 5.184495693199449562e+01
7.212273318850868345e-05 5.351182562771533924e+01
7.453415108461877573e-05 5.523225300609370692e+01
7.702619454790587906e-05 5.700796200705057970e+01
7.960155928784993205e-05 5.884073997994736516e+01
8.226303114476471348e-05 6.073240645584989039e+01
8.501348910331518868e-05 6.268484718307570347e+01
8.785590840679157983e-05 6.470001452190317082e+01
9.079336377550881697e-05 6.677992689425123274e+01
9.382903273281309529e-05 6.892664145123643493e+01
9.696619904229312483e-05 7.114231535441831511e+01
1.002082562599141270e-04 7.342915908813453996e+01
1.035587114049174785e-04 7.578944076056383494e+01
1.070211887534562421e-04 7.822552944663489427e+01
1.105994337590709140e-04 8.073983687913067797e+01
1.142973171042456330e-04 8.333485677646385170e+01
1.181188388874281471e-04 8.601319983043717343e+01
1.220681329500424115e-04 8.877750471714766434e+01
1.261494713481742377e-04 9.163054676039241997e+01
1.303672689737678670e-04 9.457513312080189394e+01
1.347260883303314362e-04 9.761420741024426206e+01
1.392306444683180742e-04 1.007507891682524672e+02
1.438858100855209437e-04 1.039879921017955411e+02
1.486966207979997041e-04 1.073289997825532112e+02
1.536682805872396744e-04 1.107771436075905598e+02
1.588061674294368483e-04 1.143358339851342151e+02
1.641158391129971276e-04 1.180085917871815155e+02
1.696030392505434848e-04 1.217990373011532625e+02
1.752737034919339915e-04 1.257109612770778284e+02
1.811339659450114388e-04 1.297481471809862228e+02
1.871901658110307874e-04 1.339146184875414178e+02
1.934488542419408646e-04 1.382145063753286820e+02
1.999168014269393128e-04 1.426519661996298112e+02
2.066010039159656652e-04 1.472313984766403223e+02
2.135086921880547338e-04 1.519573133495811419e+02
2.206473384727377968e-04 1.568343096696166299e+02
2.280246648329511538e-04 1.618671331332960222e+02
2.356486515181963309e-04 1.670607845912772405e+02
2.435275455969876748e-04 1.724202480567278144e+02
2.516698698779247295e-04 1.779507419092012412e+02
2.600844321290405573e-04 1.836576665791921812e+02
2.687803346053976817e-04 1.895465614055482888e+02
2.777669838952388651e-04 1.956230729049229353e+02
2.870541010953427292e-04 2.018931260923950219e+02
2.966517323265922064e-04 2.083626934152569277e+02
3.065702596011295341e-04 2.150379851212242386e+02
3.168204120528543403e-04 2.219254503204579407e+02
3.274132775434116785e-04 2.290316114936010194e+02
3.383603146562264279e-04 2.363632648071485391e+02
3.496733650915567022e-04 2.439273000435192387e+02
3.613646664759745386e-04 2.517309143241303673e+02
3.734468656001317080e-04 2.597814145107705599e+02
3.859330320991275886e-04 2.680863898126163463e+02
3.988366725902805230e-04 2.766535551205598722e+02
4.121717452835938129e-04 2.854908671131955202e+02
4.259526750807212541e-04 2.946065102151426913e+02
4.401943691787655547e-04 3.040088618826021616e+02
4.549122331957894719e-04 3.137065518401185500e+02
4.701221878354804149e-04 3.237083301765222245e+02
4.858406861089974399e-04 3.340233412446797843e+02
5.020847311326308640e-04 3.446607380014395972e+02
5.188718945205230424e-04 3.556300942412212294e+02
5.362203353923492141e-04 3.669411200791921033e+02
5.541488200165187389e-04 3.786037787810175246e+02
5.726767421101455150e-04 3.906281772583484440e+02
5.918241438177454907e-04 4.030248257617956256e+02
6.116117373913557359e-04 4.158042373354685424e+02
6.320609275955268004e-04 4.289774325429143573e+02
6.531938348614238542e-04 4.425553361916295785e+02
6.750333192150836329e-04 4.565493916427986960e+02
6.976030050057104547e-04 4.709711755312525838e+02
7.209273064607610694e-04 4.858323337632532457e+02
7.450314540954613768e-04 5.011448958296138585e+02
7.699415220053250396e-04 5.169211291846206677e+02
7.956844560711916160e-04 5.331733793726981503e+02
8.222881031073025473e-04 5.499142942524657656e+02
8.497812409839368810e-04 5.671568530541221662e+02
8.781936097571961097e-04 5.849138613777320188e+02
9.075559438396131216e-04 6.031987071144382071e+02
9.379000052463793693e-04 6.220246120701996233e+02
9.692586179531593148e-04 6.414054192853859604e+02
1.001665703402655023e-03 6.613545949887287634e+02
1.035156317198330069e-03 6.818862789053650886e+02
1.069766687024985286e-03 7.030145289191818847e+02
1.105534251837205851e-03 7.247532227380487484e+02
1.142497702358069404e-03 7.471170477966786621e+02
1.180697022931930960e-03 7.701201402760042356e+02
1.220173534776542454e-03 7.937772474857050611e+02
1.260969940681316284e-03 8.181025981055378224e+02
1.303130371200056587e-03 8.431110067807998121e+02
1.346700432388157767e-03 8.688170412239320513e+02
1.391727255135877424e-03 8.952351308378899830e+02
1.438259546151070007e-03 9.223798544369943784e+02
1.486347640646530459e-03 9.502658028923875690e+02
1.536043556788919398e-03 9.789070101386762417e+02
1.587401051968200579e-03 1.008317615910865698e+03
1.640475680948428249e-03 1.038511562403438120e+03
1.695324855962815390e-03 1.069502295050914654e+03
1.752007908818060174e-03 1.101303263528575144e+03
1.810586155075142928e-03 1.133926993609989267e+03
1.871122960375984270e-03 1.167386187143086090e+03
1.933683808987751848e-03 1.201692428635463784e+03
1.998336374638913938e-03 1.236857069058513844e+03
2.065150593723721201e-03 1.272890910839274056e+03
2.134198740954243185e-03 1.309803481267311554e+03
2.205555507541849362e-03 1.347604610177413633e+03
2.279298081992675151e-03 1.386301893443819608e+03
2.355506233604463730e-03 1.425903257722676699e+03
2.434262398755145627e-03 1.466415038342379830e+03
2.515651770076436904e-03 1.507842234641028426e+03
2.599762388608985089e-03 1.550189237709357712e+03
2.686685239038679764e-03 1.593459210466122158e+03
2.776514348117217236e-03 1.637653207733851104e+03
2.869346886373309435e-03 1.682770992332476453e+03
2.965283273224645581e-03 1.728811690280900621e+03
3.064427285604211931e-03 1.775771292917258506e+03
3.166886170218578649e-03 1.823644664813297823e+03
3.272770759559481216e-03 1.872424846115386345e+03
3.382195591794276077e-03 1.922102287531068441e+03
3.495279034664920681e-03 1.972666159804032304e+03
3.612143413529477973e-03 2.024101516105287374e+03
3.732915143684721951e-03 2.076393509061009809e+03
3.857724867112893516e-03 2.129522496539197164e+03
3.986707593800617976e-03 2.183466301652685161e+03
4.120002847782761740e-03 2.238201659577917781e+03
4.257754818069308354e-03 2.293699786773997857e+03
4.400112514618404608e-03 2.349930578196534498e+03
4.547229929524409554e-03 2.406858959575701647e+03
4.699266203595197679e-03 2.464447161253190643e+03
4.856385798499019031e-03 2.522654348687853599e+03
5.018758674667020935e-03 2.581435141097469113e+03
5.186560475143959549e-03 2.640739852059554323e+03
5.359972715585955248e-03 2.700514862818631173e+03
5.539182980610755057e-03 2.760703244414341043e+03
5.724385126713026593e-03 2.821241668249810118e+03
5.915779491964028892e-03 2.882063730629300608e+03
6.113573112722652143e-03 2.943097051254303551e+03
6.317979947592099882e-03 3.004264776209081901e+03
6.529221108864616957e-03 3.065485287793518182e+03
6.747525101704480652e-03 3.126670478069028832e+03
6.973128071328140755e-03 3.187726823953961684e+03
7.206274058448705437e-03 3.248556230564694943e+03
7.447215263261310406e-03 3.309054972079346499e+03
7.696212318254701257e-03 3.369111185955234760e+03
7.953534570144332738e-03 3.428609121122987744e+03
8.219460371231864307e-03 3.487426605676466352e+03
8.494277380506187053e-03 3.545433460286952140e+03
8.778282874811823774e-03 3.602494668532475316e+03
9.071784070421121463e-03 3.658469355101775818e+03
9.375098455358292851e-03 3.713206727219828281e+03
9.688554132834568261e-03 3.766555866499722924e+03
1.001249017616620725e-02 3.818351805417682954e+03
1.034725699555901803e-02 3.868429479704831465e+03
1.069321671715643858e-02 3.916615038796690442e+03
1.105074357476093505e-02 3.962728661980178458e+03
1.142022431465263173e-02 4.006584369122882435e+03
1.180205861394306721e-02 4.047992650314073671e+03
1.219665951291643881e-02 4.086758320403884682e+03
1.260445386182631328e-02 4.122681094248303452e+03
1.302588278263077520e-02 4.155558466124221923e+03
1.346140214616583890e-02 4.185185167382674990e+03
1.391148306527291781e-02 4.211352476760528589e+03
1.437661240441416924e-02 4.233853236611998000e+03
1.485729330632660182e-02 4.252479965683631235e+03
1.535404573628500365e-02 4.267028493280115072e+03
1.586740704456205894e-02 4.277297828486755861e+03
1.639793254769450481e-02 4.283093323451480501e+03
1.694619612918364313e-02 4.284228917557840759e+03
1.751279086028037155e-02 4.280531133423431129e+03
1.809832964152614798e-02 4.271836955937406856e+03
1.870344586574363213e-02 4.258002566151292740e+03
1.932879410319460894e-02 4.238903682458581898e+03
1.997505080964588620e-02 4.214438440160635764e+03
2.064291505810955316e-02 4.184532523925435271e+03
2.133310929504865505e-02 4.149144839914685690e+03
2.204638012186681956e-02 4.108265300001799915e+03
2.278349910252664909e-02 4.061925312294620198e+03
2.354526359817107548e-02 4.010196769227893583e+03
2.433249762964985810e-02 3.953198749798085828e+03
2.514605276888498206e-02 3.891101080396973430e+03
2.598680906003840441e-02 3.824122189370162232e+03
2.685567597147924673e-02 3.752538993955232399e+03
2.775359337957988490e-02 3.676679339463456927e+03
2.868153258540498754e-02 3.596932107411972993e+03
2.964049736539381419e-02 3.513738121462902200e+03
3.063152505717161092e-02 3.427591828752980746e+03
3.165568768166540647e-02 3.339036339152614801e+03
3.271409310273729054e-02 3.248660032888843944e+03
3.380788622559029871e-02 3.157087767341241943e+03
3.493825023524253087e-02 3.064972210349741090e+03
3.610640787640997940e-02 2.972982560491020649e+03
3.731362277618164441e-02 2.881795675228816435e+03
3.856120081091872487e-02 2.792078821073488598e+03
3.985049151885547425e-02 2.704473734750783933e+03
4.118288955993056055e-02 2.619584274240110062e+03
4.255983622442782027e-02 2.537956453202524244e+03
4.398282099205792772e-02 2.460059412517315650e+03
4.545338314316834522e-02 2.386271463262947236e+03
4.697311342382341770e-02 2.316858010564399137e+03
4.854365576655684383e-02 2.251956212976439019e+03
5.016670906865677154e-02 2.191560609762218974e+03
5.184402902990837420e-02 2.135504773589719207e+03
5.357743005178047802e-02 2.083458372030678674e+03
5.536878720011212396e-02 2.034910214338577134e+03
5.722003823342062395e-02 1.989179843688001711e+03
5.913318569902666078e-02 1.945421742969107299e+03
6.111029909926251474e-02 1.902648719315555354e+03
6.315351713010779189e-02 1.859768099333591408e+03
6.526504999467336310e-02 1.815636109139627706e+03
6.744718179403717817e-02 1.769127650362771419e+03
6.970227299801623477e-02 1.719223612000459525e+03
7.203276299854979858e-02 1.665109339611718951e+03
7.444117274845411802e-02 1.606272284670461431e+03
7.693010748840443946e-02 1.542595223052574966e+03
7.950225956509210379e-02 1.474420881177134106e+03
8.216041134360790865e-02 1.402577983748211409e+03
8.490743821719984319e-02 1.328357308616344881e+03
8.774631171766281157e-02 1.253428922556918224e+03
9.068010272972255870e-02 1.179704872485719534e+03
9.371198481289348681e-02 1.109159508975732933e+03
9.684523763440215649e-02 1.043629915490770372e+03
1.000832505168899600e-01 9.846130373441850452e+02
1.034295261047340625e-01 9.330960414855833278e+02
1.068876841529496080e-01 8.894188454001331365e+02
1.104614654427753945e-01 8.531968660925278982e+02
1.141547358281756464e-01 8.233048970799479775e+02
1.179714904176376727e-01 7.979413248808198205e+02
1.219158578957853512e-01 7.747968739471550634e+02
1.259921049894874856e-01 7.513448716332508184e+02
1.302046410832891354e-01 7.252517157655514666e+02
1.345580229891604751e-01 6.948455438930388937e+02
1.390569598757198100e-01 6.595361416832919303e+02
1.437063183622670492e-01 6.200308264244175689e+02
1.485111277831346888e-01 5.782371363361702379e+02
1.534765856280515817e-01 5.368252463152255132e+02
1.586080631644066208e-01 4.985655117496073103e+02
1.639111112474894438e-01 4.656288763085489109e+02
1.693914663249987407e-01 4.390485282717465338e+02
1.750550566423093313e-01 4.184614886017531603e+02
1.809080086552135869e-01 4.021840437509295043e+02
1.869566536570689830e-01 3.876414676756392055e+02
1.932075346275276828e-01 3.721236685223494760e+02
1.996674133102498971e-01 3.537642371010510942e+02
2.063432775272630582e-01 3.321868693069059759e+02
2.132423487378718452e-01 3.087667123655486421e+02
2.203720898503036263e-01 2.858612249816318354e+02
2.277402132945338109e-01 2.657648046904442936e+02
2.353546893650253491e-01 2.496315652396389737e+02
2.432237548424092122e-01 2.370287635796345285e+02
2.513559219034258718e-01 2.262332554478935265e+02
2.597599873287743666e-01 2.151715219709660971e+02
2.684450420188219666e-01 2.025960764390540589e+02
2.774204808274743361e-01 1.887824294722522609e+02
2.866960127248350254e-01 1.751720427534333169e+02
2.962816712996577673e-01 1.632682444419942556e+02
3.061878256129444420e-01 1.535364694407251420e+02
3.164251914144354805e-01 1.452172079531881366e+02
3.270048427341168962e-01 1.370444824479870647e+02
3.379382238612947953e-01 1.283229788446790565e+02
3.492371617241852855e-01 1.194278804476138163e+02
3.609138786834163448e-01 1.112462426248240774e+02
3.729810057532814693e-01 1.042106216051371348e+02
3.854515962650386651e-01 9.794587421543296557e+01
3.983391399870480631e-01 9.180968568582210310e+01
4.116575777170102257e-01 8.563136955847105014e+01
4.254213163620995108e-01 7.977029355767584207e+01
4.396452445232932327e-01 7.452259130052210878e+01
4.543447486007690661e-01 6.974399887922459129e+01
4.695357294377799362e-01 6.514211990473866365e+01
4.852346195210218704e-01 6.069708414912062722e+01
5.014584007560848322e-01 5.657840409627572598e+01
5.182246228372336949e-01 5.280559559145412152e+01
5.355514222313770833e-01 4.924774891528771548e+01
5.534575417967635413e-01 4.586594361527684072e+01
5.719623510576314906e-01 4.271933676517387113e+01
5.910858671567322808e-01 3.980078127706894264e+01
6.108487765084068544e-01 3.705521784639083904e+01
6.312724571756275216e-01 3.448029948994617655e+01
6.523790019952193653e-01 3.208573232786520890e+01
6.741912424762606104e-01 2.984760583224358044e+01
6.967327734975364839e-01 2.775410405973414640e+01
7.200279788307419881e-01 2.580173172474345833e+01
7.441020575170596008e-01 2.398107831487525132e+01
7.689810511256225389e-01 2.228293623016259417e+01
7.946918719233755368e-01 2.069912213029530079e+01
8.212623319867858873e-01 1.922254814884166407e+01
8.487211732869031078e-01 1.784656014504769317e+01
8.770980987803161932e-01 1.656483160991225390e+01
9.064238045396205701e-01 1.537133640461462747e+01
9.367300129581793700e-01 1.426038718206205935e+01
9.680495070650749767e-01 1.322659460907209805e+01
1.000416165987385808e+00 1.226482351693890394e+01
1.033865001598128330e+00 1.137025617966686930e+01
1.068432196389532240e+00 1.053841201096568447e+01
1.104155142612600837e+00 9.765160203206322720e+00
1.141072482725305592e+00 9.046625892320497186e+00
1.179224151193147607e+00 8.379147033649735121e+00
1.218651417687333982e+00 7.759237369962919573e+00
1.259396931727273516e+00 7.183629612267756315e+00
1.301504768815691548e+00 6.649282258833552284e+00
1.345020478116276896e+00 6.153383894371401652e+00
1.389991131725407447e+00 5.693306625681233690e+00
1.436465375591293947e+00 5.266582157197952974e+00
1.484493482135585296e+00 4.870878992138631070e+00
1.534127404634392455e+00 4.504016894777233659e+00
1.585420833417506836e+00 4.163966163186700875e+00
1.638429253946665609e+00 3.848845928430366214e+00
1.693210006835640158e+00 3.556902914230902102e+00
1.749822349877109051e+00 3.286498977794229504e+00
1.808327522143368116e+00 3.036100703813815027e+00
1.868788810230267217e+00 2.804277549978361872e+00
1.931271616715998229e+00 2.589696938554558514e+00
1.995843530908793184e+00 2.391117981858468244e+00
2.062574401960084458e+00 2.207385446540744756e+00
2.131536414422164238e+00 2.037424157908126254e+00
2.202804166332139602e+00 1.880233877306019874e+00
2.276454749906602792e+00 1.734884210396125503e+00
2.352567834934338631e+00 1.600509898066254877e+00
2.431225754957225149e+00 1.476306416875696970e+00
2.512513596332623944e+00 1.361525994704554821e+00
2.596519290273538783e+00 1.255473828162697592e+00
2.683333707966161441e+00 1.157504433747166273e+00
2.773050758867611432e+00 1.067018371682256328e+00
2.865767492290306695e+00 9.834591280219557863e-01
2.961584202382770314e+00 9.063099969986749826e-01
3.060604536620467719e+00 8.350914946612174594e-01
3.162935607924048931e+00 7.693589068887748406e-01
3.268688110526199786e+00 7.086998984734780294e-01
3.377976439712552459e+00 6.527322208714727569e-01
3.490918815566087297e+00 6.011015748989873009e-01
3.607637410848952619e+00 5.534796431775887982e-01
3.728258483159945236e+00 5.095622533768313644e-01
3.852912511510727001e+00 4.690676590754349062e-01
3.981734337468417539e+00 4.317348720762815839e-01
4.114863311017320058e+00 3.973222246617141296e-01
4.252443441297450555e+00 3.656060494032595254e-01
4.394623552383071896e+00 3.363793946744181307e-01
4.541557444269631816e+00 3.094508077588887796e-01
4.693404059243289517e+00 2.846431955337135888e-01
4.850327653813030437e+00 2.617927540613707582e-01
5.012497976391239618e+00 2.407480099602876955e-01
5.180090450915090017e+00 2.213689452623901210e-01
5.353286366607249214e+00 2.035261610596801607e-01
5.532273074081278885e+00 1.871000926594945379e-01
5.717244188003695271e+00 1.719802761077675879e-01
5.908399796532135539e+00 1.580646665390065819e-01
6.105946677756002750e+00 1.452590143060275840e-01
6.310098523373801171e+00 1.334762930567540140e-01
6.521076169849157722e+00 1.226361473346181535e-01
6.739107837295406966e+00 1.126643939287885060e-01
6.964429376347387013e+00 1.034925765788928392e-01
7.197284523287298619e+00 9.505754360014184723e-02
7.437925163700752407e+00 8.730104694148566047e-02
7.686611604948010879e+00 8.016935686586816601e-02
7.943612857745410594e+00 7.361291083591012252e-02
8.209206927161357470e+00 6.758599550786949239e-02
8.483681113341843272e+00 6.204646648697179773e-02
8.767332322290526392e+00 5.695547486099659940e-02
9.060467387039910392e+00 5.227721398370981792e-02
9.363403399560734641e+00 4.797868866201217969e-02
9.676468053768756405e+00 4.402950342081116131e-02
1.000000000000001243e+01 4.040166434321963707e-02
