2.000000000000000164e-05 8.721761071151655997e+00
2.066869842267550072e-05 9.002229068419655533e+00
2.135975472437544027e-05 9.291715829912760682e+00
2.207391643902171255e-05 9.590509385996938363e+00
2.281195609427394449e-05 9.898913690413724709e+00
2.357467204719313169e-05 1.021723423820955468e+01
2.436288934784564352e-05 1.054578964559014942e+01
2.517746063178175121e-05 1.088491154006460171e+01
2.601926704235410016e-05 1.123493710627719544e+01
2.688921918387384303e-05 1.159621665586269224e+01
2.778825810663545582e-05 1.196911360937257385e+01
2.871735632487579741e-05 1.235400404374790462e+01
2.967751886876853870e-05 1.275126668447960121e+01
3.066978437159193627e-05 1.316130348647243054e+01
3.169522619324599853e-05 1.358452561646276635e+01
3.275495358133433647e-05 1.402135715866103283e+01
3.385011287106671010e-05 1.447223273584971537e+01
3.498188872528021299e-05 1.493760444903166729e+01
3.615150541592045298e-05 1.541794226491556508e+01
3.736022814836899319e-05 1.591372341298484372e+01
3.860936443004954884e-05 1.642544208068657241e+01
3.990026548479344494e-05 1.695361702249935831e+01
4.123432771449419843e-05 1.749876998282063312e+01
4.261299420963254024e-05 1.806145436705335783e+01
4.403775631030562105e-05 1.864222601614965313e+01
4.551015521944909301e-05 1.924167283837219244e+01
4.703178366999723984e-05 1.986038951294754185e+01
4.860428764778435972e-05 2.049899754200959379e+01
5.022936817205134787e-05 2.115813534358267489e+01
5.190878313548323190e-05 2.183846447461592888e+01
5.364434920576834987e-05 2.254066189151971145e+01
5.543794379073590958e-05 2.326543681283751042e+01
5.729150706919781900e-05 2.401350913502997386e+01
5.920704408969155763e-05 2.478562663929285037e+01
6.118662693939432690e-05 2.558256261761523831e+01
6.323239698555469304e-05 2.640511502257158938e+01
6.534656719186627638e-05 2.725410662366337888e+01
6.753142451228926792e-05 2.813038674329986577e+01
6.978933236490913268e-05 2.903482816763779795e+01
7.212273318850868345e-05 2.996833563419218649e+01
7.453415108461877573e-05 3.093184837284607269e+01
7.702619454790587906e-05 3.192633002406845222e+01
7.960155928784993205e-05 3.295275257803728408e+01
8.226303114476471348e-05 3.401217436989133347e+01
8.501348910331518868e-05 3.510562669409676317e+01
8.785590840679157983e-05 3.623421072623958850e+01
9.079336377550881697e-05 3.739906025945631995e+01
9.382903273281309529e-05 3.860132549851795147e+01
9.696619904229312483e-05 3.984221366946947995e+01
1.002082562599141270e-04 4.112296313871409126e+01
1.035587114049174785e-04 4.244483719336700744e+01
1.070211887534562421e-04 4.380918586138010085e+01
1.105994337590709140e-04 4.521732800212952696e+01
1.142973171042456330e-04 4.667069578690530562e+01
1.181188388874281471e-04 4.817072585642433324e+01
1.220681329500424115e-04 4.971891484745010104e+01
1.261494713481742377e-04 5.131679926404452630e+01
1.303672689737678670e-04 5.296596401554243272e+01
1.347260883303314362e-04 5.466805459183438387e+01
1.392306444683180742e-04 5.642476765213700673e+01
1.438858100855209437e-04 5.823783604446589379e+01
1.486966207979997041e-04 6.010905809917656484e+01
1.536682805872396744e-04 6.204029644072208072e+01
1.588061674294368483e-04 6.403347214583168068e+01
1.641158391129971276e-04 6.609054102486156523e+01
1.696030392505434848e-04 6.821355287211534346e+01
1.752737034919339915e-04 7.040459113983085615e+01
1.811339659450114388e-04 7.266582947642082502e+01
1.871901658110307874e-04 7.499949851496651831e+01
1.934488542419408646e-04 7.740789580128139846e+01
1.999168014269393128e-04 7.989340684208060850e+01
2.066010039159656652e-04 8.245844875108448946e+01
2.135086921880547338e-04 8.510556072915666448e+01
2.206473384727377968e-04 8.783733422035741967e+01
2.280246648329511538e-04 9.065645626240151955e+01
2.356486515181963309e-04 9.356565953597664986e+01
2.435275455969876748e-04 9.656778730911194941e+01
2.516698698779247295e-04 9.966580584134531762e+01
2.600844321290405573e-04 1.028626844033861545e+02
2.687803346053976817e-04 1.061615379793215794e+02
2.777669838952388651e-04 1.095655612257008187e+02
2.870541010953427292e-04 1.130780663312799135e+02
2.966517323265922064e-04 1.167024252436868323e+02
3.065702596011295341e-04 1.204421065575274525e+02
3.168204120528543403e-04 1.243007376633327112e+02
3.274132775434116785e-04 1.282819795763292348e+02
3.383603146562264279e-04 1.323896685617244486e+02
3.496733650915567022e-04 1.366276433214856638e+02
3.613646664759745386e-04 1.409999768278344163e+02
3.734468656001317080e-04 1.455107755249592572e+02
3.859330320991275886e-04 1.501642997190546680e+02
3.988366725902805230e-04 1.549648843233738376e+02
4.121717452835938129e-04 1.599170302659285596e+02
4.259526750807212541e-04 1.650252883414241865e+02
4.401943691787655547e-04 1.702944456405153346e+02
4.549122331957894719e-04 1.757292863409856807e+02
4.701221878354804149e-04 1.813347921526369362e+02
4.858406861089974399e-04 1.871160298463352376e+02
5.020847311326308640e-04 1.930782807362933511e+02
5.188718945205230424e-04 1.992268310155042172e+02
5.362203353923492141e-04 2.055672276595246046e+02
5.541488200165187389e-04 2.121049935808867417e+02
5.726767421101455150e-04 2.188458868574892620e+02
5.918241438177454907e-04 2.257957772113826991e+02
6.116117373913557359e-04 2.329607137707609468e+02
6.320609275955268004e-04 2.403467053173647798e+02
6.531938348614238542e-04 2.479600689749729554e+02
6.750333192150836329e-04 2.558071924937101755e+02
6.976030050057104547e-04 2.638945571989718815e+02
7.209273064607610694e-04 2.722287612363423364e+02
7.450314540954613768e-04 2.808165991104517616e+02
7.699415220053250396e-04 2.896649132998442155e+02
7.956844560711916160e-04 2.987806991054131345e+02
8.222881031073025473e-04 3.081710756152591557e+02
8.497812409839368810e-04 3.178431645222351563e+02
8.781936097571961097e-04 3.278044172885438456e+02
9.075559438396131216e-04 3.380621596711487200e+02
9.379000052463793693e-04 3.486238911346552527e+02
9.692586179531593148e-04 3.594971707026285230e+02
1.001665703402655023e-03 3.706898649965713162e+02
1.035156317198330069e-03 3.822096702552234433e+02
1.069766687024985286e-03 3.940642993514452996e+02
1.105534251837205851e-03 4.062618991864878808e+02
1.142497702358069404e-03 4.188101998707117559e+02
1.180697022931930960e-03 4.317174086306212644e+02
1.220173534776542454e-03 4.449915231620815916e+02
1.260969940681316284e-03 4.586405599251116882e+02
1.303130371200056587e-03 4.726727747235399306e+02
1.346700432388157767e-03 4.870962026692566269e+02
1.391727255135877424e-03 5.019188644821364846e+02
1.438259546151070007e-03 5.171491268975771618e+02
1.486347640646530459e-03 5.327947319954671457e+02
1.536043556788919398e-03 5.488636575771218986e+02
1.587401051968200579e-03 5.653641056923524957e+02
1.640475680948428249e-03 5.823034779834227948e+02
1.695324855962815390e-03 5.996895304531633428e+02
1.752007908818060174e-03 6.175297080642595802e+02
1.810586155075142928e-03 6.358312633867691375e+02
1.871122960375984270e-03 6.546010058853232749e+02
1.933683808987751848e-03 6.738459365283084708e+02
1.998336374638913938e-03 6.935721266613030593e+02
2.065150593723721201e-03 7.137857884058072386e+02
2.134198740954243185e-03 7.344923657991970458e+02
2.205555507541849362e-03 7.556969110582049325e+02
2.279298081992675151e-03 7.774043487254277807e+02
2.355506233604463730e-03 7.996186775953460710e+02
2.434262398755145627e-03 8.223432865396130182e+02
2.515651770076436904e-03 8.455810286811783953e+02
2.599762388608985089e-03 8.693343867518342449e+02
2.686685239038679764e-03 8.936047037335832783e+02
2.776514348117217236e-03 9.183929591611971546e+02
2.869346886373309435e-03 9.436987251262953578e+02
2.965283273224645581e-03 9.695215355514145585e+02
3.064427285604211931e-03 9.958593082524980673e+02
3.166886170218578649e-03 1.022709120347654107e+03
3.272770759559481216e-03 1.050067190195192325e+03
3.382195591794276077e-03 1.077928220364688968e+03
3.495279034664920681e-03 1.106285696190864655e+03
3.612143413529477973e-03 1.135132163746980495e+03
3.732915143684721951e-03 1.164457941772669074e+03
3.857724867112893516e-03 1.194252684766677930e+03
3.986707593800617976e-03 1.224504394693728045e+03
4.120002847782761740e-03 1.255198833879076801e+03
4.257754818069308354e-03 1.286320502896901871e+03
4.400112514618404608e-03 1.317851967349612778e+03
4.547229929524409554e-03 1.349773915081723771e+03
4.699266203595197679e-03 1.382064696650106271e+03
4.856385798499019031e-03 1.414701849865983377e+03
5.018758674667020935e-03 1.447658902482066424e+03
5.186560475143959549e-03 1.480908471578040917e+03
5.359972715585955248e-03 1.514420898978480182e+03
5.539182980610755057e-03 1.548163163239363030e+03
5.724385126713026593e-03 1.582100389892862950e+03
5.915779491964028892e-03 1.616195120124077903e+03
6.113573112722652143e-03 1.650406620121967762e+03
6.317979947592099882e-03 1.684692179652725372e+03
6.529221108864616957e-03 1.719003943545742231e+03
6.747525101704480652e-03 1.753294160676321553e+03
6.973128071328140755e-03 1.787509417868542414e+03
7.206274058448705437e-03 1.821594388881087752e+03
7.447215263261310406e-03 1.855490927124508289e+03
7.696212318254701257e-03 1.889136329753287782e+03
7.953534570144332738e-03 1.922465701616918068e+03
8.219460371231864307e-03 1.955408921878301726e+03
8.494277380506187053e-03 1.987894423717946438e+03
8.778282874811823774e-03 2.019845523923152086e+03
9.071784070421121463e-03 2.051181833031220322e+03
9.375098455358292851e-03 2.081820724789436554e+03
9.688554132834568261e-03 2.111674311085388126e+03
1.001249017616620725e-02 2.140652824513103496e+03
1.034725699555901803e-02 2.168661686746336727e+03
1.069321671715643858e-02 2.195603454543729640e+03
1.105074357476093505e-02 2.221376631431622627e+03
1.142022431465263173e-02 2.245877039993716153e+03
1.180205861394306721e-02 2.268998030262516750e+03
1.219665951291643881e-02 2.290628737890830052e+03
1.260445386182631328e-02 2.310658334118541006e+03
1.302588278263077520e-02 2.328972165661885811e+03
1.346140214616583890e-02 2.345453476962898094e+03
1.391148306527291781e-02 2.359987377507330621e+03
1.437661240441416924e-02 2.372455428567223407e+03
1.485729330632660182e-02 2.382742923985285870e+03
1.535404573628500365e-02 2.390734108485964043e+03
1.586740704456205894e-02 2.396315848156769334e+03
1.639793254769450481e-02 2.399379927237297579e+03
1.694619612918364313e-02 2.399821876056664223e+03
1.751279086028037155e-02 2.397544938757728687e+03
1.809832964152614798e-02 2.392457211844547601e+03
1.870344586574363213e-02 2.384479157319063688e+03
1.932879410319460894e-02 2.373541517730557644e+03
1.997505080964588620e-02 2.359588417082348315e+03
2.064291505810955316e-02 2.342578773344094316e+03
2.133310929504865505e-02 2.322490341222419374e+03
2.204638012186681956e-02 2.299319990973474887e+03
2.278349910252664909e-02 2.273085479237827712e+03
2.354526359817107548e-02 2.243830105364558221e+03
2.433249762964985810e-02 2.211622258112626241e+03
2.514605276888498206e-02 2.176559062881000045e+03
2.598680906003840441e-02 2.138766005631413009e+03
2.685567597147924673e-02 2.098400345228840251e+03
2.775359337957988490e-02 2.055649415214345026e+03
2.868153258540498754e-02 2.010733269739273283e+03
2.964049736539381419e-02 1.963902191147775284e+03
3.063152505717161092e-02 1.915437054830004172e+03
3.165568768166540647e-02 1.865644591827116301e+03
3.271409310273729054e-02 1.814858449840420462e+03
3.380788622559029871e-02 1.763430676198767742e+03
3.493825023524253087e-02 1.711729538790923471e+03
3.610640787640997940e-02 1.660133614814850489e+03
3.731362277618164441e-02 1.609023329956928364e+03
3.856120081091872487e-02 1.558773553493621421e+03
3.985049151885547425e-02 1.509746249748396849e+03
4.118288955993056055e-02 1.462279158265736896e+03
4.255983622442782027e-02 1.416678136295495278e+03
4.398282099205792772e-02 1.373205456925697035e+03
4.545338314316834522e-02 1.332070632762842706e+03
4.697311342382341770e-02 1.293420580168901097e+03
4.854365576655684383e-02 1.257328842350528248e+03
5.016670906865677154e-02 1.223787691280727358e+03
5.184402902990837420e-02 1.192699578825386880e+03
5.357743005178047802e-02 1.163871660641679000e+03
5.536878720011212396e-02 1.137011884031046066e+03
5.722003823342062395e-02 1.111730391580665810e+03
5.913318569902666078e-02 1.087544180292711417e+03
6.111029909926251474e-02 1.063890861666951878e+03
6.315351713010779189e-02 1.040148053721636870e+03
6.526504999467336310e-02 1.015664882796085749e+03
6.744718179403717817e-02 9.898024707166550797e+02
6.970227299801623477e-02 9.619831743668067929e+02
7.203276299854979858e-02 9.317457233295745027e+02
7.444117274845411802e-02 8.988029378903455608e+02
7.693010748840443946e-02 8.630923366080537562e+02
7.950225956509210379e-02 8.248141348462911537e+02
8.216041134360790865e-02 7.844452218309722866e+02
8.490743821719984319e-02 7.427245011331502837e+02
8.774631171766281157e-02 7.006057120765038917e+02
9.068010272972255870e-02 6.591778780064266812e+02
9.371198481289348681e-02 6.195639160317277856e+02
9.684523763440215649e-02 5.828051481885358953e+02
1.000832505168899600e-01 5.497490082544518373e+02
1.034295261047340625e-01 5.209508755198148720e+02
1.068876841529496080e-01 4.965983961585626503e+02
1.104614654427753945e-01 4.764679738843018413e+02
1.141547358281756464e-01 4.599153614190738608e+02
1.179714904176376727e-01 4.459133649143713001e+02
1.219158578957853512e-01 4.331468110184466127e+02
1.259921049894874856e-01 4.201782282409583900e+02
1.302046410832891354e-01 4.056811784170666328e+02
1.345580229891604751e-01 3.887077856890853127e+02
1.390569598757198100e-01 3.689273498721975102e+02
1.437063183622670492e-01 3.467488279702722593e+02
1.485111277831346888e-01 3.232635673583839093e+02
1.534765856280515817e-01 2.999945435524704180e+02
1.586080631644066208e-01 2.785178464902867859e+02
1.639111112474894438e-01 2.600651945945375019e+02
1.693914663249987407e-01 2.452193576174285852e+02
1.750550566423093313e-01 2.337690288771266864e+02
1.809080086552135869e-01 2.247534554897411851e+02
1.869566536570689830e-01 2.167067984003942342e+02
1.932075346275276828e-01 2.080880897126812101e+02
1.996674133102498971e-01 1.978379368974050294e+02
2.063432775272630582e-01 1.857470299636587470e+02
2.132423487378718452e-01 1.726021547258248461e+02
2.203720898503036263e-01 1.597471192509097762e+02
2.277402132945338109e-01 1.484863588705515838e+02
2.353546893650253491e-01 1.394731285970104580e+02
2.432237548424092122e-01 1.324580735634378641e+02
2.513559219034258718e-01 1.264595893151595334e+02
2.597599873287743666e-01 1.202987059307091187e+02
2.684450420188219666e-01 1.132681324939471779e+02
2.774204808274743361e-01 1.055276967610854371e+02
2.866960127248350254e-01 9.789931458010526910e+01
2.962816712996577673e-01 9.123760752378569805e+01
3.061878256129444420e-01 8.580541108752662183e+01
3.164251914144354805e-01 8.116926976345901323e+01
3.270048427341168962e-01 7.660935953826820821e+01
3.379382238612947953e-01 7.173180583524509757e+01
3.492371617241852855e-01 6.675171928608784810e+01
3.609138786834163448e-01 6.217398559183653362e+01
3.729810057532814693e-01 5.824383511947373648e+01
3.854515962650386651e-01 5.474717541110938157e+01
3.983391399870480631e-01 5.131903570251046176e+01
4.116575777170102257e-01 4.786332637384191457e+01
4.254213163620995108e-01 4.458508515090756674e+01
4.396452445232932327e-01 4.165250859818873153e+01
4.543447486007690661e-01 3.898325182169313052e+01
4.695357294377799362e-01 3.641128142073851137e+01
4.852346195210218704e-01 3.392580067542085231e+01
5.014584007560848322e-01 3.162344765054633200e+01
5.182246228372336949e-01 2.951522756330279762e+01
5.355514222313770833e-01 2.752678179629692323e+01
5.534575417967635413e-01 2.563625576382913351e+01
5.719623510576314906e-01 2.387744251839957599e+01
5.910858671567322808e-01 2.224632935524963173e+01
6.108487765084068544e-01 2.071170459874763381e+01
6.312724571756275216e-01 1.927240519433095756e+01
6.523790019952193653e-01 1.793403003053910183e+01
6.741912424762606104e-01 1.668306871564077198e+01
6.967327734975364839e-01 1.551290022753661368e+01
7.200279788307419881e-01 1.442163712707403356e+01
7.441020575170596008e-01 1.340400975830110752e+01
7.689810511256225389e-01 1.245485850950212559e+01
7.946918719233755368e-01 1.156960356640176890e+01
8.212623319867858873e-01 1.074428597438037514e+01
8.487211732869031078e-01 9.975189304387086509e+00
8.770980987803161932e-01 9.258778814721178918e+00
9.064238045396205701e-01 8.591685850723376205e+00
9.367300129581793700e-01 7.970731050211295354e+00
9.680495070650749767e-01 7.392901883504999105e+00
1.000416165987385808e+00 6.855328241688972035e+00
1.033865001598128330e+00 6.355317454880120565e+00
1.068432196389532240e+00 5.890365198286087178e+00
1.104155142612600837e+00 5.458162496075271264e+00
1.141072482725305592e+00 5.056543438166396065e+00
1.179224151193147607e+00 4.683461170575585086e+00
1.218651417687333982e+00 4.336967295020466295e+00
1.259396931727273516e+00 4.015235781267612047e+00
1.301504768815691548e+00 3.716566674210560972e+00
1.345020478116276896e+00 3.439388381003130490e+00
1.389991131725407447e+00 3.182231889448118523e+00
1.436465375591293947e+00 2.943717487769783148e+00
1.484493482135585296e+00 2.722542111466668580e+00
1.534127404634392455e+00 2.517487250858895020e+00
1.585420833417506836e+00 2.327418481609634604e+00
1.638429253946665609e+00 2.151284460348342087e+00
1.693210006835640158e+00 1.988105149962892781e+00
1.749822349877109051e+00 1.836964887066135033e+00
1.808327522143368116e+00 1.697006578032487001e+00
1.868788810230267217e+00 1.567430638091082518e+00
1.931271616715998229e+00 1.447492243004229406e+00
1.995843530908793184e+00 1.336497835360488606e+00
2.062574401960084458e+00 1.233801732741347967e+00
2.131536414422164238e+00 1.138802991139258758e+00
2.202804166332139602e+00 1.050942531911115196e+00
2.276454749906602792e+00 9.697003105481464269e-01
2.352567834934338631e+00 8.945926910646769814e-01
2.431225754957225149e+00 8.251699860758071603e-01
2.512513596332623944e+00 7.610142301027165157e-01
2.596519290273538783e+00 7.017370665007510722e-01
2.683333707966161441e+00 6.469777144538663149e-01
2.773050758867611432e+00 5.964011305076557523e-01
2.865767492290306695e+00 5.496962603181854146e-01
2.961584202382770314e+00 5.065742883007287034e-01
3.060604536620467719e+00 4.667672004298739630e-01
3.162935607924048931e+00 4.300264203742896751e-01
3.268688110526199786e+00 3.961214776772533641e-01
3.377976439712552459e+00 3.648387216565247559e-01
3.490918815566087297e+00 3.359801219909345771e-01
3.607637410848952619e+00 3.093621631048493748e-01
3.728258483159945236e+00 2.848148224664530659e-01
3.852912511510727001e+00 2.621806158344069937e-01
3.981734337468417539e+00 2.413136764124492739e-01
4.114863311017320058e+00 2.220789425748666279e-01
4.252443441297450555e+00 2.043514078654411203e-01
4.394623552383071896e+00 1.880153892982540376e-01
4.541557444269631816e+00 1.729638568346677230e-01
4.693404059243289517e+00 1.590978124860058518e-01
4.850327653813030437e+00 1.463257031231929572e-01
5.012497976391239618e+00 1.345628777696972478e-01
5.180090450915090017e+00 1.237310844208567573e-01
5.353286366607249214e+00 1.137579955955376337e-01
5.532273074081278885e+00 1.045767732419800866e-01
5.717244188003695271e+00 9.612566823905059621e-02
5.908399796532135539e+00 8.834764348757655206e-02
6.105946677756002750e+00 8.119002361071392393e-02
6.310098523373801171e+00 7.460416936010692834e-02
6.521076169849157722e+00 6.854516533809146273e-02
6.739107837295406966e+00 6.297154211137404034e-02
6.964429376347387013e+00 5.784503268121864855e-02
7.197284523287298619e+00 5.313033932717723534e-02
7.437925163700752407e+00 4.879490912551159854e-02
7.686611604948010879e+00 4.480871363935162721e-02
7.943612857745410594e+00 4.114405074826112119e-02
8.209206927161357470e+00 3.777536690854104567e-02
8.483681113341843272e+00 3.467910387402887290e-02
8.767332322290526392e+00 3.183354674326113048e-02
9.060467387039910392e+00 2.921868251349273374e-02
9.363403399560734641e+00 2.681606951087351504e-02
9.676468053768756405e+00 2.460871871095175398e-02
1.000000000000001243e+01 2.258098291618176531e-02
