k m1-monopole m1-quadrupole m2-monopole m2-quadrupole m3-monopole m3-quadrupole m4-monopole m4-quadrupole
0.0088996412 18516.251 10424.228 26909.356 7651.1605 41756.601 12773.191 88877.981 9825.4834
0.015079122 21480.369 13249.757 29913.567 12930.348 49228.402 18357.27 112264.14 51991.521
0.021447902 21760.626 10910.148 29498.493 11228.34 49132.283 17639.504 101403.97 37719.384
0.027836608 19656.805 10295.559 25543.478 12590.231 42548.812 14799.269 97236.779 28201.735
0.034350998 16149.719 9155.6063 21814.257 9532.0126 36485.559 12082.307 79268.672 22846.209
0.040478868 13777.85 7679.7362 18709.637 9638.9687 30763.796 10586.9 69615.995 15143.056
0.046767167 12131.114 6731.0254 16494.184 7312.2605 27762.178 9885.695 60681.874 12314.872
0.053082251 10919.944 6112.9506 14788.78 7446.9555 24316.029 9151.846 55087.984 15042.285
0.059453624 10200.247 5513.683 13694.844 6316.0515 23162.342 9063.6063 50333.724 11405.184
0.065762248 9361.803 5358.0905 12665.973 6344.0837 21678.147 8291.9503 47867.946 10461.387
0.071966329 8583.1416 4548.0271 11764.521 5450.4005 19618.181 7419.2886 45755.707 7756.3393
0.078278609 7896.511 4378.549 10713.294 4936.8853 18200.177 6401.769 40973.684 8070.9976
0.084703989 7036.6036 3973.4675 9474.5124 4344.7081 16300.023 6662.7426 37197.278 10614.96
0.090968546 6119.9582 3386.5077 8371.6671 3936.3283 14386.415 5096.5701 32691.118 10306.523
0.097207898 5434.0154 3022.2172 7393.715 3373.9461 12862.299 4839.6503 30177.273 9786.7335
0.1034763 4848.9391 2665.0174 6784.3075 3228.096 12028.318 5036.5974 27641.634 8599.5384
0.10975764 4619.6135 2645.3739 6277.7671 3000.6107 10993.378 4321.1407 25637.884 7632.03
0.11605431 4238.5318 2245.9397 5839.2156 2804.1198 10282.589 3834.3374 24659.518 8444.3717
0.12236697 4108.8122 2310.8477 5684.9121 2762.8638 9969.7388 3684.9447 24482.435 7114.0212
0.12868173 3904.4608 1995.1812 5295.4638 2414.5928 9535.541 3741.9366 22606.364 5479.7652
0.13495008 3647.6755 2039.0114 5095.3976 2459.7998 8970.0354 3538.9128 21603.658 6574.6019
0.14119496 3406.155 1927.3438 4699.1031 2218.4489 8229.0396 2815.8852 21047.576 4963.6448
0.14751336 3204.0198 1852.8056 4384.0499 2275.9365 7923.1144 3344.6063 19545.164 7099.911
0.15378651 2920.0435 1614.3576 4057.9921 1933.1581 7054.3385 2668.2352 17368.229 4918.6879
0.16006575 2692.6551 1517.3811 3724.0057 1768.8509 6717.4397 2600.2956 17268.274 4463.8206
0.16639912 2520.5556 1469.9427 3513.611 1761.9748 6271.9792 2627.3128 15596.111 6277.1821
0.17271956 2364.8642 1387.5918 3277.4078 1636.8531 6063.8196 2704.6873 15376.061 5235.1908
0.17897652 2247.7744 1241.2764 3154.9621 1411.657 5683.7753 2144.1491 14640.187 5474.311
0.18523537 2197.6851 1195.3684 3074.1484 1516.9243 5612.7806 2375.1315 13940.214 5274.6334
0.19148068 2143.6136 1244.5034 2978.1838 1551.0834 5454.3856 2461.2505 13550.279 6030.0303
0.19778899 2026.5242 1098.911 2853.7526 1351.0197 5089.4836 2375.6698 13538.441 5433.2599
0.20409377 1917.2882 1125.1246 2676.8314 1421.5587 4926.5707 2314.8863 13032.413 5485.3306
0.21039393 1794.99 1016.7453 2517.2221 1264.6594 4597.5002 1776.7931 12278.942 3517.5604
0.21669097 1681.6638 937.60874 2368.1389 1115.911 4370.0605 1752.1122 11822.684 4357.0091
0.22297003 1610.057 952.90164 2264.0586 1218.3047 4228.8732 1774.2648 11312.858 4826.6265
0.229262 1557.4921 951.37864 2189.6511 1214.9443 4031.9396 1912.9418 11019.632 4989.7501
0.23551415 1493.0814 876.45491 2106.8667 1105.3194 3924.5445 1674.3773 10268.339 4271.9864
0.24179106 1422.6812 797.66318 1995.4986 1030.9893 3810.1543 1729.8088 10107.422 4188.0383
0.24808565 1385.761 802.02524 1966.4788 1042.1175 3693.5388 1626.3921 10077.002 3963.2347
0.25434923 1331.3694 735.44969 1877.9487 961.65022 3490.2025 1552.4022 9287.848 3679.4222
0.26063343 1274.8374 714.89836 1820.7002 945.62719 3412.2844 1525.2409 9284.6925 3770.8383
0.26692574 1213.5292 678.96545 1763.4571 900.9668 3268.4682 1434.7019 9062.0388 3735.0897
0.27324233 1176.3563 670.45918 1698.8255 859.4381 3220.5484 1467.4515 8927.8854 3726.2748
0.27955297 1145.5422 681.37352 1635.6478 855.66952 3101.0406 1484.3134 8549.8329 3600.1737
0.28583663 1097.9849 632.85978 1568.1915 828.22445 2960.5797 1337.349 7979.4761 3669.4651
0.29208763 1059.7211 653.82269 1507.0235 792.58873 2882.9756 1343.9398 7961.2967 3562.8664
0.29834498 1000.0968 569.47739 1448.1185 730.18682 2810.2159 1247.2771 7408.3483 3307.51
0.30463826 983.00718 570.09626 1421.2051 741.10759 2713.3802 1291.6817 7387.2447 3284.1825
0.31092791 955.04078 529.91061 1370.0953 717.84562 2642.1933 1247.3267 7310.8324 3257.2951
0.31721682 928.7958 523.1404 1357.8656 670.38933 2623.8341 1298.161 7177.9987 3647.487
0.32351876 893.21928 504.26734 1281.9018 662.2829 2492.7209 1133.9447 6866.4051 3316.8068
0.32981682 872.11001 515.82944 1261.8962 687.0972 2426.5144 1198.7248 6714.7656 3279.4663
0.33611764 833.73879 490.94307 1212.0109 664.09996 2335.8237 1091.9992 6568.9091 3627.8854
0.34237004 809.45689 463.82768 1163.3882 632.87485 2275.2779 1186.1457 6335.2438 3203.1233
0.34864782 796.98198 464.17055 1147.4567 607.19012 2266.2673 1137.3574 6423.3451 3312.0387
0.35494116 781.30949 436.49734 1114.5917 597.84101 2181.7986 1049.6343 6100.2494 3163.3116
0.36119169 742.02083 420.13434 1090.0752 597.01541 2127.9253 1087.5734 5868.787 2783.7193
0.36747671 732.06974 431.86414 1060.7122 581.28625 2087.305 1023.192 5924.7745 3154.0012
0.37376478 713.33938 405.1373 1041.1831 550.27514 2044.3885 990.50273 5664.1618 3158.4665
0.3800654 689.27991 394.06645 1014.2158 528.2365 2009.9547 1033.8661 5564.3347 3062.1067
0.38635399 674.43564 380.88758 984.31843 542.52104 1937.3013 1005.8615 5494.6202 2931.9103
0.39261402 650.72969 366.99385 948.61868 533.01271 1920.921 967.2852 5157.5448 2878.1214
0.39892645 641.21807 353.53864 938.16168 505.87019 1841.492 981.75162 5278.2336 2831.7928
0.40520732 621.55269 366.71878 913.36553 483.52096 1768.8331 931.88545 4953.7839 2721.7486
0.41149165 601.55749 352.44961 890.71159 483.36105 1778.3484 888.60381 4919.6635 2842.5282
0.41778143 591.13474 352.10645 870.00596 478.41232 1710.6458 942.36467 4917.5397 2689.3424
0.42404006 567.34876 319.15817 843.68479 455.12101 1688.3188 880.50212 4752.6303 2449.7226
0.43034257 558.43626 332.93891 815.02794 464.07003 1644.8617 899.03509 4637.0884 2679.0638
0.43663586 544.03985 326.51096 798.48935 441.74729 1604.4823 798.34389 4695.1797 2186.229
0.44289962 530.61787 298.73865 788.62561 411.73093 1565.5409 800.33261 4441.1975 2333.2092
0.44916344 524.18461 306.78545 780.57027 445.20363 1545.7912 918.31812 4370.573 2615.9077
0.45544141 508.87921 286.74387 754.75014 393.45596 1517.2968 807.58986 4222.2718 2607.4488
0.46176345 498.78029 301.10073 736.35325 414.92762 1483.8642 840.64536 4029.5287 2241.0711
0.46806442 491.99772 286.99036 726.2201 416.82285 1464.428 763.633 4081.5491 2437.2409
0.47434852 482.74327 281.27576 705.84983 379.88581 1424.7754 760.85559 3921.7319 2334.9101
0.48063561 468.50376 262.18138 701.71373 390.23113 1385.7973 807.41356 3891.4763 2232.7621
0.48690193 456.47015 258.43301 676.83228 357.13025 1341.6179 748.35088 3674.5919 2272.3308
0.49316971 451.26146 257.09428 664.57053 370.87803 1331.6717 723.33809 3723.3852 2021.4826
0.49945067 441.55256 257.32523 654.70257 367.42733 1313.5641 700.78873 3524.3742 2297.1298
0.50571591 428.21467 236.85552 632.3937 345.22933 1278.7866 723.00016 3463.7307 2181.6317
0.5119924 421.1007 241.26725 631.96313 332.02078 1261.929 679.87829 3495.135 2097.8254
0.51831261 414.11394 233.85679 607.71584 307.3982 1227.8262 675.09142 3431.294 1915.4327
0.52460896 400.13746 225.51081 601.12305 324.30766 1227.9106 680.71793 3221.0868 2094.21
0.53087573 395.47511 222.62136 587.8921 326.40168 1196.8464 644.26086 3216.3442 2046.4608
0.53715735 389.00636 218.82558 578.08662 303.74894 1169.4438 672.13664 3164.1519 1818.6918
0.54345796 383.61358 204.43636 569.86402 309.43529 1140.6994 606.32393 3207.9262 2128.1156
0.54974307 374.10201 207.70612 562.82445 308.40292 1125.4269 634.99696 3007.3551 1923.674
0.55599374 362.14865 196.07051 550.46773 304.18659 1083.4573 618.00948 2935.803 1830.4843
0.56228547 358.86194 196.29831 538.0442 290.44994 1077.735 556.99995 3030.8948 1569.9045
0.56860115 350.50529 204.84182 528.69003 282.25263 1045.7002 567.92877 2954.6767 1781.8204
0.57488046 347.88104 199.60484 525.57453 290.44782 1054.2608 599.65761 2886.291 2032.164
0.58115502 340.59108 180.62503 501.00985 269.53183 1013.7504 553.05205 2847.877 1805.5175
0.58743945 330.17173 176.44845 499.88901 267.13122 1010.1694 571.77087 2712.8582 1718.0173
0.59371762 326.23008 182.90563 492.15143 259.41965 975.77584 523.91544 2615.9335 2000.3648
0.5999972 319.83828 168.00317 485.08134 272.59944 968.43904 547.40543 2544.9529 1709.4227
0.60626791 315.07422 165.71821 472.08402 262.27508 950.68997 550.96248 2459.5686 1934.5889
0.61254696 312.81782 162.27839 468.62457 237.32165 955.26513 508.12497 2456.6775 1708.6015
0.61884777 305.67345 163.8572 461.5164 242.5075 920.3053 507.28105 2488.5954 1723.8338
0.62513106 303.70488 164.39013 455.95012 251.06937 905.84869 515.58265 2342.9084 1583.5116
0.63140275 296.44163 163.32484 442.26135 231.71779 908.60891 493.12567 2315.907 1556.8174
0.63770036 291.38096 149.12766 436.07044 234.60822 878.29166 500.59218 2361.0965 1693.521
0.64398578 287.22164 149.37892 428.44461 238.57671 865.24311 474.24529 2190.0172 1662.4061
0.65026854 279.08944 150.73487 425.48046 218.59122 848.38455 489.06499 2187.4756 1474.3369
0.65655861 279.48517 144.1143 416.04235 221.61954 829.2104 449.4411 2143.6034 1492.731
0.66283693 272.39399 147.12464 410.6924 215.58041 818.40791 469.39017 2043.2437 1669.6342
0.66911854 267.4059 140.60753 401.3567 215.08238 788.53526 446.36529 2026.4427 1521.8454
0.67540702 261.53427 144.15974 397.50517 212.34562 795.06318 434.84564 1996.4776 1513.0789
0.68168355 256.51137 129.95759 390.14742 197.60968 771.20722 426.49388 1975.649 1469.7663
0.68795925 256.31842 131.99476 386.66162 202.6221 763.56808 414.46604 1944.6696 1536.7918
0.69423443 250.53513 133.77456 375.52517 189.71622 751.30313 459.34584 1952.7444 1265.6979
0.70051754 249.42196 131.02368 374.4737 199.8813 751.72612 435.24913 1853.7835 1270.8933
0.7068125 241.25825 123.78738 363.07174 180.80329 727.98082 411.18853 1781.2121 1478.3493
0.7131019 240.42327 121.8506 363.00863 189.71561 709.74803 429.04417 1732.9238 1492.5122
0.71939183 233.71642 119.86377 352.74499 174.18792 716.29697 385.17548 1728.0584 1189.7448
0.72568338 232.9068 118.11552 348.20464 183.76886 699.68059 398.85409 1733.6851 1189.4671
0.73196527 228.07073 116.40622 348.21061 179.39692 687.76234 366.52529 1725.2578 1174.3993
0.7382508 226.27836 110.41036 338.7514 171.71014 682.16517 344.55014 1536.3582 1316.1318
0.74452658 221.63331 104.00973 332.41675 162.98902 662.2324 371.22667 1555.9248 1197.9262
0.75078711 218.40585 105.34492 334.17432 179.76178 658.25092 376.78241 1549.4422 1141.1141
0.75707585 216.21713 104.63823 329.86885 157.19714 646.29555 370.99192 1516.8532 1134.7581
0.76336412 211.73426 106.83403 322.98209 156.91223 631.91939 350.62268 1408.1655 1233.5733
0.7696463 212.28171 102.1514 316.609 160.15174 609.95351 365.32682 1423.7444 1154.9173
0.77593949 208.94889 104.41035 311.89962 158.39435 615.03781 349.21346 1430.9906 1159.7635
0.78223291 203.54565 101.27469 312.15344 158.29623 598.34817 329.31058 1357.2491 1230.1548
0.78853149 201.62132 94.869594 302.54152 142.97008 602.49804 331.46563 1406.7437 1132.4878
0.79478966 198.32043 95.993347 299.15396 147.32408 575.86609 315.13767 1360.1352 976.85272
0.80104911 196.86981 94.994562 292.25294 141.5168 581.22401 335.83974 1258.6936 957.68429
0.80733641 193.35833 95.052466 287.17843 140.72707 564.04115 336.8656 1203.0908 941.4626
0.81362295 191.0037 93.014505 287.98569 142.44828 563.09724 309.71846 1219.8729 948.63844
0.8199153 190.07332 87.968349 286.34083 135.40842 544.79974 300.36022 1182.1851 928.03658
0.82619526 185.14355 89.703811 280.57227 141.51303 531.39846 323.70801 1195.9313 1047.8445
0.83248971 182.93335 85.623151 275.23872 134.63318 545.89644 328.82443 1132.5938 944.53062
0.83879593 181.64065 88.618452 272.55452 130.04303 534.04224 299.02797 1087.2413 979.68912
0.84506346 177.41938 87.230302 271.33819 132.39235 518.24654 293.72438 1105.0739 977.89095
0.85132829 178.23576 83.51736 264.00177 132.00516 513.12583 274.79357 1097.6886 910.32617
0.85761983 173.06972 80.204265 259.03368 121.67575 497.74545 293.4502 982.90665 803.48202
0.86390585 169.61439 73.239023 255.97037 124.13669 490.99206 271.38896 997.8312 827.44177
0.87018387 168.68602 76.965987 254.41966 126.7981 483.59567 288.22522 975.11504 804.84164
0.87646411 167.32299 76.988323 249.9178 116.62407 483.40934 253.15819 974.67323 787.69211
0.88275039 166.29096 74.323967 246.31981 117.42767 478.59172 261.9391 936.39981 917.44975
0.88903328 162.79686 72.278468 244.46024 114.16062 464.86208 275.19199 900.03412 838.88553
0.89530842 161.18376 78.500998 245.63372 124.83227 463.02325 242.6611 895.78506 861.74251
0.90159565 159.08361 70.397884 242.0164 116.43082 446.69585 258.62033 849.60455 778.61576
0.90788333 156.8036 70.87705 235.15751 107.8381 448.98031 260.78102 836.39477 697.89307
0.91417441 154.91611 66.678071 231.95407 110.52364 430.51989 227.99023 785.07032 856.41612
0.92046308 153.86994 67.774907 230.13847 109.79564 433.89764 255.43842 812.28412 817.38358
0.92674344 153.2867 65.937005 227.6039 107.70568 428.128 256.24171 806.58465 766.97401
0.93303242 150.28376 67.743471 223.05364 101.04359 414.5761 229.11017 775.23929 696.25235
0.93932658 147.36655 64.440842 222.63431 110.70544 410.36751 240.83893 763.575 800.48693
0.94559748 144.84782 62.010709 217.57237 99.452742 411.56967 232.24592 730.74456 558.14601
0.951866 144.62427 63.102995 216.91681 93.442431 406.93174 202.42345 648.38149 749.74228
0.95814133 142.24374 59.624928 212.40975 97.863118 398.20728 212.12508 712.5409 653.60856
0.96443509 142.03501 58.832869 212.64089 95.433017 389.24315 226.83025 662.60976 707.2798
0.97073556 138.93679 56.818841 209.43183 93.158674 378.13475 214.78328 683.4928 700.30341
0.97700808 138.07253 56.64588 205.84511 89.826 380.79616 205.1592 641.14776 639.9544
0.98328233 135.28124 56.007672 202.90387 89.825006 370.02847 195.45824 646.78177 664.22108
0.98955697 133.74289 53.901745 201.75348 88.472372 373.03362 201.89365 604.63583 652.11308
0.99584563 132.61114 53.819876 199.73966 89.54934 360.14332 207.06856 547.19021 553.7441
1.0021362 131.69483 56.457693 196.81492 87.157633 357.4797 200.81312 583.17708 617.62533
1.0084048 129.39115 53.786983 192.42144 87.871917 359.36587 192.48783 571.90301 596.6404
1.0146941 127.56274 51.599314 191.37309 84.336137 342.63895 188.61606 512.31151 588.41754
1.0209926 126.83966 51.154789 190.06961 84.394633 344.22702 188.5272 462.39037 613.84508
1.027274 125.87395 51.055627 188.41696 82.459597 340.22819 183.83487 474.90918 563.37181
1.0335592 125.41108 50.137102 187.09114 77.546946 327.20906 184.0532 497.55153 507.63733
1.0398476 123.65117 47.494091 184.27644 79.981247 324.79633 170.18427 442.85691 534.77441
1.046127 122.50758 48.953481 178.22983 77.208543 328.53392 192.19474 433.39725 452.61089
1.0524034 120.78028 49.178877 180.26018 72.204612 321.48837 190.56632 471.71107 510.18643
1.0586807 118.9397 46.744556 175.83628 74.166216 306.79871 161.07788 419.64747 577.28719
1.0649643 117.05694 47.124137 175.31134 73.433169 306.49388 163.321 396.81767 476.32727
1.0712568 115.88509 49.001884 172.23296 72.556102 302.36823 149.5913 429.14286 408.44811
1.077544 117.50379 43.434867 169.57216 71.123384 300.15735 165.07703 423.58554 557.76522
1.0838248 114.7916 43.007466 169.94458 76.875229 291.95932 147.50598 419.25119 470.18252
1.090108 113.253 45.190523 168.58932 69.160188 298.51227 161.15715 371.01457 607.02118
1.0963897 111.87292 43.42492 165.67434 67.650281 286.36122 179.98277 350.54046 453.9499
1.1026811 110.85276 41.127257 165.83617 67.64484 284.85799 158.40721 341.78133 527.07129
1.108963 110.52662 38.812226 160.74532 69.976526 278.98598 139.59661 308.59775 479.14916
1.1152254 109.45352 43.310634 159.72856 70.134292 277.9988 145.23145 333.74475 443.43884
1.1215021 106.52128 39.017516 157.32537 63.940719 270.84747 143.06304 327.53494 469.22988
1.1277926 106.89781 37.191083 156.01766 63.197661 266.77698 148.94469 319.07689 417.08471
1.1340896 104.20105 36.914517 154.39888 67.105024 261.50989 134.97406 291.95098 496.70411
1.140364 104.40062 38.926638 154.50773 59.733499 255.14656 114.90251 264.77659 367.38841
1.1466392 102.20494 36.739474 151.33618 59.397617 256.76388 133.76376 268.24205 435.62677
1.1529424 102.08749 38.865639 149.39792 59.860836 250.60153 136.88243 274.36106 440.83175
1.1592289 100.61006 37.089787 146.84275 56.894516 245.80274 130.79635 237.19877 465.89882
1.1655087 99.709784 37.418721 147.01865 55.502559 247.51835 102.8332 246.63707 410.29733
1.1717931 98.982968 37.521193 142.33312 59.175008 239.65198 126.53938 255.55783 428.31529
1.1780874 98.705933 34.255711 144.87331 57.006291 236.91506 119.72482 241.62774 391.24842
1.1843677 96.635002 32.839608 142.00928 56.431704 230.23868 127.75419 213.08745 489.27906
1.1906346 96.366094 30.765587 139.98076 57.649072 225.81089 115.62216 184.26146 318.09435
1.1969122 95.136528 31.2118 136.06626 54.90611 228.32672 126.51756 206.13124 372.32124
1.2032016 94.127648 30.578087 137.98577 51.234038 225.37081 123.3875 201.9418 432.15996
1.2094868 92.791657 29.735087 135.93001 52.168988 215.94456 115.3674 197.97404 375.27231
1.2157639 92.49816 31.107501 134.21391 54.216919 214.715 112.20212 174.63733 327.23395
1.2220498 91.562796 27.817701 131.26626 52.37097 216.83672 108.12059 138.27187 375.27076
1.2283406 91.615617 31.526619 133.03168 47.81602 212.08161 113.4978 144.09349 314.77955
1.234633 90.55762 30.627784 130.43236 51.06844 200.9783 101.01661 120.72769 312.10965
1.2409022 88.26263 28.395084 126.07208 48.143901 203.56671 117.49466 136.01981 273.38104
1.2471748 88.07205 28.726927 125.5795 53.576286 200.10726 114.63322 142.37589 369.80533
1.2534655 88.102945 27.695671 125.53639 45.277968 202.55498 121.49117 88.107191 325.30167
1.25975 86.438116 28.842257 124.10905 48.602429 194.86801 93.457938 139.71898 319.067
1.2660321 84.720104 25.398002 121.88292 45.290709 193.5919 94.673028 71.768973 400.12628
1.2723163 84.47751 26.75244 119.82695 46.083429 189.3365 102.22003 86.068177 364.05043
1.2786042 84.432071 26.706996 120.00941 42.150554 184.2321 112.33897 119.29295 289.14313
1.2848866 83.704569 26.716426 118.28863 42.991103 188.28785 103.55849 78.757029 306.02897
1.2911754 82.47614 26.456038 117.14213 41.839016 173.97281 88.954896 73.138334 355.11651
1.2974657 82.660775 23.99426 118.05858 42.770932 175.68993 95.867746 57.057431 422.15856
1.3037418 81.063616 24.449825 115.72725 40.298386 176.20973 96.118341 75.811675 293.81271
1.3100173 80.190228 26.519022 114.63901 43.876728 171.72868 98.71757 49.125342 341.9335
1.3163014 79.7465 24.077488 113.49286 40.156831 178.83473 109.1734 78.638588 326.46242
1.3225868 78.217526 24.175829 111.83845 41.247369 171.10938 82.014266 29.125279 331.1299
1.3288655 78.960757 24.310149 111.65893 39.220654 162.39737 79.543378 14.185911 314.9756
1.3351448 77.94612 22.263762 108.72543 36.431273 159.34823 87.528162 38.969359 285.32748
1.3414405 77.241511 23.984388 108.11791 37.332965 154.92079 73.164713 -10.224805 249.42088
1.3477309 76.274287 20.847772 108.52942 35.506371 157.68503 84.36824 57.692692 286.00042
1.3540016 76.320115 21.923471 106.08336 37.576342 152.98622 81.131546 34.70753 304.93092
1.3602826 75.376432 20.8975 106.20816 33.713334 147.33438 76.703226 6.3597097 245.32976
1.3665657 74.000794 21.261758 104.34033 37.278301 147.7094 81.875177 -0.92508876 281.38185
1.3728515 73.179962 19.03105 101.89894 31.844277 149.13448 95.671539 -15.73985 321.32532
1.3791354 73.468086 17.911645 102.0926 34.999058 141.14813 69.479054 2.0826323 250.15842
1.3854096 73.375343 18.39553 100.89934 31.646326 140.53995 78.419959 -39.061924 288.42183
1.3916986 72.093876 21.466251 99.04864 37.315717 139.14287 69.920479 3.4992059 288.99744
1.3979845 71.174458 17.704859 98.308129 32.485539 135.35216 78.09197 8.8340621 283.24666
1.4042679 70.965173 18.547549 97.952145 34.239798 131.54828 79.781855 -39.109128 351.76411
1.4105548 70.300974 17.002025 95.683585 32.066444 130.64625 74.092209 -20.528208 243.0847
1.4168378 69.684933 17.213307 96.372315 33.75505 128.85419 77.416732 -19.110927 277.83241
1.4231182 68.738564 18.067635 94.439926 31.848915 131.82515 65.118282 -18.521626 230.40074
1.4293978 68.208941 17.718798 94.871835 30.694542 127.96141 57.425099 -9.1675912 242.39142
1.4356869 67.73638 17.776648 93.66746 28.122922 129.48605 76.957638 -49.746071 204.98845
1.4419771 67.461967 18.010565 93.587755 28.680208 120.1864 81.74515 -22.204492 252.32005
1.4482537 66.552236 16.540783 93.121955 32.07204 116.32696 59.461496 -11.114326 272.08067
1.4545323 65.534279 14.25547 91.659293 27.726765 122.41913 49.689524 -35.369155 244.99202
1.4608193 66.985989 14.925637 89.542928 28.445479 118.83657 53.038981 -34.613821 324.98285
1.4671104 64.592966 15.924035 89.059463 25.8354 114.29796 65.528211 -33.217823 199.56768
1.4733929 64.55917 15.647898 88.60426 29.240083 110.38552 67.079956 -15.206915 263.36003
1.47967 63.717738 15.29704 87.89701 27.797986 112.96698 64.091929 -50.481215 273.80847
1.4859561 63.570153 14.984528 85.60957 25.82174 105.11117 54.837119 -57.140794 240.40891
1.4922336 63.572378 13.673687 85.73125 25.752006 107.03682 66.91912 -46.57841 213.11603
1.4985025 62.166689 12.952915 84.284202 24.095642 103.90573 57.515788 -3.8172047 307.41771
1.5047858 61.703267 15.527177 83.930203 28.146027 105.51733 47.832445 -38.987897 207.99178
1.511076 60.977928 15.262702 82.721052 27.966307 105.07297 67.495227 -76.102064 267.93519
1.5173616 61.217814 13.013428 80.730847 25.211192 100.26636 50.815131 -38.994974 302.73629
1.5236486 60.845208 14.24821 83.059313 23.162469 101.94048 51.662512 -5.3051913 195.67581
1.529938 60.386331 13.086213 81.167806 26.618687 96.36657 54.84772 -37.836116 195.39414
1.5362302 59.931977 11.870104 79.254021 18.92194 99.107028 55.624847 -41.866018 231.25898
1.5425107 58.29868 12.439512 79.400711 21.938916 95.706783 59.340049 -57.225211 199.79201
1.548784 58.683241 13.385519 77.774819 22.077385 95.048037 49.045638 -50.971871 250.8972
1.5550731 57.953352 14.304397 77.636329 21.732361 93.78583 53.253653 -77.188584 207.1754
1.5613573 57.248612 11.415204 76.002628 21.48781 90.177393 43.898907 -64.814452 117.48268
1.5676291 57.93593 12.541373 76.219326 22.602767 87.571067 59.83341 -51.210104 219.58893
1.5739137 56.348084 12.439683 75.62813 22.314743 91.531637 43.876833 -53.345596 206.15262
1.5802035 55.53355 11.561348 75.555085 22.513241 85.905152 41.722293 -35.471797 160.26055
1.5864854 55.373431 12.841975 73.910475 20.179843 84.040577 57.352497 -77.089636 147.77161
1.59276 55.509139 11.19218 72.86152 19.61673 81.542174 40.723681 -59.11244 208.32465
1.5990464 55.046182 11.149182 72.659203 18.472758 85.502612 42.652918 -66.103604 277.15246
1.6053421 54.602627 11.371247 71.908549 16.78473 81.197095 45.046869 -65.279427 280.99652
1.6116199 53.81487 11.534428 70.264698 21.061962 83.16232 50.713647 -73.974235 199.29111
1.6178976 54.197311 10.665823 70.971305 18.21455 78.534016 45.380729 -41.729202 153.61646
1.6241832 53.953362 9.4769938 69.767577 20.652927 75.299758 42.193985 -63.402478 202.23937
1.6304646 53.254397 9.8550265 70.242624 18.699304 77.75083 34.580474 -66.36393 188.454
1.636749 52.763668 9.815245 68.921719 18.634523 75.307695 48.48879 -52.866066 161.45453
1.6430309 52.242817 9.2788089 68.279547 16.440019 70.842985 44.529605 -52.740738 236.90952
1.6493092 51.68073 9.8586509 67.764081 16.023675 68.511883 34.146271 -65.313453 189.63853
1.6555936 51.581902 8.1527442 66.916732 17.301517 71.449375 42.52179 -63.238413 169.99641
1.6618796 50.841865 7.7623206 66.499299 16.141448 70.774774 40.097315 -81.631769 219.8677
1.6681694 50.808368 8.6129011 64.807024 19.751153 65.722515 41.448028 -87.254645 161.99104
1.6744502 49.849816 9.5652225 65.342626 15.71955 68.806479 34.349704 -68.259914 220.06541
1.6807227 49.312258 9.2399665 62.612192 17.268308 65.593052 41.398359 -53.333835 175.05022
1.6870139 49.99861 7.8551641 62.824441 13.666529 70.233264 36.112034 -68.499535 272.54817
1.693309 50.525195 9.1007777 63.530879 15.988301 68.762453 41.072795 -70.484941 177.98873
1.6995821 48.958492 8.6046222 62.291849 14.004834 62.447247 40.131798 -80.213855 197.21795
1.7058637 49.204862 7.615121 62.610415 14.304004 62.6352 49.827077 -96.167725 199.21889
1.7121544 48.448631 7.5361061 61.172557 13.339277 60.676678 33.827311 -87.117749 203.26036
1.7184384 47.61941 8.4384505 61.220518 14.667172 60.773308 23.921331 -65.43547 204.11341
1.7247213 47.483199 7.3021565 61.193378 15.837737 59.219115 41.652847 -103.58909 191.95255
1.7309974 48.273086 8.8895112 59.434129 14.042571 56.765536 34.316091 -57.592603 168.95396
1.7372871 47.293282 8.354389 58.224611 12.091879 54.772693 27.535926 -70.52731 208.46657
1.743568 46.383862 8.309191 58.33167 13.039196 63.131768 39.190421 -44.159265 176.96599
1.7498407 46.672199 7.3367312 58.888341 11.124236 56.783577 32.840998 -61.727217 193.04627
1.7561285 45.803397 6.7557475 58.309072 15.820499 53.415028 23.608978 -68.634876 186.73336
1.7624135 45.253741 4.6398564 56.895873 13.367963 53.106194 28.873318 -74.636937 247.86192
1.7686962 46.012894 7.162921 56.537378 9.744712 56.395478 29.96187 -76.287007 219.97907
1.7749794 44.70812 6.1451411 56.418498 12.397839 53.499373 31.456684 -67.143329 144.5309
1.7812656 44.550567 6.4794516 55.532048 13.262598 52.171406 37.178233 -72.585792 160.17249
1.7875494 45.153537 5.4997619 54.347757 13.264556 52.775678 31.732032 -63.09044 249.09988
1.7938341 44.157565 7.6452175 53.927367 11.102336 48.09635 37.024377 -54.055975 204.38958
1.8001151 43.980562 6.1202968 54.369191 13.584923 46.820135 35.472776 -35.000001 169.81284
1.8063939 44.209313 6.1139965 54.104461 9.5335174 50.552615 28.06654 -45.499979 203.94997
1.8126741 43.534193 5.6492472 53.699902 10.888937 46.724006 36.299852 -26.874534 187.3858
1.8189569 43.658517 5.4393659 51.825926 10.740266 43.628342 26.378953 -49.061177 156.3338
1.8252442 42.609787 6.1730415 52.798362 9.7770429 42.942483 23.779235 -45.466903 175.63953
1.8315273 42.608793 5.1900455 52.194506 11.410453 44.134638 38.092555 -18.090088 187.15865
1.8378113 41.655662 5.1375086 51.53768 11.499599 46.022267 22.266071 -45.827235 168.46283
1.8441007 41.861864 3.7121932 50.603366 9.6423794 39.980967 31.500823 -57.428738 145.20701
1.8503848 41.964318 6.0000305 50.446298 8.8220883 39.358523 26.3639 -33.824972 205.80709
1.8566661 41.276328 4.2949031 49.861082 8.7986327 41.530949 22.787719 -17.613761 192.15105
1.8629477 41.089507 4.0511129 49.647635 8.649282 42.208655 27.253908 -30.20025 164.54075
1.8692293 40.74501 5.0694716 49.118823 7.4022892 42.448495 31.78401 -46.622778 129.73683
1.8755176 40.648639 3.8358032 48.875491 8.4027378 39.522864 31.470758 -36.108214 111.87059
1.8818008 39.931147 2.966054 48.355941 8.2660056 43.423234 36.327455 -20.590092 205.43668
1.8880789 40.439291 5.0396176 47.762826 11.47408 41.602662 23.528158 -63.371586 170.64587
1.894354 39.664491 5.5633178 48.867935 8.4936452 39.858122 24.983246 -34.829428 122.80511
1.9006427 39.653518 4.7456458 47.183559 8.5382933 40.573368 31.117952 -23.149764 153.32491
1.9069335 39.626948 4.8355831 48.06344 7.0412371 32.03912 26.082717 -17.598358 210.2312
1.9132076 39.175219 4.6631486 46.488602 5.5176034 38.405898 28.964114 -18.464659 160.4564
1.9194909 38.934015 2.9931859 46.449573 6.0927151 37.238019 27.551207 -6.3465662 212.00532
1.9257769 39.139301 3.4299852 46.093887 8.5508334 36.922195 28.200097 -7.3506043 172.72221
1.9320645 38.101564 4.5356062 45.110459 8.8052238 34.323829 26.703644 -23.693916 138.79166
1.9383426 38.596247 4.177462 44.82573 7.3862137 35.100258 27.038601 -8.6485345 173.42518
1.9446183 38.171363 2.5169487 45.095771 6.580835 31.507183 23.351524 9.3301861 201.02469
1.9509063 37.946508 3.1691076 45.037036 6.9635101 36.298678 27.410686 -4.5173042 176.73327
1.9571946 37.417118 3.6355616 44.707328 8.21818 34.527824 19.138962 1.7933365 218.65235
1.9634796 37.437985 3.0671808 43.584898 7.5156845 35.735601 24.2453 13.788357 168.40636
1.9697604 37.506427 3.080396 44.053615 7.1307043 34.469923 14.466448 38.381807 156.82374
1.9760484 36.839258 2.6239158 42.559895 5.9703731 32.70668 26.363919 14.456205 169.37111
1.982338 36.989444 2.1113902 42.680697 5.9694577 35.658328 31.0836 -8.9793483 165.23061
1.9886175 36.749088 2.7494189 43.210497 5.5203352 33.562227 23.00647 16.169439 127.65145
1.9948963 35.736026 2.773113 42.504841 3.6996693 32.080418 28.168821 23.498417 181.03761
2.0011796 36.176671 2.4658196 42.610086 5.7229352 32.328798 18.492148 21.033728 151.27386
2.0074598 36.251026 2.7600641 41.309543 4.8025373 30.739698 24.349083 34.139748 100.83068
2.0137374 35.4283 2.9625005 41.162555 5.9830618 33.128808 16.434845 39.914543 164.58363
2.0200172 35.636106 3.6802741 40.62849 8.3365562 32.462561 28.693345 14.345161 142.92704
2.0263103 35.196589 2.9029545 41.027167 4.6332135 33.371252 15.471907 42.994937 132.34392
2.0326005 35.490373 2.7280926 40.026366 5.3409848 29.797909 27.128546 26.105254 131.15579
2.0388739 34.796034 2.412105 39.053804 6.5807937 33.328873 25.462882 30.09917 141.12855
2.0451541 34.325517 2.4586426 39.230659 5.4545672 30.128259 23.357413 40.577211 175.19937
2.0514447 34.390485 0.20061728 39.060327 4.3759418 32.998687 26.295625 43.514608 153.43883
2.0577304 34.241616 2.3497568 39.994697 4.6723112 30.616152 30.947983 54.345964 138.74899
2.0640139 34.561017 2.064846 39.545727 5.2005011 30.791751 26.594708 62.931535 149.21686
2.0702999 34.364256 1.1762466 39.160389 5.4521842 27.669141 25.901097 56.366382 161.62557
2.0765897 33.83418 1.4271474 38.889337 5.0229862 33.823738 23.435572 55.515166 180.11116
2.0828655 33.687008 0.85246582 39.066885 6.1705448 32.687716 19.09105 56.505298 159.80585
2.0891345 33.970945 1.4070927 37.344376 4.6660741 31.392297 30.101865 67.970802 122.84496
2.0954242 33.977255 0.92984308 37.746575 4.2790718 30.36922 30.797233 53.348611 136.79985
2.1017071 32.942267 2.2942247 37.713142 2.2414762 28.98503 21.10659 87.85929 156.63361
2.1079865 32.843619 2.0128883 37.513144 3.6196852 29.926994 18.178287 89.97403 112.09618
2.1142718 33.299362 1.3136695 37.931279 3.7499774 28.038571 28.673118 81.328625 151.20152
2.1205527 33.328757 1.2043912 37.27372 3.7740899 29.129589 25.182534 77.922954 147.79635
2.1268369 32.54976 1.9713598 36.552672 2.5106766 27.488366 28.312761 65.687858 116.49844
2.133122 33.137587 2.013232 36.198959 3.8522834 24.660463 23.755524 95.588605 120.70843
2.1394117 32.285148 0.60733541 36.413999 1.1208017 28.68405 13.444481 97.235984 156.59864
2.1456971 32.407873 1.2213458 35.431997 0.99184924 27.124006 32.10976 90.344148 117.4306
2.1519735 32.060205 0.99276768 35.377999 3.3837421 33.924809 27.851784 99.615365 99.524558
2.1582599 32.406092 0.78419543 35.627813 4.7392659 30.91835 22.700437 124.61991 125.74851
2.1645454 31.647204 -0.021058165 35.871295 3.6526445 30.49682 26.273367 122.66573 138.29417
2.1708307 31.429237 1.4412615 34.698685 0.57249273 28.954846 17.124769 101.24246 110.96887
2.1771141 31.748475 0.81456927 35.386271 2.1345132 30.985412 21.182325 138.58961 103.14756
2.1833876 31.916441 1.5411146 34.403581 5.0062128 28.838744 18.279164 124.85119 57.696688
2.1896703 31.73003 0.3219464 34.929825 2.7074035 30.536526 24.165454 109.37807 120.96446
2.1959601 31.231387 1.1410281 34.687561 3.1124492 30.918571 17.075424 126.43526 170.7219
2.2022426 31.4432 0.98098323 34.614137 2.8863704 31.166213 26.444769 153.31371 114.21988
2.2085217 31.2898 0.32181692 34.492237 0.93386608 30.839936 18.817459 146.3945 142.907
2.2148046 30.81112 -0.13239336 33.623031 3.6972646 32.584238 21.607075 148.2664 91.394201
2.2210926 31.298056 1.0705904 33.544819 3.1336121 29.668285 22.537583 133.85849 86.787536
2.2273729 31.304535 0.30154209 32.944753 2.6369636 30.844922 21.618887 150.54898 119.34454
2.2336572 30.748943 0.34428223 33.679277 1.7532437 32.603379 25.435097 173.38245 117.07524
2.2399435 30.607316 0.45056704 33.061428 3.3961604 29.635832 27.337938 172.9903 146.05465
2.2462242 30.867523 -0.37827321 33.764056 2.6960148 31.668059 31.208602 177.04913 111.10634
2.2525064 30.37997 -0.37600171 33.061843 4.7986821 31.640059 21.815378 167.19339 165.24781
2.2587834 30.041274 -0.41233851 34.006795 1.8215223 31.171124 14.910098 164.25744 108.68612
2.2650691 30.554897 0.44593872 32.652166 3.8914049 35.088208 26.779071 192.95727 112.82609
2.2713504 30.635194 0.93655896 33.062092 0.30000478 34.893596 29.256852 190.34266 153.90685
2.277634 30.421084 -0.01394737 32.722491 1.248646 33.125202 27.690998 203.50865 86.77682
2.2839224 30.544829 0.95327167 32.4735 2.458759 32.689864 26.499822 166.61391 132.90133
2.2902029 30.017516 -0.28223434 31.988023 2.47228 33.756121 24.581061 209.4066 122.81046
2.2964908 29.464622 -0.92673568 32.60553 2.8818198 31.534344 19.20967 209.74992 99.942321
2.3027718 29.484966 0.20675846 31.93648 2.7317184 32.710963 16.975273 214.66632 132.71762
2.3090514 29.604205 0.71585525 32.350446 2.0511025 32.954353 22.42717 221.94245 133.14074
2.3153385 30.549784 0.79522509 32.476464 1.4934644 34.974107 20.944091 210.2995 119.73463
2.3216273 29.367901 0.039908062 32.699586 2.1163215 35.449433 19.32255 229.93229 101.25165
2.3279119 29.725369 -0.099044454 31.597135 1.8048542 36.205277 24.111185 213.40369 140.83698
2.3341862 29.509298 -1.0123116 31.499271 0.50448205 37.125524 16.554252 250.47882 64.724033
2.340468 29.171989 -0.4743966 31.374388 2.5952145 39.428745 24.936756 251.59362 112.36467
2.3467569 29.296326 0.13865906 32.435531 1.28703 34.866811 19.928728 241.74777 125.98037
2.3530444 29.224036 -0.65458404 31.482747 1.6551733 38.818748 18.815682 264.62954 113.00886
2.3593277 29.30104 0.54139418 31.867483 0.8760848 38.972976 16.7375 254.44488 97.674793
2.365603 29.297762 -0.66277645 31.822024 2.4313549 36.404603 26.656588 275.24727 169.85179
2.3718859 29.362608 -0.26400915 30.856531 2.3240272 39.863381 17.867033 272.8991 135.95397
2.3781733 28.92133 -0.65108931 31.447024 1.9506109 36.912347 20.799126 252.93442 118.89742
2.384454 29.455178 0.9368856 31.548305 2.949154 39.227594 18.824851 282.32467 108.47933
2.3907364 29.581188 -0.14382098 31.41833 0.21134039 42.815687 22.326626 289.10717 97.922178
2.3970141 29.432782 -1.0830289 31.744297 0.64074161 37.886058 18.166878 304.90202 107.56335
2.4032955 29.26826 0.3989994 31.305848 1.74035 41.589941 27.890504 291.85751 172.59028
2.409585 28.644563 -1.3446968 31.76583 1.8783791 43.092964 24.229189 305.06734 117.53807
2.4158717 28.728856 -1.8247234 30.822757 1.6827479 41.364849 10.885317 298.59412 118.9285
2.4221607 28.988974 -1.1087938 31.39709 1.749774 42.553543 23.567026 316.53753 71.326478
2.4284402 29.233868 -0.24433155 31.02133 2.2311988 44.374184 24.959705 311.19633 78.868928
2.4347175 29.001445 -0.79333953 31.09137 1.5693452 44.065677 23.704361 323.59381 82.27218
2.4410025 29.172992 -0.30958781 32.482747 3.7233948 42.471103 19.233953 335.27915 118.96382
2.44729 29.197758 -0.28532237 31.947269 1.8168112 46.835792 16.066619 343.22027 95.1583
2.4535718 29.249056 -1.104845 31.049677 2.1134465 45.024116 17.720397 351.01666 66.984567
2.4598527 29.215962 -0.81005905 31.015919 0.49169731 48.264177 23.746294 358.99063 123.42532
2.4661392 29.039724 -0.3787356 32.119117 1.1977223 48.912462 23.551332 362.94905 106.12829
2.472422 28.900819 -1.404332 31.742744 2.5164482 48.309783 18.157456 360.95147 92.917432
2.4786985 28.894673 -0.15314524 31.601608 2.3333045 47.660745 17.456687 399.88535 110.08197
2.4849808 28.456024 -0.72741042 31.386636 1.992034 48.382509 18.526516 400.50049 76.888846
2.4912693 29.062976 -1.2428564 31.3201 1.8479595 51.502423 29.476905 388.29023 87.504889
2.4975485 29.008302 -0.50846683 31.591226 3.0316757 51.534157 25.105755 379.01686 88.630409
2.5038317 28.663929 -1.7552109 31.703479 1.3618372 50.5438 23.089721 399.57734 99.911979
2.5101179 28.846732 -1.1426867 31.42647 0.41968274 54.510598 23.437831 417.78341 81.292025
2.5164007 29.004235 -0.46238016 31.680331 0.42820981 53.604754 28.373738 405.22709 69.677303
2.5226882 28.885114 -1.6067839 31.741746 0.78554383 56.295614 18.846709 428.22717 74.823135
2.5289717 28.800846 -0.75432345 31.846395 1.2324932 56.66699 23.707269 433.24223 52.905503
2.535252 28.892679 -1.8404891 31.916773 2.1513136 55.493355 25.104665 436.14212 106.44106
2.5415375 28.768131 -1.3854458 32.0237 2.2552487 58.398735 22.315538 451.08613 59.344382
2.547823 28.94714 -1.1697436 32.700342 4.1302075 59.664016 27.781701 452.69406 69.119889
2.5541007 29.469639 -2.5292698 31.822317 2.1720466 58.567506 24.401457 465.86592 107.0222
2.5603768 29.20351 -1.4897328 31.869145 3.0180823 59.820665 24.694908 467.37502 123.12885
2.5666675 29.495799 -0.95069879 31.661457 1.8556024 60.219041 23.48784 490.31744 77.640163
2.5729551 29.197607 -1.7462704 31.429217 2.0193719 61.338627 26.409576 472.96974 68.44092
2.5792338 29.2553 -2.3949036 31.720479 1.6566673 63.366693 23.209655 477.40268 96.758552
2.5855202 29.30584 -1.9752263 31.927108 2.0669256 65.004736 27.518535 522.25279 98.75642
2.5918051 29.600501 -2.0654033 32.572329 0.52012184 64.697627 23.04388 500.60742 72.619117
2.5980841 28.908058 -1.0992633 32.809414 1.8134866 67.281823 32.762205 511.64846 64.373331
2.6043604 29.757357 -1.5755882 33.028384 1.4894876 68.321892 21.613722 519.54007 90.436834
2.6106472 29.705423 -0.44417051 33.338766 3.484678 67.955492 16.049076 530.68749 61.395005
2.6169319 29.859193 -1.7828895 32.423181 1.1917953 66.300097 22.722542 546.37939 79.96844
2.6232061 30.073992 -1.7908336 33.313579 2.6602782 69.525774 22.205469 553.48718 53.285409
2.6294916 29.997945 -1.4541343 32.737701 0.63812321 73.176094 31.917273 569.94276 14.852867
2.6357785 29.75526 -1.2803421 32.883576 0.14628853 73.573954 24.742574 578.18355 50.482519
2.642061 29.959196 -1.5400187 33.332407 2.4162412 74.230565 24.212674 572.30267 86.778458
2.6483438 30.055687 -1.5554131 32.819294 0.95535645 75.079074 18.821542 593.89035 84.658233
2.6546318 29.759652 -1.6412163 33.323418 1.0402713 75.749278 25.720468 592.26118 90.873125
2.660919 30.225497 -1.1152899 34.065232 1.2949769 78.026811 25.883073 600.8005 72.216558
2.6671985 30.398411 -2.8802653 34.167049 2.455962 78.214947 25.767252 595.53688 118.11409
2.6734843 30.282559 -2.2797343 34.407928 2.0081311 79.698203 23.49751 624.78787 52.970184
2.6797734 30.192022 -1.808341 34.096903 2.9472608 81.214755 29.918611 612.69479 44.595019
2.6860582 30.602262 -1.9356554 34.360299 -0.19464361 82.835984 24.572398 626.9413 78.660897
2.6923387 30.907459 -2.2406751 34.528791 1.2531954 83.665095 20.274608 647.53838 34.453921
2.698618 30.625286 -1.9558861 34.984852 1.5113483 85.383903 21.990634 646.57885 78.870526
2.7048955 30.662975 -0.77202763 34.660273 0.86776449 84.229091 28.951851 664.64041 65.716788
2.7111757 31.125947 -1.3306531 35.059135 2.4189752 91.958256 24.94964 679.81028 92.738583
2.7174598 30.818363 -0.87584655 34.953091 2.0371701 88.464083 26.006746 702.53894 40.23948
2.7237457 31.13164 -1.0251474 35.818921 3.1738105 89.590788 22.829945 702.85726 56.715803
2.7300384 30.9553 -2.2952211 35.479156 0.23668532 89.031865 26.869178 716.09917 23.479903
2.736318 31.556377 -1.4341868 36.545682 1.5168089 92.145251 23.954903 732.49596 90.444419
2.7425919 31.557019 -1.961618 36.274367 0.56018631 94.536331 28.154756 730.87844 33.013082
2.7488797 31.204033 -1.8722369 36.790465 1.2710276 95.158127 25.945788 735.85552 86.40332
2.7551634 32.056223 -1.9858066 37.18791 0.80188581 97.815361 21.196451 759.56523 55.287128
2.761447 32.130557 -2.4240848 37.173785 2.5657254 100.71743 25.67724 770.27538 74.898524
2.7677321 31.731546 -2.5669423 37.644131 2.7420823 97.689824 25.290343 781.59105 81.448758
2.7740155 32.232704 -1.6721384 36.67967 2.6501065 102.63395 23.670625 791.79148 48.898771
2.7802986 31.933536 -2.0846824 38.231342 1.3950279 104.04096 24.394036 790.18504 60.672324
2.7865775 32.566284 -2.0840712 38.305667 1.7449909 101.1328 24.702085 797.85747 40.393615
2.792858 32.334044 -0.96038474 37.741127 0.6720692 105.81459 23.245034 798.1989 38.747386
2.7991438 33.09871 -1.3119162 38.894559 2.2645718 108.27386 26.524982 831.83655 60.294891
2.8054301 32.44922 -2.5274517 39.104786 1.6580563 108.3293 21.876507 823.52913 33.072254
2.8117151 32.958255 -1.9942449 38.999244 0.88429738 110.82164 22.363577 845.58822 69.845352
2.8179893 33.28615 -1.5776254 39.84605 1.1725274 115.01156 21.535623 863.42613 16.032958
2.8242692 33.395131 -1.6088683 39.588642 0.66053101 113.67485 26.620935 885.42835 67.44088
2.830563 33.593542 -3.6487144 40.744726 3.8469499 113.4742 20.567364 898.74788 52.819979
2.8368488 33.510937 -2.1236102 40.540349 3.5058095 118.64511 25.539254 903.38515 32.482146
2.84313 33.839995 -1.3719753 41.071958 2.6714806 119.45996 24.881922 914.67515 90.022854
2.8494139 34.408603 -1.2973209 40.786904 1.6855572 123.43865 21.843188 929.19792 50.844337
2.8556975 34.109206 -2.1982781 42.33562 3.8629316 120.71469 21.79664 960.10668 46.551066
2.8619788 34.355947 -2.1185336 41.859023 3.7661939 125.05148 23.542213 955.44779 30.498422
2.8682625 34.574469 -1.6346658 42.048734 2.1426214 126.80476 22.991929 944.41678 42.586329
2.8745474 34.895793 -2.3795312 42.775558 3.3318623 129.44655 28.616358 958.68149 83.510165
2.8808311 35.017928 -1.1222936 42.311893 0.48514792 131.1536 30.13667 985.63585 33.312487
2.8871132 35.341559 -1.9629653 43.512101 1.146762 132.5237 21.594863 1005.9979 7.107819
2.8933945 35.349021 -2.2992369 43.904348 2.9384871 135.06965 29.280188 1018.7558 67.343954
2.8996737 36.029651 -2.7889121 43.656064 3.2242599 138.15509 17.838788 1029.0422 32.509268
2.905954 36.266418 -1.4612492 43.865526 2.3098819 138.14138 31.222527 1047.9687 23.494196
2.9122411 35.985771 -1.343845 45.129433 1.7630547 143.26265 28.786731 1058.632 7.9809101
2.918526 36.400472 -1.6558176 45.285755 4.0039226 143.94062 26.102829 1064.5129 15.69847
2.924809 36.662922 -1.588093 45.743074 2.2178287 143.90787 23.414499 1073.7854 44.987531
2.9310959 36.990743 -2.274582 45.817395 1.5642856 146.05859 24.393794 1101.7033 31.728102
2.9373782 37.155296 -2.2800812 46.30019 4.5579979 151.525 32.732285 1108.0994 59.76576
2.94366 37.286463 -2.5289469 46.992677 2.976388 149.81129 24.472661 1124.7956 23.347516
2.9499465 37.378574 -1.2348248 46.948824 1.1662027 151.37106 26.15901 1131.9081 48.940043
2.9562277 38.008223 -1.6612698 48.296661 2.1002952 153.1246 25.842231 1155.5968 27.875072
2.9625105 37.701293 -1.9368598 48.963611 2.9957203 160.26807 24.614468 1159.4723 38.838589
2.9687965 38.768751 -2.3816965 49.605875 4.2842424 159.40519 28.971251 1171.6418 11.92412
2.9750777 38.31041 -1.1679947 48.894085 2.7931002 163.77924 20.026517 1205.2555 -8.845761
2.9813599 39.32098 -1.5580349 49.293139 4.4310067 162.38212 28.811848 1213.1622 31.40981
2.9876468 39.208097 -2.1720998 50.018739 3.0158094 167.56394 21.604139 1231.6146 23.298505
2.993929 39.379231 -1.0925489 50.768315 2.6172908 170.05216 25.210591 1251.8635 21.208924
3.0002062 39.535011 -1.4436896 51.291969 3.3401539 171.06918 26.2519 1272.6897 -0.86563012
3.0064862 40.305026 -2.4382985 51.549737 2.6852893 175.30467 22.742482 1273.8019 43.704244
3.0127698 40.345656 -1.9128972 52.205123 2.9189481 177.8197 25.75865 1294.0491 36.496306
3.0190531 40.679985 -2.3681538 53.034811 3.0030527 179.04373 26.166059 1320.5279 34.428045
3.0253374 40.936875 -2.6330456 53.812761 3.013677 181.72581 24.443203 1332.3171 41.734092
3.0316237 41.548179 -2.2959043 54.083452 3.187179 185.41045 27.5903 1345.2461 23.347594
3.037909 41.751072 -2.4676344 54.307565 2.6738872 184.67593 24.727666 1354.1737 -5.6747567
3.0441951 41.991066 -2.6473328 54.724352 3.3165968 189.30606 21.708739 1379.1644 25.063303
3.0504755 42.346874 -2.0566748 55.522393 2.7066696 191.37945 24.145945 1400.3051 28.676662
3.056755 42.664255 -1.9341432 55.948731 3.2836223 194.54721 28.079104 1401.2695 27.436784
3.0630405 42.900421 -1.6191345 56.42825 2.2412081 198.9451 20.394321 1452.2647 4.2812652
3.0693237 43.302952 -1.8427626 57.091365 2.4979325 198.59558 26.187005 1441.8205 17.043125
3.0756107 43.99786 -1.7807415 57.7367 2.1709101 205.9717 25.730195 1455.8697 44.014064
3.0818938 43.825446 -1.3323381 58.5079 1.7423015 206.47644 23.442694 1476.8657 6.4347105
3.0881745 44.313356 -2.3250192 58.916581 2.238743 206.31185 36.334024 1505.6624 1.2834539
3.0944586 44.721441 -2.2665588 59.434756 3.1924652 211.71051 19.649355 1524.0282 -29.362256
3.100744 45.359894 -1.6356242 60.313499 2.9697315 212.27359 28.84611 1542.5803 0.17845435
3.1070281 45.756761 -1.6900864 61.092983 3.8559256 216.43285 28.593308 1557.1545 33.989396
3.1133093 45.838393 -2.2079625 61.933851 4.3936329 219.53553 20.503073 1583.6778 -27.668028
3.1195907 46.48466 -1.7756873 62.129382 3.3107493 223.61005 28.314075 1613.6565 54.401786
3.125874 46.442207 -1.9731381 63.058393 2.1164616 227.24506 24.990603 1607.4657 5.3778315
3.1321593 47.129623 -1.6921818 63.835029 1.7918859 227.35968 25.266462 1625.0714 22.632837
3.1384392 47.383311 -2.1630108 64.447912 3.4017496 235.29766 29.439297 1664.9527 4.3097826
3.1447239 47.781992 -1.9862072 64.801963 2.4299241 234.43674 29.452948 1681.8388 24.420271
3.151004 48.469501 -2.0359865 65.902305 3.9701274 240.2081 30.17827 1710.5956 -8.8940314
3.1572837 48.285095 -2.3306275 66.416943 3.3809206 242.65009 22.308311 1722.6003 3.4873284
3.1635693 49.102403 -2.2146065 67.396505 2.5125141 247.35223 22.376048 1745.1069 -39.541599
3.1698517 49.800012 -2.8418844 68.386579 2.2591018 246.99057 31.657667 1774.3012 -43.224957
3.1761377 49.902485 -2.3323167 68.876751 3.8644111 251.35443 21.568107 1795.1669 20.528709
3.1824209 50.415507 -1.9248513 70.316807 4.8972002 256.85321 27.055781 1820.5932 -31.241801
3.1887028 50.861151 -1.982772 70.604581 4.583691 261.10631 28.329735 1856.984 21.254652
3.1949905 51.41241 -1.9442431 70.282972 3.4852413 263.40256 24.88713 1862.4456 2.5804791
3.2012753 51.77823 -2.2377097 72.583999 3.711109 266.36274 28.704053 1876.9753 -16.946595
3.2075514 51.955472 -2.4164322 72.5176 3.1323137 270.03414 22.673693 1903.0846 1.1259789
3.2138352 52.693502 -2.2388356 74.076634 3.3446617 270.73277 25.973424 1923.2555 31.325454
3.2201226 53.787949 -1.2938003 74.379978 4.6195855 279.82267 22.96915 1928.113 3.7174045
3.2264067 53.77791 -1.8827293 75.689918 4.6329056 281.77425 22.710047 1974.2451 -23.842996
3.2326878 54.14849 -1.9078837 75.947728 3.5497775 283.04897 21.542689 1993.6698 25.00908
3.2389697 54.688962 -2.4693838 76.671476 3.9091047 287.44071 24.29253 2024.2451 -29.405679
3.2452553 55.661943 -1.977854 78.34174 3.5108932 292.1032 24.180966 2034.4375 33.037407
3.251535 56.046402 -1.7850866 78.307705 4.4058976 295.09413 25.472819 2059.7457 -35.807227
3.257818 56.645902 -1.2665687 79.29204 3.5446199 300.57999 21.188751 2102.8405 -34.696473
3.2641022 57.163588 -3.065576 81.187672 4.0054396 303.96521 20.962364 2114.4159 -34.666754
3.2703843 57.834253 -2.023726 81.007179 3.0940777 308.06401 19.914494 2155.416 -32.761471
3.2766697 58.091988 -1.3877892 81.946405 3.2450917 312.59421 26.274189 2180.0451 -6.3690447
3.282955 58.293745 -1.8647456 83.177872 3.7030634 315.88289 30.405474 2195.6172 -4.4318304
3.2892374 59.084453 -2.3445482 84.576971 4.1094259 320.4357 23.326233 2227.2619 -2.929914
3.2955201 60.023901 -2.1785815 85.440652 4.1732211 323.52471 27.130278 2237.4774 -4.3973899
3.3018068 60.727197 -1.520729 86.558714 4.325533 329.50296 24.43392 2283.5781 -11.670727
3.3080882 60.76977 -3.0705 87.55116 2.464561 333.91059 27.631207 2299.7867 -18.754723
3.3143683 61.477783 -2.5245248 88.004978 3.1594554 336.70744 25.192802 2325.696 -4.4823269
3.3206524 61.86797 -1.3879878 89.433087 4.7578056 337.87219 25.067736 2345.627 -7.7716519
3.3269318 62.380687 -2.4672065 89.871959 3.3731625 346.41702 20.291873 2384.4128 -31.927484
3.3332172 63.283384 -2.3150619 91.511835 3.7148133 348.92461 24.877103 2435.6608 -32.128152
3.3395053 63.825082 -1.1764854 92.015272 3.3004945 352.68717 30.437507 2453.6383 44.54288
3.345788 64.484488 -2.2650844 93.067184 2.9364505 360.08757 18.871679 2479.1473 -32.130996
3.3520722 65.228974 -2.064633 94.565541 5.4821094 365.21677 31.370272 2507.3102 -37.720002
3.3583517 65.959795 -2.0745119 95.302968 5.1908034 368.21731 20.980115 2562.8029 -45.176693
3.3646309 66.483114 -2.3298274 97.080802 4.7802753 375.52213 20.922723 2581.2517 -14.785862
3.3709171 67.039917 -1.5020404 98.147308 4.8045487 377.1343 20.910672 2613.096 -50.065416
3.3771997 68.18038 -1.7885644 99.057767 3.9709048 384.01955 24.993328 2640.1111 3.939714
3.383485 68.987029 -2.156057 99.833245 3.7008708 386.80552 25.030326 2645.874 -58.757033
3.3897714 69.728583 -1.4521823 100.72989 4.8185903 393.64128 26.414151 2706.0363 -35.311462
3.3960523 70.323799 -1.6994732 102.67049 3.4082068 395.84325 20.292912 2722.6623 -39.89046
3.402332 70.789647 -1.481616 104.10149 4.4194868 402.85741 25.77851 2765.5296 -36.818481
3.4086109 71.589815 -2.1689769 105.48734 5.8049144 407.08337 20.311708 2808.2688 7.0665589
3.4148974 72.685927 -1.8936976 105.98236 5.824099 412.92298 23.443243 2824.7546 -55.891203
3.4211808 73.435688 -1.9974232 107.85508 3.1647375 418.3503 20.652722 2870.0305 -32.692965
3.4274635 73.783434 -2.3867993 109.09165 5.2598316 420.53985 19.260709 2887.0861 -54.53415
3.433751 74.918494 -2.0097029 110.13675 5.5116555 428.49027 18.028835 2936.5831 -68.599009
3.4400336 75.228741 -2.2588851 111.44292 4.4342415 434.61847 23.657828 2954.7018 -53.826352
3.4463146 75.969171 -2.4457845 111.82103 4.748863 440.0618 25.450475 2983.7247 -38.524526
3.4526017 77.21136 -1.994174 114.44587 5.8570665 445.36157 19.939311 3032.8626 -18.163417
3.458885 77.821162 -1.2027629 115.5727 5.8062802 450.32454 19.537756 3072.6519 -52.717767
3.4651654 78.925148 -1.4596268 116.7531 4.362738 457.20431 21.09384 3108.2269 -44.182239
3.4714502 79.34237 -1.9571913 118.64841 5.2418147 464.33214 17.732612 3150.513 -36.95885
3.4777353 80.392938 -2.3440851 119.82962 4.3741444 470.69898 25.967356 3189.667 -33.906961
3.4840204 81.066027 -1.7600304 120.83556 4.9728312 473.39225 20.586764 3232.9269 -35.316214
3.4902984 82.3865 -1.6305381 122.53517 4.4540398 478.32166 17.665427 3248.9951 -24.255609
3.4965841 82.93981 -1.4658597 124.13634 6.1941938 485.13338 21.096676 3290.5871 -50.445923
3.5028697 83.634148 -1.9637623 125.96438 5.3194122 493.03945 15.649672 3347.6545 -57.524732
3.5091472 84.796917 -0.9622853 127.47822 4.5517901 498.16925 23.632889 3383.4135 -63.46649
3.5154293 85.67318 -1.5042647 128.35588 5.0463773 503.50854 23.360734 3434.4384 -54.702786
3.521711 86.455154 -2.9484713 129.58329 5.1744512 512.39241 22.04839 3450.4395 -33.657702
3.5279924 87.49141 -2.3700237 131.73238 4.4659294 514.99576 21.669099 3501.9072 -40.526353
3.5342782 88.569635 -1.0269076 133.0547 4.2603938 526.19614 17.538586 3564.5708 -39.184464
3.5405659 89.032913 -2.018786 134.38984 4.9433561 529.94932 14.989201 3590.1258 -48.748875
3.5468474 90.298931 -1.7386874 136.75142 6.8526181 536.31979 22.792725 3628.2734 -57.539798
3.5531332 91.432366 -1.5729092 137.63757 6.8370752 544.26041 26.614152 3666.1608 -59.160946
3.5594194 92.4893 -2.0027195 139.7049 6.1969757 550.27062 20.637856 3720.187 -30.060476
3.5656987 93.332619 -1.8759086 141.35642 5.2663216 555.92553 21.886615 3768.0231 -42.024295
3.571981 94.253397 -2.1365978 142.70665 5.7514903 562.11029 16.550986 3800.4724 -60.586921
3.5782681 95.869836 -2.2463514 144.25524 7.9823123 571.78245 25.116048 3863.6358 -42.587717
3.5845504 96.304227 -1.2648222 145.99474 5.9788451 576.82105 24.125565 3898.7909 -57.86465
3.5908286 97.789811 -1.2345362 147.51355 6.5583291 581.02816 16.235535 3935.8395 -19.335283
3.597109 98.501017 -1.517308 149.78161 6.1900685 592.06361 28.507596 3983.601 -62.166355
3.6033947 100.00109 -2.5092221 151.41992 5.3453135 602.83657 20.167552 4036.2192 -54.487058
3.6096758 100.68626 -1.8216571 153.25478 5.4771402 607.52729 27.374424 4093.4709 -24.775193
3.6159574 101.93145 -1.5426592 155.12577 6.938973 615.04757 20.106469 4115.0391 -75.517687
3.622243 103.17553 -1.6922031 157.08498 5.7753157 621.71384 24.321369 4189.5716 -51.147134
3.628522 104.35614 -2.2258428 158.38097 4.9955688 627.73271 25.798803 4231.3825 -41.265906
3.6348065 105.27923 -1.3998483 161.0393 7.1538438 638.4746 19.049256 4288.2605 -28.212629
3.6410953 106.42045 -1.5048391 162.92456 5.4519011 648.68063 14.952812 4307.3245 -37.690618
3.647383 107.29357 -2.1513485 165.1408 6.2631721 654.01117 18.395951 4371.755 -50.41952
3.6536648 108.8612 -2.322173 166.66003 6.200862 662.71844 20.560862 4437.7831 -26.827193
3.6599466 110.25814 -0.82521591 168.77182 5.7852426 667.66649 15.912153 4476.4204 -56.145052
3.6662338 111.17458 -0.38650672 170.42255 6.2865699 678.99897 17.106982 4541.4168 -41.888773
3.6725162 112.22862 -1.6245338 172.76575 5.2848391 685.30116 15.936854 4606.1365 -79.79203
3.6787969 113.81958 -2.0461867 174.5328 6.2393184 694.50919 20.055299 4645.2348 -61.15294
3.6850808 115.11385 -1.5052961 177.45629 5.1278201 701.40208 19.937101 4684.5916 -73.905071
3.6913615 116.5089 -0.98852248 179.58591 5.9531851 710.80785 19.955794 4740.2245 -79.86715
3.6976453 117.6653 -1.6687202 181.16335 7.5388356 721.12395 18.798289 4802.2231 -9.5524293
3.7039282 119.16854 -1.4117067 182.5068 5.6875931 728.9613 20.386389 4869.6452 -46.502894
3.7102105 120.47308 -1.6247319 185.06494 5.5162149 737.18976 22.114234 4923.0188 -30.011136
3.7164963 121.66836 -1.3133674 187.75188 6.1222044 746.84648 16.567288 4975.8464 -65.83794
3.7227765 122.74063 -1.9526053 189.65458 5.9344622 757.61531 18.290547 5056.5281 -70.515187
3.7290604 124.47804 -1.5546897 192.51995 6.5580168 763.12921 16.383806 5118.7038 -42.243476
3.7353441 125.68288 -1.9067929 193.68875 7.6602134 774.94013 20.774694 5157.5451 -89.051363
3.7416262 127.54628 -1.7162281 196.56789 5.3688023 786.35329 13.680114 5235.0083 -93.526553
3.7479078 128.88271 -1.3440039 199.18372 6.1869143 794.88697 13.352929 5280.6043 -77.459953
3.7541913 130.49696 -0.86083362 201.74133 6.0982955 802.48816 16.971199 5357.5413 -70.222902
3.7604793 131.83955 -1.5800729 204.22543 6.1907819 816.42293 21.730223 5417.8113 -14.716068
3.7667591 133.59052 -0.84581071 206.03237 7.0129969 825.07263 18.81354 5471.1213 -72.735689
3.7730369 134.1312 -1.3108762 207.53619 6.6452003 830.73307 14.0754 5517.0043 -59.676366
3.7793245 134.30742 -1.6869732 208.61945 7.4364601 835.24472 17.62801 5532.9361 -86.176154
3.7856096 134.82434 -1.8292621 210.05339 6.4647827 836.70451 16.301985 5552.8874 -48.566006
3.791892 135.40192 -0.5654309 210.08512 7.3965168 839.68582 18.609974 5577.1903 -43.711805
3.7981772 135.91581 -0.73826026 211.44468 8.449974 842.0933 17.527637 5590.6536 -74.605276
3.8044595 136.07954 0.17037522 210.90951 6.9740287 844.38778 18.051542 5610.2777 -63.055365
3.8107406 136.73939 -0.58274749 211.75601 6.1209717 848.53092 16.704285 5635.6052 -53.449508
3.8170242 137.10992 -1.906887 213.28599 6.1840676 853.8051 17.710715 5657.2779 -19.021158
3.8233083 137.21078 -1.1187658 213.82936 6.6360971 853.35336 18.561512 5660.3087 -58.334268
3.82959 138.27878 -0.63973213 214.53386 7.4940304 858.84027 18.431883 5698.2794 -33.414915
3.8358721 138.68017 -0.34680293 214.8559 6.7236567 860.99916 17.656951 5713.536 -87.931651
3.8421598 138.38831 -1.0817339 216.49031 5.7317962 864.79319 19.155825 5735.6601 -50.021908
3.8484445 139.16903 -0.19555816 216.76323 7.7668542 870.21623 16.513076 5768.6055 -60.38737
3.8547246 139.39422 -0.90168073 218.1729 8.0744032 869.81489 14.274367 5788.0148 -74.451614
3.8610074 140.16291 -0.19512718 217.66713 6.6201965 875.60097 19.14513 5801.3007 -37.156901
3.8672884 140.41534 -0.60268224 218.71643 7.347136 879.29683 17.332883 5851.3131 -65.213819
3.8735709 141.0206 -1.0146527 220.55348 6.6734264 879.99963 17.428497 5850.4432 -52.954255
3.8798537 141.52619 -0.12723059 221.25203 8.3058883 884.60978 21.013796 5892.5437 -62.657668
3.8861388 142.12095 -0.3772762 222.31579 7.4166563 886.05355 19.060194 5892.8828 -90.191656
3.8924222 142.75395 0.31540269 222.71123 7.1067277 895.3343 9.5282058 5909.0353 -85.182135
3.8987057 142.62044 -1.0700487 223.58071 6.3493119 896.55995 14.446896 5937.7359 -42.776497
3.904991 143.11126 0.12985142 224.13688 6.1418783 900.18709 15.442639 5961.3149 -94.98598
3.9112719 143.76609 -0.74266067 225.94852 7.1658041 905.03645 18.494432 5987.2369 -77.463256
3.9175547 144.06081 -1.2555393 226.56376 6.2829802 905.6821 14.623987 6007.7948 -71.894356
3.923841 144.96718 0.11501555 226.8991 7.5162828 911.09091 21.649412 6035.0264 -50.037959
3.9301245 145.48276 0.022536554 227.84933 7.6067387 912.9566 16.860151 6071.5983 -94.026135
3.9364023 146.02879 -0.90041289 228.57228 7.406819 916.53298 13.861049 6077.176 -100.19487
3.9426867 146.42275 0.1326474 229.57 7.2885948 922.51429 17.724548 6116.4236 -98.782455
3.9489749 146.88105 0.59538792 230.17338 7.2970762 926.55237 8.1667793 6120.4647 -87.911465
3.9552603 148.00155 0.33922548 230.98059 7.2988458 932.09456 15.975917 6162.1225 -55.831926
3.9615405 147.79609 0.83821569 232.62193 6.4059078 932.1938 18.850496 6199.1436 -80.559802
3.9678228 148.49042 -0.029868848 234.23016 7.2266382 935.96301 11.040307 6220.8045 -83.760592
3.9741093 149.28749 -0.58044038 234.38344 6.4911367 941.80549 11.767415 6253.8166 -81.081749
3.9803891 149.86636 0.97724111 234.29674 7.5448629 944.10239 10.999679 6258.7706 -56.997788
3.9866693 150.45808 -1.1457225 236.59744 6.0224833 949.79814 14.344022 6291.3412 -76.091012
3.9929531 150.70723 0.16899002 237.57722 6.6390909 952 12.544543 6303.1579 -62.929152
3.9992376 151.66758 -0.07213201 238.06754 5.5959634 956.7621 16.006293 6323.9441 -100.95456
4.0055206 151.59784 0.078375058 239.00008 8.9228648 962.96595 11.750282 6359.6647 -68.231544
4.0118004 152.65276 0.81808019 240.06819 6.3471749 966.47712 21.087884 6389.9904 -50.125295
4.018084 153.11849 0.39978852 240.61713 6.4670257 970.18707 11.594457 6425.6613 -55.252083
4.024369 153.91198 1.1331312 241.81515 7.4977757 972.37414 15.400498 6444.7965 -68.471699
4.0306486 154.01335 0.61141312 244.03718 6.4101423 977.17386 4.6089678 6480.9099 -77.24348
4.0369309 155.11014 0.25274917 244.25547 6.9101786 984.64235 14.479837 6497.9406 -95.698172
4.043218 155.85711 0.83291921 245.77275 7.6745809 984.15909 15.673107 6535.8816 -41.484941
4.049505 156.12317 0.42678079 246.60397 7.1451005 989.75053 12.894714 6562.8459 -93.000988
4.055786 157.03581 0.27776022 247.80126 6.1951064 996.24667 19.542386 6575.7664 -37.279002
4.0620657 156.91206 1.0940567 248.56357 6.465131 997.45319 13.416736 6599.9698 -35.517234
4.0683514 157.67383 0.39935682 250.0093 6.3090016 1000.718 10.755715 6625.0415 -12.378663
4.0746341 158.39627 0.98302346 251.39551 6.0003288 1008.6799 15.349956 6667.5405 -89.942242
4.0809155 159.80585 -0.21156855 252.28748 7.6121541 1014.2253 13.563805 6691.6846 -22.237042
4.0872042 159.71261 0.19418013 252.53657 7.3657618 1017.0623 4.7254785 6740.4501 -75.364379
4.0934892 160.64193 1.1111471 254.76053 7.4975829 1021.6771 7.7798348 6754.6517 -79.222009
4.0997691 161.34435 1.3996485 255.92871 5.0527332 1026.4631 15.664003 6764.0756 6.0037269
4.1060505 161.57862 1.2067502 256.1771 6.5421672 1033.9575 9.1728254 6804.4878 -28.759009
4.1123344 162.36634 0.60471925 257.78476 7.8649928 1036.5293 12.916598 6828.4225 -33.507847
4.1186204 163.47664 0.63169297 259.27289 7.4029233 1042.894 6.8084559 6880.7832 -15.121067
4.1249001 164.31051 0.8535626 259.74702 6.7775673 1045.2202 10.74199 6906.6933 -51.777321
4.1311787 164.2978 1.1416872 261.02485 6.3525818 1051.0956 9.0833458 6921.044 -93.028275
4.1374656 165.33878 0.59218769 262.52105 7.3353852 1054.9891 5.4635116 6979.3632 -61.886131
4.1437516 166.52969 0.5844166 263.29384 6.1224026 1061.7937 7.8846979 6979.8989 -52.845984
4.1500348 167.21866 0.65350614 265.50501 6.5974785 1064.1989 5.9339806 7034.3045 -70.007621
4.1563169 167.76076 0.050412014 266.64008 8.2683882 1073.2661 5.3715668 7085.562 -45.938608
4.1625996 168.14671 1.0638057 267.59132 6.3887181 1073.8885 9.8614163 7090.2821 -47.409936
4.1688861 169.56574 0.96019201 268.3492 5.6168352 1079.4033 10.289754 7122.7596 -33.198545
4.1751677 169.82123 1.4402554 269.60841 7.3067482 1086.2868 16.749317 7166.3842 -46.486259
4.1814502 170.55401 0.88953249 271.01873 6.431647 1092.9611 7.8511275 7195.543 -57.69826
4.1877378 171.31412 0.31295707 272.08812 5.4680098 1098.3757 9.1598551 7216.664 3.2360249
4.1940191 171.94423 0.92299495 273.76172 8.8111462 1103.1159 7.06647 7245.1737 -41.677007
4.2002971 173.03182 1.0212905 274.69969 7.0749003 1108.3572 14.762517 7314.6469 -32.968414
4.2065802 173.59034 0.36031912 276.86605 5.7523199 1111.7636 3.2169161 7317.5043 -48.54375
4.2128623 174.68782 0.58878687 277.97726 7.1884422 1121.696 6.405595 7341.6132 -58.251055
4.2191458 175.96987 1.4279755 279.51259 7.6047738 1125.5841 9.4930187 7413.5596 -33.551268
4.225433 176.55272 0.50240177 280.59286 5.7374709 1132.3052 9.4154551 7452.3842 -76.289617
4.231716 176.77946 0.58910766 282.17175 5.1959023 1138.8924 9.24791 7475.5593 -33.937865
4.2379957 178.09012 1.8297259 284.3286 6.6194144 1143.5571 8.9955621 7508.0833 -67.791579
4.244278 178.48428 1.0867378 284.14646 7.2279601 1149.1753 0.097693699 7548.5897 -4.3917897
4.2505649 179.14346 0.41193705 286.59111 5.5069203 1154.0302 3.628592 7577.5357 -70.968778
4.2568497 180.56862 1.4381447 287.8542 6.6416921 1160.4742 13.287034 7624.5441 -29.128823
4.2631308 181.45487 1.0827146 288.38645 6.8613482 1163.8692 6.9495578 7650.8772 -68.621748
4.2694117 182.46478 0.56166076 290.05535 6.3246655 1171.7757 6.5040328 7671.0204 -38.468245
4.275694 183.01804 0.74561322 292.63114 7.3029411 1180.1992 8.7837439 7737.2881 -42.024048
4.2819777 183.7717 1.6067131 294.30447 6.6173095 1183.1716 10.048798 7785.9821 -30.903814
4.2882622 184.6571 1.4999991 294.72582 6.9035758 1192.5091 2.1303772 7799.1306 -49.888969
4.2945474 185.96464 1.3474707 296.56997 6.4749876 1195.0253 11.947135 7868.5005 -31.829787
4.3008297 186.7683 1.225098 298.61396 8.5834184 1205.8793 5.3715434 7907.3351 15.284323
4.3071128 187.77931 0.42782587 299.2592 6.8500292 1210.6506 13.729741 7937.5162 -64.431146
4.3133958 188.40319 1.007564 300.74772 6.2202839 1215.7808 9.4085337 7970.2442 -60.406983
4.319678 189.60547 0.63029368 303.13245 6.92896 1226.9138 4.6930899 8027.5678 -0.27337084
4.3259594 190.306 1.5681108 304.33299 6.539338 1229.3856 6.7071487 8052.6482 -62.47638
4.332245 191.21913 1.9529804 307.42093 6.6577259 1231.4959 7.8243045 8108.9311 -51.506997
4.338532 192.83807 0.62375876 307.92025 6.0089744 1244.2255 6.651601 8140.8699 -43.301596
4.3448141 193.10354 1.0504191 310.42034 5.299322 1250.1019 3.5847142 8183.8836 -67.13808
4.3510961 194.36239 0.8554061 311.3389 7.5552255 1257.1532 5.8445467 8226.7478 -22.906078
4.3573801 195.41157 1.5279498 313.34458 6.1950202 1261.3947 6.3615823 8265.5013 -77.122205
4.3636669 196.49664 0.10041854 315.70568 6.4771593 1271.6666 13.605592 8317.5272 -31.222515
4.3699499 197.84148 1.0676542 316.19308 6.2585561 1276.9417 5.4352951 8361.6612 -57.993246
4.3762279 198.55607 2.0028311 318.58345 6.9882464 1281.3904 4.6316093 8406.3659 -49.149887
4.3825069 199.54218 0.95508091 319.96893 6.4261746 1290.46 10.524969 8450.7216 -20.156784
4.3887934 200.38882 1.1540123 322.3522 6.2883183 1296.6554 2.2452965 8487.0305 -47.348898
4.395077 202.26911 0.53096491 323.77593 6.6646746 1301.6256 13.024625 8536.8535 -29.484875
4.4013576 202.83525 1.5331988 325.36 7.1471767 1310.5604 11.54872 8599.2011 -34.682808
4.4076403 203.81522 1.5718417 326.94095 7.0256121 1316.3247 3.0787969 8670.2176 -55.773636
4.4139241 204.93272 1.314778 329.37196 5.8941021 1323.7047 2.3074526 8674.5714 -72.918825
4.4202108 205.93186 1.0743386 331.50691 5.5332333 1328.3706 7.7655205 8737.8692 -50.536603
4.4264914 207.39865 1.3195371 333.41056 5.3640589 1341.8917 8.4730597 8795.6299 -49.10713
4.432774 209.02101 1.3177155 334.81689 6.3297158 1346.7411 4.9741423 8818.4371 -30.172905
4.4390578 209.17823 1.5891832 337.2702 6.7310124 1359.18 6.156214 8883.5782 -20.387973
4.4453413 211.27273 1.4606992 338.93592 5.5038131 1362.3801 8.4649055 8931.3311 -44.928525
4.4516275 212.0423 1.5224189 340.63097 5.5306168 1371.3055 7.945089 9000.5727 -54.040804
4.4579123 213.21014 2.095976 342.61065 5.754744 1379.4209 12.188393 9007.29 -54.292861
4.4641977 214.15569 1.8748667 344.79553 5.6503975 1385.9469 4.8820848 9077.5346 -30.930512
4.4704788 214.68589 1.3726541 346.8019 6.3046862 1392.9837 5.2543159 9143.4749 -60.291749
4.4767593 217.21983 1.8507361 347.78229 6.2234917 1403.811 10.414851 9185.538 -45.149601
4.483046 218.09325 0.9084317 350.25134 6.3996919 1413.2858 2.1791081 9232.4345 -22.35015
4.4893311 219.91747 1.4973859 354.14098 6.6198465 1420.9249 3.0341088 9276.311 -34.016304
4.4956106 220.4788 1.3925163 355.20149 5.5337946 1430.1491 4.8716878 9328.0786 -48.303174
4.5018888 221.47158 2.3325764 357.36652 6.6911444 1437.9337 5.1466449 9400.1517 -59.198174
4.5081704 223.15447 0.59332609 358.54104 5.4100745 1448.5155 2.0010931 9441.3828 -42.829873
4.5144567 224.38066 1.0899533 362.2034 6.280903 1454.6119 8.378397 9548.7665 -67.489081
4.5207384 226.31246 2.2687238 363.52734 5.7223389 1464.4053 1.0051336 9576.7169 -36.884901
4.5270208 226.69562 1.1760265 366.1858 5.6460483 1473.8013 11.232549 9605.5703 -53.039857
4.5333061 228.8176 1.8375318 367.32191 6.6063332 1483.3297 4.4123191 9687.457 -52.154049
4.5395877 229.69664 1.8739605 369.71916 5.1023433 1492.3372 6.4203701 9729.3567 -14.98422
4.5458704 231.44195 1.692146 372.4345 5.1529202 1496.2809 1.9789935 9804.9596 -39.671337
4.5521545 232.55246 0.66260494 375.2352 5.1708574 1508.6177 4.4507923 9864.9939 -10.352292
4.5584424 233.59578 1.7666431 376.86993 7.5555194 1515.771 12.636373 9895.0983 -74.356169
4.5647254 235.69957 1.630422 378.93487 5.5072639 1525.4204 5.1033645 9989.2348 -40.558231
4.5710052 236.58338 1.1084677 383.04446 5.7742276 1535.5904 11.047371 10045.528 -70.862715
4.5772897 238.40115 1.9276062 383.76512 6.2284244 1547.1045 0.94848573 10090.093 -43.234457
4.5835734 239.94727 1.5253086 387.06911 6.3774263 1554.7209 4.0357729 10170.555 -81.067548
4.5898565 241.16298 1.5800495 389.33595 4.9189556 1568.9039 8.0856162 10218.146 -72.99618
4.5961372 242.2738 1.645803 391.95643 4.0887913 1576.7346 5.2498503 10277.205 -73.963378
4.6024224 244.17346 1.7934304 393.73788 4.6659847 1588.571 8.6818953 10359.903 -62.274776
4.6087097 245.46669 2.1837576 396.42259 5.4483979 1594.0285 -1.7017676 10415.31 -29.205999
4.6149912 247.25482 0.7612871 397.8478 5.9565806 1608.9188 5.5420101 10432.872 -53.483979
4.6212725 249.06582 1.6383007 401.64818 6.2606435 1616.9647 4.5356004 10534.383 -75.008511
4.627556 249.99827 1.9246328 404.27636 6.8053789 1631.9976 11.46198 10602.622 -70.346339
4.6338395 251.40755 1.2674385 407.31513 5.5064358 1637.4417 6.659158 10683.43 -66.414968
4.640119 253.0671 2.612247 409.37541 8.1024863 1646.897 3.896831 10763.987 -59.642969
4.6464005 255.22197 1.556058 412.60902 5.9415185 1657.9393 2.1191075 10811.62 -87.61284
4.6526881 256.4282 2.4044009 414.12875 5.7501645 1666.8749 5.0887315 10870.084 -72.259106
4.6589739 258.35773 2.2224749 418.0229 6.8012805 1673.2908 7.1047304 10969.208 -82.041654
4.6652533 260.11219 1.2211881 421.0706 7.6201015 1689.1613 3.4917337 11038.532 -56.910446
4.6715342 262.31551 1.4983051 422.57754 5.2236128 1703.8327 6.8726962 11121.917 -69.040033
4.6778199 263.41126 2.7088059 426.96017 5.9146897 1710.2327 0.35824974 11186.867 -75.908303
4.6841045 265.13969 2.168029 427.16041 6.7309025 1726.7048 0.57121711 11242.041 -44.760369
4.6903854 266.65795 1.5403184 432.23693 6.2084154 1732.4405 -0.78996677 11328.965 -83.089596
4.6966701 267.87318 1.6680691 434.71545 6.9179026 1744.4674 3.2788084 11404.378 -59.801987
4.7029558 269.68949 0.87385682 437.94701 4.8468578 1756.5492 2.5682737 11473.456 -53.485063
4.7092363 272.7003 1.3802846 440.34684 4.476316 1771.733 8.9958408 11539.669 -83.920363
4.7155178 273.61128 0.98817207 444.49173 4.9812107 1779.2025 2.2420538 11636.68 -78.800027
4.7218015 275.95591 1.5546447 446.57568 4.4233317 1792.0119 1.0679979 11688.354 -44.918779
4.7280848 278.4022 1.195638 449.09418 5.4052083 1802.7627 -5.3158361 11787.904 -92.891028
4.7343673 279.50661 1.3879863 453.00202 6.0727433 1818.9222 11.191343 11855.479 -75.605429
4.7406505 281.2047 2.7330784 455.01842 5.8036435 1828.4322 -3.8963595 11924.092 -62.068272
4.7469333 283.66518 2.2959572 458.23858 5.3727794 1842.8362 4.1908546 12003.888 -27.376141
4.7532149 284.75952 2.0325964 462.30312 6.7244049 1851.8101 0.15052369 12106.717 -75.230031
4.7594946 287.52336 1.3671071 464.6089 7.3916242 1865.3151 -1.8189367 12172.266 -63.020103
4.7657804 288.98838 1.5660819 469.18168 7.3786499 1878.4292 7.6672946 12254.371 -101.36994
4.7720691 290.81146 2.3378544 471.79641 7.1819661 1890.1001 1.7003697 12347.385 -66.939617
4.7783509 293.64221 2.1863268 474.69298 4.1184623 1904.5294 2.7175527 12407.594 -78.697574
4.784635 295.23136 1.2534115 476.67689 6.2290881 1915.3616 -1.1003587 12498.515 -98.968358
4.7909206 296.8222 1.7414677 481.41267 5.5742239 1929.8319 4.891808 12604.627 -60.959757
4.7972039 298.86708 2.1580105 485.18288 5.5718607 1944.989 2.642896 12720.472 -80.156357
4.8034859 301.30387 1.2897151 487.39378 7.0511918 1953.4468 1.8283297 12745.139 -67.395355
4.8097699 303.23465 2.1778904 490.7039 6.330016 1969.9252 0.81983675 12866.55 -100.81763
4.8160561 305.06313 2.7862829 494.61105 6.2268704 1984.4508 3.7014132 12928.547 -74.593348
4.8223352 306.85384 1.4865404 498.11522 5.2040344 1997.1347 -0.89233946 13000.508 -70.215129
4.8286118 309.13644 1.9554446 501.72242 5.451046 2019.6574 -8.3321011 13163.233 -88.685284
4.8348948 310.63859 1.2436214 504.63561 5.7567371 2017.8225 -3.5383213 13222.454 -103.46857
4.8411817 313.88695 2.3574591 509.07845 5.2104541 2042.5285 2.7797814 13350.223 -106.55801
4.8474631 315.40016 2.5584724 511.89379 5.0651852 2056.8688 6.8105574 13421.637 -95.26861
4.8537471 317.61974 2.6591536 515.86291 5.233169 2066.2309 2.9436294 13529.226 -63.884483
4.8600362 320.32291 1.9418446 520.92305 6.4136044 2081.0329 -2.7272834 13607.436 -84.955208
4.8663168 322.59901 2.3844641 524.16004 5.3476129 2105.0552 -8.6322321 13635.277 -73.538525
4.8725994 325.13338 1.9704069 527.43309 4.601947 2110.9989 -0.4420424 13771.876 -77.919602
4.8788848 327.29211 1.786714 529.6561 5.7334267 2127.8032 -0.042572663 13878.862 -95.363446
4.8851663 328.69086 0.75188039 533.84423 5.9486325 2142.5219 -2.5518509 13982.567 -104.75403
4.8914489 331.49273 3.1453179 538.51723 5.4586398 2157.1954 -3.6249858 14059.749 -56.940871
4.8977296 334.44218 1.8456977 541.76739 7.1120862 2175.2665 -0.19781016 14173.696 -79.929871
4.9040155 335.73494 1.8130181 547.24931 6.2576155 2190.1223 -1.0614371 14321.14 -89.41977
4.9102992 338.02081 0.9617386 549.44277 5.7376291 2204.8494 -6.6598173 14382.199 -43.128896
4.9165785 340.47971 2.6712791 553.91104 5.1826651 2225.8519 -3.1780105 14463.466 -66.333632
4.9228647 344.2405 2.0820106 556.54014 7.2743557 2234.4666 -4.500377 14616.537 -70.731915
4.9291459 345.86384 1.8545433 560.58748 6.0061429 2247.7079 -13.506862 14655.586 -33.338388
4.9354294 348.80262 2.4868059 566.15516 6.9412917 2271.2547 -6.100414 14820.834 -82.598106
4.9417135 350.88906 0.96277351 569.58631 4.3594232 2282.1923 -6.0852076 14879.011 -71.028625
4.947993 353.13089 1.1012774 574.57377 6.2223098 2298.6439 -2.8911076 14997.467 -99.347032
4.9542788 356.09936 1.5336732 578.19019 6.0644496 2313.3428 -6.4657403 15107.57 -67.988187
4.9605656 358.48285 2.352153 583.37864 6.2515475 2330.8458 -4.2505784 15199.669 -101.22781
4.9668447 360.31556 1.8609895 587.05325 5.3204551 2351.6026 -8.2568058 15310.822 -91.139987
4.973125 363.51328 2.3009809 591.20489 5.9885914 2371.818 -3.311624 15434.812 -62.991117
4.9794104 366.34356 2.6362278 595.56318 4.4276454 2383.242 -2.4176262 15524.323 -13.816245
4.9856955 368.36391 1.2582421 598.1197 4.7592461 2396.8661 -3.4579571 15690.629 -86.87756
4.9919773 371.7587 2.5054193 604.57055 6.8117284 2419.1514 -5.6837749 15773.5 -57.726063
4.9982613 373.90584 1.1381364 609.41724 5.7834248 2436.843 -0.26916529 15880.645 -60.327551
5.004546 376.12203 3.4555 611.13769 6.597318 2448.2287 -6.9014659 16004.167 -76.935538
5.010828 379.06298 3.4430321 617.04265 6.375319 2471.7784 -6.6335346 16131.011 -95.033002
5.0171047 381.89247 2.1395153 619.8805 6.0835618 2487.5313 6.4585772 16204.862 -82.690113
5.0233897 384.39289 1.6150331 625.15643 6.3795346 2504.6415 -2.8830528 16356.036 -103.53731
5.029679 386.22106 2.9555436 630.12698 5.2724812 2519.0074 5.8644013 16428.896 -48.64248
5.0359566 389.80072 1.8975497 633.86227 4.0721316 2539.7955 5.520007 16554.057 -66.602285
5.0422388 393.54649 2.5570843 638.17664 6.3500138 2555.1436 -5.0783529 16687.257 -65.4473
5.0485253 394.16784 2.1978714 641.5289 7.8349561 2577.4611 -1.5716684 16767.055 -67.794997
5.05481 397.90051 3.1440022 647.7354 5.2482873 2592.1317 -5.867932 16939.605 -103.33829
5.0610964 401.27863 1.2163001 652.06271 4.2695744 2606.327 -4.9770767 16999.741 -87.665165
5.0673786 403.41889 2.4371963 654.9437 4.9992881 2623.0799 -5.605435 17125.311 -95.429622
5.0736582 406.56587 3.2679565 664.3005 6.6455175 2643.8301 -7.5805103 17322.824 -91.696876
5.0799396 409.58952 0.94238311 663.16596 7.8660187 2657.3514 -3.4575305 17405.667 -84.743435
5.0862233 412.30687 2.2404082 671.57548 4.6494849 2686.9254 4.703557 17464.882 -88.69393
5.0925057 414.00475 2.773594 674.48766 6.4644806 2695.3358 -3.6508047 17563.911 -156.7196
5.0987925 417.7971 1.4554153 679.46051 5.7034488 2720.7838 -2.4635796 17763.336 -128.35186
5.1050771 420.02072 2.7489647 682.93501 5.1844081 2726.5995 -11.756467 17811.536 -102.19168
5.1113517 422.33424 2.1810459 689.07057 4.8209945 2756.1533 -5.7691782 17975.859 -63.125483
5.1176364 426.41407 3.0241332 693.0257 6.3564596 2773.8085 -2.8129989 18076.565 -58.879466
5.1239216 427.86068 2.2923619 696.28439 2.5803108 2780.617 1.3191244 18162.695 -91.114736
5.1302023 432.54407 0.94464117 704.96038 3.2990743 2810.6217 -14.038041 18328.021 -36.512321
5.1364866 433.29237 2.8225522 708.39049 3.4182502 2824.4658 -1.5373913 18400.799 -108.01261
5.142773 437.11164 2.5514546 712.41209 4.0999023 2847.8189 -5.0220783 18544.94 -29.204296
5.1490575 440.11298 1.8938808 717.20213 3.8830552 2861.3934 -9.0252679 18652.596 -56.480875
5.1553345 442.36288 1.7375953 720.31724 6.1906048 2880.7049 -13.715765 18808.262 -88.172186
5.1616191 446.05976 2.4879223 725.93105 4.5784629 2896.2178 -6.9504032 18938.81 -68.289996
5.1679062 447.68889 3.9418017 728.00655 6.4967932 2914.4188 -5.2055476 18957.584 -0.15361442
5.1741896 451.91957 1.6637231 734.7603 5.9650138 2944.0914 4.8535744 19122.523 -112.33664
5.1804742 453.09896 2.5563267 739.37308 7.2493294 2950.0895 -5.2580853 19228.129 -134.44908
5.1867588 455.21471 3.0752696 740.42315 2.433149 2968.3917 -9.8129459 19296.12 -6.847119
5.1930392 458.92781 1.2113138 749.15525 4.4019797 2990.6473 -6.2568058 19507.313 -38.700155
5.1993169 460.32275 2.8619273 751.58573 3.6488732 2997.9908 -9.9461068 19567.588 -82.21817
5.2055993 465.08252 2.8968199 754.86389 4.9219486 3027.3009 -20.038246 19732.825 -74.544484
5.2118847 465.64375 1.8162334 760.1356 4.502461 3026.7315 -4.9210304 19796.87 -57.948822
5.2181682 468.8784 2.4546717 764.55836 5.4318364 3052.3923 -2.1382284 19934.409 -61.685742
5.2244496 472.36714 0.72055111 768.89557 6.994505 3069.4617 1.7678315 20031.558 -138.96275
5.2307264 472.52613 2.5245786 768.14572 4.9388526 3068.6183 -7.7946905 19996.966 -142.84642
5.2370131 477.14616 2.4113725 774.88805 4.0456838 3099.1957 -16.046242 20228.414 -52.73695
5.2433065 476.53793 2.2041722 776.59941 2.8438944 3118.8808 -1.3271986 20212.789 -64.966575
5.249585 482.16544 3.4874608 784.9031 7.060802 3139.2545 -7.4352969 20374.735 -115.66564
5.2558663 481.83259 1.6149908 784.22253 2.4937524 3141.0001 -3.6334158 20418.396 -149.81216
5.2621526 483.53039 2.8180934 788.77467 3.0353814 3157.1395 -19.521141 20588.104 -132.43938
5.2684309 484.99252 2.7860255 792.06169 4.0373392 3171.3641 6.4532279 20564.26 -36.738351
5.2747057 488.65335 2.2552923 793.69856 3.9582238 3160.83 -3.450086 20678.097 -56.918468
5.2809908 490.72944 1.3103119 799.19001 3.7507273 3189.2385 -1.19559 20770.982 41.159624
5.2872799 490.44095 2.2078078 798.53951 6.4415102 3188.2973 -11.050029 20798.958 -105.35898
5.2935635 492.47656 1.6589626 803.4123 5.9471235 3214.5484 -2.6014145 20875.043 -110.35439
5.2998464 494.21884 2.5163334 802.78167 5.2704532 3214.692 -12.891771 20947.954 -76.645696
5.3061314 494.12336 1.2292268 805.05323 1.9812265 3214.1588 -6.1788858 20975.653 -53.964458
5.3124149 496.37033 2.9049715 806.35375 0.0095900573 3228.4124 -15.706582 21067.145 -93.843953
5.318692 495.1143 2.3762248 806.5842 1.4422064 3230.0016 -10.25601 21068.473 -150.35947
5.3249765 497.19744 1.4050786 808.83759 3.7933186 3231.2653 1.1325714 21146.481 -83.506726
5.331267 494.69961 1.3977144 808.28968 3.5186933 3226.1378 -13.805385 21045.368 -94.351916
5.3375504 496.20281 1.5835545 809.42492 5.1475962 3239.9869 -3.3937005 21071.986 -175.32225
5.3438299 499.0017 2.9305147 811.55725 2.4165048 3248.5752 -1.8044142 21158.232 -96.655252
5.3501139 498.92084 0.90542011 814.12316 3.8385468 3248.5483 0.25388413 21160.732 -92.200203
5.3563991 500.03595 0.61315918 817.56889 4.7507724 3263.4276 -7.2187416 21249.364 -62.28719
5.3626817 501.91045 0.70112882 820.81001 5.8794649 3273.4947 -0.62819716 21244.645 -37.683409
5.3689622 502.70445 1.6126341 820.56123 2.4607386 3280.0522 1.6960167 21353.674 -61.279953
5.3752458 505.31901 2.9084118 827.62291 4.0212074 3299.0664 0.69799571 21472.099 -126.97655
5.381536 507.29773 2.1421602 826.81588 3.7531011 3300.2825 8.0929002 21542.702 -66.276462
5.387813 509.85192 2.6185579 828.91554 1.8958068 3316.1099 1.3765892 21529.974 -107.32872
5.3940916 511.22056 1.9228284 836.90268 0.87692584 3331.9858 -5.6704248 21632.334 -30.063007
5.4003822 512.10178 3.3114699 836.34279 1.3299572 3339.0884 13.310313 21724.25 -50.15778
5.4066644 514.97075 3.094307 839.254 0.64167904 3346.9232 -0.4043123 21909.775 -41.792142
5.4129375 517.38064 2.1121769 843.03765 2.759016 3373.8892 -1.3343392 21953.577 -65.732609
5.4192183 519.34686 2.3245836 845.72261 2.643247 3380.2561 -9.139055 22026.086 -73.218771
5.4255097 521.7579 1.3384123 850.41815 3.0883022 3390.3942 11.493781 22084.792 -61.987236
5.4317953 523.99173 -0.47872111 855.94436 4.4423933 3413.2144 -4.5575121 22136.593 -102.8162
5.4380687 524.30499 0.56981532 860.19806 3.0059918 3415.3299 -3.5245197 22328.024 -33.387654
5.444353 528.87462 1.9879967 862.95607 0.87774028 3443.721 -1.5129804 22418.387 10.39162
5.4506476 531.28688 1.7381789 866.02152 2.4754687 3449.5767 -3.0982793 22482.409 -84.714348
5.4569261 534.04984 0.90174946 870.08333 2.8938428 3460.5796 -5.2750095 22593.782 -8.9466348
5.4632032 536.47309 2.6801451 875.04406 1.0399801 3486.4459 0.53071021 22745.653 -27.530491
5.4694906 537.9432 1.3374623 878.34995 3.0048053 3508.8184 -2.6900025 22783.005 -53.197578
5.4757753 539.85275 1.5747702 886.27054 2.5254501 3513.4865 -7.6048088 22963.895 -92.856119
5.4820552 544.66951 1.4133534 889.1475 1.4506114 3540.6419 1.3571947 23030.541 -103.9312
5.4883448 547.69816 1.1256109 892.11892 4.915734 3560.7053 -2.2705434 23136.237 -7.246296
5.4946299 549.20215 2.0110022 897.24245 0.15839208 3568.1179 -3.3151338 23282.753 15.692683
5.500905 553.08372 0.80564947 902.59494 0.33650713 3588.1403 2.1739697 23385.749 15.499181
5.507184 556.15876 2.5099534 909.27424 2.873302 3604.6164 4.9011849 23558.14 -49.712883
5.5134655 557.1148 0.12417914 910.86187 1.9029609 3635.5178 -11.022604 23641.24 12.373201
5.519755 559.25779 1.4492826 919.21848 2.0332804 3638.8704 3.8488455 23683.926 -57.436086
5.5260388 564.42223 0.41331236 921.87984 0.28892151 3660.3375 6.7475336 23946.192 -43.494305
5.5323112 565.51438 1.957658 923.42515 2.2730764 3685.3266 -1.8425216 24056.955 -58.266067
5.5385939 570.61145 2.94801 932.26982 1.92608 3708.3998 -2.5596884 24056.236 -38.241726
5.5448892 571.56053 0.34511891 935.57778 -1.119222 3731.8436 -3.9802474 24245.286 -122.17126
5.5511702 575.40582 1.2822748 940.28106 1.0428434 3743.5039 -5.446784 24316.608 -11.879281
5.5574444 581.29149 0.43084627 948.30538 4.0398002 3766.9341 -8.6960923 24514.781 -103.36665
5.5637327 583.63736 1.5885502 950.3386 0.51038944 3780.7376 3.9047854 24632.825 -33.334907
5.5700222 586.40962 0.61287449 956.68421 1.849077 3791.1055 2.724616 24783.661 -63.41645
5.5762966 589.7446 1.1040669 962.16061 4.1319441 3841.7996 -5.4995091 24946.286 -7.2722532
5.582577 593.0368 0.9319502 969.08151 4.1125996 3848.3013 1.7920965 24997.219 -27.696179
5.5888758 596.85543 0.69144631 972.39031 -0.34930773 3867.6249 -4.6200924 25131.332 -57.732793
5.5951585 599.80968 0.49778731 978.08941 1.5328807 3904.1664 -7.8415753 25387.696 4.0976416
5.6014285 605.75549 0.99546418 985.51847 1.87793 3927.681 3.7865855 25475.031 -45.817505
5.6077149 606.46692 1.8940428 990.25962 2.9073109 3929.167 -2.6224892 25591.163 -79.260816
5.6140085 612.01667 2.0154904 997.30614 2.1635103 3980.7064 10.090488 25857.293 -28.995235
5.6202825 616.1162 0.53072537 1004.0059 1.6543858 3998.232 -4.7924433 26013.72 -45.21806
5.6265585 615.74195 0.85502663 1012.0509 -0.16096583 4026.39 4.0348377 26150.335 -64.900689
5.6328571 620.69529 1.2267842 1015.5215 1.7702456 4031.1099 -1.7692283 26218.814 -48.239263
5.6391437 623.4615 -0.14347955 1019.3169 -0.15874161 4071.7868 -10.666695 26386.658 28.002789
5.6454227 631.29307 2.1890651 1032.1981 1.0322 4091.3279 -0.84250181 26568.791 10.194762
5.6517049 632.89826 0.67992851 1030.1934 2.4612828 4112.2244 1.9319448 26783.636 -48.521484
5.6579936 636.80769 0.36715185 1045.0491 0.20305042 4151.1554 3.4747058 26970.189 -44.417389
5.6642851 640.63744 -0.59335274 1046.9323 3.4502126 4173.1462 9.6165146 27140.132 43.36733
5.6705565 645.2404 -1.1857531 1059.1659 -0.75923581 4219.3157 -1.6824266 27258.434 -72.955003
5.6768351 646.52911 1.0674571 1064.8736 -0.84963903 4217.8101 -1.211157 27408.793 -31.274921
5.6831318 653.18505 0.85124105 1069.7032 1.7882175 4260.054 0.97598814 27705.022 -41.706763
5.6894193 657.22337 -0.17975684 1074.4041 4.2395502 4283.9536 14.26983 27707.35 -19.022015
5.6956891 665.23299 2.7411532 1084.0455 0.27804516 4317.1079 0.61349478 27905.933 -66.655571
5.7019687 668.03171 -0.0158045 1093.3033 1.4348029 4328.0746 3.906053 28396.533 9.1965667
5.708269 672.11239 0.35230818 1100.7978 0.48740121 4378.6003 -1.8110177 28286.082 8.3522019
5.7145496 676.52043 -1.0456854 1107.7292 1.0002863 4396.3925 0.022203205 28526.966 -12.606026
5.7208164 678.25068 0.87125153 1111.5547 -1.4343713 4426.0836 0.49840808 28746.632 -79.46198
5.7271108 685.05596 -0.21834069 1120.411 2.4814787 4426.8203 0.2920395 28951.547 -16.338212
5.7334057 692.14888 0.32115035 1129.0938 0.227739 4502.5364 2.7765532 28989.698 -70.561071
5.7396772 698.97146 0.83241834 1140.2197 2.0297424 4529.9228 -5.2485463 29441.773 -87.031459
5.7459514 701.62816 0.1308502 1144.0474 0.29412256 4550.2492 -6.557791 29594.908 -62.628001
5.7522516 706.82204 1.3164114 1156.3137 -0.33135227 4594.5298 -3.520213 29829.223 44.23993
5.758539 711.18715 1.9377763 1164.6062 -0.43408498 4620.1438 3.1856897 30093.385 -49.251457
5.7647984 716.6281 -0.053549445 1170.966 3.6673044 4631.0774 7.3780483 30181.28 -48.029996
5.7710821 723.3277 0.26946544 1180.8471 -0.6191518 4679.8131 -3.7794647 30350.287 -52.396022
5.7773798 727.60443 -0.99959308 1187.1049 0.037658183 4699.8074 -2.8779839 30603.799 -130.91488
5.7836569 729.58635 1.7676249 1196.9065 0.45540978 4770.1147 6.5805572 30926.892 16.571583
5.7899298 741.67995 -1.0406501 1200.865 0.77395359 4777.2788 -11.908591 31161.821 -9.2307635
5.7962218 741.35884 0.79971043 1209.216 0.61830976 4810.7087 13.712741 31274.885 -32.361847
5.8025084 753.71495 0.076637204 1226.3516 1.435864 4875.8889 -7.2658379 31431.069 -14.284573
5.8087875 753.99784 0.69255109 1235.5698 -1.7810811 4883.0758 -0.89321481 31766.093 -132.15853
5.815068 760.64614 -0.91818151 1248.9509 2.2701924 4910.5156 -3.6971183 31989.449 -62.933488
5.8213519 761.86305 -0.26368552 1248.8617 -1.4049232 4954.2278 9.9439726 32213.06 -33.675456
5.8276413 767.65934 1.2882207 1258.8022 0.085437789 4992.0854 -11.057787 32488.556 -38.364958
5.8339209 773.70469 0.51484971 1268.0588 1.9833161 5069.3942 -6.9166548 32841.96 -5.4479303
5.8401987 782.39404 1.1318714 1284.7775 -0.50245975 5061.3673 -3.7380735 33219.49 -66.510816
5.846494 790.31171 -0.57168909 1296.6681 2.7798299 5135.4076 5.9895745 33313.238 -52.00161
5.8527842 793.12727 -0.79240466 1307.4898 -1.3180591 5172.7606 -7.0953011 33468.387 30.032592
5.8590415 809.59259 -0.15231655 1310.0332 -1.1603984 5200.1452 1.5214571 33785.274 -77.095431
5.8653156 814.09171 -0.93003502 1315.4415 0.81979455 5237.8783 7.3609567 33962.39 -91.751082
5.8716245 813.43832 -0.5778992 1329.5411 0.86217331 5277.6689 -8.1142158 34189.569 -5.1928397
5.8779116 822.82587 0.1622051 1340.3144 0.4018742 5353.5388 4.6216118 34459.292 -44.044702
5.884173 824.95737 -0.28836317 1355.5869 1.1490037 5360.8316 -0.58303825 34944.327 2.0772785
5.890459 838.25947 1.2001019 1362.1583 4.9408198 5419.141 7.8372044 35184.91 -1.8433246
5.8967616 844.56742 -0.70985649 1373.8695 -0.36286511 5449.8776 3.0966325 35270.696 19.077642
5.9030337 847.15785 -0.0026291016 1389.476 -2.2970582 5524.5757 -0.51290106 35680.306 -30.859287
5.9093032 854.70947 0.40408981 1399.842 2.0221505 5558.7397 -1.9019966 36047.724 -6.3075157
5.9156163 861.05182 2.3705746 1407.8239 -0.072876177 5628.6946 2.4244281 36275.586 -31.679199
5.921905 871.09158 2.4965632 1428.6798 -1.9766408 5665.1621 20.580637 36596.494 33.014131
5.9281521 878.751 1.319472 1437.7657 -2.7538032 5739.2744 0.31908642 37068.329 1.4118472
5.9344277 881.70406 -0.97575842 1443.635 -1.4086634 5747.6011 5.1770866 37000.776 20.226569
5.9407474 888.72432 -3.2273277 1467.4593 1.1748103 5797.202 -6.0659538 37423.617 -46.218206
5.947044 901.876 -1.3478662 1467.7186 2.5874135 5813.6797 9.017679 37910.45 11.125499
5.9532853 907.27299 -0.64226707 1482.3435 -3.4437837 5866.0739 4.2917835 38300.699 -27.780793
5.959571 919.78257 1.2585208 1503.3025 -0.036132791 5916.562 6.5755604 38611.675 -58.933778
5.9658838 918.60865 0.22974187 1513.1993 -0.66101615 6014.2193 0.96455492 38913.869 39.276961
5.9721535 932.0609 1.3745234 1541.8479 2.4018084 6045.4924 -4.362497 39333.509 -72.889871
5.9784118 941.74269 0.11839112 1544.6044 4.817108 6103.8308 -6.3597765 39495.972 3.2331272
5.9847161 946.5573 0.23138057 1547.8762 0.37930104 6150.3848 5.037679 39802.085 70.323884
5.9910339 959.40499 -0.98526382 1566.3335 -1.851323 6250.4041 5.5172404 40265.332 11.470752
5.9972891 962.14961 2.3834458 1577.2689 2.0695225 6232.0895 3.7878988 40761.32 -43.121669
6.0035485 972.61388 1.65655 1590.1547 2.8864332 6323.0794 2.0158506 40790.857 -2.1338302
6.0098611 977.12809 -0.98875114 1609.3445 -1.9059626 6392.6715 2.4881814 41237.626 5.8314145
6.0161587 985.16798 -1.9584683 1622.5605 1.0635862 6435.4069 -3.8082936 41910.528 100.13619
6.0223963 1001.4092 0.25679806 1637.8147 -0.16939139 6500.7314 -7.1364986 41989.218 85.369599
6.0286595 1005.9915 0.23260442 1643.0951 -0.0929941 6520.5368 -0.79059048 42311.802 19.643565
6.0349883 1023.0507 -0.20076665 1676.9207 0.41231158 6605.6022 -4.8205663 42660.924 63.795104
6.0412764 1026.4325 -1.0490855 1682.9057 -2.3597267 6634.7012 -0.71741735 43332.927 -7.3299308
6.0475235 1038.3916 1.3931742 1700.4352 -0.41390213 6766.455 -8.9708904 43382.006 122.33886
6.0538231 1053.8004 -1.9957432 1722.3655 -0.013457325 6775.0388 -1.0073615 43941.512 -1.3807625
6.0601472 1060.848 0.68997102 1734.7768 -0.59412694 6862.5995 -2.2709145 44376.62 20.028385
6.0664012 1067.8388 -1.0987844 1752.0205 1.154199 6949.1139 13.035109 45016.494 -8.0899543
6.072635 1080.3841 -0.19211037 1760.3658 -5.5665183 7032.8288 -4.751503 45263.112 -26.697787
6.0789572 1083.0122 0.96731447 1785.5045 0.01764758 7045.0157 -4.7622792 46090.988 -102.99434
6.0852909 1099.5264 0.23423827 1801.6263 0.89698294 7132.8651 -6.7971618 46349.4 3.4000032
6.09153 1112.6648 -1.458565 1807.8378 0.74809004 7173.5673 -0.86409324 46808.873 -9.0950751
6.0977644 1125.8434 -1.2203994 1835.9178 -3.1166037 7287.8008 5.8643463 46966.254 20.644821
6.1040987 1130.6463 -0.64081926 1861.2865 0.66488986 7301.989 -1.8439349 47449.362 49.637061
6.1104184 1151.4649 -0.31192161 1856.7388 3.7587322 7464.1811 -15.059894 47746.536 51.595747
6.1166413 1159.8273 0.61001283 1879.8939 -1.6759609 7506.545 9.8836221 48572.852 57.389951
6.1229139 1163.7746 0.7697791 1899.2878 -0.66113212 7555.1499 -4.764527 49159.74 2.4561712
6.1292582 1173.8356 -1.0951394 1929.9369 -2.6043577 7653.3077 0.69181078 49619.684 9.5751865
6.1355365 1185.3914 -1.5643151 1945.91 2.8172457 7747.7572 3.1105794 49897.145 -41.300108
6.1417569 1207.5156 -0.12032839 1963.8918 -0.35955385 7843.8646 4.9388437 50281.048 -5.4357366
6.1480695 1217.4762 0.70144866 1985.7228 0.15583321 7852.9216 2.361947 51088.982 -88.105642
6.1544121 1221.0557 -0.12310893 2021.7662 -0.36405769 7984.1325 -0.083104395 51291.077 -27.893619
6.1606378 1240.9912 1.261675 2031.55 -0.74842444 8005.0324 -17.105017 52280.871 53.064117
6.1668736 1247.1643 0.29990379 2042.9004 -0.70931496 8101.179 4.7712551 52397.924 -51.897882
6.1732242 1263.7661 -1.4603535 2052.5916 -2.8721138 8229.6895 3.4958316 53410.287 -30.410635
6.1795551 1286.3484 2.7612387 2085.5176 -3.697335 8232.6563 2.9327673 53640.656 -59.276026
6.1857456 1285.0103 1.6589362 2127.5101 -0.60819116 8438.5214 -5.9151765 54280.937 -38.448341
6.1919759 1301.2474 0.29600127 2128.3066 2.287523 8505.2591 7.3068258 54922.117 -28.396245
6.1983636 1322.5318 -1.3476084 2154.6267 -2.7296868 8567.4214 3.7013336 55620.025 86.283317
6.2046914 1350.7341 -1.5287094 2187.7146 3.3255187 8707.4411 -3.0640899 55852.19 14.79384
6.2108424 1354.3038 2.2510856 2208.1426 -3.9387737 8714.8611 3.0465688 56714.882 88.72891
6.217094 1349.6551 -0.30289741 2239.2157 3.5811373 8774.768 -6.7399498 57447.062 -0.18326113
6.2235014 1367.1769 1.4339837 2250.6383 0.32929051 8976.6089 3.5384844 57640.935 14.812452
6.229796 1392.1289 -0.029216883 2263.3214 -1.1572714 9075.5526 -13.558682 58452.187 13.119375
6.2359786 1408.8951 0.4381833 2313.5467 -1.1305979 9118.7466 -5.1229844 59276.208 46.992774
6.2422872 1425.2935 -0.67442737 2316.1922 -3.2548861 9221.7122 18.004038 60160.881 -20.494226
6.2486553 1424.4475 -2.353037 2337.767 0.99061569 9357.085 -11.990635 61140.656 41.554014
6.2548669 1463.4842 1.2393794 2377.0228 1.8291784 9439.5538 0.46760719 60592.756 -29.065967
6.2611133 1469.5412 0.014460491 2415.4212 -0.30135838 9495.1529 12.092336 61938.455 -32.355811
6.2675223 1492.3383 -0.74552279 2445.621 0.16120419 9648.6119 -9.2094617 62743.426 -78.583143
6.2738161 1504.3807 0.29284123 2468.8479 4.0795495 9763.1079 -4.2210351 63495.142 -80.342601
6.2799176 1513.7716 0.30918401 2501.0475 -2.2654323 9852.4649 -7.5932321 63430.337 -78.350398
6.2862174 1538.5907 -0.046571368 2496.0477 0.28806172 9953.9635 16.119806 64761.499 36.497124
6.2927241 1550.918 0.81581096 2543.1467 -1.5421967 10142.297 3.9544872 65721.773 15.042747
6.2989558 1568.6091 0.8646753 2572.4789 -3.2453437 10050.703 -4.4108624 66421.88 14.311745
6.3049391 1592.914 -0.35209351 2612.0615 -2.7992826 10273.488 4.6830474 66478.244 133.48914
6.3113408 1610.6872 0.32932764 2631.8877 -1.5620714 10309.885 -9.805391 66548.218 -61.936609
6.3179475 1604.2636 -0.4306902 2649.1836 0.83831494 10673.937 -4.4991715 67102.111 -114.91771
6.3240719 1641.048 1.3835419 2703.1987 -1.0981129 10557.102 -0.20975348 68897.765 60.148595
6.3300021 1660.4096 -0.35328242 2728.557 -2.419037 10837.738 -2.8860016 69076.572 -78.023506
6.3365138 1688.6006 -1.3993609 2727.0163 1.0517359 10897.052 2.5536053 71174.448 129.10272
6.3431536 1690.7337 -2.5891909 2825.0496 4.5868919 11204.781 24.757213 71870.126 16.863472
6.3491186 1732.3899 -0.086446051 2837.7471 2.7682493 11296.835 13.296831 71653.675 -24.294773
6.3550533 1751.6498 0.70714507 2891.9729 0.56758738 11302.054 8.4448195 72854.511 100.74827
6.3617438 1751.9025 -0.51057321 2867.6892 3.2282694 11351.175 1.1368145 72775.463 -0.73839058
6.3684172 1756.8503 0.87350093 2926.6735 -0.40020268 11797.272 -4.5085241 74554.266 -33.303972
6.3740597 1845.2168 -1.6320418 2997.4779 -9.4270224 11897.879 9.4411816 75690.212 -21.397753
6.380051 1810.8674 2.7829183 2946.2274 -0.56255688 12080.221 -5.0043555 76782.634 -47.830503
6.3869902 1847.2487 3.4478926 3104.5433 -1.3199503 12054.302 6.4864623 78392.261 55.968109
6.3936831 1868.1763 -1.1290801 3065.2067 -0.089618848 12257.521 -13.922282 77449.11 -36.794017
6.3990096 1886.156 1.0101378 3061.7639 -0.064621189 12035.738 -13.590602 79250.999 16.318292
6.4050873 1894.3159 2.3671002 3146.6985 -0.63477569 12777.21 -10.855381 80332.07 101.75878
6.4122154 1958.7271 1.4998821 3228.6203 -1.9446262 12568.948 12.270427 81669.123 -43.819768
6.4189842 1946.2831 -1.2200464 3220.9008 2.2387524 12533.574 -5.2699324 81454.828 -80.108657
6.4241576 2009.3256 -3.1749167 3303.2147 0.56929399 12651.636 -12.696061 83715.1 24.61498
6.4302427 2018.8891 -2.5749917 3352.7913 0.375027 13058.643 -9.5898123 84889.685 -14.885509
6.4374349 2113.1228 -3.18003 3273.0292 0.37181471 13470.766 -1.6333219 85713.337 90.392273
6.4442148 2117.4679 1.0852728 3312.6249 4.3203399 13465.65 3.9819626 87577.37 26.52059
6.4492026 2084.8227 0.58061001 3347.2393 -5.9124844 13713.449 22.236637 88176.829 70.33385
6.4554407 2101.5134 -1.6290482 3530.4718 -2.7658963 13804.813 -13.737455 86483.041 -78.693749
6.4626465 2186.4065 -1.4975223 3467.4276 4.2095409 13866.871 3.9913373 92554.762 23.284536
6.4687081 2145.2955 -5.9319216 3617.1741 4.1318355 13528.613 -29.930206 89331.962 96.383956
6.4736854 2342.4461 1.1274662 3677.412 -8.5343544 14699.398 8.1227394 94827.267 -14.387568
6.4806668 2283.5247 3.754918 3828.6213 0.24871022 14661.878 0.19283067 89902.834 -32.812039
6.4878735 2360.0823 -2.0457235 3582.0173 2.4271215 14852.587 -15.175095 97664.058 -30.408073
6.4934547 2230.5272 2.4831748 3916.1806 6.4659923 15347.339 -14.511529 99128.508 -262.73438
6.4986714 2546.5565 2.7577682 3763.3109 0.061788179 14091.213 -12.974017 93676.717 -38.495164
6.5058484 2732.5072 -2.7327145 3874.6623 3.2401155 14976.622 0.036540894 93730.233 67.923882
6.5129779 2487.3924 2.5500182 4052.3947 1.2030564 15983.132 4.1136093 103759.52 -48.741567
6.5188016 1870.6954 2.8995981 4233.2418 6.0625369 21907.802 5.909372 107889.79 81.163577
6.5233329 2982.9635 -0.094889764 4316.6456 -5.072226 14644.963 -18.383513 153445.1 114.27651
6.5296777 2767.5004 0 4222.2879 0 48471.599 0 157748.13 0
