k m1-monopole m1-quadrupole m2-monopole m2-quadrupole m3-monopole m3-quadrupole m4-monopole m4-quadrupole
0.0088996412 15858.764 9751.4735 20070.672 10251.973 32381.727 14157.331 59441.798 26791.585
0.015079122 20043.36 17151.785 23777.39 18527.948 35827.519 27508.779 72015.551 28449.483
0.021447902 19505.14 15186.276 24098.596 18778.613 35047.793 20442.787 70473.383 26625.978
0.027836608 17048.666 13741.118 20758.92 15560.469 30218.466 17965.781 62399.892 24064.607
0.034350998 14516.835 11211.682 17315.849 12503.78 25514.547 15095.172 52090.227 22473.051
0.040478868 12403.91 9959.4534 14768.467 10947.296 22255.109 11946.822 44981.439 20191.97
0.046767167 10790.999 8469.9704 12980.518 9319.1066 19699.909 11021.758 39577.391 15332.892
0.053082251 9741.1493 7804.7229 11692.028 8149.6221 17461.704 10422.046 34493.683 14167.768
0.059453624 8927.6048 6560.7361 10842.741 7296.7892 16175.467 8885.8605 32752.151 13148.527
0.065762248 8346.8012 6532.2391 10075.022 7258.4461 14754.7 8373.9548 30276.178 13303.151
0.071966329 7602.7601 5577.5034 9115.4545 5912.6258 13773.201 7067.5081 28113.654 10576.037
0.078278609 6789.8931 4854.5415 8254.5875 5530.5509 12596.676 6705.7233 25609.401 9733.3796
0.084703989 6099.8728 4639.765 7464.3655 5272.1668 11201.172 6363.5549 22593.452 8010.9548
0.090968546 5285.4797 4021.6377 6530.5906 4308.201 9748.5943 5449.1853 20049.86 9011.7097
0.097207898 4716.7952 3491.1866 5814.053 3898.9151 8651.9007 4754.2763 18256.551 7899.1137
0.1034763 4240.5851 3160.8996 5158.3415 3362.6735 7943.2659 4365.3974 16304.687 6676.8501
0.10975764 4008.5934 3089.9485 4931.1613 3281.4834 7352.6872 4213.1489 15520.109 7561.8419
0.11605431 3720.8047 2843.0958 4497.4897 3123.1838 6880.8507 3850.9015 14017.204 5928.001
0.12236697 3530.1905 2519.6684 4361.1533 2932.7518 6609.1501 3725.3976 13760.182 6194.4716
0.12868173 3381.8606 2465.8345 4129.7272 2811.5957 6184.1789 3415.0574 12934.327 5682.2177
0.13495008 3117.9618 2164.01 3768.9952 2481.93 5858.5293 3219.8009 12238.741 4741.6194
0.14119496 2877.1637 1991.3136 3514.25 2187.9764 5372.672 2912.4398 11316.852 5165.2105
0.14751336 2655.7811 1928.9135 3328.599 2205.6927 4998.3205 2810.225 10834.415 4557.3013
0.15378651 2439.8419 1704.8762 3051.5603 1856.9616 4707.9863 2571.3038 9624.5818 4671.4696
0.16006575 2317.0642 1785.6444 2854.3298 1958.567 4327.0972 2747.2852 9293.7459 4978.4947
0.16639912 2151.0473 1582.0747 2642.3647 1775.7236 4039.272 2241.9886 8626.3707 4027.37
0.17271956 2040.9606 1464.9507 2522.2287 1675.5463 3852.7534 2169.4909 8265.1162 3923.6072
0.17897652 1912.9588 1412.1045 2350.1726 1557.0536 3659.095 2205.4661 7751.4254 3815.9741
0.18523537 1839.2191 1338.0056 2308.1837 1616.0027 3500.4695 2009.7338 7663.1399 3898.9451
0.19148068 1795.2952 1296.7754 2189.898 1423.0907 3435.0195 1876.1188 7365.139 3574.3017
0.19778899 1660.8405 1132.999 2068.3589 1267.7276 3200.2706 1738.8307 6958.395 3307.9073
0.20409377 1574.4583 1046.2782 1961.8929 1253.5834 3009.077 1642.3825 6637.6941 3105.086
0.21039393 1479.4085 1042.4989 1839.3855 1170.3963 2880.6444 1657.5628 6244.7754 3419.7723
0.21669097 1396.4936 945.60272 1718.1292 1079.6762 2706.2173 1503.7639 5860.7446 2899.4019
0.22297003 1323.4118 892.94508 1649.7902 1032.9943 2567.5058 1376.1077 5605.3176 2905.4763
0.229262 1280.381 866.67545 1605.6341 1055.8589 2504.3471 1430.3017 5471.2817 2773.6135
0.23551415 1218.8961 839.33999 1529.3835 983.1331 2423.595 1347.0998 5193.4123 2865.268
0.24179106 1158.6409 792.98431 1456.3721 960.67787 2292.6137 1341.7483 4995.7058 2691.6411
0.24808565 1133.5511 781.03688 1415.3818 925.38015 2225.3409 1285.7766 4909.5023 2511.3931
0.25434923 1065.6921 767.16897 1331.6421 817.4891 2101.9382 1233.7739 4641.1719 2594.3691
0.26063343 1026.2299 705.01019 1304.3076 808.75663 2067.9748 1112.4043 4590.586 2534.2026
0.26692574 981.71634 666.79238 1241.7243 723.66164 1992.5557 1044.8307 4359.3927 2434.2524
0.27324233 948.32787 627.50105 1197.6904 718.88041 1909.7692 1079.7386 4216.0598 2324.6598
0.27955297 892.8285 587.06006 1156.1701 697.75736 1792.6028 980.06082 4107.7579 2215.8117
0.28583663 878.86777 621.57678 1124.5993 742.1029 1762.3182 1028.551 3954.298 2552.8424
0.29208763 833.91185 534.02979 1065.0824 598.46926 1686.2519 878.2526 3758.7215 2143.1816
0.29834498 814.91797 533.38524 1023.9749 605.69751 1631.6102 899.41555 3607.9482 2092.1999
0.30463826 769.29134 505.47451 999.86496 605.37323 1589.3697 862.66852 3479.2461 1877.181
0.31092791 758.50561 469.29335 960.82473 569.48698 1528.6082 847.58034 3402.7276 2149.0051
0.31721682 725.64214 514.28868 933.16434 588.01368 1505.5773 920.52401 3356.4485 2055.8573
0.32351876 692.5266 444.38983 891.5669 537.36332 1426.6362 840.83692 3179.0465 2034.8123
0.32981682 674.86542 404.32478 865.89726 528.46742 1396.2826 770.47133 3094.3658 1965.2457
0.33611764 654.27429 403.96399 826.07493 489.52287 1366.1266 725.54038 2940.6775 1852.0602
0.34237004 630.16653 389.36564 813.797 473.79974 1292.6874 690.81306 2887.0918 1611.1351
0.34864782 610.82833 383.95019 784.90893 441.94751 1252.0448 673.41634 2835.1847 1588.5339
0.35494116 591.63491 369.7937 766.84687 444.56871 1226.5759 682.06866 2715.5791 1599.6162
0.36119169 573.45966 328.9909 735.7014 421.08518 1191.376 671.89155 2645.225 1612.6153
0.36747671 551.15538 345.36492 706.97354 404.08537 1168.0535 621.74736 2608.2724 1665.4549
0.37376478 540.42661 333.47695 698.70067 402.67777 1138.9108 646.4336 2510.4653 1519.1752
0.3800654 521.22167 305.0513 674.94191 391.92817 1110.4887 608.56677 2416.0807 1465.3069
0.38635399 511.31996 289.62012 662.42634 379.70453 1092.561 642.05975 2383.8024 1419.6818
0.39261402 489.58216 297.87709 634.08423 381.51009 1035.4304 559.07337 2294.8905 1480.6673
0.39892645 480.67277 287.68993 624.42036 357.27119 1028.366 583.4268 2243.6093 1374.2241
0.40520732 462.17645 261.92613 608.45535 328.93233 978.17895 504.90211 2140.9559 1344.9743
0.41149165 451.4655 259.69659 583.74919 322.64376 956.08542 508.27932 2113.5193 1284.9869
0.41778143 441.35203 259.706 570.905 329.55506 961.54978 510.70723 2064.5444 1325.838
0.42404006 423.9189 240.01041 555.58196 308.13076 908.87618 490.92982 2007.7808 1277.1258
0.43034257 413.49126 239.80075 546.90728 301.64029 885.23601 478.00302 1957.0934 1176.618
0.43663586 400.81325 213.83472 528.80404 283.46269 869.13935 464.41159 1888.6464 1221.0844
0.44289962 390.62492 220.22881 513.79181 286.41643 852.40722 459.99144 1837.2686 1258.0102
0.44916344 379.81208 205.27959 502.14562 269.43019 825.00116 423.19421 1792.1464 1106.4617
0.45544141 374.00781 199.24455 488.00248 262.06231 802.76329 423.81155 1733.6449 1204.1
0.46176345 360.69268 181.53971 480.95767 243.69984 784.27269 407.02006 1660.466 1061.3701
0.46806442 357.26756 197.38411 468.508 246.16928 767.41274 398.59279 1634.8096 984.67055
0.47434852 346.2457 180.39717 458.19398 240.10714 754.19192 396.9868 1597.3725 1003.3181
0.48063561 337.97432 167.34753 448.27208 227.61451 731.48645 369.04449 1559.9775 988.74881
0.48690193 329.94589 174.92127 435.48729 230.75878 720.02922 391.90347 1514.5973 979.51026
0.49316971 320.73694 166.60471 424.36354 216.86609 704.20614 384.66073 1482.0295 913.76955
0.49945067 317.82051 153.29969 416.12241 205.36665 689.01703 334.20978 1413.2952 997.84964
0.50571591 304.73377 146.53187 405.46964 187.90584 668.73686 346.33676 1395.3149 920.2107
0.5119924 299.09377 152.79656 401.80957 197.46681 662.88426 319.70349 1386.9168 876.81713
0.51831261 293.64253 139.41534 396.26181 189.35047 646.32621 338.00204 1339.0653 950.56943
0.52460896 285.63061 138.96453 379.06838 188.10269 627.28974 310.49856 1276.9988 843.64831
0.53087573 279.87711 132.90347 370.83249 171.10879 607.97114 298.28674 1264.1055 893.08492
0.53715735 272.45914 125.69594 362.53964 177.9372 611.32644 298.89901 1232.4862 831.6832
0.54345796 266.63811 126.34172 358.17784 168.24473 589.22705 309.15571 1212.5869 849.61802
0.54974307 262.09019 118.58348 350.24756 160.31886 572.26992 301.05345 1155.3905 753.86468
0.55599374 256.63944 107.27435 340.52613 154.52217 555.69386 282.01882 1113.3371 745.0362
0.56228547 252.70136 111.05699 332.35123 154.14492 552.9504 287.94104 1111.6426 838.30025
0.56860115 246.2042 108.44127 328.08548 159.18886 544.48132 268.61866 1096.0562 786.02095
0.57488046 241.21899 108.53607 324.45237 156.71021 531.00427 279.74428 1072.9078 773.49754
0.58115502 235.82426 103.67116 313.80412 150.75162 531.07482 249.20578 1038.7734 781.31779
0.58743945 232.83076 99.160496 310.83399 141.58734 510.54297 244.16878 1014.7743 721.18157
0.59371762 228.22055 97.228003 301.02338 133.38663 498.03332 253.36013 991.52512 735.39732
0.5999972 222.00148 98.865802 299.33597 132.70897 492.72407 262.94002 952.89404 704.53543
0.60626791 219.97833 93.886642 292.72597 126.13575 474.41587 233.471 917.24523 699.86972
0.61254696 213.5989 85.747032 291.8891 122.24386 472.59775 214.43361 884.49594 683.59954
0.61884777 210.55957 80.662047 279.78075 131.28301 462.04091 236.97231 890.39217 654.01912
0.62513106 206.55424 86.147494 279.2061 120.88836 455.11636 222.22055 860.66092 671.46737
0.63140275 202.3423 82.268087 271.06601 119.91676 451.81548 205.80474 827.48493 603.76898
0.63770036 199.40659 80.427919 262.66994 114.53335 435.70003 203.07898 817.02169 603.93381
0.64398578 196.16396 77.375612 264.16636 110.76798 431.16039 183.44916 793.05668 559.81549
0.65026854 189.01323 71.152517 256.37188 106.529 425.69584 192.2232 775.34752 606.46088
0.65655861 186.98928 67.338748 254.90692 102.67131 413.14712 196.50334 736.74744 611.31763
0.66283693 184.89248 71.953499 246.74202 101.82057 408.62797 204.6319 726.94779 610.77305
0.66911854 181.16875 68.670125 243.57016 102.1986 398.92043 172.09826 727.45748 554.05272
0.67540702 177.339 62.4401 238.5272 92.995273 390.91496 183.62587 692.86874 471.37607
0.68168355 175.61849 69.223356 236.69935 89.485281 382.59056 191.77673 663.66434 556.03987
0.68795925 171.24215 58.451634 233.49337 93.504267 379.95416 169.80634 683.71005 547.56991
0.69423443 166.93774 59.883349 230.11046 84.847116 372.92432 163.35918 660.09763 543.31325
0.70051754 166.60156 53.828734 225.75457 85.728705 369.40918 165.40993 608.91659 477.03005
0.7068125 163.69588 55.694066 221.40421 85.532571 358.04658 167.3822 597.55038 479.9537
0.7131019 159.54243 50.127674 216.64447 82.422327 356.75655 160.89189 597.15293 482.47689
0.71939183 160.51486 54.650051 211.07895 84.169457 347.15943 168.35448 574.44018 386.65022
0.72568338 156.54358 49.92846 212.20689 74.90469 337.71499 157.55429 557.36387 469.9557
0.73196527 153.9327 51.323824 206.75484 79.311235 333.21982 160.33259 558.01603 441.10583
0.7382508 150.19032 52.390377 205.48672 79.823339 324.53325 154.64051 522.1444 496.13908
0.74452658 148.3047 47.480496 197.56833 72.686459 318.05365 147.77911 516.19681 410.8623
0.75078711 146.68424 49.508838 199.50756 76.484157 318.06091 140.69976 519.85558 406.17006
0.75707585 144.34871 45.945581 190.22655 69.708385 316.96728 122.07931 500.70898 407.01625
0.76336412 140.94339 42.704606 191.68687 68.888675 303.61854 135.96275 462.79148 397.14824
0.7696463 138.73304 40.524344 187.23314 69.275031 302.99034 140.44571 471.86504 405.18448
0.77593949 138.75565 37.880292 184.80106 59.735747 304.26371 128.39198 453.59275 363.10432
0.78223291 134.74638 38.595206 180.9236 61.757194 286.43691 124.6088 436.18859 357.63339
0.78853149 132.16041 36.914305 179.69737 61.605915 285.82055 121.42055 420.255 336.83055
0.79478966 130.42685 35.113778 176.48883 66.275479 278.60972 113.58122 400.4206 318.85113
0.80104911 130.02067 37.784565 174.07328 62.192242 275.46643 107.24618 411.01619 300.33126
0.80733641 127.70504 34.799473 171.53145 60.719403 272.48377 112.47007 395.51345 331.7328
0.81362295 125.31105 33.554941 170.43247 56.351972 268.64646 118.88957 374.50572 333.55129
0.8199153 122.71567 31.893862 165.9958 55.071962 260.67103 116.34733 367.29878 292.15704
0.82619526 121.45376 34.383617 165.02913 55.646298 261.66894 111.51746 372.10969 338.24959
0.83248971 120.1031 32.183944 161.15726 52.482449 255.22482 114.08125 362.32023 357.54032
0.83879593 118.34099 34.637829 160.02802 50.57123 255.68016 114.65813 344.93705 330.08608
0.84506346 117.03941 28.424978 157.18015 55.699231 248.34252 115.40453 324.86149 333.87739
0.85132829 115.22831 27.602089 156.61047 48.499891 245.74109 114.93734 337.23704 311.06196
0.85761983 112.78759 30.04318 154.86321 53.216084 241.33503 103.96162 317.74272 330.07273
0.86390585 112.32582 29.125548 149.57082 48.821024 234.6696 102.73975 309.53822 281.03373
0.87018387 109.24837 27.054433 148.75688 46.99412 237.50797 89.115442 302.86014 263.8818
0.87646411 108.71003 26.859593 145.37978 40.526813 227.45092 102.90472 285.51629 300.36707
0.88275039 106.91917 25.961178 143.229 41.567066 223.80306 88.191387 273.83351 278.56423
0.88903328 105.82799 26.523441 141.84635 42.605543 220.38131 86.376288 285.54483 248.54633
0.89530842 103.99219 21.808102 139.75703 41.023959 214.80794 98.569779 255.99401 293.69656
0.90159565 102.87179 21.384276 138.26923 44.35609 213.6205 95.123343 252.33369 264.29056
0.90788333 101.79979 21.710892 139.27641 44.032662 208.63965 83.812878 248.97017 235.55539
0.91417441 100.30169 19.842953 137.19947 42.046308 210.24163 73.972883 232.23551 254.23637
0.92046308 100.02197 21.289758 134.99647 39.504069 203.53786 89.019436 238.54297 230.57196
0.92674344 98.076799 21.288401 131.29535 37.495884 204.39815 77.022701 215.4638 212.22192
0.93303242 97.725052 19.982878 128.88146 35.519951 199.86493 82.771729 202.02987 218.59879
0.93932658 95.181652 17.103919 127.45921 35.685403 194.63164 77.966044 209.81312 251.10935
0.94559748 93.687969 19.270096 125.60142 36.711961 193.58621 69.19415 203.72352 235.21607
0.951866 92.550928 16.048379 123.34506 35.227605 193.40713 75.026438 187.92854 218.68913
0.95814133 92.118862 17.963174 124.69688 31.402624 184.59315 69.365121 188.06417 255.46451
0.96443509 91.382944 17.546478 120.27477 34.289453 184.35339 79.410986 172.99911 202.88328
0.97073556 90.293877 18.624454 119.85314 32.272916 182.12936 73.465319 177.97994 232.22969
0.97700808 88.272514 16.988019 119.48119 31.743814 182.13744 64.712522 168.28295 202.50503
0.98328233 86.798608 15.852433 115.81865 33.426198 174.78801 62.356999 165.67404 199.40831
0.98955697 85.107374 14.641245 114.59173 28.801648 170.10592 64.862607 149.07201 214.45764
0.99584563 85.45803 16.076547 112.75462 30.283398 168.13859 59.508156 157.4589 235.25295
1.0021362 82.77826 15.015533 111.39494 29.591633 168.66529 70.408537 161.16503 208.92391
1.0084048 83.285321 13.683189 111.07157 28.170496 163.06562 64.120799 130.19945 202.36422
1.0146941 82.139336 12.446584 110.21632 30.398394 166.82348 60.587431 141.67311 210.19301
1.0209926 81.003682 12.069097 108.27358 30.697859 163.13871 69.116195 118.68279 181.98885
1.027274 80.704261 13.732771 106.58863 27.88245 158.00068 71.193717 121.9517 190.26425
1.0335592 79.788182 11.473926 107.11212 25.118638 156.13506 58.77902 127.4375 197.07359
1.0398476 78.528575 12.451939 104.41586 25.843587 150.48392 56.49627 115.50276 175.908
1.046127 77.580204 11.34978 102.42325 22.392946 148.31259 54.531396 111.58251 187.69639
1.0524034 75.753389 11.198074 101.99805 21.701749 145.59807 47.41384 98.995022 180.36779
1.0586807 75.706474 10.295057 100.627 21.182868 143.85734 51.93813 102.50881 196.20527
1.0649643 74.583795 8.6848943 98.992886 22.358648 141.75123 53.323938 93.970813 161.33472
1.0712568 72.844227 8.6529643 98.722951 23.366526 138.34042 52.712916 85.190202 172.68579
1.077544 73.866645 8.3711833 96.67424 21.429859 140.79764 47.235834 86.059042 165.57222
1.0838248 72.370069 10.580029 96.641238 22.004713 135.025 48.23474 79.345321 183.42823
1.090108 71.823254 10.450578 94.758717 24.25864 132.16779 56.198889 76.00771 160.27283
1.0963897 70.947996 10.393788 94.274962 19.891576 133.34928 46.273777 74.756142 161.86825
1.1026811 69.839033 10.210041 93.906077 22.055899 129.68997 62.556157 64.960356 149.24242
1.108963 68.345374 9.6276522 91.870197 19.197034 128.02026 48.21017 79.181421 166.04748
1.1152254 68.654247 8.1401027 90.014133 19.601149 126.00827 51.372982 66.589241 128.03736
1.1215021 67.821927 5.4191234 90.239715 16.890102 120.82552 45.186261 67.24196 132.58571
1.1277926 67.125968 5.7644115 87.057913 19.897774 124.23829 49.464529 55.554436 171.96402
1.1340896 66.18922 8.098793 87.387544 18.690381 119.58487 39.326559 60.113395 151.65139
1.140364 65.585801 6.8277985 86.560334 18.225554 120.34277 39.412956 41.686418 137.34041
1.1466392 64.760664 6.6380824 85.708211 17.142027 117.63211 45.570753 52.628633 147.07306
1.1529424 63.904555 8.8052143 83.518943 17.104183 115.33083 41.151867 49.987055 160.91403
1.1592289 62.882288 8.6729546 83.667754 17.016668 114.81803 32.516612 40.364876 133.17393
1.1655087 62.864029 6.8697997 82.029459 16.48528 112.43211 40.181004 46.565821 121.12381
1.1717931 61.964228 3.6886775 81.129167 18.30624 109.45425 33.036032 43.226745 138.62553
1.1780874 61.88827 6.2929781 81.686764 13.194435 113.52737 38.517509 31.23397 117.33432
1.1843677 60.742791 5.3818112 79.91415 15.401866 106.90561 32.250695 41.602286 124.87862
1.1906346 60.112934 5.9427988 78.744458 12.530141 107.99965 36.222596 37.998317 120.32533
1.1969122 58.99011 7.5537838 77.968538 15.651542 103.97443 37.250413 26.154625 110.99693
1.2032016 58.347753 4.4260609 76.984591 13.392431 108.05211 36.654666 19.866784 133.43836
1.2094868 57.806829 5.6121143 76.61349 12.114897 104.31275 38.269429 25.177094 140.7281
1.2157639 58.319814 5.5249657 75.467564 13.879123 103.5547 30.306949 15.092152 133.66728
1.2220498 57.062763 5.2018846 75.314058 11.662424 98.236004 27.65008 22.365983 128.64794
1.2283406 56.479381 6.1998252 72.848199 15.485565 98.236069 39.609367 19.208554 135.95471
1.234633 55.850072 6.1694759 72.420434 8.8960311 98.934082 29.553724 1.1072722 129.77938
1.2409022 55.048269 3.0823652 72.136926 14.287581 95.063435 30.821568 18.949401 119.48256
1.2471748 54.409621 3.5494556 72.130313 10.347368 92.410604 31.014586 10.935334 102.07332
1.2534655 55.17013 4.8953279 70.368509 10.969138 91.421909 27.475664 8.2012402 119.14886
1.25975 54.375842 3.8348065 69.527632 11.158383 89.380247 31.555492 4.5554882 116.85597
1.2660321 53.715852 4.3772626 68.656564 11.173052 91.220834 25.681598 3.4332373 100.50256
1.2723163 53.53524 3.9941256 67.877222 11.141185 86.480346 21.799158 5.9413105 100.5543
1.2786042 51.105082 3.3818358 67.667828 10.418357 84.521801 32.239637 -0.16525014 114.28349
1.2848866 52.372314 2.9833861 67.451452 10.396646 87.703834 23.115766 -2.716086 103.30291
1.2911754 50.743506 2.9528226 66.52681 11.002481 83.596063 28.448028 -1.3281406 126.03193
1.2974657 50.070727 2.3564583 65.256724 8.6075395 82.652867 26.252027 -5.7874994 116.30291
1.3037418 50.25237 3.387168 65.248673 10.305049 79.777383 29.008477 -2.9919729 107.8266
1.3100173 49.405616 4.0047168 63.172508 9.7348529 76.456124 22.24916 -7.4992639 124.8654
1.3163014 49.516105 2.8861407 64.028461 7.6057069 78.329921 27.507821 -4.4752986 126.70368
1.3225868 48.966479 3.2821581 62.164775 12.063301 77.93728 26.27581 -9.025071 122.35697
1.3288655 48.683303 2.7215388 62.777884 6.2895835 77.869254 27.086793 -10.075873 99.449029
1.3351448 47.732921 3.3172179 61.365472 9.2754956 74.946801 26.505941 -14.192465 97.529714
1.3414405 48.082508 3.9287376 61.065428 9.0571655 75.191701 17.172154 -17.019074 106.40018
1.3477309 46.526215 0.40151593 60.394329 9.342328 74.236697 24.307439 -9.9284126 116.09197
1.3540016 47.117111 2.0570581 60.275463 7.5060985 71.764787 23.140145 -19.589731 106.71376
1.3602826 46.276235 2.0986031 58.432186 5.2738679 68.831892 20.297396 -16.512059 94.183319
1.3665657 46.158792 2.6496333 58.523255 8.4624803 70.316747 22.721872 -15.749912 95.787853
1.3728515 45.320413 0.12615191 56.799838 6.9771125 68.614583 21.205892 -22.13779 109.05092
1.3791354 45.405357 1.5301977 57.081211 7.2268583 68.919444 21.412057 -27.418988 102.93606
1.3854096 44.731307 1.7849864 57.422688 5.2761134 66.018827 24.128001 -24.627672 101.13203
1.3916986 43.843188 2.8872738 55.953695 7.2849713 65.12654 20.213542 -22.270481 112.6438
1.3979845 44.413507 0.89744842 55.654679 7.7656916 64.191182 20.791766 -24.94061 96.902957
1.4042679 43.509534 1.0583288 54.981074 6.6418958 60.89597 16.727785 -16.618424 73.132037
1.4105548 42.670602 -0.38747728 54.253634 6.944952 61.429941 15.007945 -25.561424 101.90752
1.4168378 42.377716 1.7316026 53.659814 6.6099545 63.664791 11.26213 -21.334782 83.752624
1.4231182 42.747936 -0.41356598 53.352392 6.3406776 60.150091 14.318555 -31.213025 81.589063
1.4293978 41.805111 -0.69112875 53.561422 6.0583835 61.41579 16.647618 -28.849348 87.288006
1.4356869 41.301896 0.35244003 51.895256 5.6562224 57.158615 17.086161 -20.044199 86.810778
1.4419771 42.14991 -1.5626141 50.682242 4.467006 60.893178 19.823607 -34.617967 76.9682
1.4482537 40.838656 0.91714588 50.127559 3.2076215 56.629011 20.873153 -29.839906 84.633715
1.4545323 40.746641 -1.0159707 49.860169 6.3022212 56.791342 13.444229 -27.772851 103.95214
1.4608193 40.365304 0.52216445 50.011388 5.9648123 56.228933 24.227809 -40.584307 98.950834
1.4671104 39.894216 0.11119949 49.311534 6.7006835 53.2624 15.137577 -34.195426 92.79278
1.4733929 39.912047 -0.055119881 48.606035 5.1857114 54.358747 19.901465 -29.999198 86.965265
1.47967 39.256295 0.21320535 47.960868 4.2369662 51.015966 16.413164 -29.882773 106.73217
1.4859561 39.097406 -0.42120594 48.031905 4.1613318 51.04459 18.950427 -32.656735 92.380271
1.4922336 38.722001 1.2204129 47.536445 4.3805588 49.863799 15.825281 -25.959122 89.059579
1.4985025 38.446151 -0.59867269 47.114689 5.2399883 49.234128 15.996096 -32.34437 90.108646
1.5047858 37.6332 -1.4013654 46.427274 4.7287467 49.640284 14.1865 -31.838482 74.199488
1.511076 37.908364 1.0914516 46.964745 2.4771533 48.698131 13.076184 -28.407656 76.583763
1.5173616 37.085453 0.20545492 45.999719 4.9730999 50.056516 19.430548 -37.569848 74.135944
1.5236486 37.425251 -0.59391297 44.950941 3.7546386 45.910955 13.91031 -23.136274 87.566875
1.529938 36.593969 -0.16237265 44.369527 2.8780016 44.948073 16.707233 -28.386717 67.428998
1.5362302 36.783977 -1.4272813 44.78865 4.0908373 44.048092 16.585813 -34.261928 69.617873
1.5425107 37.093301 -0.52474106 43.968592 2.1568974 43.885507 13.312003 -24.388738 76.832814
1.548784 36.681958 -0.96449716 43.73785 4.010223 44.256179 19.128716 -37.238162 71.09657
1.5550731 36.330643 -1.294199 43.020913 3.7606787 42.260123 16.746573 -40.617404 99.672355
1.5613573 34.849503 -0.4254867 42.97169 3.5228148 44.829368 12.568946 -41.463285 59.640116
1.5676291 35.627854 -1.8092402 42.165415 2.0600086 42.168822 15.081559 -36.703311 76.217181
1.5739137 35.2345 -1.3191386 41.806053 2.4365017 41.586836 12.721431 -35.532224 75.251839
1.5802035 34.598621 -0.97150016 41.621216 2.4744902 40.538217 15.286257 -37.328612 71.955127
1.5864854 34.606899 -1.344227 41.199935 2.0430406 41.63608 15.491432 -33.59997 83.51045
1.59276 34.007263 -1.3054785 41.006987 1.8356716 38.623527 16.890886 -38.564934 74.60162
1.5990464 33.15002 -1.0122609 41.163948 3.7465992 38.832176 13.437427 -37.054806 75.501581
1.6053421 33.70305 -1.7537215 39.669338 3.2556352 39.27173 13.723242 -38.973931 51.638289
1.6116199 34.041978 -1.4755152 40.016383 0.92161864 39.233727 12.503219 -34.739044 82.840737
1.6178976 33.710546 -1.2641373 39.79167 1.7607125 35.56317 13.054915 -40.593438 78.848227
1.6241832 32.117017 -1.4430513 38.758412 2.7468423 37.785721 13.528377 -34.911399 77.308971
1.6304646 33.023022 -2.0004404 38.022947 3.4787445 34.549639 13.85508 -39.594447 76.24564
1.636749 32.529377 -1.65257 37.814193 2.9289265 38.673397 9.6455793 -33.863985 74.655156
1.6430309 32.662976 -1.4191558 38.198596 0.91449502 35.91735 10.737981 -30.217968 68.459403
1.6493092 32.308721 -0.24981677 37.480393 1.7758981 35.81563 15.316977 -35.450012 93.490301
1.6555936 31.452852 -1.040733 36.987937 0.86276968 33.294886 17.67855 -42.970508 77.908002
1.6618796 31.749257 -1.8104586 37.117359 1.4238825 32.244988 14.725499 -37.872743 75.491368
1.6681694 30.747139 -2.2629314 36.607304 1.7568737 32.720291 15.928289 -34.602242 75.782997
1.6744502 30.855538 -3.4479022 36.123382 3.8012304 34.529168 10.991422 -33.385263 70.504991
1.6807227 30.709061 -1.8616659 36.16178 1.9470998 31.119024 14.920218 -37.537462 73.829146
1.6870139 30.754407 -2.7172168 36.217774 0.62981234 32.208575 10.593213 -34.240925 62.205981
1.693309 30.834646 -1.1529927 34.690315 1.9519688 30.27165 11.244247 -33.080053 74.478759
1.6995821 30.483692 -2.1470025 35.241651 2.59176 29.884878 12.980244 -31.143843 55.204958
1.7058637 29.680778 -2.3391845 34.195447 1.5055265 31.469774 8.5079981 -33.573948 86.836497
1.7121544 29.487337 -1.4711655 34.494358 0.71917354 31.914048 8.1816176 -37.146156 77.315976
1.7184384 29.319236 -1.9660721 33.994667 1.2234167 27.932382 12.430941 -37.388773 68.879381
1.7247213 29.328281 -2.3386428 34.01816 0.46738182 28.086457 17.201587 -31.483251 63.755201
1.7309974 28.847837 -1.9077885 33.448128 0.17372972 27.760011 10.037434 -30.323118 64.965823
1.7372871 28.572156 -1.4747217 32.876775 0.44362805 28.664428 11.442963 -30.616716 44.316973
1.743568 28.580712 -1.5420239 33.436297 0.73798547 28.444061 8.2764233 -28.082392 75.988503
1.7498407 29.091144 -3.0370735 32.881325 0.65238296 27.8966 11.958267 -33.351118 78.11167
1.7561285 28.504248 -2.6304845 32.070153 0.54578966 27.025642 10.400018 -32.27086 57.288656
1.7624135 28.595479 -2.0410062 32.246519 0.55369489 27.350718 11.976039 -29.397085 63.378973
1.7686962 27.880652 -1.2740243 32.218034 0.82149082 26.157826 13.934075 -28.834637 52.467904
1.7749794 28.003638 -3.9926445 32.25644 -0.69367431 27.369844 17.162454 -22.916417 64.237558
1.7812656 27.492193 -1.8020514 31.609021 -0.3722451 27.405431 11.297402 -27.843076 67.725117
1.7875494 27.299416 -2.6669455 31.911291 -0.22748157 24.921227 12.241249 -25.070985 59.927856
1.7938341 27.591634 -2.2209791 30.666379 0.20021518 26.3232 10.591756 -24.605072 80.396199
1.8001151 27.661562 -2.6502385 30.588287 0.18843366 24.041194 9.9175342 -31.873169 79.027277
1.8063939 27.029275 -2.9951907 30.340081 -0.58398473 25.4404 8.0394037 -34.759767 57.097689
1.8126741 26.583812 -2.8171715 29.839848 0.61891438 25.072401 9.3116587 -21.806941 58.838595
1.8189569 26.032027 -1.9674705 30.462481 1.036058 24.409585 14.375871 -27.126911 51.499791
1.8252442 26.755995 -1.9436838 29.539447 -0.23234167 21.45245 6.5803957 -25.919133 46.458441
1.8315273 26.261901 -2.8440167 29.69897 -1.5606438 22.546241 11.333002 -32.398776 64.0188
1.8378113 26.669138 -2.6501642 28.681545 -0.88384596 23.292544 11.991973 -29.923864 74.219567
1.8441007 25.644912 -2.5514224 29.002086 0.049527398 22.770237 6.1984289 -25.845338 55.740724
1.8503848 25.625054 -2.0993121 27.694305 -0.81374963 23.01748 11.586519 -25.074973 61.051091
1.8566661 25.664356 -4.0904282 28.740349 -2.0240711 19.756853 8.9850537 -20.009625 47.203361
1.8629477 25.601462 -2.4880298 28.212687 -1.1988913 23.295037 12.666687 -21.697217 61.855138
1.8692293 25.041178 -1.7578165 27.650864 0.059737114 21.88037 9.7374478 -20.708754 58.195249
1.8755176 25.403828 -2.8391537 27.344003 -0.61237806 21.028023 9.2106755 -20.530073 68.854366
1.8818008 24.883601 -2.749476 27.61278 0.66776974 21.233126 10.207647 -19.046677 56.644897
1.8880789 24.848107 -1.9364436 27.73561 1.0726744 22.319666 11.536802 -12.894437 63.416274
1.894354 24.276766 -2.7267445 27.015799 -1.0918172 19.346432 9.2324321 -16.922335 55.782106
1.9006427 25.097421 -2.7589739 26.881775 0.66440691 20.677008 9.9475836 -17.359026 73.856298
1.9069335 24.672352 -2.956174 26.441714 -0.54036281 19.075064 12.840554 -19.739068 62.599565
1.9132076 24.502055 -1.8161849 27.049823 0.056123826 21.243947 11.740551 -8.8024228 57.848608
1.9194909 23.734366 -2.2493446 25.696101 -2.0324026 19.37299 10.304575 -15.130506 64.712836
1.9257769 24.20474 -2.7634209 26.639947 -2.2473882 21.599432 9.2358852 -13.114867 54.663584
1.9320645 23.645404 -2.3961197 25.258104 -0.7249867 19.718254 9.8054679 -6.5303365 56.331004
1.9383426 24.094666 -3.1730032 25.161563 0.45613713 19.335344 16.447791 -16.58244 74.404683
1.9446183 23.306708 -2.5511817 24.789146 -1.014856 18.85172 12.510939 -14.076716 53.729823
1.9509063 23.874569 -2.6719983 25.375009 -1.4878827 19.381321 11.187066 -9.3422584 66.862343
1.9571946 23.359052 -1.9574151 24.762339 -1.1132558 19.215966 13.100498 -9.1909071 50.519927
1.9634796 23.728835 -2.0970582 24.233533 1.245365 18.319571 8.9367219 -9.0095501 60.824262
1.9697604 23.203847 -3.2636759 25.143946 -0.6668788 18.342347 10.727082 -4.217068 57.948498
1.9760484 22.949882 -2.9806655 24.128108 -0.71578601 18.399492 7.0062626 -4.5190667 63.778516
1.982338 23.139353 -2.817327 24.976245 -0.14271724 19.442114 8.5623123 -10.176681 51.7829
1.9886175 22.662402 -3.9294648 24.191069 -0.87286052 18.590998 11.498195 -7.619402 55.193979
1.9948963 22.176294 -1.427097 24.189196 -0.27905198 17.576957 11.458606 -4.785532 40.465999
2.0011796 22.708252 -2.011719 23.497605 -2.0508774 19.720412 7.8806182 -6.0164708 59.173234
2.0074598 22.785393 -3.3417974 23.800865 -0.68450056 18.640809 6.0741792 -4.248395 53.871661
2.0137374 22.260796 -3.2890741 23.801869 -0.58555792 18.999282 6.4115885 -5.553396 59.12663
2.0200172 22.140157 -2.7282941 22.851172 -2.3935377 17.951483 9.5983092 -4.6014597 61.415095
2.0263103 22.036242 -3.1940199 23.469796 -2.4413264 17.255325 11.358158 0.56543083 40.606239
2.0326005 22.286029 -2.8767318 22.60832 -0.51737116 15.21492 9.953572 -4.3459171 56.47551
2.0388739 21.696883 -2.8068774 22.96445 -0.18839569 17.847833 9.4684224 3.7388669 46.272906
2.0451541 21.783231 -2.188653 22.936608 -0.099948921 15.816274 8.8767183 3.0331516 64.470182
2.0514447 21.768828 -2.7022686 22.735684 -1.6352938 17.620255 8.8524384 4.6885452 49.752675
2.0577304 21.258729 -3.8236183 22.87551 -0.68923309 17.126866 7.99128 -1.086772 73.868583
2.0640139 21.363892 -3.0546434 22.470387 -0.82822432 17.812161 10.069217 5.4845635 59.993891
2.0702999 21.373644 -2.5307052 22.57067 -3.395926 17.197121 10.592751 3.1273274 39.987728
2.0765897 20.995901 -3.1765451 22.630156 -0.92010477 17.337941 9.3527466 9.4842386 57.505451
2.0828655 21.509552 -3.1652179 22.402807 -1.2560828 15.676561 9.7586712 6.4814622 47.386489
2.0891345 21.125358 -3.0777388 22.295446 -0.97588238 18.050263 7.5891706 10.188088 54.964064
2.0954242 20.762307 -3.016233 21.865938 -2.0300386 17.297225 11.803391 11.668613 48.275233
2.1017071 20.910343 -3.7128034 21.8108 -1.0367411 17.870802 9.9086775 9.7277151 53.756256
2.1079865 21.1238 -3.207855 21.821542 -0.91440663 16.677075 12.18019 14.009049 58.150646
2.1142718 20.89255 -4.5667302 21.768897 -1.8003332 17.296248 7.9401749 15.820834 64.126767
2.1205527 20.89224 -3.3535298 22.105773 -0.78903807 17.644847 8.0053055 11.93808 54.369048
2.1268369 20.896024 -2.4372504 21.397808 -0.050169741 17.313842 7.5444667 16.720061 40.340139
2.133122 20.737742 -3.0376579 21.25717 -1.9547172 17.164479 9.0865218 8.4829086 51.929898
2.1394117 20.520096 -3.1044377 22.126742 -0.68642205 16.596784 8.9448809 19.680657 46.913035
2.1456971 20.2718 -3.3998618 21.261131 -1.0049542 18.538333 11.978353 15.308042 53.917706
2.1519735 20.512565 -2.2205882 21.350259 -0.73152595 17.029799 12.653921 20.416104 48.211453
2.1582599 20.073327 -3.6672145 21.201831 -0.72577327 17.13434 13.205504 20.226379 42.928943
2.1645454 20.684691 -2.9378745 20.473474 -0.94393017 16.113761 10.301309 25.260011 46.429295
2.1708307 20.165413 -2.9440704 20.67347 -1.4353413 18.051052 10.190712 28.332339 38.048235
2.1771141 20.401777 -2.7274212 20.580094 -1.0163363 17.603065 11.545536 23.8173 57.201923
2.1833876 20.457014 -2.714101 20.56104 -1.7821991 18.398699 11.20273 24.305931 40.369884
2.1896703 20.108802 -2.2863367 20.050379 -2.0926051 18.070047 9.6030117 27.852762 60.079892
2.1959601 19.712555 -2.9226581 20.208224 -1.3939333 17.35968 9.0548507 24.343736 40.037696
2.2022426 19.9985 -2.6383049 20.628507 -0.92315721 17.957853 12.64602 21.465897 56.08555
2.2085217 19.784239 -2.1887047 20.412348 -1.1905667 17.086726 10.554251 28.16446 49.216076
2.2148046 19.22478 -3.1446061 20.286995 -1.0704457 18.254687 9.4926733 28.992919 55.249549
2.2210926 19.538924 -3.0902111 20.241484 -0.77642036 17.512312 7.1202112 32.937271 39.312257
2.2273729 19.727965 -3.3140631 19.614571 -1.4746802 18.466392 11.812126 32.494176 41.24645
2.2336572 19.610676 -3.5642938 20.178006 -0.54114965 18.59986 8.1356815 30.198539 49.031351
2.2399435 19.575933 -2.8804332 19.973381 -0.97119565 18.307647 6.661531 35.438989 60.784177
2.2462242 19.695456 -3.3990302 20.332806 -1.1530867 20.201768 11.720954 39.890857 45.697731
2.2525064 19.441633 -2.8855289 19.607151 -0.90393999 18.393272 11.764497 36.217689 40.189417
2.2587834 19.225247 -2.4237814 19.689165 -1.9470353 16.518789 9.2992386 36.074226 39.644082
2.2650691 19.232342 -2.1864084 19.776806 0.040014551 18.197448 11.363443 37.014891 56.301893
2.2713504 19.437455 -3.1866089 19.714383 -0.59274061 19.790744 7.0823663 41.819186 35.112852
2.277634 19.400661 -2.674918 20.05457 -1.9743676 19.46442 10.836021 44.39576 35.614653
2.2839224 19.40573 -3.039561 19.950408 -1.1757103 17.58395 11.377382 45.620269 43.008313
2.2902029 19.270331 -3.1299011 19.598035 -1.1262636 17.92539 12.681542 44.249679 53.022729
2.2964908 19.279605 -2.5080483 19.374362 -0.55672526 19.403269 8.8427198 50.985369 47.629727
2.3027718 19.768789 -3.2343475 19.837196 -0.95004189 19.512505 12.27678 46.077741 43.76253
2.3090514 19.624454 -2.5380624 19.427376 -1.5332334 19.259121 7.1803841 48.9541 33.75201
2.3153385 18.90937 -1.5220058 19.400649 -0.77272025 20.024362 8.2435102 51.461455 41.128113
2.3216273 18.956157 -2.7687908 19.404786 -0.306552 19.912555 11.73741 57.107552 28.545201
2.3279119 19.296666 -3.5242732 19.390095 -0.75511207 22.033269 13.352686 53.30242 38.152709
2.3341862 19.128334 -2.8909731 19.42849 0.29541219 20.575774 10.26431 63.617251 41.491867
2.340468 18.979911 -3.295601 19.443296 -1.4167745 21.363625 10.448725 54.710487 45.829907
2.3467569 19.11636 -2.904371 19.178067 -0.16961146 20.305102 9.3005295 57.316176 40.137449
2.3530444 19.116296 -2.2908594 19.311038 -1.1844264 20.130205 7.1695806 58.89376 31.88738
2.3593277 19.110726 -2.8546629 19.32122 -1.0514763 21.54968 13.864126 65.298371 38.828645
2.365603 18.853901 -3.8157931 19.393255 -0.98020987 21.437366 11.838058 61.343591 28.863
2.3718859 19.015039 -3.0208643 19.19232 -0.88592879 22.787883 10.792897 65.660042 45.793017
2.3781733 19.354969 -2.3619064 19.86505 0.23824553 21.161651 12.328031 65.408349 43.987251
2.384454 19.379701 -2.854029 19.689177 -1.2902701 23.191367 11.772782 63.888579 34.350125
2.3907364 19.331035 -2.4459976 19.480962 0.74963143 23.004503 9.3944338 67.814207 29.532592
2.3970141 19.528032 -3.0259661 19.288485 0.0019387461 24.729975 11.484954 69.890337 32.844564
2.4032955 19.121875 -2.8878189 19.834262 -0.49648654 24.712856 12.272711 69.527882 37.044011
2.409585 19.29059 -3.4397254 19.252931 -1.2539541 23.298775 10.324744 72.36867 27.177503
2.4158717 18.900496 -2.38784 19.694181 -0.66449557 23.139911 13.376922 71.096281 33.02794
2.4221607 19.104281 -3.2214015 19.302836 -0.54674651 24.275229 10.538801 74.956729 32.997855
2.4284402 19.209297 -3.1795456 19.236105 -0.89518051 23.959442 10.828111 77.146248 34.198745
2.4347175 19.130693 -3.3214316 19.04453 0.39009277 26.427063 12.419329 76.384232 33.454595
2.4410025 18.94406 -3.5323368 19.776974 -0.93649267 26.182376 12.918896 78.294508 32.150002
2.44729 19.286652 -2.7547177 19.362627 -0.13992768 25.866727 12.508126 87.701378 40.109152
2.4535718 19.088539 -2.8199474 19.29853 0.25414179 26.996772 10.076461 85.175555 34.323771
2.4598527 19.08952 -2.3555346 19.125239 -0.7152589 25.611754 9.9457553 82.222189 31.464769
2.4661392 19.044343 -2.6139021 19.635141 -1.0800563 27.664306 16.155067 84.20812 37.420351
2.472422 19.037736 -2.7776929 19.244677 0.97452256 27.40517 8.5110318 86.807553 34.312942
2.4786985 19.317705 -1.8979824 19.794928 -0.98357328 26.779597 12.361176 86.15948 32.602354
2.4849808 19.105731 -3.2387594 19.68429 -1.1549473 28.314871 9.6727836 96.026706 36.218815
2.4912693 19.42059 -2.7996474 19.795903 -0.68461172 28.703621 13.373527 98.355205 32.042379
2.4975485 19.085374 -2.5103347 19.632903 -0.15209284 30.995368 13.906207 93.881635 35.722306
2.5038317 19.290075 -2.3792492 20.026205 -0.57879056 28.367589 12.273464 99.059023 24.944029
2.5101179 19.548659 -2.9974889 19.743609 0.77872777 29.098399 9.251423 98.495664 37.760051
2.5164007 19.361013 -2.2942393 19.749285 0.12477662 29.077811 12.064232 103.53292 23.985023
2.5226882 19.493651 -3.2358354 20.051831 0.60700921 30.397649 11.308176 107.99197 30.904733
2.5289717 19.464887 -2.9553984 20.6011 0.2477776 31.530187 8.5312044 110.01556 23.309993
2.535252 19.786024 -3.2298652 20.510299 0.37366528 31.054148 10.957648 106.6685 32.576541
2.5415375 19.485546 -4.0111512 20.401427 -0.22273064 32.655273 11.978492 108.86372 32.321411
2.547823 19.793857 -2.5515012 20.186977 0.1109459 32.348229 9.625317 115.01977 18.809497
2.5541007 19.684528 -2.3862266 20.374797 -0.23482973 32.275097 11.360324 112.29268 19.400688
2.5603768 19.533 -2.5567881 20.53818 0.0902895 33.515457 15.260693 111.33884 25.923032
2.5666675 19.734544 -3.2459767 20.96748 -1.7765949 32.970428 9.9460772 121.3885 26.736629
2.5729551 19.832878 -2.6975082 20.851567 -1.1576842 35.013707 11.196625 121.55365 18.908249
2.5792338 19.542157 -2.455858 20.626631 -0.81900837 34.891381 10.8617 117.18053 24.98836
2.5855202 20.129465 -2.8128101 20.654897 -1.175548 34.595305 6.0855135 123.59445 25.325095
2.5918051 19.825735 -2.5215447 20.804454 0.50522993 34.364509 10.745253 124.6966 26.556878
2.5980841 20.155534 -2.9588383 20.701486 -0.33008156 35.968946 16.246813 127.93329 27.204755
2.6043604 20.197624 -3.6383472 21.057967 -0.18446305 34.976815 11.31347 126.91959 14.140355
2.6106472 20.308058 -1.9591784 21.007288 -0.37824013 36.626085 12.479766 132.50745 17.657851
2.6169319 20.204248 -3.9515024 21.326914 -0.16846436 35.559719 14.309877 136.17213 33.465794
2.6232061 20.062356 -2.9805428 21.542116 0.96040622 36.570729 13.619233 137.7193 22.586887
2.6294916 20.418859 -3.2260675 21.514549 -0.72565165 39.443538 13.118228 138.14352 20.69664
2.6357785 20.403215 -3.0689737 21.742572 0.4020859 39.665919 11.661391 139.68809 17.758469
2.642061 20.502452 -2.3844034 22.496222 0.19312471 40.159482 11.637732 142.11245 18.112294
2.6483438 20.628086 -2.7554012 22.132982 -0.11413892 40.013801 13.910907 144.25774 18.887856
2.6546318 20.925843 -3.6413551 22.030831 0.85226718 41.225562 11.181637 143.50857 32.260898
2.660919 20.633675 -2.7952039 22.047983 0.13329018 42.413884 13.22234 145.89026 13.938078
2.6671985 20.81854 -2.7927243 21.855854 0.35583506 41.680582 12.129241 152.79261 19.51442
2.6734843 20.737956 -3.0422691 22.213973 0.20642758 42.095165 11.76856 156.14053 12.672924
2.6797734 20.862084 -2.9202663 22.476406 -0.025797119 43.428997 12.459426 156.80083 3.5595988
2.6860582 21.049507 -2.924428 23.022949 0.22372432 43.784956 12.858724 161.2265 16.238659
2.6923387 21.125989 -2.4261736 22.72837 -0.23628122 42.828641 14.000404 160.6022 12.635337
2.698618 21.142284 -2.1837085 22.970832 0.20397221 44.936924 12.480785 160.97905 22.906705
2.7048955 21.127369 -2.8240159 23.180719 0.34843834 43.778392 12.279181 169.25589 19.878039
2.7111757 21.056541 -3.3211772 22.985949 0.15656724 46.951398 13.484784 169.9728 12.482617
2.7174598 21.849041 -3.5915778 23.145437 0.6963145 46.50709 15.357661 169.2158 11.19877
2.7237457 21.81095 -2.9182347 23.519076 -0.62092012 48.207327 14.129518 175.28105 10.601572
2.7300384 22.031064 -2.1594739 23.902329 0.016325136 47.81121 12.071862 178.45938 7.6954521
2.736318 22.076997 -2.0176339 24.233631 1.047157 48.575233 13.695754 184.54306 16.719632
2.7425919 21.898681 -3.3308443 24.152889 0.64263674 49.937405 14.441918 182.10676 11.014016
2.7488797 22.250926 -2.5890638 23.9514 0.75444583 50.21731 15.24812 186.11916 10.374583
2.7551634 22.249514 -2.5639396 24.813132 0.73490163 50.767471 12.125935 190.46524 23.342783
2.761447 22.156259 -1.9436136 24.942245 -0.50971725 51.261869 11.570931 194.18062 14.162479
2.7677321 22.729401 -3.0743845 24.450395 0.25802065 51.306808 11.40844 195.536 17.898688
2.7740155 22.728332 -2.5209703 25.429469 0.77705033 51.685554 12.059764 195.67474 13.587121
2.7802986 22.809624 -3.3300703 25.36551 0.84766688 53.504633 11.388503 198.28589 13.387635
2.7865775 22.665647 -1.9830444 25.179173 0.17401672 54.824227 12.688533 199.70003 11.440686
2.792858 22.788082 -2.4176151 25.540681 0.57075126 56.406062 13.64198 204.99855 13.886425
2.7991438 23.474116 -2.6885399 25.835288 0.97955063 56.516136 15.183137 208.22908 14.24994
2.8054301 23.194844 -2.2868097 26.211725 0.93942268 56.906445 14.831498 211.61312 3.0320564
2.8117151 23.426607 -2.5918646 26.731565 0.9848728 58.156343 11.888993 209.08159 23.481274
2.8179893 23.642407 -2.2623379 26.497723 0.20533125 59.243818 12.837129 217.13553 4.8654791
2.8242692 23.225362 -2.0807928 27.356878 -0.037248032 60.271676 12.038696 222.70544 25.358628
2.830563 23.75872 -2.2732929 26.945001 1.4916063 59.579941 14.60022 224.95633 5.715132
2.8368488 23.903883 -2.4262672 27.512495 0.4846713 60.725663 8.6844625 230.58999 10.930478
2.84313 24.107838 -2.5453702 27.325259 0.73725407 63.152831 9.6661657 229.49199 14.611021
2.8494139 24.308247 -2.8702253 27.786554 0.23030334 62.70656 10.512665 232.57203 13.290665
2.8556975 24.623476 -2.337716 28.116782 0.15167264 63.256578 14.779572 233.74101 1.5898253
2.8619788 24.787382 -3.054206 28.217743 0.46619475 63.806086 12.82292 235.10219 4.7743604
2.8682625 24.786683 -1.7346314 28.509055 0.77986306 65.909395 11.899978 244.96966 11.698264
2.8745474 24.866367 -2.4844211 28.955051 0.62986436 66.536122 12.742271 247.56986 0.14300058
2.8808311 24.990244 -1.9771499 29.428202 0.71331603 68.355492 12.762507 247.42105 7.3235884
2.8871132 25.223396 -2.0320111 29.399373 0.72474127 68.528965 15.184465 253.97493 8.117577
2.8933945 25.560142 -2.079717 29.574024 0.31860954 70.490802 10.890614 258.83742 15.150945
2.8996737 25.652627 -3.036647 30.084834 0.32917801 70.754199 11.171373 262.0658 -7.0357786
2.905954 25.654792 -2.4722194 30.132425 0.79368687 71.426313 10.4708 261.26414 8.5057713
2.9122411 25.951953 -3.1127889 30.25303 1.1000762 71.885513 12.550541 265.82497 12.110829
2.918526 26.153904 -2.5175246 31.019714 0.89751411 74.92052 13.170276 264.75328 5.226176
2.924809 26.645424 -2.1362723 30.330997 0.79375182 74.359756 15.085334 275.02002 5.3334731
2.9310959 26.542202 -2.0229924 31.23749 1.1187204 74.913971 15.345483 275.96844 7.6090016
2.9373782 26.987528 -1.779904 31.436216 1.3009278 76.54678 11.195618 282.40048 -6.4183565
2.94366 27.301679 -2.226059 31.269028 1.0643204 78.839924 12.569614 285.25851 8.0545515
2.9499465 27.555639 -2.3476194 32.148396 0.37077576 78.597526 12.016966 287.40262 7.049409
2.9562277 27.451004 -2.0420611 32.561976 0.98369665 80.660717 12.464757 292.84879 7.610544
2.9625105 27.729021 -1.7505105 32.363575 0.43789463 80.886975 10.846914 293.14294 -1.9272685
2.9687965 27.712162 -2.1906336 33.129334 1.2210397 81.534092 10.243115 300.94206 -1.3023758
2.9750777 28.395531 -2.29 33.678771 1.0139017 84.392886 13.074543 301.60843 5.8928182
2.9813599 28.430965 -2.7205236 33.90574 0.95081464 83.653701 13.794337 308.61668 -0.93532604
2.9876468 28.585886 -2.143591 34.071085 0.92937581 85.008363 11.729695 311.92636 5.9935136
2.993929 28.780111 -1.7944005 34.262676 0.89622375 86.033848 11.696781 313.58565 10.561123
3.0002062 29.02777 -2.6698435 34.875874 1.3987768 88.77653 11.522056 321.87734 5.2749189
3.0064862 29.228423 -2.6308498 34.754629 1.1372844 89.003751 15.41072 327.07149 11.770557
3.0127698 29.601387 -2.7866079 35.590959 0.91816104 90.618761 14.231173 328.03911 -0.73712062
3.0190531 29.855883 -2.3841485 35.815955 0.69380724 90.699668 14.578932 332.78899 -5.7083761
3.0253374 30.162026 -2.0528775 36.021915 0.790331 92.864085 11.202703 339.21527 -1.2157293
3.0316237 30.382254 -3.1234721 36.494472 1.1384229 94.395314 14.416009 343.4476 8.452631
3.037909 30.268416 -2.2443327 37.063559 1.8568198 95.69156 9.7110848 340.53742 8.9547467
3.0441951 30.962928 -2.3075913 37.58612 1.9712028 97.669713 12.55623 346.5096 8.1477975
3.0504755 30.920469 -2.5764203 37.824411 2.6146953 98.213893 14.851171 352.46565 7.9179008
3.056755 31.199491 -2.1451192 38.380406 1.8924587 99.548679 12.285479 355.85494 6.5536559
3.0630405 31.688638 -2.0730516 38.238053 2.0482122 100.41826 14.644635 359.4749 6.8264891
3.0693237 31.550541 -2.2586665 38.942366 1.1017909 101.81759 13.20731 366.70255 -1.0383214
3.0756107 32.09017 -2.5476455 39.225285 1.0148589 103.5711 15.197396 371.07527 -4.251737
3.0818938 32.449278 -2.9805197 40.007177 0.46539488 103.23438 15.539211 378.83892 2.5385117
3.0881745 32.761891 -2.3038987 40.289168 1.3442109 105.49243 11.346458 383.04084 3.665036
3.0944586 33.051559 -1.6013116 41.091575 1.0865257 106.19979 12.863531 387.25927 -1.5192373
3.100744 33.345951 -1.9901551 41.006685 0.35023184 109.46776 11.164383 393.76734 -0.80563397
3.1070281 33.51762 -1.6753807 41.635978 -0.18217381 110.64977 11.158875 396.93034 7.932603
3.1133093 33.927484 -2.2407898 41.922358 1.223015 112.60526 12.610003 399.42592 0.49213129
3.1195907 34.179512 -2.9177904 42.535176 1.1164654 113.97453 13.132432 407.14825 -8.2054935
3.125874 34.639301 -2.1094679 42.984157 1.0992079 114.95577 14.589957 412.03812 -4.27024
3.1321593 34.813079 -1.9814804 44.038217 1.8717928 116.31552 12.521243 415.22291 -2.8257904
3.1384392 35.4059 -1.917557 43.633765 0.99878133 118.37925 13.896578 420.94023 -4.5962411
3.1447239 35.496879 -1.81935 44.327286 1.2278609 119.86013 10.719406 430.00395 -0.027224883
3.151004 35.962928 -1.9008497 45.125246 1.7028553 120.88507 14.082526 430.65326 -4.1905646
3.1572837 36.403863 -2.072045 45.247421 1.733329 123.24284 14.22779 440.78039 2.2081479
3.1635693 36.667238 -1.880129 46.173126 1.3779218 123.91631 13.616024 446.97824 -2.62124
3.1698517 37.034889 -2.2343508 45.997594 1.2639868 125.10433 12.499806 453.63731 5.7306818
3.1761377 37.20136 -2.3161778 46.825535 2.6968868 126.82546 15.006975 454.92144 7.258538
3.1824209 37.682095 -2.5555326 47.735097 1.346111 129.60943 12.012551 465.71633 -1.8251193
3.1887028 38.069542 -2.1629748 48.381592 1.2234035 131.91616 10.894869 467.37522 -6.8448808
3.1949905 38.404715 -1.5432511 48.472041 1.8598343 134.21914 11.575841 473.46945 -1.4896611
3.2012753 38.705884 -1.9814621 49.035769 1.1826361 135.37701 13.133514 481.84767 7.2896322
3.2075514 38.908595 -1.5931841 49.545905 2.2062283 134.89948 12.740244 485.99168 3.0819314
3.2138352 39.287725 -1.7351882 50.258999 0.58953444 139.14292 12.692947 490.8409 -11.796874
3.2201226 39.940061 -1.8914477 50.233705 1.5811471 139.58079 14.497836 491.16123 -1.0499809
3.2264067 40.258533 -1.6541165 51.833384 1.6836008 142.1105 11.394136 504.64003 6.1210887
3.2326878 40.753524 -1.6300447 51.423169 2.2346446 143.1556 13.964137 515.12133 7.7803019
3.2389697 41.160372 -1.3860641 52.706426 1.5856698 145.2523 10.828916 513.54287 9.2002754
3.2452553 41.538348 -2.7365467 53.263649 2.5985175 147.91919 12.130787 521.82975 5.3975116
3.251535 41.807615 -1.1914871 53.688398 1.8341822 148.60637 10.275474 527.96966 7.9328563
3.257818 41.856928 -1.5286761 54.286347 1.84508 151.55339 9.9429997 530.72619 -6.4819129
3.2641022 42.676939 -2.2362836 54.461296 2.7761765 152.17719 11.947796 541.40681 6.1799695
3.2703843 42.975757 -2.6418593 55.273772 1.3392382 153.90605 11.893859 547.88359 -2.3555323
3.2766697 43.514888 -1.1345675 56.357382 1.3312132 156.70421 10.285738 552.32998 0.96314229
3.282955 44.171992 -2.3179168 56.62023 2.3485958 158.75004 11.37393 558.15969 -5.5630929
3.2892374 44.484724 -1.1396867 57.605615 1.4695541 160.90143 10.083256 566.37303 -4.43065
3.2955201 45.074184 -1.7711172 58.294953 2.7559504 163.4969 14.576384 576.00862 -7.1708459
3.3018068 45.261935 -1.0249094 59.065882 1.9743822 165.08207 12.063256 586.27167 3.7469742
3.3080882 46.050523 -1.8832119 59.511178 2.1409431 167.86854 12.041232 591.39041 -7.1533644
3.3143683 46.273489 -2.1260857 59.893378 1.5458446 168.78214 13.510359 593.05175 0.36573264
3.3206524 47.066268 -1.9449113 60.918021 1.7836506 171.81299 10.52356 600.5944 -2.126928
3.3269318 47.399462 -2.0587017 61.473897 1.6194872 172.47433 12.104273 607.7736 -3.4420229
3.3332172 47.827772 -1.6289434 62.450429 1.6736992 176.25337 9.0947843 613.95311 -6.0108512
3.3395053 48.156458 -1.4188734 62.841161 2.9967094 177.86218 13.183096 626.43585 -5.79356
3.345788 48.952415 -1.3077944 64.112211 2.7170548 180.4181 11.504481 633.78142 0.315947
3.3520722 49.506958 -2.1120744 64.591303 1.6426513 182.51761 11.535609 638.21664 3.8263427
3.3583517 49.59938 -1.6473699 65.056081 2.2604433 185.55693 14.04683 649.89416 -12.178252
3.3646309 50.397312 -1.972169 65.772108 2.725092 187.83308 10.103023 657.55194 -5.6709676
3.3709171 50.764736 -0.86125388 66.500638 2.4062817 189.10038 13.329528 667.25601 0.74902351
3.3771997 51.588036 -1.7681578 67.243919 2.3048763 193.26474 11.233995 669.70319 4.3325817
3.383485 52.054102 -1.5574396 68.368053 4.3643874 194.50411 12.383888 680.35077 2.334323
3.3897714 52.465153 -1.2978995 68.963545 2.2216263 197.14805 13.866298 689.20203 -5.0899232
3.3960523 52.930862 -1.1346785 69.667309 1.4844795 199.90242 9.2070316 699.77447 1.5293807
3.402332 53.598386 -1.9325097 70.395818 1.9713851 202.04699 12.446127 708.90481 -6.010083
3.4086109 54.320716 -1.7660346 71.634088 1.4082242 204.07628 13.25733 715.11401 -11.683224
3.4148974 54.755623 -2.0180427 72.261742 1.9930602 207.18289 11.989107 724.15091 7.5080764
3.4211808 55.408379 -1.7703266 73.086595 2.4535351 210.42881 9.9030515 730.739 -1.5218712
3.4274635 56.007961 -1.6269059 74.248822 2.3242038 212.74129 7.587929 739.33411 -2.8777963
3.433751 56.558276 -1.0873721 74.959307 2.7224706 214.39708 10.602662 749.26748 1.2983069
3.4400336 57.022019 -1.6061209 76.001095 2.6093865 218.55117 11.291411 760.23662 3.8348695
3.4463146 57.889203 -1.5698366 76.501435 2.9322364 221.27474 11.131984 765.68841 1.354787
3.4526017 58.479796 -1.3584088 77.850262 2.4350163 221.97478 9.6347897 778.63147 -8.2438269
3.458885 59.364315 -1.2154589 78.28799 3.3089884 227.47804 9.1325247 786.73455 -2.4811147
3.4651654 59.463628 -1.3575214 79.498568 2.7789327 229.51487 9.2748216 796.91101 0.32658679
3.4714502 60.311521 -1.4260785 80.125088 2.4188069 231.33867 10.295357 804.88489 9.1131413
3.4777353 61.171126 -1.200529 81.505117 2.3108536 234.42018 14.0488 812.79725 -3.327064
3.4840204 61.816302 -0.38798095 82.293111 1.4817361 236.78712 15.306639 823.47419 -5.0050317
3.4902984 62.308096 -1.3191614 83.459162 3.2277957 240.36705 11.40724 834.80647 2.1723574
3.4965841 63.247277 -1.7318626 84.097972 1.7083351 243.20464 11.030405 845.90257 -4.0728814
3.5028697 63.922262 -1.6527199 85.661991 2.1081299 246.91581 9.7067114 856.86416 6.612145
3.5091472 64.537706 -1.1595685 86.133411 3.7782805 249.8776 11.908956 861.26875 1.9405006
3.5154293 65.445697 -1.587866 87.473026 2.3114145 252.52395 11.44767 882.1436 -0.80615524
3.521711 66.106773 -1.4931688 87.97483 2.2480648 255.2524 9.7439574 883.92873 -1.8740942
3.5279924 66.537739 -1.416632 89.150723 2.8353894 258.89301 12.394616 894.9704 -0.94958755
3.5342782 67.555197 -1.0474931 90.451394 2.860321 262.51871 11.413418 907.10435 2.2442289
3.5405659 68.061096 -1.1410416 91.260905 2.9613115 264.65275 11.467073 915.93994 -2.2673674
3.5468474 68.887487 -0.85004555 92.231623 4.0443359 268.35279 11.349048 931.22903 -2.735842
3.5531332 69.864621 -1.5725447 93.346263 3.1425966 272.30028 11.742916 935.56827 1.8843772
3.5594194 70.37134 -1.2200449 94.542149 2.7940476 274.68375 9.5612973 953.69262 -2.0660121
3.5656987 71.313044 -1.1210563 95.797984 3.3039148 278.26359 11.966501 962.92962 -14.564072
3.571981 71.928873 -0.42616019 97.014934 3.6239495 281.91278 11.676379 976.08069 1.8973395
3.5782681 72.819619 -1.5336879 97.918559 2.9942689 285.98342 8.2532582 984.70192 -3.7325451
3.5845504 73.970841 -0.64877161 99.073618 2.3854126 288.65397 11.311579 997.01884 -0.021044143
3.5908286 74.390778 -0.97644939 100.75578 3.6609278 293.10031 10.510714 1012.6722 -0.8778231
3.597109 75.378454 -1.3897648 101.64805 2.8762045 295.977 9.588608 1022.0583 -10.157899
3.6033947 76.502188 -1.5849023 103.04235 2.5625886 299.92445 13.992237 1034.0788 -0.11724083
3.6096758 76.738217 -1.1885529 103.95559 2.0638436 303.48103 14.998946 1042.4302 -0.75315624
3.6159574 77.815081 -0.70190466 105.56127 2.353538 307.35378 9.0253519 1059.1948 -6.2897732
3.622243 78.738788 -1.7369148 106.77214 2.6601943 312.32183 10.277133 1076.4397 3.2206091
3.628522 79.362813 -0.40545245 107.48265 2.4367301 314.57582 9.3378344 1080.351 -7.2087243
3.6348065 80.788935 -2.1168043 109.12908 3.4027386 318.06991 10.124675 1101.6024 -9.8731023
3.6410953 81.569774 -1.0433483 110.48552 2.9015942 323.62154 9.6548208 1109.0592 -10.605081
3.647383 82.401978 -1.2464236 111.61483 2.8517005 326.39392 11.788038 1120.8114 1.5767919
3.6536648 82.983614 -1.4240081 112.79707 3.2582825 331.94891 12.717637 1134.4169 -4.1523585
3.6599466 83.889361 -1.0182406 114.14319 3.157909 334.34434 10.053806 1152.7937 -2.2770269
3.6662338 85.373908 -1.5588774 115.93837 2.9610324 338.76869 10.778247 1167.8325 6.9209163
3.6725162 86.159753 -1.1793502 116.66415 4.0049069 342.91333 7.9340454 1178.5895 -6.744972
3.6787969 86.906521 -0.65013167 118.50751 2.8907931 346.34935 12.742081 1196.9966 2.6323032
3.6850808 88.245579 -1.511785 120.0358 2.4739156 350.58902 9.0909005 1207.1344 5.8778887
3.6913615 89.249816 -1.3844022 121.02932 2.4325472 354.97365 8.075446 1216.1724 -3.9595099
3.6976453 90.218533 -0.59876418 122.56501 3.1088133 360.41793 13.639548 1233.7926 2.004847
3.7039282 91.215888 -1.5826318 124.28153 3.2533843 364.70881 12.218466 1251.9767 -14.869748
3.7102105 92.348063 -1.7252773 125.61828 3.9718056 369.20278 12.095734 1261.0984 -3.3492418
3.7164963 92.844803 -2.008318 127.33236 3.5207685 372.34512 8.3237804 1280.0311 2.3922011
3.7227765 94.473836 -1.2744738 128.59206 2.815115 377.5363 11.718357 1295.2703 5.17407
3.7290604 95.738635 -0.98829977 130.11248 2.5017451 382.82251 10.005254 1311.5892 -7.0882845
3.7353441 96.12639 -1.6400469 131.72018 3.9934838 386.24383 11.271231 1330.7261 -3.5347706
3.7416262 97.753235 -2.1309016 133.52569 3.3652152 392.45385 10.315961 1343.2666 1.6494343
3.7479078 98.847756 -1.4374363 134.94447 3.4644161 396.06217 10.36087 1362.8179 -4.1794036
3.7541913 99.648511 -1.9725637 136.33086 3.5578914 400.70774 13.120266 1371.6602 5.6235094
3.7604793 100.92831 -1.6857244 138.03286 4.1373943 406.42644 12.224045 1391.8926 5.9005874
3.7667591 101.91504 -1.5176131 139.42407 3.4769916 410.1192 9.5520187 1405.8095 -1.7644969
3.7730369 102.94461 -1.1634894 140.47795 4.64572 414.76329 7.8142665 1419.7297 -5.1871039
3.7793245 103.03478 -1.113226 141.09029 3.2097692 415.48787 9.9998462 1424.7394 1.0964889
3.7856096 103.55027 -1.230842 141.7197 4.6690713 416.72843 5.9081924 1427.9465 7.8732758
3.791892 103.78378 -1.3030989 141.92406 3.1198752 419.00682 7.9063323 1431.8136 1.4041356
3.7981772 103.87926 -1.1046569 142.35911 3.3455511 419.62536 12.916188 1439.6942 5.3787011
3.8044595 104.82052 -1.0810764 143.58059 3.8555193 420.53343 9.2416963 1448.3947 1.8115207
3.8107406 104.71861 -0.90014103 143.66007 4.2328878 424.47058 10.641847 1445.8322 -2.9775311
3.8170242 104.9901 -0.93328958 144.396 2.920002 425.33333 11.250597 1451.3905 -4.9810592
3.8233083 105.5837 -0.59044006 144.37849 3.3362988 425.93693 8.5079701 1456.1806 -8.2132264
3.82959 105.92064 -0.71439129 145.39109 3.0313842 427.757 11.52805 1469.04 -1.8606985
3.8358721 106.11618 -1.2084862 145.71746 3.6665984 430.57887 9.9099891 1469.6846 5.2124086
3.8421598 106.47484 -1.1540739 146.24871 3.6298645 430.99419 9.9017513 1474.5028 9.4236841
3.8484445 106.60052 -0.16335736 147.16847 3.6592209 433.15331 12.166381 1481.5401 -2.6886069
3.8547246 107.06554 -0.5213859 147.60485 4.2026523 434.27656 10.783148 1481.2491 -8.9295517
3.8610074 107.48738 -0.5041365 147.94688 4.5913689 436.64911 11.989303 1489.7204 0.39659999
3.8672884 108.17802 -0.63400824 148.27228 4.1118699 438.11663 8.8627143 1494.4001 -8.2883605
3.8735709 108.02458 -0.5563486 148.68939 2.8567614 440.7824 11.114614 1500.6577 -3.8600732
3.8798537 108.99444 -1.2816755 150.05372 3.7121731 442.09185 9.9186949 1506.8171 -3.1146872
3.8861388 108.97767 -1.0567437 149.77891 2.276213 443.33611 8.9868198 1515.4141 -9.5170552
3.8924222 109.16259 -1.0747112 151.3822 3.2072213 445.43148 12.540223 1519.973 -7.6334102
3.8987057 110.04821 0.008641676 151.44114 4.6165823 448.19283 9.3745908 1528.7061 -10.238853
3.904991 110.14836 -0.29236446 151.80804 3.8574158 448.75905 6.1967772 1529.9582 -3.4558444
3.9112719 110.90421 -0.25081801 153.34608 3.3371888 450.56974 8.3415867 1540.0276 -3.8293572
3.9175547 110.91545 -0.44562493 153.26754 4.6047202 451.75304 6.6811063 1547.608 -15.004122
3.923841 111.58321 -0.9722187 153.68838 3.2691201 454.14459 8.1672869 1549.0716 -10.93295
3.9301245 112.31335 -0.46123698 154.07256 2.8987804 456.4839 6.7370616 1557.7831 -15.702162
3.9364023 112.07994 -0.53507396 155.08506 4.425303 456.84406 10.91852 1564.5017 0.86335603
3.9426867 112.37183 -0.24954843 155.5059 3.2348642 460.62801 7.1236953 1568.2813 0.093559705
3.9489749 112.78928 -0.6141057 155.84484 2.8957254 462.51527 6.2985794 1569.2489 -8.5023184
3.9552603 113.52233 0.0098714912 156.85374 4.3890144 464.53326 5.7726202 1581.9553 -9.9911161
3.9615405 113.84973 -0.60464474 157.36239 4.9253758 464.83842 9.6475094 1585.1288 1.4936042
3.9678228 114.49567 -0.047221684 157.87195 3.3183294 468.33853 8.6230192 1595.1762 -6.8859469
3.9741093 114.85883 -0.17156076 158.64529 3.1037923 471.56477 8.897345 1597.71 -13.280372
3.9803891 115.07564 -0.18744991 159.2338 4.519096 471.58478 8.5098825 1605.229 -5.5922656
3.9866693 115.77611 0.30016892 159.56351 3.2232256 473.37128 5.3060981 1616.5114 -3.5833105
3.9929531 116.16365 -0.24998191 160.30563 3.6884642 476.21531 5.1661441 1615.8751 0.49930143
3.9992376 116.41479 -0.29406387 161.80312 4.3173833 477.66334 5.1702195 1627.6401 0.31449549
4.0055206 117.03689 0.41545059 161.61763 3.3468704 479.85964 9.1348963 1629.7614 -3.6453084
4.0118004 117.45497 -0.54998192 161.93728 1.4274079 481.18574 5.9314792 1639.7789 -0.69152994
4.018084 117.79652 -0.31548442 163.05653 2.8410135 483.70386 7.1943213 1647.9258 -9.2844679
4.024369 118.29719 -0.18204615 163.48584 3.7026778 487.38744 8.6854379 1654.3542 -8.5391042
4.0306486 118.69465 -0.0097809223 165.20662 1.9995937 488.36595 6.0110223 1663.279 1.2087067
4.0369309 119.374 -0.46484786 165.49687 3.495777 490.45273 8.9636011 1664.0948 -11.397258
4.043218 119.80774 0.060013453 166.15881 3.7325555 491.88923 5.912059 1677.2996 -0.3173202
4.049505 120.35608 -0.56905453 167.05041 3.0449289 495.72175 9.6745572 1678.6624 -12.107763
4.055786 120.78255 0.12175397 167.30768 3.7417929 497.44726 9.2059837 1689.5341 -4.5597468
4.0620657 121.1659 -0.45010812 168.21329 4.546988 498.57189 3.8638537 1689.6773 -3.6977404
4.0683514 122.08129 0.44180742 168.51394 4.2802809 501.56415 6.8063227 1702.3231 0.30865689
4.0746341 122.69939 -0.69283614 170.18945 3.156329 504.23284 6.9834584 1714.8467 0.42762755
4.0809155 122.98969 0.66703632 170.19407 4.3200945 506.0426 7.043932 1723.3662 -1.2830292
4.0872042 123.38184 0.36198819 170.94331 3.8471773 507.39356 6.4796665 1723.1067 1.1848123
4.0934892 123.45581 -0.11997747 172.00775 2.9531797 510.88353 8.3128809 1736.0971 -6.4175586
4.0997691 124.29112 -0.24765137 173.13319 3.1265263 514.6293 7.8211821 1744.8824 1.0391621
4.1060505 125.03165 -0.23138647 173.35057 3.8553046 515.1248 7.3874485 1746.7555 2.7096134
4.1123344 125.31589 0.37352387 174.48218 3.3935609 517.0399 3.2185553 1753.1304 -8.1798001
4.1186204 126.28322 0.02412884 175.13568 4.5194372 520.67619 6.2092123 1764.4511 -11.717723
4.1249001 126.592 -0.36017604 175.76434 3.3947972 521.90921 5.6403256 1772.3992 -4.9300797
4.1311787 126.89226 -0.44051632 176.62165 3.3900174 523.99654 4.7825715 1778.048 -6.5511589
4.1374656 127.37782 0.38955101 177.49655 3.0064987 527.20727 6.6565713 1788.4164 -0.18395139
4.1437516 127.85861 -0.82586926 178.02281 3.7323923 529.16737 8.1854624 1791.4546 4.9319225
4.1500348 128.68237 0.40502042 179.42725 2.4565166 533.22466 3.4260406 1805.0094 0.096116264
4.1563169 129.66261 0.67226233 180.3341 3.5840542 534.82226 6.299395 1813.1933 1.7998593
4.1625996 130.16631 -0.31700757 180.9989 3.3943754 538.2774 6.6823657 1826.3358 -0.1157331
4.1688861 130.31726 -0.14647157 181.82532 3.2591663 539.58398 3.8453237 1829.15 -15.839902
4.1751677 131.14153 -0.0072520225 182.58763 4.7261632 542.45078 5.4297166 1840.1445 -12.046258
4.1814502 131.56122 -0.70114755 183.6791 3.5878691 545.97552 6.1226565 1849.5014 -3.3734371
4.1877378 132.02577 0.74050298 184.51236 3.8148488 548.73699 6.3110859 1860.9066 -9.462982
4.1940191 132.63692 -0.071744449 185.37712 3.8910427 549.11028 6.6244881 1863.305 5.9080379
4.2002971 133.50491 -0.13523474 185.92189 3.3546735 552.90587 7.1881055 1879.5531 9.6732806
4.2065802 134.2071 -0.048891187 186.5632 2.9147466 556.32359 5.8325015 1877.9275 -8.1448987
4.2128623 135.00782 0.53311012 188.60985 3.4517432 558.84653 6.8532101 1889.1278 -5.7316642
4.2191458 135.86091 0.18951343 189.19386 4.5847582 560.52585 5.4221492 1902.8318 4.0951468
4.225433 135.97012 -0.39714526 189.62739 3.3023342 562.50933 6.9267132 1911.2756 -9.4773961
4.231716 136.98988 0.16791941 191.05473 3.4460257 564.37059 2.9333516 1916.474 -3.8702007
4.2379957 137.5529 0.36905087 191.89668 2.7301764 570.18592 4.2662661 1934.5236 -4.2238113
4.244278 137.58984 0.2835477 192.37154 3.3192236 572.50008 5.8604629 1939.974 -5.5868765
4.2505649 138.73403 -0.14691385 193.43342 3.8494631 574.49298 3.8476228 1946.1757 0.36224753
4.2568497 139.94883 0.55474743 194.62123 4.5135108 576.74091 4.988756 1955.6809 -3.3517755
4.2631308 140.05854 -0.19322041 195.69051 3.8154906 579.28162 5.0902625 1970.4298 1.9875288
4.2694117 140.72092 0.041492123 197.0536 4.0091967 584.4477 3.4651681 1974.8866 4.5199534
4.275694 141.35052 0.50857421 197.19238 3.1642593 585.85557 2.719945 1991.2725 -6.3149817
4.2819777 142.06266 0.10347613 198.42847 3.5168912 589.97528 3.7846575 2000.9304 0.98738294
4.2882622 142.69761 0.15963481 199.96538 4.553413 594.37461 4.4210403 2006.7821 2.4977781
4.2945474 143.44339 -0.12277289 201.09908 3.5961197 597.22373 6.4881256 2025.195 -12.808077
4.3008297 143.89271 0.41591326 201.37278 3.3443923 597.1815 5.8554469 2033.109 4.8603818
4.3071128 145.21135 0.49707491 202.96993 3.5661845 603.73482 2.1557752 2047.3476 4.3911007
4.3133958 145.65409 0.47523334 203.98757 2.878942 605.47788 5.9287546 2049.665 -2.7781141
4.319678 145.92395 0.33030455 204.86612 3.4697048 606.36121 4.564236 2060.1033 -5.0622609
4.3259594 146.90174 -0.26077219 205.98755 2.7747488 612.17792 5.4013163 2077.4323 3.2060352
4.332245 148.01868 0.50016759 206.84926 3.513988 613.98646 3.2293873 2080.6034 -6.3939506
4.338532 148.59608 0.53211682 208.65866 4.2981405 619.47887 3.47949 2090.0772 -0.11998967
4.3448141 149.50559 0.12669712 209.52569 2.2858838 621.64542 5.0904925 2101.1871 4.5520781
4.3510961 150.34 0.54576783 209.75285 3.2893247 626.27205 2.4955925 2117.9951 -5.378346
4.3573801 150.75117 0.30315576 211.00252 3.1223518 628.41645 1.3326164 2122.5065 1.7840478
4.3636669 151.24572 0.23210494 212.73358 3.4180154 631.91701 6.5026104 2138.7591 -5.7939531
4.3699499 152.5557 -0.29870671 213.8615 4.8441932 637.26628 2.4053536 2151.9238 -8.6095466
4.3762279 153.42588 0.08680824 215.65041 3.6278643 638.86969 5.0001033 2162.8909 -1.5492063
4.3825069 154.35049 0.19437859 215.88169 3.5097427 643.78149 0.85108984 2174.9602 -1.0162769
4.3887934 155.05755 0.16278728 217.22757 3.6355166 643.50911 6.9951551 2183.664 -2.0636525
4.395077 155.99774 0.28065976 218.41896 3.8588395 648.41344 3.9669885 2198.2283 -3.2341258
4.4013576 156.57625 0.91985633 219.56415 2.5585561 652.39761 7.5311719 2210.5734 -9.0550588
4.4076403 157.28412 0.4156064 221.31893 3.9118256 658.06909 5.5354702 2221.2455 6.0574874
4.4139241 158.53514 0.046683301 222.14836 2.7845301 660.65397 4.0606798 2233.0658 -0.041804162
4.4202108 159.28293 0.11517168 223.51423 3.765066 662.33897 6.2414185 2248.1326 -3.6400603
4.4264914 160.51693 -0.16886299 224.53561 3.5869194 668.28269 3.1467688 2255.466 3.535549
4.432774 161.1975 -0.33457291 226.60322 3.664936 672.51875 5.2138892 2274.2692 -6.3162984
4.4390578 162.15324 0.88158343 227.25627 3.2181082 676.89244 3.1356414 2286.1928 -2.8400448
4.4453413 163.12461 -0.013467081 228.06648 3.1447674 678.80417 3.9605734 2295.2102 -2.366245
4.4516275 163.29684 0.83002093 230.15076 3.4831653 682.59606 6.1029717 2315.0462 -1.4274631
4.4579123 164.69954 0.57225942 231.49016 3.475236 686.5686 2.1118611 2323.2353 6.8026353
4.4641977 166.12708 0.25435671 232.13452 3.8151239 690.90819 6.4620175 2340.2787 -4.8084633
4.4704788 166.2536 0.81776866 234.28838 4.0580856 695.64016 0.59334422 2355.5095 3.5535976
4.4767593 167.5609 -0.054426176 235.75298 3.4259965 699.45744 2.645476 2363.451 -2.3456663
4.483046 168.23561 0.95832556 236.45513 3.0165892 703.81429 3.0668072 2378.0539 -6.0381862
4.4893311 169.33926 0.15083521 237.82299 2.6377629 704.82749 5.8207764 2389.9748 5.1619039
4.4956106 170.36999 0.72289021 239.38655 3.1237003 711.58272 5.2302449 2404.6635 -4.504045
4.5018888 171.52962 0.49427446 241.28412 4.146302 716.9563 1.516199 2423.8029 -6.6630237
4.5081704 172.26033 0.64629585 241.97525 4.361584 719.60566 4.0898201 2431.1273 -2.5875641
4.5144567 173.7625 0.73145452 243.70226 2.5477269 724.16526 1.551917 2447.1615 -2.347058
4.5207384 174.66259 -0.2064006 245.79317 3.4073892 729.23146 3.8411282 2460.5783 -9.6763543
4.5270208 175.13958 1.0346785 246.61017 2.6688171 730.56101 -0.65320792 2475.5075 -6.3710713
4.5333061 176.42786 0.16682664 248.22413 3.0921929 737.33741 4.4705088 2494.9036 4.8305486
4.5395877 177.38534 0.47385728 249.48014 3.3983747 741.53446 0.63669175 2510.4807 -1.9011191
4.5458704 178.62433 1.1435386 252.03119 3.5122493 746.7233 3.3056749 2523.1921 -0.15074045
4.5521545 179.51649 0.019497915 253.17973 4.2862429 750.48947 0.61695252 2538.3427 -1.6855238
4.5584424 180.38782 0.17437009 254.62456 3.6940976 754.44946 0.66935441 2554.5312 -4.6074878
4.5647254 181.67181 0.91277653 255.92302 3.3100337 759.04924 4.6069424 2572.7094 -3.244122
4.5710052 183.0562 0.38851357 257.74736 2.9062369 765.28194 0.92876679 2587.4976 -7.1548876
4.5772897 184.1776 0.030011411 258.79943 3.6793515 768.20791 4.3527915 2597.0774 4.424757
4.5835734 185.26423 0.28993703 260.84712 3.682466 772.62898 2.4614517 2614.2364 6.3855179
4.5898565 186.47399 -0.026847181 262.47418 2.1802039 777.84123 4.7639001 2638.4558 -0.34301994
4.5961372 187.70914 0.032522043 264.1813 2.6547524 783.97949 2.0329875 2645.93 2.2842284
4.6024224 188.79518 0.21394159 265.65361 3.5167447 789.33511 4.4161692 2669.287 -4.0518763
4.6087097 189.64502 0.17530131 267.07678 3.2275624 792.78965 2.5775738 2679.1188 2.3059529
4.6149912 190.88804 0.48167452 269.05646 3.0210752 798.88745 -0.57023818 2695.9293 -5.3137769
4.6212725 192.32932 0.15131031 270.4592 3.6566452 805.67548 -0.52873455 2707.5413 1.2969534
4.627556 193.56731 0.13934873 272.42034 3.2337195 809.91257 -0.21972407 2732.8255 1.2231116
4.6338395 194.12908 -0.48105176 275.09207 2.1013781 813.54899 1.7337083 2751.6578 -4.6191083
4.640119 196.16718 0.56584886 276.9386 2.5948047 821.26862 0.52899096 2764.4615 4.2963425
4.6464005 197.72126 0.46674709 277.89311 4.5744381 825.83245 1.7897563 2786.4739 17.480228
4.6526881 198.57985 0.44850517 279.35876 3.8437643 829.96583 1.9508166 2801.0625 3.6830978
4.6589739 199.87785 0.4946945 281.25388 3.7335104 837.11072 3.8276067 2821.3725 -5.3745
4.6652533 201.20187 -0.73090351 283.37636 3.0943592 843.52962 -0.96220762 2837.17 2.5595132
4.6715342 202.23852 0.87041527 285.21446 2.3252194 845.54559 4.7077107 2851.5898 -1.4051857
4.6778199 203.04489 1.0342488 286.85811 2.6151063 853.64376 1.3914289 2874.7556 -2.4495646
4.6841045 204.88478 0.20515628 288.75976 2.1379658 859.50993 1.8420935 2895.4672 5.9706495
4.6903854 205.84462 1.3936863 290.96787 3.8878813 862.72338 4.2740458 2911.2338 -2.4831674
4.6966701 207.48776 0.413397 292.40593 3.218714 868.74425 4.8053879 2934.7423 -10.355167
4.7029558 208.98055 0.50951679 294.48271 2.4176219 874.45621 0.53640568 2955.5009 2.6958194
4.7092363 210.67154 0.21969516 296.40398 2.8219724 882.4336 4.4801535 2977.2486 -11.932217
4.7155178 211.15618 0.59587883 298.52567 2.7177745 886.51943 3.2638543 2999.223 -1.5592825
4.7218015 212.51138 0.72808136 300.24823 2.7168226 891.94246 -0.26666056 3009.9155 -2.9684488
4.7280848 214.32933 1.3322985 301.67896 3.5020353 899.48127 1.8695866 3030.0861 3.6209013
4.7343673 215.80894 0.15103365 304.80992 2.3094359 905.87672 -0.088453233 3054.4881 -10.47951
4.7406505 216.56754 0.81781388 305.85292 2.4377329 909.20666 -1.606867 3071.4712 1.3499115
4.7469333 218.7192 0.56119999 309.25127 2.333522 918.51836 3.3546499 3089.5641 -1.2734387
4.7532149 220.50746 0.16107505 311.01871 2.1170911 925.3679 1.0321034 3111.5745 -1.8924927
4.7594946 222.16646 0.99105415 312.3477 3.2456994 928.16712 -0.73040136 3131.9452 -1.9234373
4.7657804 222.71135 1.1052706 315.06304 3.507864 937.17729 2.8689541 3159.8125 14.197058
4.7720691 225.12826 0.47112995 317.62766 2.4410595 941.37367 2.0116822 3168.7907 -2.3935025
4.7783509 226.00699 0.11995733 319.68619 3.0732785 949.01132 -1.083363 3199.2888 1.3045219
4.784635 228.18497 0.71362497 321.82217 3.3513244 955.91042 -0.79561455 3215.3858 -3.5881868
4.7909206 229.34403 1.4574049 323.57686 2.9960069 962.99613 2.3449711 3238.0136 6.4147381
4.7972039 231.55726 0.8648693 326.20302 2.8777247 969.78604 0.82833245 3267.5491 -11.794742
4.8034859 232.25807 0.31244753 327.43943 2.8015382 974.65452 -0.16908765 3285.9299 -5.4930322
4.8097699 234.23734 1.2877009 330.42202 2.9554943 981.1835 3.2130209 3296.974 -0.25536305
4.8160561 235.79876 -0.68194407 332.26536 2.5147445 987.4784 1.9610848 3328.6321 14.656047
4.8223352 237.56104 1.2147421 335.43115 3.0572027 998.64298 0.29292214 3358.3569 3.4503923
4.8286118 238.68248 1.166877 337.47541 2.587406 1003.6567 -0.64344162 3382.4611 -5.7311727
4.8348948 240.37579 1.0393407 340.07406 2.0549587 1007.2368 0.18855303 3398.1189 13.780246
4.8411817 241.90513 0.85669863 342.66969 2.8976423 1017.7555 2.3822035 3428.6317 3.0429857
4.8474631 243.7927 0.84288939 344.8058 3.0232323 1022.5927 2.6987322 3444.6237 1.6768883
4.8537471 245.57039 0.81652621 347.04409 2.2622684 1030.2445 0.66373211 3473.1557 18.068431
4.8600362 247.23616 0.48047482 349.62044 2.539397 1037.8622 -1.9196491 3500.2797 0.43133076
4.8663168 248.716 0.81796422 352.02016 2.2645269 1045.9109 2.2792243 3525.4169 19.674647
4.8725994 250.95925 -0.09172285 354.59014 3.7637997 1053.2957 4.2676659 3547.1942 -3.9053996
4.8788848 252.63131 0.5193153 356.67599 2.284544 1058.7193 7.3735831 3568.3326 -3.6142874
4.8851663 254.58705 0.7373405 358.80562 2.3665956 1066.4371 3.6521481 3593.8639 4.2265183
4.8914489 256.49672 0.99024451 362.13497 2.7484633 1076.7229 -1.6725368 3620.981 -6.1629797
4.8977296 257.82233 0.18210081 365.26735 2.2681215 1082.5773 -3.3640981 3640.4272 -5.2331663
4.9040155 259.83729 0.55245092 366.54788 3.0106347 1091.6859 0.86640525 3674.2994 3.097591
4.9102992 261.62079 0.3461592 370.16477 2.1438614 1099.0874 -0.15128144 3705.7563 -7.1904088
4.9165785 263.41609 0.17752889 372.8784 3.105138 1106.4154 -0.1274919 3733.108 -1.0911848
4.9228647 265.06751 0.77586473 375.33375 1.5342207 1115.8232 1.0392959 3764.0788 -2.2964379
4.9291459 266.40279 1.3597119 378.44668 2.2089405 1120.5549 0.87868897 3779.4019 -4.4559454
4.9354294 269.38758 1.2190841 380.84537 2.5899974 1129.4561 0.25906866 3803.9294 0.99187406
4.9417135 270.93948 0.45418474 382.88892 2.9581576 1138.55 -1.2980047 3838.2541 16.925562
4.947993 272.96145 0.20456104 386.48663 2.6363014 1144.5024 -1.5475408 3863.1513 -1.7732016
4.9542788 274.5155 0.67054393 389.61205 2.9855849 1154.4852 -3.9337821 3884.5622 7.1325965
4.9605656 276.43183 0.86167628 392.08769 1.7410783 1160.9495 -0.66361622 3918.3588 -12.311255
4.9668447 278.97763 0.97541878 394.2534 2.6157458 1171.9659 2.3883784 3953.1064 11.687119
4.973125 280.51118 0.73621172 396.77001 3.8468951 1175.8132 2.2174368 3951.4265 5.4827332
4.9794104 282.99396 1.3688152 400.62479 2.250162 1188.4556 3.5477337 3995.0933 -3.3591908
4.9856955 284.69054 0.70008727 403.0861 1.4214043 1195.4131 -0.092975648 4011.7437 -3.0669878
4.9919773 286.50344 0.56408633 405.21841 1.7091915 1206.1446 1.7706288 4048.844 7.1439368
4.9982613 288.9662 0.96944692 408.7946 4.7550098 1216.313 2.9172348 4086.1127 15.353522
5.004546 291.15742 1.0515152 412.53761 1.9073462 1222.1872 -0.49602576 4100.9008 12.380224
5.010828 293.33765 -0.13229396 415.85124 2.853313 1230.1879 0.4216322 4151.8242 0.0078300127
5.0171047 295.12373 0.69326424 417.06745 3.7902058 1237.3192 6.0643278 4166.4571 -4.3030997
5.0233897 296.78101 1.1014964 420.42978 1.6274651 1249.0297 0.86344474 4202.6432 15.428777
5.029679 299.12451 0.91235152 423.03549 1.5084635 1254.905 5.434643 4226.7133 -10.046516
5.0359566 301.26542 1.0587599 426.85089 3.0776398 1265.0663 5.7544471 4249.7745 -5.2612025
5.0422388 302.91266 1.0741477 429.08326 2.3122607 1274.1673 5.058659 4294.9917 11.973463
5.0485253 305.186 0.71932644 431.65901 2.1412568 1278.1722 0.59996256 4318.1981 -14.137625
5.05481 308.11996 1.1641203 434.86625 3.8905002 1293.133 0.6208555 4347.9878 2.9617151
5.0610964 309.90817 0.62168448 438.93677 2.1306737 1301.8757 1.3040128 4388.6985 -1.6757946
5.0673786 311.18667 1.0185949 441.97307 1.4012422 1305.9247 5.228677 4401.8576 4.8279818
5.0736582 313.72503 -0.17266295 444.63515 2.2221158 1317.3106 2.3922282 4440.8118 3.3532175
5.0799396 316.12757 1.0054236 447.99513 2.9388642 1327.2986 -1.5628308 4464.4518 2.3098839
5.0862233 318.57135 0.068700743 450.72191 1.8900825 1337.0899 4.2663073 4513.7175 9.2228584
5.0925057 320.39764 0.75577329 453.16002 2.6691841 1343.6465 2.0912141 4526.1171 1.603803
5.0987925 323.00094 0.88054778 457.53144 2.2972359 1355.6552 1.9324713 4561.3966 2.0315029
5.1050771 324.96478 0.89090313 458.68955 2.2306721 1363.0018 1.3591703 4599.3974 -1.3610689
5.1113517 326.21482 0.19754605 463.27331 4.0744635 1371.8674 2.3540193 4636.6087 2.2689286
5.1176364 327.92525 0.94500732 465.9206 2.1583054 1385.3895 -0.72676209 4645.8742 -6.0016749
5.1239216 330.12463 1.8310841 468.03227 1.8460295 1387.1213 3.2800677 4673.9325 -12.153163
5.1302023 333.06743 0.96596903 472.02742 1.2105055 1407.3239 1.8278981 4720.998 15.424238
5.1364866 335.68936 0.38234847 474.07904 1.7563021 1410.3057 -0.057951594 4734.9486 3.2706342
5.142773 337.10385 1.3198291 477.48381 0.98721512 1415.073 2.0153409 4778.4918 -4.2704153
5.1490575 338.85626 0.70822385 481.90416 1.4589914 1426.6032 7.1302382 4792.08 17.272728
5.1553345 341.45886 1.0954509 483.25962 2.8592442 1438.4028 3.6446646 4827.1558 -14.195772
5.1616191 344.48098 0.66952177 487.34362 2.6154348 1449.8722 1.0930806 4864.736 -0.94992704
5.1679062 346.0006 0.68669401 489.62835 1.5749009 1448.3504 3.1332203 4870.2925 3.3181785
5.1741896 348.91228 0.86669254 493.915 2.339306 1464.2157 6.5165962 4931.1652 1.1842186
5.1804742 350.42115 0.41929056 497.47965 2.173632 1469.4655 2.7916755 4944.3585 8.2937908
5.1867588 352.21429 0.19883469 498.67246 2.4461525 1475.8429 1.7885574 4966.1331 -2.8644913
5.1930392 354.67237 0.57447679 502.05974 3.6544065 1492.3371 3.2342475 5005.0996 -9.8929561
5.1993169 355.01988 0.9575843 504.0058 1.8755728 1492.3767 -1.725826 5024.291 15.979167
5.2055993 359.22537 0.77396227 508.80058 2.0606595 1508.8764 -1.1047569 5072.9202 9.1254469
5.2118847 359.57956 0.95570651 509.34396 2.2204524 1512.1159 2.2179578 5077.1972 -7.4338841
5.2181682 362.24999 0.74486572 513.10587 1.8497319 1523.149 0.3047735 5128.0025 14.397324
5.2244496 363.54527 1.2681989 516.03205 2.3735755 1533.3388 0.031777008 5151.5921 -3.7722832
5.2307264 364.88346 -0.59734669 516.97649 1.7374261 1532.4666 2.7375123 5147.1548 -0.21045326
5.2370131 369.01949 1.0455366 521.05789 2.6389917 1550.023 3.7388426 5204.2589 18.539034
5.2433065 367.76012 0.75430909 522.12852 2.6529164 1549.1518 1.2914804 5211.3972 1.0499022
5.249585 371.8811 0.42849844 527.10367 1.1178484 1559.8683 -4.2730008 5246.4376 13.2706
5.2558663 371.53525 0.30169352 527.6682 3.4709574 1563.2685 0.022169913 5241.4931 -14.076854
5.2621526 373.52798 0.4013966 530.17423 -0.66297553 1569.016 -0.92026226 5281.1057 13.496594
5.2684309 375.12425 1.9481284 531.22591 2.5161218 1577.312 -1.1846376 5302.7178 2.9669883
5.2747057 375.41001 0.56868193 533.76587 3.4909236 1575.719 2.2661844 5327.2421 -9.2736569
5.2809908 377.60795 1.0113948 536.92263 3.6452101 1591.6704 -1.2749258 5342.6004 -11.534764
5.2872799 377.76428 1.1598957 537.22298 2.4502754 1588.7337 -1.5963047 5350.6945 12.361821
5.2935635 379.46543 -0.26706687 541.02946 1.6495238 1598.6955 2.4909361 5390.6578 -1.7360883
5.2998464 380.25895 -0.18643064 539.29511 1.0991907 1597.988 -2.206514 5386.184 12.439484
5.3061314 381.48179 0.14515182 541.25693 0.38065043 1599.4904 -0.78144017 5367.3916 12.941148
5.3124149 382.13383 0.38022052 542.46246 0.38617124 1611.6858 -2.4330731 5428.8762 -6.4255555
5.318692 382.74385 0.33779028 542.89325 -0.010284036 1612.1701 -1.0064069 5407.9641 1.4092805
5.3249765 382.6333 -0.076022953 545.23011 1.2637772 1608.1767 1.2791336 5404.2347 13.453812
5.331267 383.06756 1.2481263 543.24977 1.1251157 1613.0399 2.9858064 5407.1723 4.1199843
5.3375504 384.39885 -0.27836309 544.83703 1.067896 1606.6354 2.30808 5428.0664 -4.1438253
5.3438299 384.52335 0.05951936 546.86789 1.796921 1622.8338 -0.59433879 5437.7454 13.792205
5.3501139 384.88296 0.34027866 547.87987 0.86342368 1623.2726 0.10063838 5448.6789 -7.8265923
5.3563991 386.86236 0.76253916 549.00203 0.048657873 1622.7658 0.60681171 5457.2879 -0.49383294
5.3626817 388.27197 0.6104294 550.50949 3.1762105 1628.0368 -3.4336311 5485.3077 1.3146246
5.3689622 388.96568 1.3668996 553.27923 1.8871134 1629.4744 -2.3605668 5491.9168 -10.708629
5.3752458 390.06944 0.17004785 554.17447 0.0264867 1644.6507 -5.5771443 5515.3283 -1.4151114
5.381536 391.35367 0.99753745 557.70608 -0.79033698 1642.0668 1.1769696 5536.3276 16.904194
5.387813 393.50846 0.70653139 558.09806 1.6317559 1650.6427 -1.5002227 5549.6959 0.67246839
5.3940916 394.66506 0.31523876 562.83816 -0.2460279 1653.6344 1.9624993 5563.0935 3.2073847
5.4003822 396.74136 0.3714684 561.42405 1.5847579 1664.5068 -3.3393844 5599.1815 17.120636
5.4066644 397.02506 -0.31904348 564.21043 0.91303545 1671.5086 1.7348217 5598.3789 4.8404392
5.4129375 399.92062 0.67882771 568.08237 1.1670583 1676.6718 0.47856939 5661.2927 13.619904
5.4192183 400.26181 0.92200209 569.53216 1.2482193 1682.9602 0.37926963 5650.6131 9.2129199
5.4255097 403.76391 0.48031722 572.53042 1.0651602 1686.0013 -2.2082961 5671.8559 -3.3004427
5.4317953 405.76621 0.74242406 573.68932 2.1132727 1695.095 -0.13251742 5713.3292 1.5747062
5.4380687 407.72987 0.48818516 578.46143 2.2273138 1706.4431 0.76492173 5730.414 -2.3173394
5.444353 407.54917 0.039031865 579.36945 2.249989 1713.9295 -2.969544 5767.9213 0.80878505
5.4506476 409.93011 -0.066520521 583.88079 3.7713498 1721.7265 -0.064967408 5816.3383 -2.6210647
5.4569261 411.47946 1.0791667 585.28728 1.7103238 1732.6108 0.22290312 5831.2105 10.728352
5.4632032 414.69378 0.89210055 588.67729 1.7034037 1735.64 -3.572273 5855.9489 2.5255465
5.4694906 415.44544 1.3241098 589.67135 1.8695901 1749.5509 2.7718358 5889.4607 21.376794
5.4757753 417.34265 0.73231103 592.01971 0.49138697 1750.6016 -1.4500041 5913.3843 -4.8105297
5.4820552 419.52491 1.0872011 597.49526 1.140921 1762.3362 -0.91122763 5950.9274 0.46922003
5.4883448 420.47825 -0.36377575 598.63821 -0.05817208 1770.4819 -1.8534581 5964.3709 5.5516655
5.4946299 422.42762 0.44958295 603.93714 1.7443538 1785.6627 5.6406835 5972.597 -8.3877426
5.500905 425.46839 0.34476737 604.71663 0.075214366 1788.7215 2.3056845 6015.8047 3.3262906
5.507184 428.03971 1.3009264 609.08714 2.4685071 1794.6697 -0.96597026 6063.9419 -22.245512
5.5134655 429.93425 0.39986069 610.11196 1.0579377 1807.9347 -1.6402054 6083.8337 -3.4613371
5.519755 431.77674 1.9779694 613.98596 -0.70055128 1816.9517 2.7799923 6125.4649 -13.607441
5.5260388 435.59109 0.67987002 620.19792 0.95263245 1830.1576 0.32686915 6145.5095 -13.088138
5.5323112 437.18327 -0.52767688 620.91323 0.60949904 1840.3124 3.0568828 6184.496 -19.032163
5.5385939 439.49554 -0.0951562 624.92934 -1.8261251 1843.0425 1.9697573 6219.8353 -5.2110473
5.5448892 442.23894 -0.046595754 628.2313 0.87902149 1856.8622 0.46369858 6271.0244 6.1056878
5.5511702 445.504 0.20526071 635.1535 0.99778468 1873.2718 -3.3412915 6310.6445 -12.079225
5.5574444 447.734 -0.048613127 637.3375 0.74488917 1883.9716 -3.3250672 6295.2203 2.1665102
5.5637327 449.32964 0.76040588 638.22474 1.7983395 1890.3219 0.66711603 6344.0177 -20.166539
5.5700222 452.10412 0.36346637 644.56655 0.66281482 1903.6731 5.0546385 6401.6875 -24.185657
5.5762966 454.25858 -0.32372896 649.24731 0.65741205 1910.9726 5.7667488 6429.0679 6.1961947
5.582577 459.11308 0.57949131 651.58521 2.2247169 1924.9748 3.7632799 6466.9579 -4.3021305
5.5888758 459.28233 -0.044655401 656.14137 2.6429245 1936.1351 -6.4975801 6506.0943 -7.2655834
5.5951585 462.31263 -0.058562263 658.44987 -0.79992815 1950.2616 -8.3172175 6534.9598 -3.1608541
5.6014285 465.1656 -0.20901466 663.22282 -0.32839065 1962.0803 -2.659311 6568.0785 7.8665134
5.6077149 467.08471 0.1823823 668.22402 1.8153376 1965.7598 3.2929767 6614.1811 -10.962285
5.6140085 469.32607 -0.1046931 668.79256 1.7202742 1983.403 3.6563087 6625.7172 -18.588022
5.6202825 473.59134 0.82325484 671.67073 0.53087085 1991.4315 5.1688232 6683.402 -14.891777
5.6265585 478.64232 0.065680462 680.75064 1.1939226 2002.1779 -2.2755333 6729.6971 6.588082
5.6328571 480.84224 -0.17901579 681.29896 1.3207579 2021.3911 -5.4591065 6777.5628 8.0715714
5.6391437 483.69331 -0.091698762 685.75117 0.65608415 2028.6102 0.76157885 6807.9609 -0.20098544
5.6454227 485.96343 0.87089185 691.90794 1.0494631 2037.9468 0.042565151 6872.4398 -0.9503024
5.6517049 488.23258 -0.15681243 693.17385 -1.3623867 2056.4214 2.8799646 6905.4249 16.590697
5.6579936 491.23431 0.99738377 697.8086 -0.29006709 2069.8507 -0.48311671 6953.7982 -11.190076
5.6642851 495.59285 1.0337027 704.8152 1.7998042 2094.0313 -0.79545821 7002.8325 -12.910021
5.6705565 497.85931 -0.38090181 708.69204 -0.33782184 2095.542 -1.255459 7024.1597 -3.2125991
5.6768351 502.20883 1.1129697 711.28896 -0.0080884472 2106.3199 -5.9199806 7074.5747 -12.007204
5.6831318 505.56901 -1.1133043 719.80931 0.17220953 2120.328 -0.66520554 7150.0518 7.2332963
5.6894193 508.95752 -0.047578321 721.08424 -0.76895158 2142.0481 -0.23939987 7183.2109 5.0386554
5.6956891 513.52936 1.2242974 726.69099 -0.2907831 2154.544 -2.1243322 7222.3917 -3.1624238
5.7019687 516.29201 0.55886723 730.75879 -0.062303335 2161.898 0.53749187 7296.0327 15.849571
5.708269 518.52217 -0.70316175 737.92451 0.37536657 2182.9811 1.2959708 7344.0295 6.9620279
5.7145496 524.03261 0.22351585 744.00539 -0.27951656 2202.2394 -5.1029857 7383.3732 -16.793597
5.7208164 526.62054 0.40615516 748.63344 -0.70117627 2219.0506 3.216581 7436.9911 -16.048526
5.7271108 527.516 -1.2600413 754.04012 1.1077659 2229.4289 1.4589187 7487.6886 1.8790853
5.7334057 534.60414 0.40488379 757.75379 0.66450821 2244.7347 -0.96779654 7514.309 8.652256
5.7396772 535.57075 0.37888806 762.68958 0.64792273 2262.811 2.9808699 7577.546 18.651694
5.7459514 542.17807 0.19266055 769.9768 -1.3706037 2267.9427 0.42184281 7689.1677 -17.279602
5.7522516 543.53273 -0.46193429 773.37322 -0.007623895 2292.4762 1.392237 7673.9412 -14.025121
5.758539 549.01313 0.79183203 778.56596 2.2235436 2311.5468 -0.7553497 7761.5967 1.5929263
5.7647984 553.07602 0.47439484 783.03848 0.62611031 2329.4106 2.6076584 7783.6205 -2.0220709
5.7710821 554.4647 0.1600821 789.03071 0.93166589 2345.6317 -6.4237766 7840.6602 2.8894762
5.7773798 558.42178 1.3477547 793.63992 0.25373166 2369.4671 4.2878266 7900.1867 -9.4662234
5.7836569 564.72067 -0.10227366 802.14303 0.83084063 2377.3357 -3.7839765 7983.6709 -18.578852
5.7899298 571.10657 -0.21995892 810.536 -0.029005203 2389.363 3.3598203 8032.1714 4.2223124
5.7962218 572.56209 -0.53121847 814.35048 1.8569813 2415.1177 -0.87616097 8081.015 11.793658
5.8025084 576.45233 -0.28643995 820.37487 0.2315736 2425.635 0.98067371 8145.7394 1.0662288
5.8087875 581.09742 0.79814601 824.9845 0.61096245 2445.7369 -1.0707404 8205.5688 -6.5859324
5.815068 585.30234 0.86670502 832.87911 -0.79742714 2464.0108 5.790435 8301.6537 -6.0052801
5.8213519 590.39259 0.48198944 837.64295 0.91518254 2491.9649 -3.6578818 8304.0465 -11.292712
5.8276413 596.96417 0.86208675 846.08761 0.83549378 2497.6077 3.2929603 8363.6313 -2.8056998
5.8339209 599.80692 0.15787849 849.87024 0.45823115 2526.304 -2.6333633 8438.4014 -16.976674
5.8401987 605.55312 -0.72307767 861.77435 0.46079966 2527.48 2.1938111 8472.5498 -12.418598
5.846494 607.39639 0.2429458 867.20448 1.0219721 2558.8776 -3.6457286 8637.923 1.0585423
5.8527842 615.82647 0.26267645 873.58798 -0.88531946 2586.5621 4.6229677 8648.7702 3.4323295
5.8590415 621.02363 0.77495531 878.69954 0.17760697 2598.9743 2.4208205 8717.1049 -22.036437
5.8653156 623.21967 -0.7611154 884.05317 -0.43782629 2616.2113 0.82321262 8818.0202 -2.2626194
5.8716245 630.60929 1.1064333 891.84767 -0.23145348 2642.0087 -4.2416946 8871.6274 -8.3602681
5.8779116 634.0623 0.77174006 900.93186 1.4615495 2667.5843 3.8630292 8883.1242 4.5439645
5.884173 639.8222 0.46568075 907.25455 0.42017553 2693.1366 6.4712661 9018.5251 -23.682728
5.890459 644.37839 0.022162846 924.03958 1.2122632 2699.9497 -2.2590423 9013.7713 -6.0023743
5.8967616 650.85028 -0.32593237 922.15361 1.8984903 2724.6648 4.2033694 9195.6198 0.61627365
5.9030337 655.03371 1.4001086 928.91659 -2.3376298 2757.2342 -1.3860803 9228.2237 -2.6402263
5.9093032 660.45302 0.48472323 938.85812 -1.1956969 2771.7419 -2.1799015 9312.7696 14.618417
5.9156163 666.31307 0.77891219 951.99 -0.034819744 2794.8392 0.36802253 9430.5444 4.2503146
5.921905 671.16099 0.056985305 956.9649 0.30155215 2810.054 -4.2870376 9475.7386 -25.674452
5.9281521 675.74805 -0.98804539 963.9121 -0.1791843 2829.709 0.76304663 9581.3996 0.38336004
5.9344277 683.66286 -2.2375694 970.31154 -0.70665748 2867.9852 1.9172469 9624.0363 -14.616244
5.9407474 694.26295 -0.42308348 978.66379 2.3627127 2888.2891 0.51139738 9737.8179 13.389954
5.947044 693.45175 -0.30335296 990.89422 -0.54037386 2905.6801 2.4573203 9857.5821 -16.630193
5.9532853 698.92874 0.18091634 999.74371 -1.320574 2951.7969 3.0338011 9853.3994 7.4613252
5.959571 705.83101 -0.31445023 1009.3284 1.5873899 2975.025 0.60453095 10022.538 9.3091759
5.9658838 713.27985 -0.3262293 1013.7075 -2.4416829 3012.188 2.4377993 10051.748 16.654315
5.9721535 722.59142 -0.11482532 1022.2357 -0.068003963 3016.5406 3.6502193 10168.212 -12.1301
5.9784118 726.6452 0.024368362 1034.8352 -0.68647608 3040.2682 2.8701531 10228.098 -0.96187686
5.9847161 734.41142 1.2485048 1040.6707 1.0354702 3058.5865 -3.1201884 10335.092 7.8651382
5.9910339 740.68889 0.10082098 1051.4361 -2.0557246 3113.0991 5.1189191 10364.99 15.869168
5.9972891 738.92195 -1.8895586 1064.4826 -0.31373013 3143.1486 -3.63516 10595.987 7.1025348
6.0035485 750.83721 0.029365867 1074.4251 -0.38371917 3175.5119 -1.5647339 10641.711 1.2052723
6.0098611 758.00251 -0.63962336 1076.5859 1.3030106 3181.0823 0.41629741 10658.631 4.0754032
6.0161587 769.74604 0.23954452 1085.8509 0.35935329 3211.8844 0.47324093 10814.773 -0.50128184
6.0223963 772.0293 -0.30731005 1099.0797 -1.5867435 3249.8418 5.5243477 10961.962 2.3800394
6.0286595 776.24836 -1.1146764 1111.809 -0.88260303 3249.0679 2.5344481 11012.113 17.686102
6.0349883 783.0428 1.5291698 1122.769 -0.8515718 3309.6318 -1.8573169 11025.084 -1.5260716
6.0412764 794.40727 0.20679294 1125.7638 0.31381196 3352.008 -2.1873437 11232.324 -3.7970465
6.0475235 803.68367 2.3422588 1139.5183 0.33156538 3356.596 7.7015162 11336.3 -11.921924
6.0538231 812.20493 0.1315386 1153.351 0.051186888 3388.3652 4.7301493 11410.398 -10.606889
6.0601472 819.50246 0.8150886 1169.4379 -2.6301445 3452.0283 7.942954 11516.221 -30.702892
6.0664012 827.06001 -0.89692009 1179.6089 -0.41533547 3465.0119 -1.6853051 11677.038 7.621015
6.072635 833.66698 -0.42537539 1177.5833 -0.66544415 3508.2421 1.5609806 11793.848 10.830954
6.0789572 834.62017 -0.10739808 1193.5511 2.7933598 3527.0323 5.1392896 11833.21 -6.3527305
6.0852909 845.92895 -0.37441359 1205.2139 -0.27155707 3559.9636 -2.4042584 11992.008 -23.251246
6.09153 858.95692 -0.29287243 1221.1517 -0.21268371 3596.9323 3.5643146 12117.03 -5.8944564
6.0977644 856.2804 1.039804 1235.0081 0.29024042 3635.1745 5.3948766 12242.665 -26.848614
6.1040987 877.22041 1.224171 1245.948 -0.15952695 3687.3322 -1.2272177 12346.378 -16.46067
6.1104184 885.10316 -0.087820084 1260.8675 -2.16603 3698.6786 0.58025186 12532.023 5.7003368
6.1166413 899.74295 0.44587017 1266.113 0.69697646 3728.8464 8.2326024 12630.52 11.420734
6.1229139 905.84906 0.66112015 1273.3593 1.6887736 3761.1748 -1.5708614 12703.071 -2.6144188
6.1292582 905.45633 -1.183023 1296.4318 -1.399809 3844.3312 5.8533572 12799.687 -17.12478
6.1355365 915.89007 2.1369205 1310.2618 2.1611346 3822.0578 6.1434683 12927.183 5.4584731
6.1417569 931.72895 -1.3602949 1324.4853 -0.4318177 3886.8241 4.3429499 13054.157 -26.230533
6.1480695 934.87761 0.22055069 1340.6212 1.4228238 3923.4222 3.2372232 13099.696 4.4282382
6.1544121 946.41019 -0.19166372 1349.46 -0.55588843 3996.9634 5.8749857 13398.141 -16.553044
6.1606378 963.41809 1.0505355 1359.2356 1.7514114 3998.0918 -6.7362077 13476.324 15.773345
6.1668736 970.55535 1.1287224 1370.3093 1.0566979 4037.7 3.6281252 13630.545 14.525731
6.1732242 974.82491 -0.85661515 1390.5885 1.390431 4081.7237 6.3581654 13724.616 8.112858
6.1795551 985.11085 -0.95252158 1396.2326 0.37830363 4090.1201 -3.5973374 13879.295 28.271387
6.1857456 1000.9252 0.25898699 1421.8926 1.3042763 4170.8898 -0.78901863 14098.178 9.4595605
6.1919759 998.1083 0.67520998 1429.8862 -1.9879694 4197.4478 4.5206289 14167.853 -2.8437684
6.1983636 1018.4547 0.40908226 1454.945 -2.0677622 4303.7025 -2.5887268 14377.158 -11.960035
6.2046914 1032.6599 0.039583195 1464.6404 3.4955914 4338.4116 2.8949717 14572.016 -11.395933
6.2108424 1045.34 -1.0166178 1485.0167 0.70045185 4336.6779 7.1940623 14787.288 16.720459
6.217094 1051.3773 0.27901928 1505.6568 -1.454147 4422.8261 6.0760373 14748.974 -25.157033
6.2235014 1060.2551 0.23961992 1522.7005 -0.63234363 4474.1753 5.5847763 15033.484 -11.259519
6.229796 1078.6987 2.4146547 1505.1441 2.1315743 4497.7915 4.709413 15064.765 18.94141
6.2359786 1086.0272 -0.80453491 1549.5601 -1.0908879 4573.7552 -1.8102882 15170.373 32.12795
6.2422872 1096.8195 -0.13539386 1563.1344 2.1227725 4608.4577 5.4493382 15566.16 -0.94419687
6.2486553 1101.6143 1.1415161 1590.7402 -0.36799009 4648.9994 9.0095313 15775.965 4.3555522
6.2548669 1110.6685 -0.93667676 1601.0396 -1.4082037 4708.5416 -1.5387106 15891.944 -15.526643
6.2611133 1120.4571 2.5141425 1614.8064 1.0106435 4723.6016 6.688217 16033.508 -21.876576
6.2675223 1142.1947 0.99686268 1630.2159 0.37358029 4849.8803 -1.1379924 16202.406 9.2328245
6.2738161 1147.3913 0.7836854 1655.353 0.4099593 4880.0178 3.2428696 16486.17 1.6616814
6.2799176 1168.3595 -1.3470494 1675.057 2.9594643 4931.2512 0.056216223 16628.297 -8.1549056
6.2862174 1191.1274 2.2689811 1690.2526 -0.51383577 4974.6514 -6.6520691 16699.107 -11.099003
6.2927241 1205.5957 0.5870307 1731.9022 -0.96629335 4989.7405 7.2303063 16804.144 -5.2451754
6.2989558 1202.5006 2.4182305 1717.8352 1.6663374 5105.0859 -2.0075299 17022.588 31.891801
6.3049391 1221.5905 -1.4003228 1759.9661 1.7560596 5124.1053 3.2003285 17465.739 41.696504
6.3113408 1235.6499 1.6768561 1773.6738 1.3519751 5222.7471 -0.067150846 17389.119 19.424675
6.3179475 1242.6702 -1.0199597 1786.2782 0.38897652 5265.225 1.0959689 17643.243 -12.219454
6.3240719 1280.4286 1.248144 1832.7286 -0.46567483 5361.6577 -10.663853 17698.242 -16.989142
6.3300021 1266.8735 1.2700351 1807.852 0.19032945 5314.4827 -1.5804193 18272.361 10.079923
6.3365138 1287.1075 0.13181216 1834.4328 0.15358474 5444.6395 -1.4887685 18290.051 5.0294651
6.3431536 1306.2701 -0.9567442 1868.9687 -2.870863 5559.3148 8.6513779 18373.549 -21.748085
6.3491186 1325.7039 1.9000397 1899.009 0.080495854 5618.8431 5.3094629 18656.625 2.3330803
6.3550533 1340.6842 1.5006401 1949.5321 -1.8858934 5634.2441 5.1530748 19041.515 19.522513
6.3617438 1353.7048 0.19891434 1928.8319 1.3118921 5737.1523 -1.3466894 19023.47 -28.853723
6.3684172 1359.2604 -1.8734042 2002.0437 -0.83106408 5760.2681 0.80923296 19728.099 16.442029
6.3740597 1401.5339 -0.59535043 1976.3564 1.9222328 5770.5845 -2.095788 19165.937 5.649654
6.380051 1399.7668 -0.13849099 1987.5681 0.84824693 5901.6237 3.0422961 20285.594 -2.7601806
6.3869902 1443.0417 -1.0663486 2024.3505 -0.24097596 5974.0518 1.8022452 20256.926 11.578054
6.3936831 1438.9222 -1.1630919 2071.9561 -0.99744615 6103.9489 -0.095471216 20850.847 -19.819876
6.3990096 1467.8428 -0.83296459 2077.8581 0.73415426 6150.1017 -6.4320828 20500.777 15.553394
6.4050873 1473.8432 -0.44804699 2105.7312 0.62018803 6218.9817 -14.35912 20862.379 -13.155975
6.4122154 1490.1181 0.91282382 2167.4485 0.9309407 6330.8456 0.60498703 21315.502 -8.2051499
6.4189842 1518.8905 1.9605512 2163.0767 -0.037401215 6428.8152 -2.7198326 21099.855 18.284249
6.4241576 1499.8633 -0.73149258 2181.1929 1.0638136 6537.7162 4.7820332 22051.37 -5.6483027
6.4302427 1522.6269 -2.59452 2172.8111 -0.85759087 6559.0786 -7.6624124 22292.968 -0.35001695
6.4374349 1572.2426 0.78047833 2228.3352 0.58774635 6520.5855 -4.0778094 22775.604 10.836704
6.4442148 1540.7105 -1.4594768 2267.997 -0.82770131 6720.0245 2.0691582 22600.681 -7.217374
6.4492026 1633.6808 2.7225872 2268.6744 5.1225077 6849.6395 -26.699012 22751.133 4.420309
6.4554407 1632.6082 1.2997064 2351.7867 0.21349526 6846.1122 0.87823388 23442.533 -37.890141
6.4626465 1678.9247 2.8852826 2364.3842 2.9072629 6721.1128 4.2598533 22225.398 9.044512
6.4687081 1709.8854 -1.0602804 2399.9569 -3.0760066 7023.9907 -0.92219029 24241.178 -38.787535
6.4736854 1692.294 -0.21344567 2509.3492 0.88058633 7015.7701 6.8538534 25265.438 14.127272
6.4806668 1627.2359 -1.6348001 2431.8991 -2.4045797 7290.0184 4.4660868 25397.212 -19.102885
6.4878735 1639.7863 -0.54071576 2329.0723 3.4234262 7661.8671 -4.7091317 24038.592 9.2741614
6.4934547 1712.6546 0.61592557 2762.8824 -2.0457344 6737.9984 -5.2999728 22632.454 9.2171532
6.4986714 1742.5119 1.3629593 2504.8421 -0.84462839 7138.0117 4.6914187 25406.255 -7.2007444
6.5058484 1916.7828 -0.98030071 2525.9246 -0.41271351 7336.5237 8.8646759 27218.194 46.970237
6.5129779 1789.4262 -3.3714354 2481.5185 2.6316392 7701.3839 4.250224 25331.625 48.253749
6.5188016 1757.4301 -1.0463206 2601.9206 -0.057648073 7882.3733 12.820995 21488.962 -74.375813
6.5233329 1451.5378 -0.25453703 2345.1487 -3.3484237 8118.0479 -15.145795 21839.521 -48.365451
6.5296777 5363.9587 0 -294.45117 0 16191.864 0 22918.079 0
