k m1-monopole m1-quadrupole m2-monopole m2-quadrupole m3-monopole m3-quadrupole m4-monopole m4-quadrupole
0.0088996412 19200.013 10886.716 21337.285 12650.614 24630.532 14915.975 44850.787 16071.711
0.015079122 24378.534 18339.295 24448.555 18873.211 28449.376 19582.19 54260.257 20412.618
0.021447902 22761.695 15851.795 23553.238 16215.398 28644.866 16010.918 53134.803 19106.67
0.027836608 20075.523 14195.849 20353.427 15658.533 24927.315 14521.347 45034.218 20055.89
0.034350998 17116.999 12021.763 17640.937 12724.639 20683.19 12881.015 37622.19 17009.857
0.040478868 14308.45 10245.988 14922.316 10585.086 18082.513 12432.204 32434.782 17100.778
0.046767167 12448.825 8773.2962 12735.333 9263.2546 15730.869 9385.028 28772.161 15450.912
0.053082251 11031.472 7667.0869 11448.122 7625.3399 13719.275 7961.86 25209.543 10973.813
0.059453624 10081.067 7137.7728 10435.544 6989.3015 13055.806 7775.8886 23668.265 10855.49
0.065762248 9273.0705 6570.8878 9623.7287 6420.4293 11899.615 6947.9737 21595.132 10050.442
0.071966329 8682.601 6017.1686 8847.1032 5840.4216 10874.052 6669.2695 20252.224 9390.3033
0.078278609 7522.2112 4802.3949 7782.4187 4918.373 9761.8501 5130.1126 17878.13 7886.9192
0.084703989 6738.9159 4535.2386 7056.0133 4360.0564 8658.8339 4780.3622 16307.751 7533.8931
0.090968546 5905.6208 3787.6392 6190.3231 3780.3365 7552.0888 4204.3909 14039.339 5979.0742
0.097207898 5397.8622 3615.9703 5574.2298 3516.7195 6980.9596 4084.7403 12487.581 5935.3159
0.1034763 4771.9594 3317.9114 5011.4395 3367.3251 6217.125 3981.0694 11535.533 6095.2846
0.10975764 4496.216 2925.2725 4679.5133 3135.4758 5797.7103 3545.7081 10888.659 5133.2386
0.11605431 4127.3213 2793.6914 4273.9949 2678.5965 5294.9563 3141.7677 9915.5618 5046.0391
0.12236697 3839.3253 2286.5498 4043.743 2404.6703 5049.0869 2589.1029 9459.9277 4041.2975
0.12868173 3596.8585 2282.057 3781.1281 2248.2441 4776.4658 2476.2513 8819.7372 3818.214
0.13495008 3391.4096 2155.7409 3515.9897 2216.8843 4434.204 2413.35 8332.2917 3535.9389
0.14119496 3097.9884 1923.0993 3264.3089 1970.9203 4129.574 2278.202 7719.6331 3122.4768
0.14751336 2868.9858 1725.5968 3013.0715 1754.107 3815.1561 1909.8908 7241.8135 2947.7035
0.15378651 2621.5276 1604.3274 2806.1515 1588.5988 3535.5492 1860.2894 6604.5763 2951.1112
0.16006575 2500.8724 1535.4254 2620.3235 1640.5158 3333.0117 1751.7594 6286.925 2848.2445
0.16639912 2344.1584 1519.4278 2489.6255 1605.5583 3085.7034 1769.1161 5840.1851 2908.2677
0.17271956 2189.3882 1378.0572 2318.2462 1371.4959 2957.5788 1583.239 5542.0228 2545.0436
0.17897652 2067.2376 1313.064 2161.8796 1322.208 2750.8364 1602.4893 5179.3854 2625.8052
0.18523537 1938.4338 1153.4043 2038.9855 1177.6945 2632.8651 1273.0693 4907.9542 2429.5189
0.19148068 1866.5102 1102.3464 1962.053 1144.2909 2566.5481 1237.8725 4817.6806 2142.1281
0.19778899 1757.2997 1023.6267 1861.8115 1024.2386 2378.7932 1223.1319 4553.4172 2068.655
0.20409377 1655.0905 937.61785 1764.8966 958.39642 2242.4925 994.34043 4264.9482 1782.6498
0.21039393 1562.1495 949.33882 1640.7739 945.22318 2157.8266 1216.0032 4051.3128 2271.9128
0.21669097 1492.921 925.02494 1569.5039 901.70746 2032.185 1060.3394 3811.3367 2041.6832
0.22297003 1413.2916 851.59065 1487.3185 839.51906 1905.9416 954.08245 3617.8395 1780.9604
0.229262 1341.7725 728.83418 1446.3141 784.51325 1887.7608 888.47113 3499.5095 1576.332
0.23551415 1278.9526 716.19514 1377.1106 729.31419 1782.3881 858.1206 3316.8577 1617.4838
0.24179106 1216.9069 718.08018 1287.0829 718.01827 1691.3108 858.54355 3276.2195 1599.9027
0.24808565 1180.3596 614.20002 1258.5754 643.34138 1638.264 771.6591 3096.2554 1462.4144
0.25434923 1121.1356 632.67386 1187.6703 641.18381 1552.7567 819.34639 2928.2734 1582.9387
0.26063343 1078.0506 547.72639 1139.0361 584.37281 1506.0831 738.52196 2882.6291 1487.6499
0.26692574 1039.8842 591.06427 1103.6365 614.18701 1454.157 764.29893 2717.6273 1460.9624
0.27324233 995.97146 545.3446 1055.8849 547.05932 1372.6286 684.2753 2633.488 1486.0829
0.27955297 947.81467 499.30943 1005.1217 484.22974 1343.1325 654.1725 2517.7943 1381.2902
0.28583663 920.88253 488.19895 985.87279 512.76002 1290.9142 623.44009 2492.5537 1269.6909
0.29208763 881.00008 435.68632 938.72371 461.09004 1241.4069 573.04578 2376.8492 1347.0444
0.29834498 826.94599 405.01987 897.33639 432.75982 1191.7006 525.57668 2240.0648 1297.3919
0.30463826 804.24791 414.88399 866.54395 449.57987 1133.1337 599.68013 2194.1582 1271.5154
0.31092791 772.05754 373.71872 825.09945 390.93466 1118.852 509.22685 2073.8925 1121.0877
0.31721682 747.05991 350.72035 802.60469 399.26764 1071.8293 499.60377 2003.4756 1093.3269
0.32351876 718.07465 343.03497 768.89999 373.06854 1030.2183 476.92761 1942.5101 1043.9979
0.32981682 696.09909 327.2682 755.36705 368.02699 1018.8966 499.23837 1900.9464 1030.8917
0.33611764 668.40095 306.92432 722.09099 336.08017 952.37093 419.39485 1817.5263 989.48723
0.34237004 645.00742 285.73636 697.55138 318.04878 931.84758 435.52284 1792.1857 953.20732
0.34864782 627.51813 267.47368 669.16934 269.78287 894.37637 372.25648 1713.8042 911.9116
0.35494116 595.84709 252.40056 661.30074 281.33456 859.15974 397.91661 1641.6649 983.0583
0.36119169 583.14038 256.78314 629.06784 283.44632 857.54693 388.07931 1597.6643 961.10064
0.36747671 558.26456 220.68227 601.76221 263.67397 817.06068 341.15101 1541.3324 834.70226
0.37376478 546.1857 247.6101 595.11097 264.81762 796.05309 338.01837 1499.302 880.93482
0.3800654 530.06131 207.53595 575.50287 247.23448 784.7802 323.21115 1452.4995 832.6185
0.38635399 511.16992 211.65334 555.37601 229.04028 760.09875 318.69446 1420.9255 756.69497
0.39261402 499.40024 198.98887 540.6292 226.00628 736.64569 306.3304 1365.514 755.72813
0.39892645 480.7186 184.57936 524.46623 211.56505 722.8852 312.96271 1346.0474 806.31806
0.40520732 464.95804 168.39187 501.26841 203.71133 676.36776 267.38059 1270.0351 737.15852
0.41149165 453.87861 171.27016 495.50968 199.04063 674.31036 272.21092 1271.8931 701.75961
0.41778143 439.05461 153.46251 480.66104 189.49497 650.2408 268.26197 1223.4082 715.3497
0.42404006 424.43474 164.99561 465.92428 185.69024 642.94604 263.08062 1188.2503 740.54194
0.43034257 413.53181 141.21975 449.76295 162.51582 617.22812 255.74509 1142.0243 663.23759
0.43663586 400.74716 148.94086 444.12789 173.46585 602.89115 247.83332 1121.1719 689.41742
0.44289962 387.78625 130.94009 425.9023 165.35872 586.78282 242.56808 1072.4888 687.0935
0.44916344 381.84139 125.69227 421.01246 155.87709 567.87473 238.96748 1047.2816 655.38186
0.45544141 370.09877 123.03153 408.47965 154.24032 561.38428 222.72103 1018.6432 652.00469
0.46176345 360.13741 109.92143 396.00369 140.95318 548.09407 219.14989 980.82522 608.10052
0.46806442 349.09182 102.87718 393.4154 137.73889 537.82314 210.66773 963.74359 635.51914
0.47434852 340.61189 93.40124 375.47834 124.37531 521.62879 188.26177 935.43038 570.51007
0.48063561 331.29069 89.66071 371.44966 119.734 519.07673 191.05738 919.15095 553.34966
0.48690193 325.13983 92.092513 359.20056 120.21339 487.05637 185.29424 900.96353 576.65455
0.49316971 314.03146 89.577923 351.09069 109.79256 492.07871 181.93508 865.52968 538.95783
0.49945067 306.95686 82.252874 343.13887 112.78718 470.23716 201.99817 841.07977 535.8589
0.50571591 301.51283 78.455451 334.50787 110.877 461.12262 179.22409 817.35777 585.61322
0.5119924 289.19568 75.090324 328.29169 102.6389 445.66971 166.01055 787.29932 540.66025
0.51831261 279.0693 65.415351 314.76446 95.127633 438.51343 149.30888 776.30335 506.10356
0.52460896 278.99358 69.016405 313.50057 82.956081 435.19466 139.02993 751.34202 503.19976
0.53087573 272.57518 70.855917 303.60196 91.909916 426.75383 167.34038 735.95272 513.86143
0.53715735 268.4897 64.860223 297.74883 86.863014 415.31595 156.04028 730.93584 450.89346
0.54345796 262.52667 59.101199 292.92673 85.546357 413.05486 134.86405 709.19569 495.11256
0.54974307 253.72923 50.047529 284.77823 80.891889 401.6812 133.18212 670.23986 454.92907
0.55599374 245.49655 53.260648 276.95242 76.954615 390.40591 147.59863 645.58223 447.31898
0.56228547 240.52615 41.377653 273.22841 64.21834 383.02139 131.74549 657.97675 418.38423
0.56860115 234.86114 44.366095 269.29423 70.143409 371.68702 128.63328 625.58337 415.31402
0.57488046 232.19097 38.627463 262.24669 67.74052 361.53646 135.53646 627.92767 425.33342
0.58115502 227.70207 44.071612 258.12927 67.344429 357.30856 132.48376 600.69669 440.59356
0.58743945 221.62475 36.913768 251.88702 62.817084 347.4176 114.56534 590.89348 426.43466
0.59371762 215.9099 35.791604 247.57449 62.055171 342.30352 112.25835 575.93382 375.10442
0.5999972 213.49479 36.871552 242.2231 57.550665 341.52674 112.29323 566.166 384.70547
0.60626791 206.64601 30.929602 235.4875 54.309356 329.946 102.74237 543.67957 398.70759
0.61254696 201.70518 29.660669 233.99123 55.720303 321.06474 121.0488 513.62635 365.18763
0.61884777 197.87774 25.394162 225.10502 54.70299 320.40949 101.53143 526.9237 345.81611
0.62513106 195.26939 24.449815 220.60462 47.979319 309.63302 106.69135 505.77841 389.71569
0.63140275 190.15463 23.899653 217.5386 41.331046 313.45094 98.496552 477.16169 395.67129
0.63770036 189.06282 23.897337 215.62432 42.836456 309.0614 93.141898 485.12159 347.61135
0.64398578 183.60072 20.864556 212.27543 46.12579 297.34767 87.341232 471.83402 349.62726
0.65026854 179.81347 17.49741 205.91484 46.654267 286.62928 84.4293 455.21452 375.55941
0.65655861 176.32821 23.287272 203.24414 44.756318 290.00303 95.326201 444.40448 338.25083
0.66283693 173.26408 22.238481 201.60352 33.903273 276.31631 105.52982 434.59172 349.13216
0.66911854 171.09735 10.614219 195.16813 36.061398 272.65015 96.82325 413.03003 320.42011
0.67540702 165.2524 13.096932 191.00896 36.574622 271.43093 85.065795 410.85308 345.09609
0.68168355 164.53711 12.551595 188.17273 39.241844 267.55833 84.519068 403.32996 304.39705
0.68795925 160.35438 13.77456 186.50473 33.689638 258.00144 79.817924 389.45254 307.50816
0.69423443 157.66491 13.035232 182.0872 32.366701 250.66644 79.694602 379.37053 298.36501
0.70051754 153.74953 13.601561 179.69481 28.699791 250.33227 70.220759 363.37598 296.11046
0.7068125 151.51639 7.0848251 176.0489 25.202962 249.58169 77.009178 364.72397 278.41208
0.7131019 148.32504 8.0496255 169.66869 31.621257 241.85758 83.531866 359.304 282.05238
0.71939183 145.75881 6.6381229 170.74269 26.555817 233.39243 79.545763 347.31477 286.51497
0.72568338 143.79299 10.481541 166.00874 31.29069 232.05847 66.157409 334.01695 295.20403
0.73196527 140.93953 7.3633023 165.79619 30.397984 228.81368 75.794708 338.30878 279.64114
0.7382508 140.34643 3.2533253 160.47421 26.890002 225.58501 57.733876 326.61492 249.47934
0.74452658 137.91908 4.9850186 156.84464 22.816457 218.42778 64.442205 307.53604 283.17543
0.75078711 134.83718 3.3913863 156.38737 21.837572 220.20921 64.409583 313.66061 246.72314
0.75707585 131.82201 2.5992333 154.15494 26.385522 216.26483 63.184763 290.70202 255.02052
0.76336412 128.67335 5.9448689 153.03532 21.963406 210.02896 63.915974 290.98906 249.82146
0.7696463 129.27791 2.4970326 148.74069 21.231338 207.4311 59.01133 288.21215 262.96321
0.77593949 126.43775 4.5955464 147.48878 18.918296 208.92883 69.270321 276.93958 236.20658
0.78223291 123.13079 1.9239165 144.06659 22.59268 199.37856 58.82848 268.70269 253.32719
0.78853149 122.27656 3.6970959 141.37768 18.691575 196.49278 61.105483 269.03014 257.36239
0.79478966 117.75454 -2.9158665 138.05042 19.069304 191.76342 59.506906 255.74184 253.57901
0.80104911 117.96507 2.5934328 137.43423 14.502753 189.43137 50.485522 255.14369 224.10219
0.80733641 115.16948 0.68476964 136.54645 20.853579 188.91414 62.237332 244.46486 239.32362
0.81362295 113.30394 -0.69020546 133.44021 19.312647 187.89287 52.337206 237.50634 235.22724
0.8199153 112.66747 -0.93339562 131.6604 18.646882 183.88796 63.651433 239.85199 205.48156
0.82619526 110.57513 0.30270279 130.57709 17.443714 182.53805 46.732303 222.04069 224.19579
0.83248971 108.33114 0.74048113 127.29919 18.031966 177.58331 54.909518 223.99619 234.43008
0.83879593 106.71919 1.1591505 126.66052 18.773222 174.7951 56.438764 216.82723 223.30425
0.84506346 105.68589 -2.4933938 127.72866 18.230674 174.4935 56.125662 212.12748 214.33351
0.85132829 103.9578 -0.96630945 121.9892 12.050335 171.63025 56.944224 206.5298 198.58385
0.85761983 99.890738 -1.3954685 120.55039 13.00306 166.23371 45.565571 190.94279 222.06897
0.86390585 101.58551 -6.2505679 119.01195 10.852934 162.49796 51.798426 198.68443 188.67057
0.87018387 98.936595 -3.0113283 118.81027 15.446819 159.55002 42.748418 189.93744 194.07008
0.87646411 97.738566 -3.6993027 116.32222 12.53523 158.41114 51.188297 182.01372 184.39932
0.88275039 95.848868 -5.2964043 113.05562 9.7567936 157.53191 42.260938 179.00448 207.30334
0.88903328 95.702706 -4.091021 111.58539 12.917721 156.20875 37.289229 171.77017 187.01091
0.89530842 95.849346 -5.4386316 111.95335 10.747262 149.92255 44.366571 178.14606 192.44444
0.90159565 93.163515 -5.0329684 109.19273 12.92841 149.32411 45.039991 168.24175 179.9848
0.90788333 90.35803 -5.168373 108.34236 10.405262 146.71415 43.926471 159.2651 207.56727
0.91417441 89.957801 -6.1588739 107.06623 11.401803 144.16244 44.848958 160.57248 193.56072
0.92046308 89.668286 -5.1471752 105.65474 12.341922 143.19823 32.386638 167.4062 197.6006
0.92674344 86.64603 -2.3295161 104.28637 5.9718673 142.59495 42.504317 151.58516 174.89419
0.93303242 86.932355 -4.9793851 102.91558 9.9800559 139.75487 48.585039 143.20262 183.29105
0.93932658 84.946207 -3.5398247 100.18351 9.0081546 136.88957 40.003697 139.81341 192.43332
0.94559748 83.158727 -3.3353443 99.396054 11.036288 135.61732 37.451834 145.30363 179.98667
0.951866 82.840849 -4.708464 98.91277 9.8868624 129.22386 43.349612 132.87538 156.98687
0.95814133 81.889627 -4.7495711 96.973306 8.5830669 133.62617 34.986111 131.45428 183.52449
0.96443509 80.205253 -9.3005789 96.165273 7.4152167 131.45939 40.433453 122.22609 166.03254
0.97073556 79.844323 -8.6051209 94.030062 7.3720428 127.17173 40.483026 125.20866 167.64333
0.97700808 77.23426 -4.8049999 92.015805 6.033596 123.27904 34.864363 122.79273 169.38159
0.98328233 76.390637 -4.9381417 92.427835 7.1627767 124.3018 39.812427 120.3429 175.07704
0.98955697 76.438821 -3.9135375 90.813895 5.3304196 122.7091 42.930361 118.75419 169.68577
0.99584563 73.890667 -7.6042721 89.32896 8.284207 120.76002 38.046163 112.24203 131.84011
1.0021362 73.640535 -7.0005453 88.309409 6.5444852 122.11773 33.792723 105.4263 150.81473
1.0084048 73.805311 -7.217684 87.645049 7.6501611 117.66426 30.754924 107.61598 172.05428
1.0146941 71.947088 -4.2411608 85.534499 7.8680573 116.29579 32.413492 105.9939 150.65615
1.0209926 71.890848 -7.5498672 84.697834 7.6773582 112.21458 36.329033 96.302277 155.42035
1.027274 70.553731 -6.0938074 84.39914 8.1668333 113.43249 40.886938 99.492974 172.27684
1.0335592 69.057707 -6.3455018 84.642824 9.1044349 111.5553 28.963977 96.041317 164.96815
1.0398476 68.399394 -6.9169076 81.55418 4.493013 106.97433 38.269386 91.325632 139.49131
1.046127 67.629001 -5.111819 81.538929 6.0938585 107.92132 34.301264 98.54345 142.36949
1.0524034 66.88758 -6.1713945 79.572215 3.877553 106.0049 29.644062 87.639991 156.05888
1.0586807 66.950446 -6.1895141 78.208986 7.0232826 108.31904 28.77615 85.143191 147.78501
1.0649643 64.854782 -5.7767714 78.46473 8.5142616 104.01599 31.071108 81.792391 145.8943
1.0712568 65.619894 -8.8592332 75.429408 6.2407131 101.47728 32.131763 83.707024 146.56348
1.077544 63.655633 -5.3558901 76.462882 4.9590725 99.059585 37.446294 75.033883 136.18183
1.0838248 63.248475 -6.127674 74.914773 6.8446327 102.04794 30.016216 74.598956 135.24569
1.090108 62.688824 -8.26598 74.136567 4.6626598 98.328336 27.127813 64.026462 131.98819
1.0963897 61.628001 -7.6729944 73.294642 3.5190994 95.582201 33.429227 70.20734 138.39226
1.1026811 60.865749 -10.068097 73.952571 5.1019051 96.198928 27.952786 68.499784 128.54423
1.108963 60.211049 -7.5635256 73.975484 3.9358842 92.33452 31.210389 71.881049 112.59379
1.1152254 58.921069 -8.0823493 70.202316 1.607812 90.174141 31.822954 70.732426 117.72566
1.1215021 59.025235 -7.5017159 71.642785 2.1351665 87.437892 27.208479 61.691156 132.3794
1.1277926 58.858978 -4.8194395 69.727559 4.6887263 89.609958 30.334468 61.470787 130.90883
1.1340896 57.262292 -6.6522966 69.53892 3.4064863 90.2177 26.910327 59.375984 126.14094
1.140364 57.501184 -6.8966015 68.283755 1.3726639 86.834985 25.766343 64.922061 113.28778
1.1466392 56.867629 -8.0028159 66.930193 3.9974856 83.483103 30.543857 57.531812 127.94819
1.1529424 54.465622 -5.6106623 66.772641 2.4153787 87.168068 28.085954 53.116685 123.15231
1.1592289 54.896679 -6.8947265 66.111734 3.2143334 85.451545 31.174189 50.796274 115.542
1.1655087 54.253385 -7.2904799 64.475046 3.0324581 84.569849 24.73589 50.946884 127.12429
1.1717931 53.708111 -5.9236697 64.251809 3.8602183 81.093233 26.00079 46.076359 117.65346
1.1780874 52.653688 -4.1492407 64.71182 4.316776 80.380395 27.589459 46.095873 120.5477
1.1843677 53.022218 -8.1676442 63.84408 4.2784916 81.213878 24.212064 42.639668 124.01655
1.1906346 51.713769 -4.5489168 62.238007 4.3848725 81.180374 21.539854 44.639306 119.28571
1.1969122 51.56881 -7.5357605 62.596055 2.0337043 78.777386 25.59855 41.501719 107.70206
1.2032016 50.876622 -6.7817193 61.678458 1.2873697 77.009231 24.589865 43.068391 108.70833
1.2094868 50.597345 -6.9811606 59.892958 5.5404124 76.305648 24.086758 38.344447 110.05604
1.2157639 50.073504 -5.8321326 59.749752 3.4992396 75.880771 27.340724 45.148594 115.66415
1.2220498 49.601871 -7.4106017 60.149475 0.43515795 75.033975 30.064338 35.814346 102.48056
1.2283406 48.965209 -7.1299883 57.765347 2.3980673 74.941668 26.176496 36.130382 106.2648
1.234633 48.703158 -5.8735443 57.49405 0.65012764 71.462382 25.566887 32.413119 108.11865
1.2409022 48.140137 -7.6911383 57.00014 3.6144546 70.311599 23.083634 32.422297 92.377897
1.2471748 46.765948 -5.8568582 56.175664 2.0217288 70.385373 21.820662 35.341956 110.31468
1.2534655 47.313579 -6.341025 55.869593 3.4192781 71.625483 22.650124 30.862023 103.24113
1.25975 46.535862 -8.1309798 56.029125 5.2652456 68.389167 24.368228 31.836846 104.11256
1.2660321 45.914542 -5.3965251 56.634765 0.98617092 67.939827 19.000216 28.074733 108.02134
1.2723163 45.105947 -5.8028254 54.491547 0.25034755 68.842784 27.582589 28.8622 97.482437
1.2786042 45.3661 -5.7908515 53.805462 2.2050605 67.175237 24.876927 29.613049 87.914145
1.2848866 44.100831 -5.99239 53.476386 2.3702671 67.379292 21.973947 23.795183 92.066213
1.2911754 44.298306 -5.0517701 53.955285 1.367927 65.623133 27.03743 23.000589 96.592892
1.2974657 43.831789 -6.3386255 52.213876 2.0677154 63.635794 22.244265 21.436697 103.14888
1.3037418 43.618469 -7.0497656 50.572951 4.025094 62.749205 24.900308 25.354976 102.2878
1.3100173 42.784721 -5.2615058 51.151793 -0.78209619 64.284294 20.737066 17.82366 88.680472
1.3163014 42.039811 -5.1356246 50.768231 2.5434349 62.936795 20.445272 20.40423 89.285817
1.3225868 41.418835 -5.6676371 49.684213 0.060212908 61.141215 21.104828 18.094333 97.788706
1.3288655 41.002315 -6.903258 49.660946 1.2473385 60.107174 26.407129 14.660111 100.32098
1.3351448 41.145046 -5.4372659 48.978887 1.6907494 60.879902 17.500634 18.631889 87.940123
1.3414405 41.127805 -5.8359667 47.679144 1.5765639 60.29544 20.326933 16.199436 89.58729
1.3477309 39.893452 -4.7903438 48.296006 -0.025504126 60.642892 18.603969 17.059657 84.788215
1.3540016 40.171507 -5.7405551 48.363011 3.7231008 57.180566 20.964674 18.63237 83.75929
1.3602826 40.061393 -7.2148879 47.652691 0.47019537 56.459604 17.57194 14.672153 93.248607
1.3665657 39.05656 -7.5371895 47.755574 2.0328994 56.046489 21.914851 14.425572 88.043004
1.3728515 39.043648 -6.3913375 46.223232 0.96748438 56.818299 18.711921 8.5362824 90.756112
1.3791354 39.086484 -5.7363166 46.305327 2.0591315 56.047749 20.37107 11.981232 93.265224
1.3854096 38.557866 -3.6476871 45.047057 3.424739 54.524806 20.93635 11.524795 78.513947
1.3916986 38.011675 -5.2411709 44.983496 1.5156368 53.212672 19.151427 13.483884 85.656153
1.3979845 37.349178 -7.923376 44.517367 -1.1008455 52.09109 19.955677 10.976849 81.051533
1.4042679 37.62574 -6.0533944 44.219123 0.92410396 54.33598 22.150179 12.242315 76.203817
1.4105548 36.845485 -6.8824374 43.88165 1.5264131 53.008219 20.94022 9.962084 92.825089
1.4168378 37.123306 -5.1502634 44.106452 2.8107219 51.077956 21.451959 8.4373112 90.301849
1.4231182 36.438382 -6.0832448 43.495477 0.22681042 50.695103 20.374268 7.5673194 86.411528
1.4293978 35.602358 -5.9794455 42.293501 2.2269811 53.150774 19.155819 7.9839146 85.73213
1.4356869 35.555554 -5.8063142 41.89157 1.6504561 50.163044 16.733989 5.7743186 80.877693
1.4419771 35.611155 -4.9824243 41.588633 0.66981874 48.665539 21.432293 7.1268704 78.814802
1.4482537 34.432742 -4.5150538 41.975114 0.82071972 48.109277 24.021445 7.4313638 70.760439
1.4545323 34.421758 -5.8784919 41.172956 1.061935 48.227086 16.502125 6.0143304 82.00732
1.4608193 34.040601 -6.0217325 40.179997 1.4661854 47.197816 16.629312 7.5878875 85.608825
1.4671104 34.423698 -5.764121 40.268358 1.5968303 47.199617 14.258914 6.4484205 67.50941
1.4733929 33.822422 -6.2703895 40.390653 2.619273 45.544704 15.050727 4.0191453 78.636393
1.47967 33.466525 -4.6309836 39.904326 0.99592419 47.955766 20.659365 1.1257797 70.311276
1.4859561 32.885807 -4.083734 39.788052 3.1287095 45.87076 15.011548 7.4579857 72.016289
1.4922336 33.28901 -5.9053062 38.422414 1.2506219 47.320666 20.480442 -3.7864813 68.936581
1.4985025 32.671545 -6.0671542 38.356237 1.3144384 44.562868 19.427936 1.0346221 70.022364
1.5047858 32.02266 -4.3751753 38.131945 1.3972333 45.140691 20.573987 2.1063942 70.569389
1.511076 31.86128 -6.8736879 37.23755 0.78219925 44.228371 18.375835 2.2176556 69.487375
1.5173616 31.999966 -4.888791 37.033879 1.0613546 41.873071 19.349158 0.4042688 59.060786
1.5236486 30.996269 -5.7887521 37.540803 -1.1141963 43.292113 18.943606 4.3084391 70.104113
1.529938 30.815159 -5.109531 36.230251 0.38985335 43.902266 20.431089 5.129048 66.266858
1.5362302 31.20021 -6.3191942 37.023454 0.4333651 41.353611 20.917523 -2.2221106 67.538186
1.5425107 30.530357 -4.4963121 35.965207 1.3173031 42.479003 16.433414 -2.8647279 71.81311
1.548784 30.145902 -5.2196507 35.31826 3.0999183 41.593245 22.474738 -0.073593511 64.748689
1.5550731 30.608616 -5.009112 35.866091 1.9168796 42.316574 15.450803 2.5766919 64.105203
1.5613573 30.194135 -4.3391361 35.177326 2.4379121 41.246773 14.98827 0.53749681 66.891447
1.5676291 29.307153 -5.405742 35.432097 1.0151541 39.955979 17.176749 1.0235928 65.648142
1.5739137 29.440015 -4.542674 35.194847 0.099967623 38.356263 15.246541 -0.88229619 60.844869
1.5802035 29.326514 -5.1885351 34.999943 2.0099211 38.22543 16.633143 -1.4898423 57.910771
1.5864854 29.193074 -4.2219935 33.785355 1.2726078 39.620713 17.112506 -3.7268754 61.588275
1.59276 28.381895 -4.938497 34.100651 1.464715 37.703654 19.953557 -3.3896543 59.543443
1.5990464 28.524829 -4.441418 33.377315 -0.029755906 37.584433 19.00851 -4.1736708 57.780275
1.6053421 28.441321 -4.0259551 33.912079 1.8164075 36.205939 17.998335 0.1768055 66.666734
1.6116199 28.762592 -5.176641 33.211764 2.859238 35.721304 17.036583 -3.5918436 66.302211
1.6178976 28.135193 -3.9862578 32.353516 0.47457936 36.441733 14.045708 -1.3372573 56.744797
1.6241832 27.654933 -6.0953632 33.261578 3.4277288 36.503848 19.075328 -2.3845173 55.891151
1.6304646 27.415293 -5.3570093 32.003813 2.8248876 35.772025 17.771104 -1.343284 59.224228
1.636749 27.525898 -3.4186335 31.761785 2.4349301 34.675779 16.327451 -2.9687572 59.180216
1.6430309 27.348593 -4.6227878 31.384063 2.2703461 34.039431 13.680187 -3.5100788 62.166901
1.6493092 27.207999 -5.0762086 31.011847 0.15318939 35.024331 17.592483 -2.1438309 62.983625
1.6555936 26.479719 -3.615877 30.901592 0.25158801 33.019525 13.208137 -3.5852927 61.544206
1.6618796 27.083756 -3.736395 31.491117 0.30165656 33.357294 16.458676 -2.0489402 57.307849
1.6681694 26.614057 -4.7997396 30.556042 1.2599396 32.601608 15.142851 -4.246546 54.729841
1.6744502 27.095383 -4.2650659 30.458116 2.2873081 33.370166 18.245447 -5.5259187 48.339162
1.6807227 25.953135 -4.8527446 30.47068 2.9084633 32.808793 20.505698 -5.294482 57.882654
1.6870139 25.938357 -4.6644385 30.197454 1.564438 32.897374 12.964344 -3.5902881 53.843079
1.693309 25.402873 -3.8471647 30.261157 0.35559062 31.16224 15.739896 2.2992316 56.650156
1.6995821 25.772074 -4.6675919 29.616662 1.6023038 32.972721 16.373544 -2.9822072 53.13041
1.7058637 25.715441 -5.0508646 29.824508 0.69968207 32.892441 12.957288 -6.1119816 51.23505
1.7121544 24.505066 -4.4047967 29.380674 1.1165352 31.284118 12.40935 -2.2520346 49.074564
1.7184384 24.588762 -4.0382825 29.559627 0.92948356 31.798528 16.532532 -2.7972717 47.432651
1.7247213 25.022682 -4.0935896 29.205452 0.80852645 30.215788 17.586328 -1.9230133 49.801729
1.7309974 24.321388 -3.2631433 28.650829 2.5935715 30.266634 18.374245 -1.5558723 46.68163
1.7372871 24.318333 -5.0656212 29.026151 0.51215271 30.768857 14.316633 -2.9034431 52.772108
1.743568 23.9434 -3.1149139 28.46009 1.5288512 29.671024 18.405294 -7.3318316 45.107595
1.7498407 23.805287 -3.8844485 28.39789 0.13310048 30.659752 16.482193 1.0446614 51.150397
1.7561285 24.036669 -4.8482606 26.928459 2.7905186 28.777853 14.948842 -3.0694886 54.04382
1.7624135 23.281748 -4.4235458 27.235733 2.5212233 30.368661 14.526583 -2.5492474 49.987639
1.7686962 23.80028 -4.7823262 27.202863 0.54557511 31.032203 14.922313 -4.8440228 52.083915
1.7749794 23.731687 -5.3492802 26.971447 0.72910519 29.585106 15.038939 -1.620651 42.073466
1.7812656 23.317264 -3.2764749 27.014627 1.7472759 27.27994 15.258536 -1.2563417 47.440388
1.7875494 23.381368 -4.0617463 26.49259 2.3778545 27.054342 15.528712 -0.53057162 45.222688
1.7938341 22.983028 -3.582774 26.278161 0.9475284 28.160505 13.287877 -0.52942493 43.776334
1.8001151 22.989981 -4.0501774 25.947584 0.66133727 28.079071 14.811428 -5.4711276 46.142964
1.8063939 23.407454 -4.9567652 25.436879 2.2186216 27.713253 14.129269 -2.9925526 45.666289
1.8126741 22.671997 -3.996036 25.714305 1.7457247 27.866211 15.579899 -1.6069079 40.04987
1.8189569 22.64749 -3.6574307 26.657138 2.4772074 27.580709 13.872694 0.096922503 46.153695
1.8252442 22.120279 -3.4647671 25.82273 0.20254742 26.499804 11.586586 -1.1908835 43.162138
1.8315273 22.732225 -4.2518598 24.576984 1.5946985 25.306499 15.390906 3.3310337 49.041556
1.8378113 22.192942 -2.6991038 25.966594 0.66410875 26.869206 12.384179 1.1201604 40.505737
1.8441007 21.680626 -4.4858059 25.462664 0.90878702 27.687701 16.785201 -1.1361918 34.659735
1.8503848 22.303096 -2.806464 25.019168 1.9140899 25.049532 15.827717 -1.3110883 42.743722
1.8566661 22.168369 -4.1480347 25.256487 3.1503652 25.958934 16.318685 0.57990875 44.689631
1.8629477 22.014799 -3.0779976 24.970734 1.4298499 26.470486 18.025777 -2.1840178 40.429605
1.8692293 21.609039 -3.6800388 24.073662 2.0154585 25.137042 15.104306 -1.5213932 44.336882
1.8755176 20.99577 -3.0486996 24.478684 1.7857059 24.96635 14.960412 0.18356525 38.414935
1.8818008 21.530353 -4.011372 24.137175 1.2119912 27.20131 13.202189 -1.5474238 48.816216
1.8880789 21.213519 -3.2774258 24.020726 2.7039454 25.653647 12.520303 0.14824633 38.082462
1.894354 20.542281 -3.6208501 23.769207 0.18438787 26.030302 13.459678 -1.5148045 38.106649
1.9006427 21.086889 -2.916287 23.960734 1.3263006 24.961661 12.753416 2.1519453 37.479856
1.9069335 20.904706 -3.067565 23.788547 0.98711232 23.807492 15.574811 0.5415554 39.509965
1.9132076 20.407916 -4.010076 23.760196 0.27818648 24.149825 18.113658 -2.8374867 35.143272
1.9194909 20.969569 -2.7989247 23.44844 1.4011992 24.072487 17.142335 -1.0221843 45.113583
1.9257769 20.288579 -3.7875668 23.07629 0.13886043 24.929963 12.610828 4.1392372 34.87095
1.9320645 20.231604 -3.1229839 23.559875 0.74953823 23.522943 17.431231 0.1567417 36.818642
1.9383426 20.674898 -2.6032952 23.006947 1.1752712 24.60107 11.704061 1.0590938 35.276869
1.9446183 20.221689 -3.0830697 23.017569 1.7008046 24.605026 13.813085 2.4636615 40.866037
1.9509063 20.145056 -3.3695614 23.20888 1.3805418 24.731291 15.366696 3.8493275 40.595026
1.9571946 19.896279 -2.4871003 22.842808 2.5342189 24.230847 14.934511 3.4225175 37.511462
1.9634796 19.575219 -3.3011684 22.268461 2.5052656 22.695742 15.412105 8.164877 36.307005
1.9697604 20.088707 -2.6660686 22.500243 2.1563306 23.178282 11.762951 2.9623061 32.420809
1.9760484 19.874543 -2.1926331 21.867261 1.5225613 23.898983 12.301503 4.1643358 31.058975
1.982338 19.189745 -2.7891012 22.539736 1.5985422 23.112364 15.629667 3.2080033 29.705345
1.9886175 19.499501 -3.084578 21.7975 1.0557066 23.296681 16.658184 3.6024798 37.5034
1.9948963 19.320404 -3.1306884 22.070646 0.99757591 23.368257 13.256514 7.3728373 40.766597
2.0011796 18.861276 -3.4512182 21.907819 2.4752389 22.736594 12.608948 6.0052208 34.671464
2.0074598 19.150242 -2.7008218 22.008216 0.9173857 22.514835 13.260172 5.1013946 29.33412
2.0137374 18.933028 -2.4497116 21.662768 0.83725109 23.374052 16.049035 7.2377209 36.604109
2.0200172 19.42883 -2.8306773 21.586471 1.6859397 23.546122 15.242045 5.8477316 27.274089
2.0263103 19.578051 -2.9430657 21.1276 2.1141383 22.624633 14.458556 3.3299156 32.334796
2.0326005 19.223036 -3.031333 21.820687 2.410385 21.773468 14.675561 5.1809963 34.701959
2.0388739 18.608128 -2.6835842 21.151666 1.9772536 24.498836 15.389059 6.0896759 29.63826
2.0451541 19.070539 -2.2438238 21.455144 2.264401 22.687431 12.426589 7.1457007 30.34938
2.0514447 18.719861 -2.2307836 21.065511 1.8771087 23.766919 13.96754 8.2210961 28.336751
2.0577304 18.582936 -2.0751862 21.299731 1.7552393 23.710753 12.459675 9.7365077 28.088285
2.0640139 18.836841 -1.4386402 20.979199 1.4334158 23.721337 11.194653 7.3596656 34.035694
2.0702999 18.270617 -2.9385731 21.188501 3.0130214 23.604278 12.202546 10.794181 33.114642
2.0765897 18.712556 -1.8727832 20.970735 1.9437416 21.172313 11.045653 8.3925697 33.544917
2.0828655 18.902772 -1.9723454 20.871491 1.6656715 22.19316 15.687747 7.2564246 27.724382
2.0891345 18.158911 -1.9320434 21.094789 2.5013091 22.567149 12.86947 13.603795 26.348955
2.0954242 18.06716 -2.5061297 20.627501 1.1619638 23.232294 10.11875 10.980154 26.778518
2.1017071 18.290866 -1.6535651 20.424043 1.7129926 22.766107 14.228776 13.114602 27.036242
2.1079865 18.477485 -2.5921022 20.30125 1.3224422 22.033416 13.373332 8.6434354 23.285722
2.1142718 17.919716 -2.5197419 20.538994 1.9887049 21.885106 12.619029 10.674073 27.069756
2.1205527 17.62075 -2.7659383 20.07581 1.6634609 22.358388 14.130107 13.719546 34.978471
2.1268369 18.356797 -2.508761 20.97486 0.65652329 23.689478 13.985849 10.505174 32.224968
2.133122 17.807575 -2.3317822 20.434935 2.1906679 22.073638 11.148367 15.747535 30.960809
2.1394117 18.18825 -2.5658475 20.500132 2.1410038 23.028009 15.663022 13.895654 19.879681
2.1456971 18.183634 -1.8320171 20.070532 1.3524695 22.350845 11.797895 14.566937 30.607313
2.1519735 18.010346 -1.6210932 20.365195 1.0657961 22.133682 15.528282 13.368011 20.891439
2.1582599 17.679865 -2.103972 19.918457 2.3792914 22.271623 10.547578 15.437522 29.969955
2.1645454 17.885271 -1.9777504 20.006468 0.47284564 23.042508 12.315925 16.971599 33.341796
2.1708307 17.787582 -1.9919436 20.197604 1.0480618 23.580549 12.880308 16.754805 25.019671
2.1771141 17.709563 -2.4706845 19.739385 2.2337172 23.245785 12.862941 16.809608 26.897979
2.1833876 17.564786 -2.1649817 19.310622 0.78921732 24.800428 10.894779 17.16626 22.744316
2.1896703 17.686264 -2.9217803 19.719906 2.6923003 22.478263 11.027066 17.764449 27.22059
2.1959601 17.907879 -1.6789436 19.886751 0.69389202 22.778552 12.121623 19.614905 21.046233
2.2022426 17.766713 -1.6151078 20.085242 2.543525 23.132421 12.929461 20.29849 25.108497
2.2085217 17.898741 -2.0408519 19.817395 1.1947528 23.156694 11.992801 21.613329 24.697276
2.2148046 17.909285 -1.6655142 19.18163 2.7212527 22.917651 13.963984 22.084863 22.64418
2.2210926 17.625183 -2.2545203 19.451159 2.1463618 23.022256 13.473403 22.136608 21.557951
2.2273729 17.717494 -2.5763321 19.761026 2.1799272 23.84966 11.118007 22.227008 25.069223
2.2336572 17.499943 -2.4154596 19.418134 1.841555 22.919079 10.113941 22.541148 24.615552
2.2399435 17.893741 -2.1025403 19.627252 1.6808354 23.353981 13.030427 21.229032 22.813488
2.2462242 17.363387 -2.0904989 19.470619 2.5179596 23.602956 13.283956 23.470807 20.66385
2.2525064 17.305997 -1.8630817 19.269017 1.9804881 24.658075 10.77977 23.658071 25.195473
2.2587834 17.186539 -2.7618927 19.54561 3.8422244 23.770581 12.642478 25.630088 18.814908
2.2650691 17.765769 -1.1106455 19.595037 1.223458 24.144158 12.130025 26.575235 21.139506
2.2713504 17.752347 -1.8381418 19.980918 1.7672096 24.800938 10.165588 28.166695 23.900068
2.277634 17.418474 -1.6133071 19.581314 3.0607915 23.289514 10.194562 26.974216 22.376929
2.2839224 17.17865 -2.5351047 19.654444 1.483243 24.018928 11.012972 26.014154 19.489121
2.2902029 17.010598 -1.6597938 19.27046 2.39051 24.592395 11.162345 27.131059 22.995304
2.2964908 16.898574 -1.4152857 19.635463 1.6357189 23.233648 11.110167 27.14548 21.480628
2.3027718 17.401299 -2.0724882 19.349526 1.8919084 24.770102 12.304756 28.558395 24.453984
2.3090514 17.453646 -1.8137631 19.486279 2.2218216 23.239756 11.359577 29.747849 21.276132
2.3153385 17.035978 -2.6181949 19.968287 1.952941 26.35522 12.29894 31.080706 24.936567
2.3216273 17.017445 -1.3397788 19.205862 1.3918575 24.688409 10.77658 29.579463 25.147557
2.3279119 17.778436 -0.95967537 19.650521 1.3608581 25.719939 11.076287 32.35373 16.526573
2.3341862 17.331331 -2.678712 19.865441 1.0385776 25.891987 12.079614 28.825273 19.559791
2.340468 17.433932 -1.6622478 19.735186 1.4531447 25.54684 11.280446 34.034795 26.11652
2.3467569 17.228958 -1.5720603 19.768845 3.6499702 26.661878 10.216933 31.210918 15.424753
2.3530444 17.448177 -1.655512 19.63272 3.6148939 24.672735 10.804265 33.452599 13.540295
2.3593277 17.497662 -1.980414 19.545212 2.5968373 26.818763 11.684486 36.684447 20.997606
2.365603 17.365262 -2.1806816 19.491954 1.4766203 26.037326 9.8583164 36.581567 22.467572
2.3718859 17.368067 -1.944061 19.575382 2.4413519 26.83983 9.5052316 37.094622 13.071114
2.3781733 17.343402 -0.99465519 19.43852 2.1084187 27.43763 11.709956 35.300972 16.39587
2.384454 17.443467 -1.2819714 19.64494 2.1645035 27.973389 9.81109 39.668017 21.523545
2.3907364 17.492285 -2.2076397 19.845089 2.2279191 27.6893 10.327472 39.578606 20.387394
2.3970141 17.32698 -1.277583 19.598457 2.5744332 27.938863 15.346014 39.8657 17.102501
2.4032955 17.368622 -1.3252338 19.490257 1.5152816 27.310812 9.8012822 38.196913 15.507666
2.409585 17.452472 -1.5758424 19.652003 2.2127736 28.846783 7.4296548 37.01702 18.333733
2.4158717 17.480497 -0.89283856 20.446472 2.268258 28.165351 7.5215198 42.725309 16.280335
2.4221607 17.42049 -1.3548837 19.946188 1.1217528 28.497027 9.9579448 41.609077 15.12866
2.4284402 17.344121 -1.8533283 19.737811 1.6625047 28.225932 9.5724346 41.402502 16.343586
2.4347175 17.426098 -1.1168754 20.201207 1.7811552 29.22985 10.100307 45.916907 20.1549
2.4410025 17.669566 -1.989156 19.930883 1.2102992 29.064646 11.458798 43.653388 17.590653
2.44729 17.565133 -1.1799015 20.348411 1.955735 28.737951 10.088374 44.50683 14.091227
2.4535718 17.787221 -0.83286469 20.195216 1.876101 29.257259 11.933582 46.918881 13.681293
2.4598527 17.527891 -0.98532082 19.881893 2.446889 28.355589 9.6762295 47.180178 15.769007
2.4661392 17.724303 -2.2275207 19.716498 1.1685039 29.427312 8.3495806 48.167979 12.79391
2.472422 17.667056 -0.86152095 20.288887 2.1599133 29.229293 11.231505 50.608495 12.636846
2.4786985 17.750059 -1.3659362 20.403261 1.8938023 30.897682 8.4252121 51.399211 11.456531
2.4849808 17.53947 -1.1552457 20.492461 2.3015904 30.029276 9.5999981 49.197147 13.888
2.4912693 17.691727 -0.34840586 20.339991 2.4047254 30.998441 11.497206 54.093742 10.775454
2.4975485 17.970756 -1.239303 20.709315 2.407898 30.945401 9.9704406 54.024875 14.225999
2.5038317 18.075313 -1.2183306 20.745112 2.6503976 31.69576 8.4683684 52.886371 18.574371
2.5101179 18.044128 -0.75607794 20.458015 2.1120114 31.122254 11.536301 55.098262 16.844324
2.5164007 18.180888 -0.89746817 21.276677 2.6578418 31.286202 7.1647308 56.013607 18.704192
2.5226882 18.234035 -0.76317815 21.264259 2.5564605 32.132378 8.969708 55.142338 10.583425
2.5289717 18.465923 -1.4141445 20.802409 2.1077603 32.372021 11.084197 57.652149 12.277967
2.535252 18.110492 -0.56425385 21.06321 2.119844 33.329529 11.323854 55.889095 10.573019
2.5415375 18.284022 -1.6360582 21.152241 1.8364206 32.869674 11.180742 59.327247 16.918483
2.547823 18.267134 -0.68459056 21.126261 1.8350672 34.677143 10.402183 60.375947 16.002027
2.5541007 18.318772 -1.3539205 21.104999 2.1184263 34.516947 9.4533529 62.976394 14.508866
2.5603768 18.571471 -1.8166299 21.115834 2.1833227 34.37297 10.961561 63.142751 15.172189
2.5666675 18.820399 -0.94960666 21.259752 1.8394527 34.753675 12.195502 62.777086 13.783923
2.5729551 18.41445 -1.4461242 21.321828 1.5380749 34.89849 13.496865 64.127066 12.770503
2.5792338 18.716785 -0.8711264 21.278079 3.0563839 34.698183 12.195917 65.896703 13.792894
2.5855202 18.784473 -0.94058239 21.751994 2.1987743 35.546788 11.954711 67.451354 5.542281
2.5918051 18.472496 -0.36768286 21.928844 3.6485431 35.912137 9.2253225 68.256202 14.816761
2.5980841 19.149339 -1.8207448 21.714928 2.1584301 37.069867 11.029798 70.006319 10.468638
2.6043604 19.484193 -1.6124858 21.64991 1.9514922 35.351365 11.228195 70.539333 11.599924
2.6106472 19.244808 -1.0503705 22.260199 2.3150601 38.249948 10.679305 73.684893 11.217465
2.6169319 19.203418 -0.77064586 22.096865 3.2618494 38.334953 7.7990013 71.525688 15.408572
2.6232061 19.513273 -0.65121807 22.441875 2.8453515 37.434761 9.3251059 73.054772 11.078239
2.6294916 19.734083 -0.93899784 22.324191 1.79972 38.754393 10.896325 75.896416 11.237807
2.6357785 19.478885 -1.0380601 22.371402 2.088188 39.346516 8.3006197 75.324474 11.210669
2.642061 19.669733 -0.42815495 22.677461 2.0968699 38.479366 9.3870954 74.502969 12.398696
2.6483438 19.631207 -1.7832079 22.879639 2.5565506 40.142823 12.090747 78.613851 12.052488
2.6546318 19.943117 -0.38785307 23.133318 2.4713892 41.128304 10.423118 77.307964 6.0397852
2.660919 19.906397 -1.2915351 22.826794 2.2411618 40.437235 9.397841 78.813728 13.332769
2.6671985 19.927068 -1.1091802 23.265828 2.5730539 40.142596 8.6428702 80.584293 9.8783455
2.6734843 20.051993 0.18940245 23.40595 1.9996426 41.627192 10.411913 83.465103 13.051636
2.6797734 19.969287 -0.39650828 23.430666 3.0079372 40.71672 6.0028488 85.645715 18.597405
2.6860582 20.300935 -0.95343217 23.593601 2.1690606 41.688797 9.9958412 84.956237 8.4224877
2.6923387 20.58948 -0.88531471 23.731639 2.5540571 43.077547 8.9997086 87.685964 9.9845832
2.698618 20.423168 -1.5080661 24.523055 2.9094462 43.010687 8.4990566 88.591779 7.0999741
2.7048955 20.536202 -0.88162759 24.109066 2.7663882 45.048226 7.1196496 88.804319 11.582969
2.7111757 20.770387 -0.41720484 23.946164 1.9057868 45.709731 11.372306 90.103509 13.806102
2.7174598 20.593855 -0.98174751 24.858809 2.2777659 44.99399 8.8578895 92.855771 8.4231883
2.7237457 21.017536 -1.0244309 24.80299 3.1461298 44.965406 9.6528709 91.449139 7.6166954
2.7300384 20.939743 -0.97855836 25.047902 1.7153841 45.104571 9.1890652 94.909008 8.6195698
2.736318 21.150045 -0.76033127 24.890752 1.169193 46.502373 7.9644746 95.874719 8.4396672
2.7425919 21.405455 -0.9754031 24.636354 3.1016981 47.84518 10.072326 99.247503 9.1772183
2.7488797 21.15344 -1.1655756 25.258104 1.5874068 47.239553 9.8187396 96.812886 6.736637
2.7551634 21.555008 -0.98591028 25.441746 3.353551 47.625116 8.8451464 99.978577 13.961293
2.761447 21.627335 -0.97135236 25.347777 1.699643 48.848291 5.9803194 103.04014 10.042297
2.7677321 21.951038 -1.0822128 25.622833 2.4732879 48.171011 9.7946197 102.47374 8.479852
2.7740155 22.205322 -1.7224107 26.377137 2.5994371 50.120084 10.614339 104.28394 15.835224
2.7802986 22.375922 -1.3242472 26.514817 2.8886594 51.720246 10.334071 104.51324 9.1604379
2.7865775 21.703672 -0.68300456 26.669537 3.7147378 51.418463 8.7408465 107.26829 15.92824
2.792858 22.472483 -0.78678874 26.81003 2.2536329 50.37273 9.7968835 108.62588 5.6793331
2.7991438 22.465984 -1.6914989 26.547515 3.040464 53.093706 9.7080413 110.82881 2.7954657
2.8054301 22.629097 -0.50601326 27.260608 3.4511155 52.184344 10.156808 113.04018 9.7145761
2.8117151 22.782918 0.12439348 27.548726 3.3850622 53.554226 6.3134783 112.45701 10.784929
2.8179893 23.078139 -0.2735687 27.198085 2.4669823 54.711667 9.0740214 114.82346 10.679572
2.8242692 23.318506 -1.467458 28.195783 3.2114297 54.730489 11.710084 117.63784 9.1583154
2.830563 23.707042 -1.3609713 28.194322 1.8970725 55.233012 10.877322 119.529 8.0883282
2.8368488 23.230989 -0.57388594 28.318334 2.1562705 55.916225 8.1644207 119.76829 1.5195714
2.84313 23.645064 -0.10735379 27.955404 2.4433572 56.655307 9.359324 121.60222 5.5281661
2.8494139 23.997946 -0.58704546 29.18521 2.6381462 57.403562 7.7370839 123.38476 9.578954
2.8556975 24.16355 0.15400041 28.78312 2.3494133 58.718082 8.2442938 124.55181 6.380199
2.8619788 24.312139 -1.1434743 28.88523 2.2235432 59.330219 5.1851393 129.15992 12.474103
2.8682625 23.903345 -0.98264047 29.525346 2.0586331 60.7126 6.0564009 127.29932 6.864487
2.8745474 24.737401 -0.9679945 30.051008 2.1895422 61.307584 9.5074213 130.06351 5.3723954
2.8808311 24.249067 -0.27357046 29.651865 2.916865 60.97247 7.3361925 131.94211 6.4173028
2.8871132 24.951854 -0.99850131 30.144373 2.8396326 61.904003 8.6739271 132.4007 8.0426185
2.8933945 25.37122 0.17636008 29.891358 3.482205 61.607339 7.4444531 133.66558 7.6202764
2.8996737 25.63913 -0.18847685 30.793677 2.1841419 63.571282 9.9098197 136.06247 5.0498594
2.905954 25.624194 -0.64029819 30.750667 3.0874488 63.680043 8.7343894 138.44914 10.109907
2.9122411 25.807098 -0.14130535 31.400823 2.2049202 66.089377 10.132682 141.26857 3.0469455
2.918526 25.644854 -0.81548637 31.735163 2.7602634 66.475717 8.8969872 142.96678 4.8808895
2.924809 26.357731 -0.39811234 31.33181 2.6129989 66.998244 8.4183916 147.4696 4.473735
2.9310959 26.281435 0.018583274 31.804139 2.1444701 67.668604 10.659946 147.67715 7.2585694
2.9373782 26.647135 -0.62697991 32.276605 1.9575106 68.766895 7.9657587 149.3284 10.582278
2.94366 26.861978 -0.080444493 32.89845 3.2129797 69.829852 10.930589 151.92488 1.0122063
2.9499465 26.965627 -0.55401862 32.562419 2.8477416 70.132083 8.8964079 151.66209 -0.44912013
2.9562277 27.224556 -0.92702575 33.467442 2.0302466 71.760681 8.7877603 153.64364 5.5677021
2.9625105 27.434268 -0.63668716 33.602532 2.5980515 70.994923 8.0679125 156.76979 3.721942
2.9687965 27.677841 0.073311649 33.765852 2.6997989 72.131416 9.794165 160.07322 5.2626976
2.9750777 27.910285 -0.099923079 34.392694 3.0963538 73.697107 9.8169234 162.40525 1.2108745
2.9813599 28.132663 -0.10240204 34.7838 2.2026925 74.031336 6.3829588 163.51701 5.551134
2.9876468 28.364356 -0.96369881 34.87721 3.8750066 75.901924 10.200497 165.6794 3.0536773
2.993929 28.370838 -0.78576866 35.256126 2.7793943 76.404583 11.801899 166.77392 4.3567875
3.0002062 28.803802 0.3239116 35.748955 2.5209231 77.578179 8.5958847 168.42822 8.1912254
3.0064862 28.91557 -0.36198195 35.732657 2.5618478 77.333776 9.1275267 170.61361 3.2735284
3.0127698 29.465295 -0.35776324 36.449228 3.0098159 78.583458 10.826593 172.72627 6.9575513
3.0190531 29.762155 -0.1771329 36.427202 2.0210312 79.662717 9.6533141 176.37223 2.9067166
3.0253374 29.79066 0.55909163 37.054025 2.1232147 81.304375 9.5346375 179.63056 0.36541617
3.0316237 30.242125 -0.28754141 37.974744 2.1541716 81.671499 7.0735332 182.54101 5.2419357
3.037909 30.587498 -0.71943071 37.697361 2.1957312 82.707143 8.9567156 182.17367 8.0748137
3.0441951 30.747078 -0.33831307 38.34824 3.1062613 83.669146 7.9966799 184.07984 -0.40132551
3.0504755 30.876365 -0.55815436 38.354789 2.2441966 85.147397 10.049419 188.20946 4.632476
3.056755 31.466481 -0.6740488 39.172847 3.4448467 86.520131 6.3967894 190.4155 7.1301768
3.0630405 31.619582 -0.43120853 39.471153 3.0124322 88.006437 7.6492293 194.93328 -2.277698
3.0693237 31.995367 -0.35877964 39.895082 2.2006604 89.098881 9.3852245 193.15637 4.0207669
3.0756107 32.140711 0.10324884 40.198684 2.7045655 90.552707 8.3132786 199.92233 1.5985576
3.0818938 32.369087 -0.1830622 40.185129 2.6537515 90.578362 7.2568922 200.47676 3.8389043
3.0881745 32.858071 -0.1234328 41.189884 2.9704552 92.297659 7.1253598 201.31857 3.8004928
3.0944586 33.212886 -0.28584116 41.469974 2.8745522 92.751715 7.6262881 205.61874 0.90966217
3.100744 33.411536 0.10280563 41.830856 2.6282815 94.754892 6.5503701 205.87718 5.0470011
3.1070281 33.740956 0.25308119 41.914094 2.1296509 95.119218 8.4814065 210.18214 7.9059933
3.1133093 34.147172 0.15235171 42.671244 3.5093086 96.931685 9.6131822 212.90505 4.4401863
3.1195907 34.582029 -0.66334537 42.891509 3.0085961 98.195711 8.6453192 212.99136 2.6128431
3.125874 34.727848 -0.87364798 43.578236 1.7335532 99.21988 9.4453604 218.50043 3.5407562
3.1321593 35.398995 0.200321 43.866579 2.8957902 100.27212 7.4404274 223.38577 11.043606
3.1384392 35.290024 -0.65551923 44.256743 3.1825492 101.27637 6.5141642 221.48597 5.8572656
3.1447239 35.719295 0.036002453 45.011735 3.2831161 103.54166 8.711207 225.86562 1.1957797
3.151004 36.126465 0.21637679 45.516069 3.3938277 103.82705 8.8181192 227.14605 7.2488113
3.1572837 36.472946 0.3066804 45.803916 2.975462 105.65507 9.991592 234.41747 6.7260616
3.1635693 36.921724 -0.30006989 46.672321 2.8402244 107.26444 8.6827614 236.42627 6.9124729
3.1698517 37.024008 -0.39873445 46.967865 3.591012 108.09694 7.92238 236.98173 4.1930196
3.1761377 37.445386 -0.47322135 47.422769 3.3571566 108.97791 8.7672917 240.2759 1.5777312
3.1824209 37.885659 -0.36060637 48.319755 2.4077023 109.79815 8.820192 243.01306 1.5375549
3.1887028 38.13154 -0.41236393 48.111463 2.9132153 110.4926 6.1972553 245.52742 5.2883727
3.1949905 38.964098 -1.7107359 48.885733 2.5344515 112.99708 8.8624842 247.66464 2.8440103
3.2012753 39.030144 -0.13433615 49.241297 2.0818657 113.63667 6.9933802 253.03945 5.4477162
3.2075514 39.441484 -0.70725258 49.613282 2.7485502 115.76605 7.9111609 256.18093 5.337985
3.2138352 39.803394 0.016105823 50.294617 2.8638706 116.06071 7.3369438 259.96137 3.636184
3.2201226 40.322511 -0.14444285 50.986048 2.1831455 118.44426 7.6569136 263.12882 -3.9267814
3.2264067 40.502562 -0.39773267 51.622247 2.8423306 120.4332 7.4995347 269.63358 -2.549867
3.2326878 40.93785 -0.32152677 52.147943 2.3734344 121.49212 10.541055 269.30312 -4.1773381
3.2389697 41.351359 0.75474961 52.838585 3.6578579 123.38111 7.0600215 274.81489 4.5005937
3.2452553 41.705474 -0.43073757 53.185792 2.5873647 124.43463 7.5246432 275.84816 4.4713294
3.251535 42.234011 0.61827858 54.29917 3.9056151 127.20341 6.3993408 278.87977 -3.2360928
3.257818 42.789889 0.43291368 54.531746 3.3932586 127.55959 6.6391131 283.46002 4.6404881
3.2641022 43.128472 0.17808114 55.193015 3.1694625 129.26957 10.573693 287.59043 -1.8531212
3.2703843 43.586327 -0.65204463 56.080584 3.2306598 130.97 8.7459127 287.9742 2.5601205
3.2766697 44.33119 -0.39017353 56.381126 3.4217822 132.14755 8.5005593 292.88145 6.3652235
3.282955 44.550034 -0.20397189 56.872036 2.106134 134.48127 6.6071203 298.22988 0.76563834
3.2892374 44.980279 1.2761752 57.033208 4.5317035 135.73767 7.7912383 302.22536 -3.7893387
3.2955201 45.394339 0.73748978 58.046141 3.5226161 137.74889 9.298348 305.32161 1.5557368
3.3018068 46.043417 -0.10559425 58.633182 2.6964694 139.15643 6.8620266 309.87112 -4.2227091
3.3080882 46.548643 -0.16525853 59.37962 3.1838256 140.62753 8.106203 313.83745 -1.1766023
3.3143683 46.881927 0.47204089 60.129407 2.4799685 143.13268 7.1058297 317.53199 4.0620699
3.3206524 47.545231 -0.99952828 60.435643 3.6620594 144.29565 7.3953815 319.77161 3.1502698
3.3269318 47.907407 0.48952908 61.504447 2.7461767 145.00707 8.9517752 323.84882 2.5457743
3.3332172 48.365224 0.11890002 62.002479 3.1620253 147.86547 9.2841464 328.02511 1.4956637
3.3395053 49.110761 -0.48223831 62.973502 3.2730078 148.30591 5.545336 330.24679 -1.3467585
3.345788 49.253244 0.41893485 63.643372 3.5484772 152.48516 7.9276689 336.53781 0.91598552
3.3520722 50.06629 0.18372139 64.068146 3.8039907 152.22277 7.1726134 341.53983 0.50485484
3.3583517 50.347048 -0.10947696 65.134903 3.473944 155.70315 6.642098 345.6658 2.1281647
3.3646309 51.195134 -0.18829645 65.472094 3.3722164 156.60663 6.9369912 347.53834 3.2039468
3.3709171 51.673836 0.29273552 66.553027 3.7639696 159.87781 8.5881484 352.13905 4.7652727
3.3771997 52.112119 -0.45104303 67.062425 2.5199124 161.04745 3.1887913 358.22119 1.3594466
3.383485 52.435588 0.34542869 67.92082 2.5412434 163.12482 8.0504744 358.56041 4.0809706
3.3897714 52.589931 -0.287481 68.308102 2.7950936 165.82428 5.5334932 366.27502 -1.6206386
3.3960523 53.646091 0.29234593 69.496782 2.8570203 166.14447 7.0610998 371.4075 -0.054490059
3.402332 54.61135 0.57226118 70.121365 4.8198122 168.21646 7.2981778 375.43891 4.0112007
3.4086109 54.789024 -0.29599513 70.959778 2.3210645 170.79037 8.7487961 380.32041 4.3440466
3.4148974 55.519328 0.13283811 71.840312 3.1566189 173.06301 7.7970487 384.79856 2.6630311
3.4211808 55.922313 -0.37062823 72.740339 1.8894738 174.7382 6.1576895 389.57867 0.74223643
3.4274635 56.939966 0.41497781 73.361949 3.772482 176.59463 10.217718 394.72702 2.0312686
3.433751 57.190837 0.090743929 74.098894 3.6471618 179.61291 9.5226263 396.90821 -0.3836251
3.4400336 57.744044 0.11719725 75.320999 3.2928428 182.22106 4.0944738 401.71439 -1.9315228
3.4463146 58.979828 0.7188395 76.231218 3.8878709 183.98297 6.4035491 406.03747 0.7965451
3.4526017 59.126346 0.71169068 76.929178 3.190918 186.18687 8.5673431 411.58528 -2.3533376
3.458885 59.899734 -0.088143493 77.584291 3.2988259 189.03137 6.9480614 419.49034 3.2345551
3.4651654 60.635416 0.88107901 78.645277 3.2168856 190.29702 4.77447 424.04637 0.7779567
3.4714502 61.104207 0.44257954 79.47761 1.852263 193.5752 6.1760289 426.90715 3.9603784
3.4777353 62.162864 0.59830755 80.369904 2.4532176 195.5509 6.8949354 431.1706 1.1374237
3.4840204 62.528773 -0.033946023 81.099385 2.5272731 197.05746 6.6616743 437.27666 -0.51262059
3.4902984 63.09326 0.093628987 82.032997 3.4956697 199.50721 7.7288025 442.90975 -1.4797733
3.4965841 63.937169 -0.074408621 83.22964 3.3419721 203.28794 6.9999936 448.79404 4.5781324
3.5028697 64.383228 1.175562 83.470218 3.5741078 205.51161 7.8404185 454.47647 -0.38130665
3.5091472 65.306645 0.46324094 85.002443 3.0749253 206.83842 6.3917616 460.90423 1.931449
3.5154293 66.054863 0.26600476 86.224753 3.3664509 210.54127 8.2697402 465.43196 4.6093115
3.521711 66.735457 -0.59381701 86.862475 3.2693619 213.72616 9.0125534 470.3489 2.0609075
3.5279924 67.576745 -0.28019438 88.358566 2.7939408 215.89465 5.6354743 475.88857 1.3846577
3.5342782 68.225499 -0.16650047 89.100395 2.730174 217.62379 7.5984017 481.51796 -2.8827269
3.5405659 68.867225 -0.13764202 89.810251 2.6111445 220.01819 8.8054764 488.35727 -0.30648874
3.5468474 69.603439 0.033295134 91.306201 3.2069778 223.62072 6.7281956 495.41387 1.0503001
3.5531332 70.557904 0.25555102 92.088013 2.9514913 225.26767 6.7366957 498.43976 -0.90983336
3.5594194 71.122568 0.33896297 93.625783 3.2791751 228.84438 7.1250549 507.89685 3.182952
3.5656987 72.254147 -0.10836341 94.438134 2.4476547 232.02287 9.1205801 511.85098 -1.8651963
3.571981 73.465366 0.31540998 95.408877 2.6197983 233.47066 7.9899441 517.74765 -2.3410809
3.5782681 73.616116 0.59862051 96.480762 3.8066414 237.72695 3.9391941 523.82133 1.8567104
3.5845504 74.880888 -0.21633109 97.171331 3.2311464 239.75778 7.456166 531.75914 -6.338075
3.5908286 75.443708 0.031684945 98.460395 3.6210064 242.17057 6.4322928 537.37906 3.5567632
3.597109 76.093879 0.40738799 99.904401 3.4335856 245.93401 7.2911082 544.29794 -2.7616117
3.6033947 77.481242 1.1306187 100.75903 3.2326693 248.4252 8.1648945 549.48117 -1.5219617
3.6096758 77.898381 0.637897 102.31302 3.8547596 252.08836 8.0462789 557.14549 -0.79598482
3.6159574 79.124183 0.032767807 103.3188 3.8487567 254.84211 6.6010124 562.87494 -1.0323834
3.622243 79.454463 -0.18630826 104.52716 2.7984522 257.34962 5.7819219 571.88394 2.6260935
3.628522 80.501113 0.22687901 105.78024 3.0347128 261.36739 8.0665299 578.87008 3.8448388
3.6348065 81.416857 0.24933401 106.94294 3.0258246 264.35658 6.57136 583.89387 -3.7785403
3.6410953 82.513305 0.17102608 107.98368 3.2401635 267.25977 8.0311364 591.78455 -2.9601816
3.647383 83.50007 0.90567993 109.51475 3.31846 271.4305 8.0034929 597.20851 -4.0667784
3.6536648 84.221713 0.55323146 111.03293 3.6573013 274.43806 8.4505024 605.70047 2.7536078
3.6599466 85.393622 -0.11709003 112.09534 2.8541642 277.26883 7.4245928 611.97675 4.9080671
3.6662338 86.090451 0.42703781 113.67206 3.46679 279.5861 6.7105954 620.67382 -3.2067237
3.6725162 87.226315 -0.22741304 114.92086 2.9762531 283.3684 4.7975962 627.14243 1.8299811
3.6787969 88.069117 0.34089179 116.12182 2.5697038 286.69897 6.3898743 636.75738 0.45397184
3.6850808 89.413138 0.34713546 116.83957 4.4096777 290.9247 7.2031381 642.88985 -0.60394081
3.6913615 90.468447 0.50290333 118.8001 3.3511314 293.92347 5.4988154 651.97817 2.1367031
3.6976453 91.327849 -0.28543409 119.86971 4.0650118 296.64693 7.7767615 656.21381 3.0072412
3.7039282 92.128838 0.15914951 120.9658 2.8888409 302.33201 4.908912 663.10773 -1.5393975
3.7102105 93.067959 0.038956317 123.5091 3.4903296 305.64049 6.6531641 671.84921 3.5505979
3.7164963 94.52872 -0.49250229 124.35169 3.234714 308.17391 6.2324835 680.91404 -0.43432118
3.7227765 95.733742 0.21562268 125.48849 3.5307637 313.02169 7.3482158 689.15975 -0.77000733
3.7290604 96.737337 1.1388837 127.34335 3.3218746 317.45583 5.3762529 697.12912 1.803205
3.7353441 97.771168 0.70356716 128.76081 3.933997 320.22587 6.7088205 705.69982 -1.2375791
3.7416262 98.68546 0.96702725 129.99641 3.931346 323.70855 8.1412303 716.30254 -0.27944915
3.7479078 99.999756 1.1948548 132.05609 2.8117914 327.56072 10.750643 722.09279 3.9401112
3.7541913 101.06524 0.63830689 133.38466 3.1461673 330.84789 7.0278514 732.81379 -1.2121744
3.7604793 102.31991 0.8590419 134.86113 4.3310995 335.78914 6.6817501 741.34038 0.16726264
3.7667591 103.68296 -0.31135676 136.3281 3.2152204 339.95282 5.7032055 748.90761 -3.2500663
3.7730369 104.06769 0.18482271 137.24358 4.1870504 342.69607 7.1165908 755.4579 1.5378421
3.7793245 104.57739 0.10998838 138.40775 3.3492031 343.71844 7.7249219 756.54298 -0.029239218
3.7856096 104.96738 0.69716471 138.37222 3.7338389 345.1378 8.9345521 760.37867 -3.329287
3.791892 105.08376 0.70073657 138.50917 4.06537 346.06473 7.1659562 760.66258 -0.036606087
3.7981772 105.30146 -0.30752567 139.57725 4.2975827 347.25118 5.7859162 764.91723 1.9950989
3.8044595 105.81254 -0.2099985 139.64415 2.4619048 348.75398 7.1893201 768.48356 0.81465549
3.8107406 106.47028 0.91432667 140.47803 2.9186289 350.27497 6.4751566 768.32669 -3.8289776
3.8170242 106.63256 -0.53213084 140.74105 4.4716904 350.95793 6.617724 774.09779 1.1669619
3.8233083 106.79367 0.59051061 141.33443 3.2902986 352.04795 8.0721915 776.01224 5.0318237
3.82959 107.13357 -0.58819285 142.24115 2.1505895 353.72316 7.9606486 782.86955 3.5199622
3.8358721 107.65877 0.14548059 142.34394 3.534263 355.74832 4.7074563 785.58411 -2.6409022
3.8421598 108.23147 0.86260056 142.78394 3.7053526 354.33827 7.0572336 784.40377 2.3883165
3.8484445 108.23174 0.7343271 143.30356 4.0078965 357.43465 6.3694421 786.56709 0.79566874
3.8547246 109.02108 0.27797541 144.0426 2.8769802 359.72567 4.4045698 791.70128 0.71664047
3.8610074 109.25382 0.54782791 144.17014 2.5212447 360.39734 8.2127756 795.34827 -0.59955483
3.8672884 109.51627 0.69879657 145.11095 3.1314235 361.82754 7.8046335 797.73339 0.49448445
3.8735709 109.53973 0.10147773 145.02551 3.6638572 362.40957 6.6527297 798.00687 -0.91073511
3.8798537 109.99957 0.16213415 145.71512 3.4365513 364.6399 2.7887521 802.40508 -3.4050643
3.8861388 110.6997 -0.26350139 146.57191 3.7843631 365.82371 3.547019 811.14214 0.90235865
3.8924222 111.0016 0.59633611 147.46009 2.7043807 367.28779 5.907334 810.42075 0.8048156
3.8987057 111.36306 0.40215779 147.1788 3.5053283 369.8556 4.2760623 812.99124 4.9092816
3.904991 111.80595 0.790111 148.2089 2.9589776 370.32704 5.3646164 817.46531 -4.236679
3.9112719 112.10146 0.97614962 148.65711 2.670241 372.80325 5.9677423 821.79781 1.5612154
3.9175547 113.08493 0.59289039 149.35879 2.6361932 373.99654 6.4001619 823.2628 -1.7546186
3.923841 113.13495 0.69047575 150.2795 3.346823 374.63143 6.3850814 824.06451 0.59374697
3.9301245 113.48998 1.1624859 150.1601 2.2352191 376.21498 7.1552245 830.86066 -2.3820307
3.9364023 113.9052 1.0742691 151.04695 1.9282622 377.93578 6.1140659 830.47625 -1.4460172
3.9426867 114.78335 1.3377631 151.72375 4.1490385 379.23405 6.3548551 837.90021 -2.4374734
3.9489749 114.7668 0.2669028 152.09628 2.7848734 380.04144 4.3041834 836.94231 2.6111211
3.9552603 115.01614 1.0325231 152.82439 3.1342957 382.40388 4.4369043 844.2619 -6.0948123
3.9615405 115.39023 0.037016088 153.3211 2.613579 384.73503 4.8579824 848.87177 -2.7512389
3.9678228 115.77631 0.84987478 153.60751 3.5999328 385.22383 6.1196657 852.18618 -0.68603983
3.9741093 116.14176 0.71516745 154.58383 2.3144774 387.49088 5.379302 851.20151 6.5679367
3.9803891 117.02061 1.2475034 155.15374 2.2811203 389.14204 4.2017635 857.34885 -3.6595449
3.9866693 117.17311 0.4451 156.23967 2.5021664 390.44893 4.9656147 859.69627 0.023280508
3.9929531 117.26759 0.99722509 156.08897 2.4853942 391.10621 7.8769025 862.57002 1.5878609
3.9992376 118.35832 0.44113657 157.68327 2.9408351 393.96275 7.8122863 868.23498 -0.21406184
4.0055206 118.83827 0.85745706 157.43743 3.0447069 394.81976 4.0051707 870.19447 1.6569406
4.0118004 118.95178 0.29879423 158.13264 2.6253082 396.16871 5.3610292 873.63201 0.59448675
4.018084 119.61783 1.3570975 158.94474 2.5155634 398.52811 1.9368292 875.99231 -0.32069302
4.024369 120.26167 0.89491776 159.98747 2.4944263 400.84839 5.0987799 883.51341 -2.0212993
4.0306486 120.51311 0.68827773 160.3328 2.2890613 403.11474 4.9815176 886.10932 -0.72721766
4.0369309 120.67421 1.2231227 160.71389 1.9729031 402.87629 4.7198673 887.41984 -1.5596964
4.043218 121.42621 0.18476836 161.81722 3.4356754 404.88623 5.5578244 896.3468 0.38336964
4.049505 122.15867 0.73903651 161.85746 3.57564 408.09863 3.2791061 897.17692 0.75403882
4.055786 122.78531 0.28376129 163.00001 3.1956442 409.60205 4.442027 901.95285 4.5243151
4.0620657 123.28575 0.4474224 164.09105 3.1484188 412.33303 7.5937348 906.57056 0.33843032
4.0683514 123.54249 0.40710597 163.95915 2.9298795 413.55701 7.1174213 908.04155 -3.8570134
4.0746341 124.05552 -0.10583258 165.48795 2.4879583 415.16039 4.5717957 914.80444 -3.4188153
4.0809155 124.68211 0.69571556 165.96166 2.6229965 416.55753 4.634683 917.70098 -8.0432382
4.0872042 124.9539 0.8441213 166.28104 2.843846 419.2318 4.3156508 920.02517 -0.17380725
4.0934892 125.89774 0.20329371 167.25667 2.6265353 420.37613 2.1184122 924.15992 2.0931551
4.0997691 126.27578 0.39639838 168.69796 1.7882272 421.85272 4.7374008 925.18785 3.196455
4.1060505 126.55064 1.1831813 168.22856 3.0725463 424.57655 5.3509327 933.93856 -0.29603504
4.1123344 127.58249 0.058115131 169.36686 3.2562869 426.46491 6.4592522 937.12028 -1.2977161
4.1186204 127.90745 0.88538495 170.50243 3.4116938 427.85296 5.1453566 943.13198 0.26070454
4.1249001 128.62517 0.14510257 171.20906 2.3646014 430.35572 2.2485416 944.89856 3.2264714
4.1311787 129.19957 1.3348937 171.98942 3.1766636 431.38321 4.3597382 951.48831 -0.46973753
4.1374656 129.71406 0.60312544 172.75787 2.4245623 433.965 3.9077842 956.33037 2.8893515
4.1437516 129.80837 0.67248672 173.46681 3.0068928 434.16175 2.7779481 955.6445 -0.066099502
4.1500348 130.6096 0.32156048 173.60274 2.1217676 439.44376 2.2609931 959.59202 3.8969587
4.1563169 131.83403 0.62980462 175.25394 1.9425304 441.27183 2.6788913 969.72927 -2.1418005
4.1625996 132.37896 0.87005726 176.0531 2.4846224 442.25149 5.0930695 972.19434 -0.60066496
4.1688861 133.0139 1.1811507 176.87162 2.0804234 445.50479 1.4507332 973.89977 -5.6352264
4.1751677 133.20925 0.57201908 177.12661 2.6153612 446.38632 4.8140615 983.65018 -1.3900504
4.1814502 133.69065 0.9670476 178.22825 3.1945615 448.53949 3.3162297 987.28552 -2.4875944
4.1877378 134.21102 0.47477163 178.9876 2.3833576 451.56102 2.525091 993.55176 -3.8801636
4.1940191 134.90724 1.115178 179.61469 2.9362942 453.41796 4.0585743 995.52763 -1.3085642
4.2002971 135.72807 0.36837776 180.01565 2.4783158 454.63907 3.7413308 999.32136 3.0900587
4.2065802 136.3222 0.68135308 182.01724 3.3077375 456.57644 2.7441525 1004.918 0.94976057
4.2128623 136.64561 0.6326519 182.46131 1.9582128 460.54264 3.3602059 1011.5369 0.94515708
4.2191458 136.99553 0.41478079 183.33336 2.3308498 462.30026 3.6322249 1016.691 -3.6198715
4.225433 137.69253 0.68529746 184.19744 3.007863 464.72728 2.857732 1017.395 4.0159271
4.231716 138.57506 0.8579252 185.02103 2.0258023 466.21163 3.7976857 1024.7231 -0.16091417
4.2379957 139.38626 0.62639441 186.416 1.2782575 469.92122 3.9511637 1028.3018 2.3504128
4.244278 140.09859 0.16903887 186.87723 1.8018065 470.21435 2.0141997 1034.8975 -0.04202723
4.2505649 140.60466 1.3925483 187.73092 1.4030513 474.03273 1.4162302 1039.5909 2.2375945
4.2568497 141.50313 0.26626966 188.64604 2.7248876 476.16779 1.5278567 1044.857 1.698728
4.2631308 141.67406 0.59519863 189.73701 2.065117 478.85009 3.3784554 1052.0704 1.0970504
4.2694117 142.74333 0.69194664 190.7375 2.9285428 481.39343 0.43695801 1055.0835 -2.231171
4.275694 143.28911 0.66761792 191.12044 1.9533429 482.85966 3.6268109 1057.2715 1.8141409
4.2819777 144.13066 0.9536698 192.57536 3.0589015 486.16451 4.5119133 1065.2572 1.481364
4.2882622 144.48523 0.62509722 193.88241 2.6742735 488.68161 2.7688317 1069.4342 4.7992326
4.2945474 145.54814 0.27964163 194.60348 1.6439423 490.29483 1.0826829 1078.0981 -0.96213843
4.3008297 146.69661 0.53122078 195.22717 1.7018262 492.03544 3.0564153 1080.3004 -1.8153043
4.3071128 147.21539 0.61768853 196.38881 1.7077213 495.86767 4.8578178 1090.2767 3.2360278
4.3133958 147.60332 0.49886295 197.45339 1.7663534 498.37016 1.922141 1096.4892 -4.9745617
4.319678 148.44403 0.121252 198.01023 1.8707227 501.7726 4.0784715 1096.08 -2.4546551
4.3259594 149.44063 1.1300879 198.88609 2.4746064 503.55562 3.2453842 1104.2044 -2.3947154
4.332245 149.94501 0.40577526 200.85297 2.5162686 507.01927 3.6431437 1110.3081 1.8168059
4.338532 150.8394 0.57663786 201.32929 2.9193312 509.24889 5.6209328 1116.8489 2.3783694
4.3448141 151.73277 0.11283072 201.93718 2.6586885 510.13803 4.6651421 1122.8617 1.2793627
4.3510961 152.63451 0.041719908 203.5899 2.0234264 515.03252 2.2881389 1129.6245 0.72206205
4.3573801 152.75125 0.67045841 204.83289 2.6013261 518.1581 3.7887696 1134.0449 -0.054338822
4.3636669 154.27724 0.48639889 205.67318 1.8000297 518.98318 2.6605873 1142.1972 -3.1692009
4.3699499 154.67207 0.3956894 206.30647 1.4843436 522.82831 3.2451258 1147.0114 -2.5872214
4.3762279 155.78074 1.0381308 207.71602 1.5965296 525.50862 2.0912243 1153.4036 2.9706917
4.3825069 156.94133 -0.27177196 208.94566 2.1423949 528.46911 2.8213178 1162.2373 -1.0105568
4.3887934 157.45289 -0.030468886 209.74703 2.8363607 531.42187 0.2300575 1165.3066 1.1434242
4.395077 158.32484 0.51615842 212.07872 2.17981 535.01805 3.9342316 1172.7139 -1.1373686
4.4013576 158.95347 -0.43243084 212.78947 3.0828816 536.94079 4.6773271 1177.572 -2.0898728
4.4076403 159.53522 1.0200766 214.09314 1.7901186 539.80169 2.6123613 1186.2114 -0.82749683
4.4139241 160.5297 1.0684318 215.07802 1.8656605 542.76286 1.5249846 1189.7217 0.85901009
4.4202108 161.60751 0.27687547 215.90478 1.7031712 546.85523 5.0710642 1199.3267 0.49280279
4.4264914 162.47106 0.48148348 217.06551 1.6200738 548.79953 1.9160018 1203.9693 -2.4192118
4.432774 163.59791 0.041616687 218.73156 1.3844036 552.12876 3.1801349 1211.0131 1.0639506
4.4390578 164.34106 0.62710876 219.68534 1.3618409 555.82136 3.1943031 1217.0769 6.8002471
4.4453413 165.1835 0.10772022 221.64375 2.1069367 558.66727 2.2751875 1226.9882 -2.0388392
4.4516275 166.18244 0.34652168 222.45712 2.4158579 563.33793 5.4361319 1232.3776 -3.2485392
4.4579123 167.13439 0.30829409 223.55382 2.6830298 567.76494 2.4817265 1237.8138 3.2019032
4.4641977 167.93511 0.51585646 225.20342 1.1305679 568.12014 1.8710603 1247.3801 -4.1020014
4.4704788 169.37667 0.8136015 226.45263 2.1405377 571.23264 2.1122708 1254.0919 -0.27549932
4.4767593 170.22819 0.89181628 227.7472 2.7237741 575.73168 3.6297235 1264.7883 0.79702435
4.483046 170.99495 0.03906058 228.25107 2.9309579 578.37569 5.2349758 1267.4688 2.2747272
4.4893311 172.07428 0.53529312 230.33385 2.3805134 582.48492 3.2635157 1274.2111 -0.31403987
4.4956106 173.09685 0.78797096 230.80669 2.1408349 584.86539 3.5335773 1285.4669 1.0530776
4.5018888 173.98927 0.89646 232.58989 2.0463563 589.08041 1.8358079 1287.0414 7.2358416
4.5081704 174.77796 0.40658491 234.1905 1.2583901 592.23448 3.7472701 1295.8657 -1.2087613
4.5144567 175.73432 0.45005707 235.6235 2.2331075 595.76697 1.6080606 1309.3443 -0.66814543
4.5207384 177.05405 0.63973436 237.23759 2.4329937 598.15125 3.0392413 1313.8257 -0.058931279
4.5270208 177.59142 0.62251357 238.36764 3.0741371 601.88861 1.0246864 1324.5659 -1.7662078
4.5333061 178.97741 0.16723098 239.37967 2.1646775 607.30543 0.20699476 1330.1127 -0.44984116
4.5395877 180.06145 0.85462402 241.20391 1.4752998 608.61089 2.0504921 1338.964 3.2024178
4.5458704 180.57587 0.87710428 242.81931 0.97218897 614.08385 4.5998333 1346.7513 0.43619788
4.5521545 182.28821 0.27552336 243.62873 1.5603259 616.87587 2.8594155 1351.6562 2.3037688
4.5584424 183.62753 0.56793383 245.59304 2.9561009 621.67662 1.4592688 1363.6553 2.3743231
4.5647254 184.52834 1.0181601 247.20685 1.8202866 625.62799 3.7415461 1369.6546 -0.1282987
4.5710052 185.9252 0.65063542 249.40665 1.8192421 627.96061 -1.5033255 1381.6025 -0.4196606
4.5772897 187.10971 0.69939218 250.17688 1.4588102 632.15298 1.8807249 1388.5832 2.5123092
4.5835734 187.8338 1.1189069 251.70404 1.0950484 638.52501 4.197387 1396.3347 4.161685
4.5898565 188.72471 0.4290332 253.70265 1.3058018 641.20905 3.9163289 1402.1159 3.7187531
4.5961372 190.45271 0.74962321 254.9058 2.5483079 645.59519 0.97998116 1414.7733 1.9398939
4.6024224 191.37223 0.13156483 256.36881 1.3635114 649.62681 2.4292661 1424.5016 1.9179426
4.6087097 192.64286 0.65382306 258.17218 2.3885788 651.42739 1.4317801 1434.7212 2.9117539
4.6149912 193.62706 0.91162143 260.12274 1.3683353 657.01731 2.2097819 1445.0516 8.2131645
4.6212725 194.8575 0.67187886 261.38784 2.2213392 661.19007 2.598414 1449.3787 0.23117226
4.627556 196.0441 -0.0002275278 263.06541 1.1734538 666.25096 -0.26122265 1461.0127 -2.4546461
4.6338395 197.32531 0.13806059 264.79883 2.5186465 669.08921 2.6409867 1466.2038 -0.046008933
4.640119 198.55506 0.1346629 266.34479 1.9332092 674.20619 2.1846511 1478.1216 2.3369452
4.6464005 199.21441 0.89503875 268.19884 1.4766842 679.38975 2.5508672 1487.3314 0.06566393
4.6526881 200.91756 1.3995804 270.19015 1.8135408 683.53695 1.3502073 1495.9108 1.679804
4.6589739 202.46753 1.2148037 271.14374 2.274613 685.96546 1.1902296 1504.8074 0.037679949
4.6652533 204.00808 0.66980354 273.15795 1.4151772 691.98652 1.3104167 1517.6634 3.029269
4.6715342 205.15727 1.2849955 274.51479 2.7354416 695.22141 2.5978669 1525.1958 1.7521714
4.6778199 205.96026 0.027149293 276.40043 2.6542272 701.95892 -0.69353919 1534.5373 4.4595
4.6841045 207.03558 0.39547998 278.46541 3.1112688 705.66402 1.3897588 1546.8109 -2.3325281
4.6903854 208.9575 -0.087029908 280.26162 1.1949886 711.76835 2.9024506 1557.0205 -4.1547831
4.6966701 210.18518 0.90090335 282.37686 2.1857679 714.89067 5.1725272 1565.379 -1.520183
4.7029558 212.52272 0.5753339 283.92075 1.0201849 719.29563 0.46578502 1572.0012 2.4284629
4.7092363 213.2173 0.86922508 285.80478 2.6899367 724.36064 1.3881807 1584.9587 3.8324908
4.7155178 214.65167 1.5549643 287.37524 1.3305028 729.17735 0.29777977 1595.3939 -0.55222883
4.7218015 215.99191 0.85948839 289.7719 1.9750406 733.58239 2.092258 1613.7033 -3.6853799
4.7280848 217.2251 0.31205811 292.06503 1.9259103 737.90512 2.4993003 1618.5697 5.2308225
4.7343673 218.95179 0.27318085 293.75984 1.6610748 744.1085 0.11900651 1626.9551 -4.3312631
4.7406505 219.73069 -0.58903328 296.19883 1.5921318 748.75274 -0.34928019 1642.4219 3.2839542
4.7469333 221.61913 1.365472 297.99972 2.1974904 754.48833 2.3967971 1650.9094 -1.7724371
4.7532149 223.36762 0.81089789 299.40697 1.8923889 761.6211 2.792051 1664.9051 -2.2660711
4.7594946 224.68544 0.68257478 301.972 3.476945 765.22069 2.508562 1674.3747 2.6707497
4.7657804 225.95428 0.23974324 303.32563 2.2190367 769.25661 3.8367732 1681.6429 0.47062273
4.7720691 227.64417 0.68571017 306.09698 0.82475251 774.33604 0.17360708 1695.7674 5.3545719
4.7783509 228.60653 0.60893691 307.64487 2.3359202 779.38553 1.4604904 1706.8638 0.95643889
4.784635 231.08825 0.95392378 309.81691 2.4939327 786.29537 -0.26290144 1722.3674 -2.030688
4.7909206 232.52411 0.82024094 311.97638 0.91546209 789.60514 2.8224832 1727.9174 -0.6629164
4.7972039 234.20806 -0.2280095 314.971 2.572034 798.18484 -0.434465 1744.6957 -5.7540685
4.8034859 235.37849 0.65291726 316.15739 1.0185296 801.4082 1.6982279 1752.2875 -2.1766245
4.8097699 237.14086 0.34085096 318.31605 1.1974297 808.09791 -0.48230754 1766.7957 -0.62842029
4.8160561 239.25752 0.098511537 320.62779 1.3665561 815.12094 -0.61034857 1783.116 0.050537379
4.8223352 240.21994 0.47639118 323.00453 2.014237 818.36815 2.5162691 1789.5084 0.92032584
4.8286118 242.63813 1.1430309 325.66356 2.1395915 824.71515 1.4904772 1806.8808 1.1076724
4.8348948 243.63548 -0.14409238 327.50483 2.4071697 830.73221 2.6783178 1816.4933 -4.1682455
4.8411817 245.22635 0.43550934 329.9604 1.7970148 836.60846 -0.79908679 1829.8437 -0.84499257
4.8474631 246.83585 0.84137107 331.45241 1.8137697 841.87459 1.6270117 1842.3639 -2.8514109
4.8537471 248.69519 1.0312912 333.63162 0.6190926 847.29516 -0.81963158 1855.1386 1.0229642
4.8600362 250.30349 -0.62802505 337.31278 0.98832266 852.73266 4.3280998 1865.1021 -5.3120187
4.8663168 253.31646 1.0212692 339.18462 1.9714283 859.73623 -1.6907004 1878.6392 0.96929475
4.8725994 253.90075 -0.65583546 342.30229 0.86374482 864.1248 4.668599 1893.9605 -6.8019923
4.8788848 255.80994 0.94784182 344.19851 1.7525449 872.98067 1.1067885 1901.7036 -8.3560198
4.8851663 257.71387 0.1048487 346.80689 1.5313053 879.77365 -0.98422971 1921.2622 -7.8076189
4.8914489 259.70547 0.87350791 349.07591 1.3847596 883.29748 -1.1220641 1928.3318 -4.3251211
4.8977296 260.55206 1.0299013 351.26011 2.4746506 889.288 0.60767984 1944.5646 0.7439028
4.9040155 263.30295 0.58561884 354.16728 2.2086764 898.11532 0.51444776 1955.2496 1.1272966
4.9102992 264.17089 1.0012304 356.33494 2.1191205 901.9864 2.2853875 1974.6421 0.19255379
4.9165785 267.60084 0.41650992 358.97825 2.1370661 910.74945 5.9450212 1989.6451 0.039322249
4.9228647 268.29395 1.2622774 361.72014 1.5402758 914.06545 1.5358873 2002.4655 1.2866135
4.9291459 269.6285 -0.38326527 364.44959 2.5057636 924.72332 1.339639 2015.5684 3.7121966
4.9354294 272.69717 0.69072022 366.78618 1.4788044 930.48459 -0.70584629 2032.4901 -3.5972036
4.9417135 274.31997 1.5594439 369.51495 2.789137 936.86232 4.7768988 2043.9663 -3.833345
4.947993 276.3546 0.52885979 372.19451 1.4150767 944.0065 -2.6595292 2066.359 -0.98537102
4.9542788 278.55015 0.45306654 374.65527 0.54547525 946.72756 1.4558595 2074.2757 -2.3343538
4.9605656 280.20366 0.60709512 377.33851 2.3524321 955.66621 0.51955927 2088.3611 -6.8120598
4.9668447 282.5299 0.40298403 379.75256 1.3119047 962.53785 -2.7049765 2102.2998 8.6591437
4.973125 284.60667 1.2737995 382.50237 2.8399018 969.11559 0.96077062 2115.964 -2.3292236
4.9794104 285.88385 1.0260881 385.31665 1.1994591 976.80885 0.83658859 2132.2887 -0.45331461
4.9856955 287.71813 0.45565439 387.91065 0.44654467 982.63627 0.071643912 2153.7152 -3.1432107
4.9919773 290.02347 0.10558635 389.92293 2.5658454 990.90378 -0.050916868 2168.2656 -0.40957497
4.9982613 291.98208 0.38260883 392.46219 0.63518699 994.39523 1.8966438 2178.2771 1.4632695
5.004546 294.69683 0.3390691 395.71386 1.5446713 1002.821 -1.6766308 2196.4818 2.5870623
5.010828 296.84445 1.3379917 398.58852 0.9686043 1012.7256 2.0966123 2214.9355 -2.8040962
5.0171047 297.95346 0.57728676 401.16895 3.0824483 1018.5825 -1.0618848 2226.6157 -2.7241148
5.0233897 301.16303 1.0856608 405.20159 0.52772672 1027.6288 1.9705755 2250.825 5.195176
5.029679 302.71193 1.3579616 406.95262 1.2365556 1031.6118 -0.37190014 2254.4576 -6.0788336
5.0359566 305.34982 0.89624874 409.70707 2.518692 1041.4913 2.467764 2275.5929 -0.9839386
5.0422388 307.46562 0.3967358 413.01169 1.746827 1048.761 1.1573532 2285.4546 -4.1090433
5.0485253 308.82006 0.92814961 415.1965 1.1138313 1058.0981 0.61792863 2311.4714 -4.434654
5.05481 311.02458 0.44248292 418.93997 1.886079 1065.7265 -2.108073 2327.9009 1.0469445
5.0610964 313.72273 1.1361143 421.40411 1.5055493 1068.831 1.3272984 2340.5572 -1.9029162
5.0673786 315.27479 0.16424135 424.49535 1.07676 1077.3153 0.89426095 2351.3649 -1.9751793
5.0736582 318.93545 -0.031638666 428.4645 2.0135935 1083.7909 2.2577346 2372.4509 -6.7111216
5.0799396 319.79431 0.76839613 430.52228 0.53021423 1093.8361 -0.066587019 2388.7154 -0.77566108
5.0862233 322.38837 0.6619777 433.93266 1.0721662 1103.3326 2.0555325 2400.3897 -6.7928328
5.0925057 324.082 1.0706832 436.40675 0.96260927 1107.9476 1.8879428 2418.1182 2.170474
5.0987925 326.60956 0.16514132 439.64082 1.6294968 1115.9541 4.0767714 2432.3458 7.9244041
5.1050771 329.14771 0.73197377 441.57434 1.413286 1121.8032 4.0149526 2450.4158 4.6500377
5.1113517 329.92585 0.063323455 444.24086 0.42161697 1129.0902 1.6305925 2469.879 -6.4592626
5.1176364 333.24745 1.1425182 448.58708 1.3828383 1133.8454 2.9243639 2483.9396 8.8122951
5.1239216 335.52417 0.57542247 450.67933 2.4494866 1143.7774 -0.65586929 2504.7953 3.0427954
5.1302023 337.95231 0.89363627 454.98757 1.7591339 1151.9575 4.9510479 2523.0225 4.8756551
5.1364866 339.60859 0.52810687 456.58314 1.5585016 1158.7377 2.2733039 2539.6759 -1.1972457
5.142773 340.8915 1.0040738 460.85537 1.1040766 1162.6363 2.940833 2549.5657 -9.3336642
5.1490575 344.32378 2.0142768 463.99233 0.23455019 1173.3632 0.10199147 2558.9755 2.1964543
5.1553345 345.88972 0.074940273 465.6784 2.2489929 1181.003 1.7312498 2581.6343 -0.60883031
5.1616191 347.32527 0.019446755 469.15753 2.0886669 1188.4516 -3.2992926 2596.1314 -0.24171837
5.1679062 350.01762 0.17307804 470.57956 1.2333885 1192.4816 1.1947653 2615.7981 3.9473831
5.1741896 353.1375 -0.16136645 474.07137 3.0091911 1204.776 -0.89922081 2630.0199 1.6527901
5.1804742 354.62307 -0.42127949 477.48166 0.56515572 1215.5604 -0.36767839 2645.0312 -0.63591154
5.1867588 355.0088 0.96054259 479.22929 1.2609545 1216.3347 2.6297085 2669.6497 3.4414722
5.1930392 358.75773 0.72299555 483.45156 -0.72876564 1224.6777 -0.7676469 2674.5561 -1.3969916
5.1993169 358.37307 -0.31906104 483.96443 1.3374732 1231.5123 -0.33054046 2679.0562 2.9278126
5.2055993 362.84637 0.14365261 489.66291 0.81744965 1241.0668 3.7062897 2711.5006 -7.2100513
5.2118847 363.74708 0.18819698 490.57803 -0.66841168 1242.8857 -1.0487247 2715.1108 -6.1751572
5.2181682 366.43733 0.65713159 492.88155 -0.36974563 1249.024 0.61727838 2737.8599 3.8017081
5.2244496 368.00416 -0.0068205781 497.0458 1.0143265 1257.5412 -1.9876514 2752.7632 1.1161287
5.2307264 369.37757 0.65745352 497.78613 0.32422127 1259.8093 1.9479168 2760.1712 9.6597916
5.2370131 371.9982 1.6596845 500.9669 1.4905025 1274.2706 -2.6415017 2789.8742 1.9580305
5.2433065 372.98513 1.0839244 501.68778 0.48281098 1272.3183 0.86280343 2790.9852 -5.5305453
5.249585 375.0894 0.23623608 506.85435 0.69272698 1283.4692 3.0479081 2805.4044 -0.57562785
5.2558663 375.77622 0.97689583 506.20437 0.0080440884 1288.2049 -0.47411947 2807.6136 -2.9359114
5.2621526 378.16455 1.155966 508.6588 1.4726216 1290.6554 2.1186083 2823.7917 -2.022605
5.2684309 379.79193 0.60633606 510.67645 0.94764133 1301.5656 0.20858089 2835.9169 7.3776262
5.2747057 380.62632 0.92640826 512.26053 0.73725194 1298.3689 3.0437065 2836.2952 -3.2098701
5.2809908 382.61108 0.53826511 515.58217 0.45390592 1307.7239 -1.6000485 2851.1235 6.214812
5.2872799 381.90927 1.3366673 516.75049 0.13179563 1308.3143 -3.6817911 2852.6654 -0.96850172
5.2935635 384.71469 1.1699357 519.53547 1.2906602 1315.389 0.66282091 2875.8976 2.4841606
5.2998464 384.84391 0.25728538 516.87939 -0.55449459 1318.3069 -0.13541826 2874.2515 -12.249853
5.3061314 384.85302 0.84077278 520.70588 2.6783966 1317.1852 1.1114298 2883.0113 -2.6515649
5.3124149 387.05537 0.42334209 522.1419 0.96311693 1323 0.17674893 2892.5813 2.2109936
5.318692 386.55867 0.0080379811 522.11064 1.1657071 1322.3892 -1.3601058 2891.0901 -0.78632245
5.3249765 387.54728 0.57946872 523.16154 1.6273135 1327.7738 -0.14883871 2886.8628 10.447691
5.331267 387.28889 0.13233276 522.95416 -0.22457081 1330.7324 -1.9404255 2891.646 4.6057345
5.3375504 389.04746 0.18437673 523.47729 0.59855113 1327.9264 1.4953196 2897.4937 0.063990586
5.3438299 389.76737 -0.44655427 525.09956 0.32768616 1332.9844 4.3270447 2902.7191 -1.0916822
5.3501139 389.36651 0.52468653 525.72897 -0.66557732 1330.8974 0.90921491 2907.1077 -0.93770146
5.3563991 390.91604 -0.18177697 528.17641 1.7413537 1335.4582 -1.6698777 2915.562 0.75307707
5.3626817 391.32665 1.183369 528.30686 0.96686362 1340.5062 -6.1077092 2935.3651 -1.1002196
5.3689622 393.63646 -0.49529123 531.40969 0.50678335 1343.7003 -6.158797 2937.0334 -1.4231553
5.3752458 394.26225 -0.21854468 532.13712 -1.2946179 1348.4298 -2.1122596 2951.9297 -2.6445519
5.381536 395.14826 -0.58323524 533.50383 -0.20910425 1354.727 -2.6587965 2969.8153 0.90475169
5.387813 397.01269 -0.10703935 536.14516 0.56129792 1357.8828 -2.2208844 2974.4675 -0.93142184
5.3940916 398.59775 0.76042197 539.09982 -1.1004899 1364.3166 0.88565467 2979.2688 4.1166996
5.4003822 400.15544 0.43967191 541.03787 0.59267877 1367.4893 0.4231783 2982.9565 -7.9451174
5.4066644 401.88287 1.233262 539.03905 0.72772253 1378.2866 3.7245897 2992.4281 -1.7975936
5.4129375 403.29178 0.25537163 546.30953 0.82655531 1383.1136 -0.040502721 3027.535 6.7511328
5.4192183 404.72668 1.2124858 546.54483 1.0733714 1388.2126 1.3917934 3021.1759 -2.1430104
5.4255097 406.55483 0.76655243 547.69045 1.9643375 1387.6865 -0.26191467 3051.021 -4.8758411
5.4317953 407.99025 -0.95042411 551.47485 0.14272098 1402.2763 -1.2007054 3069.4341 -6.724335
5.4380687 411.95327 -0.73400707 553.73599 0.023231491 1403.4968 1.5123814 3065.187 3.8362136
5.444353 413.31825 0.14028153 557.08203 1.0739062 1410.8033 -1.785815 3089.6697 -4.4568207
5.4506476 415.35421 -0.020447823 558.99536 2.1211067 1418.6163 2.8766172 3094.677 -4.4394387
5.4569261 416.30255 0.24185158 563.67356 1.592853 1422.8106 0.32192319 3105.1077 0.5327438
5.4632032 419.29233 -0.58480737 564.69998 1.0569221 1436.0982 -2.1883776 3129.8332 -0.57321864
5.4694906 419.00255 0.74867199 566.00145 0.37425372 1434.3514 0.30219671 3132.7098 5.0207558
5.4757753 422.91848 0.20972516 569.68847 1.9314679 1442.8914 2.1604889 3153.3629 3.3566865
5.4820552 424.0363 1.0891218 573.45865 1.3974123 1452.3747 -3.838845 3172.7548 4.4544401
5.4883448 427.38121 0.12170856 573.73297 -0.56963466 1463.3165 -0.36247242 3185.4118 -3.52028
5.4946299 429.16219 0.24205282 579.49016 1.6739571 1465.0617 -0.88677338 3204.0385 -3.0904943
5.500905 431.62856 -0.75330859 581.51443 0.58022601 1477.5896 3.4181547 3208.8523 7.3225042
5.507184 432.38314 -0.13511081 584.69397 0.28747519 1480.55 -3.2505745 3232.1611 -3.1742402
5.5134655 433.96177 -0.42650145 588.21744 1.9590864 1485.956 -0.92687834 3252.1653 2.8193628
5.519755 437.09947 -0.027993911 588.52088 0.01654588 1498.5625 1.220154 3273.2013 -5.3739077
5.5260388 439.29358 -0.70982828 592.34824 -0.78535287 1504.2176 -1.5880066 3288.1074 6.3733669
5.5323112 443.01233 0.1178132 596.97718 2.2935038 1515.5354 0.87598131 3306.852 -2.825085
5.5385939 443.44783 0.15882217 600.28554 1.7009094 1521.2934 6.0278603 3321.5335 13.480175
5.5448892 448.31718 -0.4657536 601.90046 0.26208995 1526.8881 -2.0381561 3339.1452 -3.5647575
5.5511702 448.65874 -0.8644569 607.54169 1.4860238 1543.2285 -1.4929397 3363.2349 3.139917
5.5574444 450.85244 0.88665152 608.90541 0.31415402 1546.2219 -3.8483717 3379.2202 6.4490906
5.5637327 455.42322 1.0275432 614.43498 -0.3353158 1557.8096 0.30254444 3403.7088 0.38992291
5.5700222 457.75593 -0.23092574 617.52323 -0.80020151 1563.9978 0.62277058 3406.0444 -1.0166331
5.5762966 458.97716 1.2763678 621.97102 0.36892696 1573.7142 0.0086405516 3431.0444 -10.367187
5.582577 462.68858 0.86772487 624.65751 0.26784313 1585.8751 0.75378784 3454.3159 -11.462384
5.5888758 464.0042 0.58219949 629.00245 1.2127611 1595.4771 2.1719386 3467.6433 -6.2167813
5.5951585 467.66478 0.093652535 631.13901 -0.051515182 1608.428 0.51926098 3503.2006 -3.5338577
5.6014285 472.70425 0.74230354 637.22211 -0.335793 1610.084 -2.1065522 3520.2315 -0.63439533
5.6077149 471.44222 -0.077097995 638.13467 0.97258974 1616.5785 -1.2955772 3541.2581 0.76246777
5.6140085 476.80272 -0.72092954 643.82707 -1.2765777 1631.1833 1.3563335 3566.1886 -10.644598
5.6202825 479.86523 0.4404839 647.46606 0.25339846 1642.3603 -4.032198 3587.1936 -12.06352
5.6265585 484.68378 0.40867542 651.74167 -1.6861318 1653.4676 2.0783759 3611.2918 -3.1281942
5.6328571 486.9053 0.059384874 656.3522 1.4391874 1660.2929 3.389148 3614.6954 4.8956816
5.6391437 490.33363 0.92327343 657.76705 -0.11247436 1671.1822 -1.065249 3639.2411 0.72752651
5.6454227 491.17618 0.93280924 664.05573 -0.4228128 1682.7761 3.576752 3683.1518 -0.80399246
5.6517049 494.99982 0.38226981 667.76055 -1.1717581 1692.5346 -4.5019136 3701.5688 -1.3024902
5.6579936 498.16772 0.44022793 673.1241 1.852643 1704.2774 0.34475814 3708.7278 -10.442973
5.6642851 501.16732 -0.38218765 675.8689 -0.91724969 1713.4225 3.6508779 3737.1834 3.4950637
5.6705565 503.75987 0.090766144 677.10362 -1.568753 1723.6584 -1.6568645 3777.9457 0.40281136
5.6768351 507.1624 1.8170394 684.89947 0.61803302 1735.482 -0.074450279 3781.9319 -10.746102
5.6831318 509.05214 -0.12510448 689.66894 -0.95503559 1747.1944 -0.42508468 3815.8658 4.2413505
5.6894193 515.05631 0.20194589 693.62633 1.1986838 1759.6061 -1.1650629 3833.6404 -12.621318
5.6956891 517.82363 -0.70592698 700.33595 0.99448744 1771.6416 5.26752 3864.8577 1.610868
5.7019687 522.61889 0.35334264 700.25513 0.98701641 1784.461 2.3388122 3884.3648 6.3248736
5.708269 523.70158 0.36139074 708.05619 0.76634484 1795.6383 -1.4093937 3907.766 -1.3325322
5.7145496 528.54205 1.3012869 716.78402 0.6792973 1812.2292 -0.79729255 3935.0948 -1.0263099
5.7208164 532.23917 -0.20029798 716.76216 -0.17293727 1821.0092 0.99659715 3970.6409 -11.675372
5.7271108 535.49182 -0.47613776 723.73343 -0.49361849 1827.7747 0.67362256 3997.7918 1.3193752
5.7334057 537.90709 -0.96510168 729.56365 0.18109639 1851.8071 2.6966717 4020.6687 1.6181666
5.7396772 544.42881 0.32570751 732.61889 1.3381603 1857.9062 1.2813065 4055.3674 4.4450339
5.7459514 545.79562 0.030693611 737.32645 -0.25215569 1871.3768 -0.029404908 4076.7191 -2.4617609
5.7522516 548.5295 0.033381524 744.78782 2.2015725 1885.5571 -4.1847142 4105.0865 -14.481803
5.758539 555.41632 0.90826586 752.265 0.83583174 1900.9696 -4.6234235 4136.8821 -1.0165567
5.7647984 559.8072 -0.46255963 756.66294 -0.26866093 1921.833 -2.0681399 4175.9779 -2.7901453
5.7710821 564.22089 0.12623881 758.04999 0.032854225 1922.4971 2.9917505 4198.3049 -4.5978804
5.7773798 564.61183 0.5563238 766.94481 1.1179936 1934.2549 -0.80456212 4228.4854 3.8125738
5.7836569 570.4632 -0.53694285 768.78923 -0.5847033 1955.1809 1.9305848 4270.0786 -6.3850809
5.7899298 576.27108 -1.0337628 778.66317 2.1471288 1967.4341 3.338205 4305.1085 5.9337704
5.7962218 576.12724 0.35348027 786.12487 -1.086544 1984.9468 -6.7840179 4324.0526 -4.3420206
5.8025084 583.09337 -0.16550002 786.2467 1.3524227 1995.4499 2.083263 4359.4837 8.1079865
5.8087875 586.18278 0.17935957 793.28757 1.0584435 2007.1618 1.3204707 4405.13 -2.5480929
5.815068 590.42825 0.13464906 799.43446 0.046820148 2029.976 -2.7970713 4420.5455 5.3724405
5.8213519 597.14308 0.66465424 804.79207 0.001623037 2043.5642 0.60555296 4451.1361 2.5581759
5.8276413 599.83407 -0.0956951 814.4001 -0.56127266 2061.9621 -1.71775 4495.2667 -0.873812
5.8339209 607.85899 0.015765028 822.50544 -1.2409515 2075.4616 1.1212057 4526.7633 4.7772289
5.8401987 613.68815 0.65667365 824.45827 0.12026713 2082.9933 -1.7166979 4552.7974 2.0801839
5.846494 617.10489 0.36997323 832.73108 1.2526198 2105.8087 -2.5799189 4603.3385 3.9716478
5.8527842 620.02683 -0.2232292 838.11533 -0.0098999814 2126.7704 -0.77422411 4625.0109 1.0875368
5.8590415 625.45534 2.0898038 844.99333 0.90519693 2158.0198 -1.9299405 4654.5904 16.777853
5.8653156 630.50919 -0.34022448 850.2162 1.3684363 2149.2482 -4.7366365 4710.3732 3.8167812
5.8716245 636.77524 0.17482175 858.3193 0.0079684407 2166.6872 5.941966 4730.9417 -9.894497
5.8779116 640.55723 -0.77327894 862.7717 0.86596424 2194.584 -2.5020287 4769.7336 -4.796676
5.884173 651.36814 -1.3251918 873.11479 -0.77363712 2203.0374 0.90959716 4829.4377 -4.7675348
5.890459 651.43363 0.82351888 881.6141 0.32288054 2232.5857 -1.3416351 4868.3789 4.7446613
5.8967616 659.79905 -0.3979003 887.13602 -0.1984334 2247.6656 -2.7576071 4928.999 5.8391336
5.9030337 661.82309 0.15925752 893.98629 2.2205866 2257.8785 2.0342738 4941.5047 5.3260209
5.9093032 667.07502 -0.14284365 899.32119 0.8880608 2292.1133 -3.3672597 4988.1637 -9.5549078
5.9156163 673.68677 0.43850705 910.08571 1.3488979 2303.0249 -0.48586468 5033.3814 7.9156423
5.921905 681.51645 0.42246461 910.66792 -0.92181741 2328.6677 0.4700637 5101.7484 1.6423374
5.9281521 682.90963 0.19304141 920.93533 -0.63093129 2337.4497 -1.8937366 5103.3129 -5.2318379
5.9344277 685.53018 0.10224809 931.36607 -1.016666 2368.0246 3.3543436 5158.0766 0.48352536
5.9407474 695.5829 0.52462121 936.78688 0.68674049 2379.1933 4.4433008 5199.2495 -3.9889304
5.947044 701.72425 -1.3473217 946.92606 0.23213414 2399.5776 -2.6908231 5223.5558 -1.8125977
5.9532853 710.98328 -0.24318568 962.34488 3.4399125 2421.605 0.90844636 5298.3246 -1.6343172
5.959571 713.57397 0.44919968 962.15861 0.43659466 2445.9909 -0.65157307 5354.6283 0.46444295
5.9658838 717.32835 -1.5867271 976.88657 2.3480167 2459.3244 -2.1791959 5380.8863 -8.6200189
5.9721535 721.97129 1.3170128 982.02246 0.57904688 2490.9401 -2.4623159 5445.4035 5.5142801
5.9784118 738.19516 0.027577698 987.09447 -0.49133627 2514.571 -3.3404369 5469.3597 0.24309079
5.9847161 733.25267 -0.040814491 1003.0348 1.5971757 2525.1462 -1.6557835 5520.3749 -12.945473
5.9910339 743.36541 -0.54398321 1008.2171 0.50748616 2562.5298 -4.1117728 5560.2975 2.693775
5.9972891 747.22858 0.11295234 1017.0923 -1.4901567 2585.7497 -3.0621501 5607.9178 -5.4990234
6.0035485 756.4746 0.55865732 1027.6878 -0.5768275 2588.5386 4.6317831 5677.1631 -1.7413522
6.0098611 765.0315 -1.2730311 1035.6154 0.17682274 2610.1703 -0.84004268 5746.7515 4.06614
6.0161587 774.21855 0.19162465 1045.8947 1.5820361 2653.0283 -4.6278735 5774.6442 2.6838213
6.0223963 780.81014 -0.6120651 1051.812 2.2387883 2679.9701 1.246016 5829.4784 -5.3627001
6.0286595 783.43122 0.68184775 1064.1012 -0.78295701 2693.2057 0.17370149 5884.9374 -14.672454
6.0349883 793.77688 0.50600285 1074.504 -1.1943771 2712.4637 -3.81002 5972.1533 -1.5381018
6.0412764 800.78434 1.7980384 1085.5095 0.58538375 2744.2927 -2.8270877 6009.8637 -2.7305328
6.0475235 804.40627 0.83000416 1104.0341 -0.19138641 2786.7911 -4.9364727 6027.3598 10.745287
6.0538231 817.82503 -0.77959965 1105.47 -0.44834474 2779.1018 -0.48676337 6090.4923 -10.908596
6.0601472 820.52172 -0.72541371 1108.6583 0.96093254 2832.2081 0.11385127 6166.2212 0.248781
6.0664012 828.77388 1.2687727 1131.4696 -1.306808 2854.5084 2.6008149 6278.1114 -9.4293723
6.072635 835.75187 0.31974125 1134.6806 -0.48622272 2879.1993 -0.35571359 6314.7158 5.4140226
6.0789572 847.47975 -1.2169722 1148.6427 -0.81124094 2912.3809 -2.1931198 6354.7823 -7.5120327
6.0852909 861.75704 -0.44443514 1155.5747 -1.4579369 2943.8469 -4.5174971 6413.5016 -9.6610791
6.09153 866.16733 -0.91176876 1168.6817 1.6431462 2964.3535 -0.73972196 6500.6616 -4.121722
6.0977644 871.64015 -0.19115395 1176.7249 -2.6045265 3005.1415 0.36854774 6496.6203 -4.9512742
6.1040987 882.28174 0.49792147 1191.39 -0.12655892 3028.0968 2.5874497 6587.0128 -6.5084926
6.1104184 888.9743 -1.5040425 1200.9348 1.6016197 3044.7598 -1.2286711 6673.6832 2.2169126
6.1166413 896.80045 0.57633157 1214.3309 1.4566461 3090.1312 -7.7946486 6733.636 0.044557392
6.1229139 910.85496 -0.37178271 1224.5927 0.17544808 3115.8463 0.35045157 6787.3346 -0.35928013
6.1292582 916.13738 -0.34248954 1243.5413 0.65086143 3145.8395 -1.7271328 6890.8523 -11.957377
6.1355365 925.81518 -0.20910044 1259.0825 1.3198159 3176.1204 -2.1494091 6965.8597 -16.600595
6.1417569 936.06967 -2.5700977 1258.2415 -0.20102686 3203.1507 -6.7314676 7005.6032 -9.0982729
6.1480695 949.62822 -0.74633313 1277.2631 2.4013987 3257.5303 -1.6680694 7090.3598 -7.7734614
6.1544121 955.68715 0.25891721 1292.6182 0.77810507 3263.4094 -0.95444951 7122.2962 -3.2402197
6.1606378 964.37243 -0.2104845 1304.4742 -0.49508931 3294.4842 -2.9060144 7210.7273 -9.3393006
6.1668736 977.68763 -1.2740741 1312.502 -0.11360568 3368.7087 5.9212628 7282.8055 -6.5256205
6.1732242 982.5618 1.944208 1332.277 0.86772974 3359.3281 2.4376828 7345.715 2.5408688
6.1795551 995.3209 0.5503693 1346.1254 2.3714033 3417.3481 -3.4865039 7442.1142 -4.9664404
6.1857456 999.82823 -1.1317458 1357.2045 0.083209808 3456.4616 -1.857363 7533.5049 8.9408844
6.1919759 1018.5821 0.074505703 1361.8455 -0.15251982 3479.8543 -0.012687452 7559.2247 15.339434
6.1983636 1022.9507 0.1102932 1395.1335 -0.74580674 3523.2796 -1.011603 7714.4313 6.7038872
6.2046914 1044.0221 -0.039748596 1392.7184 -1.1194484 3574.401 1.8769695 7784.537 0.0072811957
6.2108424 1055.8167 -1.006855 1420.5436 0.39466776 3612.3676 1.9545979 7868.1523 -16.657418
6.217094 1061.7767 0.90644177 1417.9483 0.69104996 3603.8014 -3.3242922 7989.3224 -11.11332
6.2235014 1068.9181 -1.5435242 1458.7388 0.66846878 3667.2838 -1.1897501 7998.6212 -0.49537645
6.229796 1080.9665 -0.97110723 1457.4723 0.34110414 3702.4342 -0.57018877 8185.5628 -2.3666823
6.2359786 1099.2349 -0.42130623 1465.5906 -1.7450765 3764.7944 0.08838556 8253.5039 -6.7352598
6.2422872 1109.0022 -0.66728244 1486.5361 -2.072917 3783.645 -0.36760432 8352.2106 5.0922737
6.2486553 1124.3622 -0.70958041 1516.5715 1.9885907 3839.0756 -2.6313689 8359.8128 11.009007
6.2548669 1133.2565 -3.086167 1536.8395 -0.043424987 3860.9825 -2.0372895 8442.8572 6.9907328
6.2611133 1149.1089 0.0323698 1541.0664 -0.18118262 3922.7037 3.3956137 8494.1261 -3.6434402
6.2675223 1157.0523 -0.11752019 1551.9158 1.3524276 3953.1732 0.64891562 8606.252 15.03687
6.2738161 1160.2249 0.38646268 1559.793 0.12705185 3982.7182 -1.9611752 8787.9274 5.3927731
6.2799176 1192.407 -2.7204727 1600.9673 -0.73746523 4096.2955 4.6317291 8843.8067 0.25441429
6.2862174 1197.3421 1.1896321 1633.78 -0.26946306 4103.408 -1.0947858 8965.5611 0.21471314
6.2927241 1211.3258 0.04258626 1610.127 0.22217458 4157.9806 -2.9266232 9086.481 3.0636938
6.2989558 1220.9006 2.9280361 1653.1593 1.5947471 4197.873 -1.1570648 9114.1823 -0.30171477
6.3049391 1206.0913 0.11432153 1674.8823 -0.63880179 4258.2893 -0.66134534 9245.4724 -3.9953106
6.3113408 1260.4352 1.3898894 1699.8849 1.5260889 4254.8145 -0.89528211 9415.3471 -14.704167
6.3179475 1266.0816 -0.94857803 1709.9566 2.9013402 4306.5492 6.0846468 9461.0636 19.515204
6.3240719 1270.6495 2.4458038 1721.6572 -0.1900417 4347.3357 2.2692155 9535.8241 7.1621159
6.3300021 1302.8916 -0.19667378 1753.0272 0.90632662 4410.6563 2.2294715 9727.2377 0.7527499
6.3365138 1298.1806 1.7367175 1760.7328 -1.0261037 4509.7633 -0.91817073 9860.5796 17.926757
6.3431536 1338.5953 -2.9187171 1805.8195 0.58388133 4482.1159 1.0725386 9930.7641 0.85660572
6.3491186 1333.8715 1.1730282 1780.081 2.3504504 4668.6619 7.4373812 10058.886 0.4775624
6.3550533 1369.461 0.67373813 1860.8416 -0.89777968 4686.1735 -3.0062639 10195.863 -4.6925301
6.3617438 1374.2201 -0.079647834 1854.231 -0.842419 4773.1287 -5.9816664 10168.016 11.783705
6.3684172 1389.2899 -0.64718997 1869.7253 -0.22672296 4850.8181 2.1073933 10440.87 -18.980233
6.3740597 1401.8798 -2.1280029 1906.7788 -0.33913338 4769.4318 -1.9221748 10412.759 8.8783383
6.380051 1427.9541 -0.81804136 1909.3679 0.2976003 4847.1508 -0.95103119 10570.74 -6.0537827
6.3869902 1397.8669 -0.91054279 1932.3852 -0.93770584 4901.0528 4.9224754 10839.739 -17.190384
6.3936831 1476.0753 0.79874224 1923.493 -2.1023224 5050.8793 -1.3747453 10788.758 -9.8256926
6.3990096 1428.9902 -2.9250801 1973.9642 -1.8205494 5214.7163 3.2866712 11101.321 18.536785
6.4050873 1475.049 0.77847332 1999.9188 2.8779445 5080.1233 -3.5041257 11140.124 -8.0893132
6.4122154 1517.3023 -0.10054563 2019.1087 0.14864019 5211.5099 -8.6398444 11092.364 13.194479
6.4189842 1522.3462 -0.38330878 2122.9978 -0.084434861 5248.1349 -0.59028848 11562.106 -7.7842637
6.4241576 1567.0485 -0.64324075 2004.553 0.6332466 5301.3502 18.005212 11948.563 -8.1564191
6.4302427 1589.7094 -0.74772949 2162.8279 -0.98568646 5239.5183 -4.4118724 11772.519 -12.823929
6.4374349 1634.9838 -0.47346137 2104.324 -3.1911671 5473.3511 -3.5100499 11839.533 10.621975
6.4442148 1626.6503 -0.59947555 2161.937 -2.3308681 5535.7981 -2.9505866 12282.388 -1.2884784
6.4492026 1624.6725 2.2498032 2177.9513 0.61629124 5603.8605 3.7918423 12608.464 15.985971
6.4554407 1691.3595 0.64052813 2217.3315 1.7517285 5460.4362 -7.7360106 12475.26 0.6202346
6.4626465 1767.0597 1.7637401 2237.9567 -1.9618042 5802.365 2.0482046 12261.325 -1.4224761
6.4687081 1671.7414 -2.8356777 2239.1983 2.016467 5918.2565 -0.38958552 12197.099 -3.8424124
6.4736854 1770.0843 -0.99826219 2331.4363 1.5302439 5907.698 1.9115436 12997.375 -1.6591288
6.4806668 1752.3469 -3.4521742 2437.2921 1.127136 5982.7105 4.4593868 12991.263 -10.579726
6.4878735 1743.0458 -0.76860531 2346.633 0.21339742 6075.8459 -6.1323653 13144.743 -3.2661942
6.4934547 1863.5209 -0.97150238 2377.8245 3.4548461 5293.5898 6.2796238 13072.868 -12.079247
6.4986714 1737.1306 -1.8562678 2433.2531 2.2016417 6019.9905 1.9006137 12442.198 -1.4200814
6.5058484 1797.8254 -0.39779197 2434.43 -1.5225779 5647.3739 1.4298556 14553.321 -2.4781156
6.5129779 2044.4432 0.62304461 2557.6699 -0.44151115 5326.088 -7.3966867 12680.121 1.0712362
6.5188016 1507.8875 -1.7594472 2614.8987 -0.67195858 7685.2857 4.6893581 14943.753 -28.089025
6.5233329 2952.7215 5.1881872 4102.2956 -2.8718929 5281.4676 -10.771825 15089.371 6.8367606
6.5296777 -179.8576 0 3478.848 0 3317.3906 0 7331.9077 0
