0.0088996412 6541.5744 4989.088
0.015079122 7825.9909 7930.7318
0.021447902 7570.3535 7056.6293
0.027836608 6711.9014 6591.6805
0.034350998 5681.0965 5477.591
0.040478868 4856.2714 4864.8854
0.046767167 4219.7964 4024.0862
0.053082251 3796.0802 3677.7922
0.059453624 3498.6032 3364.4855
0.065762248 3243.5766 3180.7945
0.071966329 2986.7432 2796.9578
0.078278609 2689.8125 2494.3843
0.084703989 2391.3 2332.9028
0.090968546 2092.0318 1996.6266
0.097207898 1862.7279 1758.3415
0.1034763 1673.8234 1586.8455
0.10975764 1551.4363 1478.0398
0.11605431 1445.7213 1368.2705
0.12236697 1372.4701 1276.1055
0.12868173 1297.5309 1188.0164
0.13495008 1218.9247 1127.1016
0.14119496 1129.3572 1035.8387
0.14751336 1040.7429 959.55924
0.15378651 945.92237 861.55007
0.16006575 880.76117 820.5047
0.16639912 818.12673 772.10976
0.17271956 773.10677 710.48988
0.17897652 727.07477 671.8265
0.18523537 698.35633 632.88528
0.19148068 672.8793 609.56789
0.19778899 635.20668 563.97761
0.20409377 601.23992 535.94855
0.21039393 562.53247 507.3092
0.21669097 527.55625 471.60781
0.22297003 498.36542 442.25634
0.229262 474.93914 419.51425
0.23551415 455.23276 405.31971
0.24179106 432.52467 381.93691
0.24808565 420.82994 371.58865
0.25434923 398.30843 347.59748
0.26063343 382.33736 326.53273
0.26692574 366.79977 314.55696
0.27324233 351.0851 302.31366
0.27955297 333.42422 282.06022
0.28583663 319.62379 275.99927
0.29208763 305.2236 259.88781
0.29834498 292.60624 245.50483
0.30463826 282.45974 234.64391
0.31092791 272.30293 224.28787
0.31721682 263.34172 216.93147
0.32351876 251.24409 206.27316
0.32981682 244.0926 198.07537
0.33611764 233.55674 186.86768
0.34237004 224.23365 178.66844
0.34864782 219.01385 172.15535
0.35494116 210.44794 165.7668
0.36119169 202.13311 161.10029
0.36747671 195.58671 150.39134
0.37376478 190.16765 146.04198
0.3800654 184.21438 141.99495
0.38635399 178.40321 136.31503
0.39261402 171.54589 129.16254
0.39892645 166.1739 122.96007
0.40520732 160.16243 119.25181
0.41149165 156.25938 114.3851
0.41778143 150.86822 110.21921
0.42404006 145.51511 104.79582
0.43034257 141.27969 100.4436
0.43663586 137.78528 96.815934
0.44289962 133.28149 92.333286
0.44916344 129.58871 89.322293
0.45544141 125.18973 84.437382
0.46176345 122.35302 82.393384
0.46806442 119.09728 80.581347
0.47434852 115.16313 76.62002
0.48063561 112.71324 73.680292
0.48690193 108.80314 69.93564
0.49316971 106.26924 67.580151
0.49945067 103.13351 64.458589
0.50571591 100.05151 61.631811
0.5119924 97.70096 59.409993
0.51831261 95.139859 57.679921
0.52460896 92.848307 55.81952
0.53087573 90.303839 52.948671
0.53715735 87.750071 51.085284
0.54345796 85.846781 49.759478
0.54974307 83.423662 46.717802
0.55599374 81.225976 44.464716
0.56228547 79.396519 43.624216
0.56860115 77.197419 41.451012
0.57488046 75.72346 41.166451
0.58115502 73.472895 38.827627
0.58743945 71.842481 37.354395
0.59371762 70.166709 35.325662
0.5999972 68.601322 34.473789
0.60626791 66.850302 32.776294
0.61254696 65.575271 31.890286
0.61884777 64.154359 30.642945
0.62513106 62.467564 28.926373
0.63140275 60.936891 28.041795
0.63770036 59.576827 26.63916
0.64398578 58.395629 26.22692
0.65026854 57.033695 24.886303
0.65655861 55.70994 23.35926
0.66283693 54.357262 22.323137
0.66911854 53.240693 21.469288
0.67540702 52.100104 20.95244
0.68168355 51.064246 19.741603
0.68795925 49.980967 19.165811
0.69423443 48.941665 18.118914
0.70051754 48.056625 17.753325
0.7068125 46.865551 16.650734
0.7131019 45.923832 16.302015
0.71939183 44.999853 14.961649
0.72568338 44.085142 14.688953
0.73196527 43.181687 13.947278
0.7382508 42.226732 13.272627
0.74452658 41.415417 12.489895
0.75078711 40.579437 12.151009
0.75707585 39.902718 11.536757
0.76336412 39.045403 10.858828
0.7696463 38.242828 10.29874
0.77593949 37.634725 9.9271129
0.78223291 36.828514 9.395179
0.78853149 36.152719 8.8637607
0.79478966 35.431748 8.268052
0.80104911 34.727167 8.0156815
0.80733641 34.09658 7.5382107
0.81362295 33.55345 7.0292055
0.8199153 32.845089 6.6483829
0.82619526 32.348725 6.3112659
0.83248971 31.639036 5.9956085
0.83879593 31.113687 5.6050451
0.84506346 30.572969 5.1563599
0.85132829 30.040238 4.7643394
0.85761983 29.502408 4.6483786
0.86390585 28.94366 4.1503207
0.87018387 28.487719 3.9589278
0.87646411 27.973587 3.5929478
0.88275039 27.438141 3.3267073
0.88903328 27.036837 3.1541034
0.89530842 26.514538 3.0018728
0.90159565 26.065931 2.488755
0.90788333 25.673363 2.3175749
0.91417441 25.232173 1.9561723
0.92046308 24.81247 1.7699081
0.92674344 24.437979 1.6454914
0.93303242 23.973079 1.4304761
0.93932658 23.602898 1.1908074
0.94559748 23.255655 0.98012807
0.951866 22.899888 0.7399847
0.95814133 22.533088 0.544046
0.96443509 22.168968 0.35828337
0.97073556 21.773775 0.11537964
0.97700808 21.470539 -0.0005393866
0.98328233 21.10181 -0.141784
0.98955697 20.821296 -0.31645787
0.99584563 20.447605 -0.4806288
1.0021362 20.181253 -0.59586102
1.0084048 19.805022 -0.78332837
1.0146941 19.58235 -0.76626649
1.0209926 19.195282 -0.9408639
1.027274 18.930759 -1.1217948
1.0335592 18.674034 -1.2353018
1.0398476 18.3928 -1.3117566
1.046127 18.108491 -1.461563
1.0524034 17.885013 -1.6042187
1.0586807 17.576603 -1.6945131
1.0649643 17.321509 -1.7475546
1.0712568 17.106717 -1.8965075
1.077544 16.873 -2.0304806
1.0838248 16.601017 -2.1279956
1.090108 16.3728 -2.1700148
1.0963897 16.158072 -2.2735936
1.1026811 15.927655 -2.37103
1.108963 15.656701 -2.3584039
1.1152254 15.496767 -2.5210291
1.1215021 15.254343 -2.5364253
1.1277926 15.071272 -2.7056324
1.1340896 14.852289 -2.6917476
1.140364 14.656014 -2.7790069
1.1466392 14.439952 -2.9035619
1.1529424 14.249214 -2.9395252
1.1592289 14.055055 -2.9643738
1.1655087 13.889685 -3.0401835
1.1717931 13.683141 -3.105359
1.1780874 13.502599 -3.1293881
1.1843677 13.328151 -3.2343433
1.1906346 13.184292 -3.2435036
1.1969122 12.980966 -3.2806861
1.2032016 12.829415 -3.3470966
1.2094868 12.648564 -3.3491863
1.2157639 12.501942 -3.4084346
1.2220498 12.343354 -3.4741404
1.2283406 12.181144 -3.5074345
1.234633 12.029824 -3.5107158
1.2409022 11.874681 -3.57329
1.2471748 11.738739 -3.621456
1.2534655 11.58159 -3.5822789
1.25975 11.450906 -3.6480472
1.2660321 11.295136 -3.6479065
1.2723163 11.161062 -3.7025969
1.2786042 11.027966 -3.7481927
1.2848866 10.893981 -3.7565826
1.2911754 10.759539 -3.7889224
1.2974657 10.619989 -3.8020789
1.3037418 10.509222 -3.8134469
1.3100173 10.373041 -3.8395328
1.3163014 10.267003 -3.870402
1.3225868 10.149988 -3.9129213
1.3288655 10.030608 -3.8938122
1.3351448 9.905178 -3.9059465
1.3414405 9.7755942 -3.9521845
1.3477309 9.6761744 -3.9421521
1.3540016 9.5551114 -3.9242968
1.3602826 9.4555559 -3.9468062
1.3665657 9.3445858 -3.9532599
1.3728515 9.2489786 -4.0165562
1.3791354 9.1489786 -4.0008233
1.3854096 9.0284113 -3.9885363
1.3916986 8.932886 -4.0180613
1.3979845 8.828604 -4.0036344
1.4042679 8.745802 -4.0415107
1.4105548 8.6465593 -4.0602664
1.4168378 8.5487009 -4.0326515
1.4231182 8.459148 -4.0526119
1.4293978 8.3578944 -4.053344
1.4356869 8.2716202 -4.0391012
1.4419771 8.1932593 -4.0599976
1.4482537 8.0999561 -4.0671377
1.4545323 8.0175894 -4.0656292
1.4608193 7.9258549 -4.0445305
1.4671104 7.8449615 -4.0720685
1.4733929 7.764781 -4.0750757
1.47967 7.6757021 -4.0698548
1.4859561 7.5984918 -4.049819
1.4922336 7.5268699 -4.0747142
1.4985025 7.4601662 -4.1001626
1.5047858 7.3697104 -4.0746792
1.511076 7.2881821 -4.0489694
1.5173616 7.2256515 -4.0799013
1.5236486 7.1532344 -4.0796518
1.529938 7.0744818 -4.0613347
1.5362302 7.0141064 -4.0538984
1.5425107 6.9307438 -4.0504585
1.548784 6.8674128 -4.0591096
1.5550731 6.7934941 -4.0526724
1.5613573 6.7281827 -4.0474391
1.5676291 6.6649374 -4.0328134
1.5739137 6.6031407 -4.0621023
1.5802035 6.5356231 -4.0337824
1.5864854 6.4678931 -4.0232893
1.59276 6.4152987 -4.03103
1.5990464 6.3378245 -4.0032327
1.6053421 6.293792 -4.0086355
1.6116199 6.232906 -3.9950988
1.6178976 6.1712562 -3.9954441
1.6241832 6.1093722 -3.97403
1.6304646 6.0541792 -3.9834496
1.636749 5.9865501 -3.9467635
1.6430309 5.9419941 -3.9730514
1.6493092 5.875457 -3.9320411
1.6555936 5.8335647 -3.9459801
1.6618796 5.7749792 -3.934181
1.6681694 5.7156273 -3.9277956
1.6744502 5.6734739 -3.9407249
1.6807227 5.6104777 -3.8877198
1.6870139 5.5717856 -3.9178142
1.693309 5.5166348 -3.8766675
1.6995821 5.4652489 -3.8725906
1.7058637 5.4180966 -3.8658374
1.7121544 5.3668885 -3.8609156
1.7184384 5.3199248 -3.8490256
1.7247213 5.2714165 -3.8373117
1.7309974 5.2302338 -3.8428785
1.7372871 5.1849087 -3.8336544
1.743568 5.1371689 -3.8223705
1.7498407 5.0940695 -3.8195323
1.7561285 5.0440834 -3.7852907
1.7624135 5.0048267 -3.7785691
1.7686962 4.9626679 -3.775803
1.7749794 4.9150606 -3.7700315
1.7812656 4.8731777 -3.7502246
1.7875494 4.8318241 -3.7323931
1.7938341 4.7957065 -3.727905
1.8001151 4.7487623 -3.7085385
1.8063939 4.7038899 -3.6949858
1.8126741 4.6697914 -3.6944635
1.8189569 4.6350897 -3.6901018
1.8252442 4.5978819 -3.6781563
1.8315273 4.5528976 -3.6504386
1.8378113 4.5157233 -3.6501653
1.8441007 4.4807622 -3.6395723
1.8503848 4.4426349 -3.6208914
1.8566661 4.4169237 -3.6351417
1.8629477 4.3656454 -3.5963498
1.8692293 4.3406597 -3.6050399
1.8755176 4.2979014 -3.5763675
1.8818008 4.2676836 -3.5706241
1.8880789 4.2283101 -3.543331
1.894354 4.1999745 -3.5485078
1.9006427 4.1684571 -3.5438945
1.9069335 4.1345544 -3.5295909
1.9132076 4.0979907 -3.5156601
1.9194909 4.0741096 -3.5117066
1.9257769 4.0284841 -3.4755753
1.9320645 4.004401 -3.4822102
1.9383426 3.9759742 -3.4774875
1.9446183 3.941022 -3.4607498
1.9509063 3.9111928 -3.4408368
1.9571946 3.8814474 -3.4405059
1.9634796 3.8506642 -3.4243356
1.9697604 3.8234973 -3.4198077
1.9760484 3.7983461 -3.4092255
1.982338 3.7641355 -3.3912563
1.9886175 3.7348646 -3.3780763
1.9948963 3.7132414 -3.3759887
2.0011796 3.6792503 -3.3638656
2.0074598 3.655225 -3.3474699
2.0137374 3.6258505 -3.3274233
2.0200172 3.5977422 -3.3161642
2.0263103 3.5750228 -3.3176851
2.0326005 3.5437081 -3.2980758
2.0388739 3.5174585 -3.2862406
2.0451541 3.4901267 -3.2627344
2.0514447 3.4690333 -3.2647429
2.0577304 3.4445414 -3.2571788
2.0640139 3.4200764 -3.2447225
2.0702999 3.3930277 -3.2273352
2.0765897 3.3686524 -3.2123746
2.0828655 3.3477579 -3.2135576
2.0891345 3.3204163 -3.1910513
2.0954242 3.2957953 -3.179817
2.1017071 3.2723322 -3.1676497
2.1079865 3.2499794 -3.1638314
2.1142718 3.2296059 -3.1538448
2.1205527 3.206894 -3.1364734
2.1268369 3.1810893 -3.1193561
2.133122 3.1619334 -3.1161061
2.1394117 3.1392781 -3.1082396
2.1456971 3.1125081 -3.0902136
2.1519735 3.0968604 -3.0853728
2.1582599 3.0770403 -3.0759278
2.1645454 3.0563447 -3.0667937
2.1708307 3.0345576 -3.0506003
2.1771141 3.0170868 -3.0434966
2.1833876 2.9911201 -3.0220091
2.1896703 2.9754403 -3.0255004
2.1959601 2.9522053 -3.0050204
2.2022426 2.9318991 -2.9911618
2.2085217 2.915711 -2.9935046
2.2148046 2.8927572 -2.9714863
2.2210926 2.8749078 -2.9643793
2.2273729 2.8508669 -2.9426955
2.2336572 2.8397212 -2.9453839
2.2399435 2.8163677 -2.9245523
2.2462242 2.8011891 -2.9218532
2.2525064 2.7813217 -2.908531
2.2587834 2.7639665 -2.8944879
2.2650691 2.7478023 -2.8939313
2.2713504 2.7280321 -2.8749166
2.277634 2.7101167 -2.8657578
2.2839224 2.6939782 -2.8569168
2.2902029 2.6775498 -2.8455001
2.2964908 2.6579692 -2.8310521
2.3027718 2.6407972 -2.8256923
2.3090514 2.6235205 -2.8111489
2.3153385 2.612117 -2.8075729
2.3216273 2.593784 -2.7948284
2.3279119 2.5769995 -2.7837469
2.3341862 2.5597034 -2.7704629
2.340468 2.5433235 -2.7586532
2.3467569 2.5296335 -2.7537217
2.3530444 2.5153922 -2.7456298
2.3593277 2.4999252 -2.736712
2.365603 2.4832843 -2.7221531
2.3718859 2.469603 -2.7148998
2.3781733 2.4525746 -2.7014717
2.384454 2.4406506 -2.6966836
2.3907364 2.4271335 -2.690619
2.3970141 2.4116755 -2.6812708
2.4032955 2.3948178 -2.663342
2.409585 2.384343 -2.6625924
2.4158717 2.3693151 -2.647743
2.4221607 2.3519128 -2.6299163
2.4284402 2.3431485 -2.6338403
2.4347175 2.3233056 -2.6101297
2.4410025 2.3125153 -2.6071825
2.44729 2.300144 -2.60016
2.4535718 2.287278 -2.591221
2.4598527 2.2739281 -2.5813463
2.4661392 2.2610116 -2.5716907
2.472422 2.2462193 -2.5586648
2.4786985 2.234635 -2.5530166
2.4849808 2.2201339 -2.5360324
2.4912693 2.210352 -2.5359719
2.4975485 2.1956389 -2.5241127
2.5038317 2.1841066 -2.5145995
2.5101179 2.1748666 -2.5123098
2.5164007 2.1592722 -2.4952577
2.5226882 2.1457029 -2.484017
2.5289717 2.1371024 -2.4813941
2.535252 2.1232041 -2.4673284
2.5415375 2.1093235 -2.454939
2.547823 2.0994925 -2.448449
2.5541007 2.0905052 -2.4444188
2.5603768 2.0753101 -2.4279705
2.5666675 2.0692259 -2.4295832
2.5729551 2.0556378 -2.4157771
2.5792338 2.044089 -2.4072315
2.5855202 2.0355005 -2.4025324
2.5918051 2.0234144 -2.3915361
2.5980841 2.0149093 -2.3888168
2.6043604 2.0002063 -2.3686967
2.6106472 1.9950143 -2.3708291
2.6169319 1.9814558 -2.359173
2.6232061 1.9719366 -2.3537265
2.6294916 1.9593316 -2.3387695
2.6357785 1.9511187 -2.3333355
2.642061 1.9438056 -2.3320052
2.6483438 1.932242 -2.3186868
2.6546318 1.9197143 -2.3045478
2.660919 1.9115954 -2.3008737
2.6671985 1.901952 -2.2926678
2.6734843 1.8951316 -2.2916479
2.6797734 1.8828221 -2.2782944
2.6860582 1.8738886 -2.2681643
2.6923387 1.8689327 -2.2724485
2.698618 1.8551354 -2.252235
2.7048955 1.8447727 -2.2413976
2.7111757 1.8360177 -2.2351809
2.7174598 1.8304421 -2.2355607
2.7237457 1.8203399 -2.2247475
2.7300384 1.811484 -2.2164786
2.736318 1.8047242 -2.2139732
2.7425919 1.7927859 -2.1976166
2.7488797 1.7862835 -2.1980039
2.7551634 1.7767456 -2.186844
2.761447 1.7670124 -2.175522
2.7677321 1.7600077 -2.1701825
2.7740155 1.7524575 -2.1642648
2.7802986 1.7438932 -2.1591732
2.7865775 1.7344791 -2.1488023
2.792858 1.7286623 -2.1439456
2.7991438 1.7213867 -2.1404949
2.8054301 1.7124414 -2.1295682
2.8117151 1.7063639 -2.1249895
2.8179893 1.6953001 -2.1109153
2.8242692 1.6887895 -2.1059571
2.830563 1.682962 -2.1014571
2.8368488 1.6759307 -2.0985933
2.84313 1.6662252 -2.0857666
2.8494139 1.6590424 -2.0783844
2.8556975 1.65438 -2.0801547
2.8619788 1.6455131 -2.0671041
2.8682625 1.6382184 -2.0603933
2.8745474 1.633308 -2.057951
2.8808311 1.6236113 -2.045184
2.8871132 1.6191972 -2.0460684
2.8933945 1.6105378 -2.0333661
2.8996737 1.6053591 -2.030783
2.905954 1.5978281 -2.022116
2.9122411 1.5920598 -2.0189228
2.918526 1.5852692 -2.0123643
2.924809 1.5759433 -1.9988962
2.9310959 1.5724091 -2.000489
2.9373782 1.5649114 -1.9911453
2.94366 1.5597704 -1.9868158
2.9499465 1.5531213 -1.979443
2.9562277 1.5468428 -1.9738937
2.9625105 1.5422222 -1.9720897
2.9687965 1.5330693 -1.9591642
2.9750777 1.5294964 -1.9581077
2.9813599 1.5220669 -1.950304
2.9876468 1.5181963 -1.9478493
2.993929 1.5130652 -1.9423259
3.0002062 1.5048272 -1.9313537
3.0064862 1.5007943 -1.9292901
3.0127698 1.4952697 -1.9237121
3.0190531 1.487627 -1.9141318
3.0253374 1.4833518 -1.9103893
3.0316237 1.4783684 -1.9054714
3.037909 1.4747582 -1.9057214
3.0441951 1.4671516 -1.8951727
3.0504755 1.4620663 -1.8900883
3.056755 1.4567553 -1.8846944
3.0630405 1.4525952 -1.8812704
3.0693237 1.4503231 -1.8825008
3.0756107 1.4426111 -1.8706854
3.0818938 1.4384949 -1.8675105
3.0881745 1.4322773 -1.8600136
3.0944586 1.4291074 -1.8580241
3.100744 1.4228893 -1.8503949
3.1070281 1.4184414 -1.8460657
3.1133093 1.4147758 -1.8437094
3.1195907 1.4084761 -1.8330018
3.125874 1.4052094 -1.83207
3.1321593 1.4000362 -1.8258668
3.1384392 1.3954599 -1.8214628
3.1447239 1.3932198 -1.8220232
3.151004 1.3876938 -1.8134107
3.1572837 1.3839604 -1.8114571
3.1635693 1.3790316 -1.8048817
3.1698517 1.3765384 -1.8040883
3.1761377 1.3709188 -1.796832
3.1824209 1.3672259 -1.7924645
3.1887028 1.3630987 -1.7885541
3.1949905 1.3588266 -1.7835028
3.2012753 1.3567074 -1.7835775
3.2075514 1.352502 -1.7779809
3.2138352 1.3477226 -1.7710774
3.2201226 1.3463657 -1.7733783
3.2264067 1.3402943 -1.7635444
3.2326878 1.3385994 -1.7644266
3.2389697 1.3330709 -1.7555092
3.2452553 1.3298004 -1.7527542
3.251535 1.3284621 -1.7534419
3.257818 1.3232097 -1.7452633
3.2641022 1.3208279 -1.7441329
3.2703843 1.317382 -1.7401653
3.2766697 1.3147529 -1.7381806
3.282955 1.3125589 -1.7372812
3.2892374 1.3069744 -1.7266321
3.2955201 1.3051541 -1.7269255
3.3018068 1.3022155 -1.7244819
3.3080882 1.2988526 -1.7204556
3.3143683 1.295028 -1.7152861
3.3206524 1.2937798 -1.7149142
3.3269318 1.2911813 -1.7115834
3.3332172 1.2892214 -1.7102769
3.3395053 1.2854825 -1.7057149
3.345788 1.283194 -1.7034023
3.3520722 1.2809043 -1.701218
3.3583517 1.2785144 -1.6997966
3.3646309 1.2751841 -1.6947904
3.3709171 1.2746897 -1.6949212
3.3771997 1.2706144 -1.688837
3.383485 1.2698343 -1.6904808
3.3897714 1.2680127 -1.6883436
3.3960523 1.2646123 -1.6833181
3.402332 1.262884 -1.6807833
3.4086109 1.2598561 -1.6786373
3.4148974 1.2592704 -1.6791437
3.4211808 1.2577429 -1.6772495
3.4274635 1.2537988 -1.6714003
3.433751 1.2529222 -1.6715589
3.4400336 1.2517329 -1.670837
3.4463146 1.2502081 -1.6684537
3.4526017 1.247777 -1.6654802
3.458885 1.2465067 -1.6654281
3.4651654 1.2454414 -1.6647072
3.4714502 1.2428823 -1.6601206
3.4777353 1.2435667 -1.6642533
3.4840204 1.2401767 -1.6583106
3.4902984 1.2422649 -1.6646799
3.4965841 1.2385525 -1.6577541
3.5028697 1.2370527 -1.6556415
3.5091472 1.2364105 -1.6562508
3.5154293 1.2354676 -1.6551596
3.521711 1.2356311 -1.6569032
3.5279924 1.2338041 -1.6541252
3.5342782 1.2325888 -1.6519411
3.5405659 1.2318894 -1.6528713
3.5468474 1.2312615 -1.6518791
3.5531332 1.2298325 -1.6493184
3.5594194 1.2295451 -1.6498035
3.5656987 1.2297484 -1.6513812
3.571981 1.2298507 -1.652601
3.5782681 1.2288873 -1.6512935
3.5845504 1.2281525 -1.650411
3.5908286 1.2266914 -1.6469934
3.597109 1.226531 -1.6480642
3.6033947 1.2282077 -1.6521899
3.6096758 1.2273869 -1.6512715
3.6159574 1.2281455 -1.6531667
3.622243 1.2278754 -1.6525898
3.628522 1.2278601 -1.6540568
3.6348065 1.2267181 -1.6518681
3.6410953 1.2278553 -1.6541412
3.647383 1.2289301 -1.6572494
3.6536648 1.2299366 -1.6585886
3.6599466 1.2284045 -1.6559442
3.6662338 1.2289356 -1.6562516
3.6725162 1.2305054 -1.6606958
3.6787969 1.2305795 -1.6603917
3.6850808 1.2315617 -1.6615055
3.6913615 1.2324837 -1.6634464
3.6976453 1.2320913 -1.662669
3.7039282 1.2352135 -1.6686763
3.7102105 1.2349986 -1.6691344
3.7164963 1.2363215 -1.672138
3.7227765 1.2359719 -1.670062
3.7290604 1.2392941 -1.6758259
3.7353441 1.2399248 -1.6780126
3.7416262 1.240061 -1.6762339
3.7479078 1.2429294 -1.6844759
3.7541913 1.2437054 -1.6843093
3.7604793 1.2458194 -1.6866757
3.7667591 1.2480315 -1.6922018
3.7730369 1.2352775 -1.6620111
3.7793245 1.2156978 -1.616616
3.7856096 1.1981935 -1.5763267
3.791892 1.1818095 -1.5376189
3.7981772 1.1669949 -1.5051651
3.8044595 1.1530027 -1.4739096
3.8107406 1.1428615 -1.4525768
3.8170242 1.1283903 -1.4201532
3.8233083 1.1167496 -1.3947621
3.82959 1.1084261 -1.3780304
3.8358721 1.0973986 -1.3545871
3.8421598 1.0892505 -1.3377529
3.8484445 1.0780323 -1.3141638
3.8547246 1.0695424 -1.2968432
3.8610074 1.0609074 -1.2793815
3.8672884 1.0533756 -1.2633217
3.8735709 1.0457505 -1.2487722
3.8798537 1.0367915 -1.2305093
3.8861388 1.030964 -1.2182388
3.8924222 1.0243664 -1.2055694
3.8987057 1.0156792 -1.1881288
3.904991 1.0095559 -1.1771906
3.9112719 1.0026987 -1.1620436
3.9175547 0.99752473 -1.1523358
3.923841 0.99153602 -1.1413688
3.9301245 0.98431123 -1.1277556
3.9364023 0.97852933 -1.1150885
3.9426867 0.97289527 -1.1051224
3.9489749 0.96785704 -1.0957902
3.9552603 0.96232731 -1.0844572
3.9615405 0.95665766 -1.0742647
3.9678228 0.95224412 -1.0660857
3.9741093 0.94595076 -1.0539523
3.9803891 0.94159062 -1.0467429
3.9866693 0.93591287 -1.0346877
3.9929531 0.93165903 -1.0275316
3.9992376 0.92720936 -1.0192652
4.0055206 0.92269045 -1.010075
4.0118004 0.91796163 -1.0017351
4.018084 0.91321133 -0.9931386
4.024369 0.91053991 -0.98914761
4.0306486 0.90495323 -0.97773138
4.0369309 0.90133991 -0.97210684
4.043218 0.89532022 -0.95902371
4.049505 0.89410387 -0.95812633
4.055786 0.88982184 -0.95017627
4.0620657 0.88466989 -0.94087363
4.0683514 0.88214669 -0.93644923
4.0746341 0.87799958 -0.92758329
4.0809155 0.87450061 -0.92273287
4.0872042 0.87136143 -0.91660434
4.0934892 0.86692868 -0.90784316
4.0997691 0.86460639 -0.90440747
4.1060505 0.86028667 -0.89589206
4.1123344 0.85753519 -0.89135941
4.1186204 0.85357755 -0.88391521
4.1249001 0.8499279 -0.8769854
4.1311787 0.84874602 -0.87546501
4.1374656 0.8435633 -0.86571313
4.1437516 0.84184656 -0.86351444
4.1500348 0.8378863 -0.85517005
4.1563169 0.83650262 -0.85320581
4.1625996 0.83382788 -0.84885869
4.1688861 0.82965425 -0.83997042
4.1751677 0.8269243 -0.83596432
4.1814502 0.82497339 -0.83208244
4.1877378 0.82274814 -0.82759126
4.1940191 0.81949007 -0.82220884
4.2002971 0.81598221 -0.81460519
4.2065802 0.81489915 -0.81337046
4.2128623 0.81212583 -0.80805301
4.2191458 0.81082895 -0.80571521
4.225433 0.80755034 -0.79950837
4.231716 0.80478185 -0.7943506
4.2379957 0.80349091 -0.7930407
4.244278 0.79970938 -0.7848627
4.2505649 0.79914913 -0.78401863
4.2568497 0.79597889 -0.77772326
4.2631308 0.79366768 -0.77323233
4.2694117 0.7921233 -0.77060286
4.275694 0.78880799 -0.76373692
4.2819777 0.78783856 -0.76157785
4.2882622 0.78473679 -0.75628704
4.2945474 0.78419602 -0.7555738
4.3008297 0.78196941 -0.75117411
4.3071128 0.77930675 -0.74495125
4.3133958 0.77825406 -0.7432281
4.319678 0.77608857 -0.73880366
4.3259594 0.77605284 -0.73946879
4.332245 0.77272574 -0.73216922
4.338532 0.77126653 -0.72930879
4.3448141 0.76885775 -0.72457227
4.3510961 0.76782896 -0.72197466
4.3573801 0.76682055 -0.71969636
4.3636669 0.76401332 -0.71381251
4.3699499 0.76400821 -0.71387623
4.3762279 0.7613857 -0.70832894
4.3825069 0.7605163 -0.70583573
4.3887934 0.75917731 -0.70381359
4.395077 0.75629631 -0.69687175
4.4013576 0.75713047 -0.69939146
4.4076403 0.75402824 -0.69136584
4.4139241 0.75380799 -0.69170951
4.4202108 0.75248507 -0.68859872
4.4264914 0.74921246 -0.6808259
4.432774 0.75116358 -0.6855849
4.4390578 0.74730226 -0.67664866
4.4453413 0.74812767 -0.67766723
4.4516275 0.74610845 -0.67357121
4.4579123 0.74340282 -0.66665697
4.4641977 0.7449752 -0.67017487
4.4704788 0.74215965 -0.66262327
4.4767593 0.74272357 -0.66400118
4.483046 0.7413001 -0.65975583
4.4893311 0.73904423 -0.65397199
4.4956106 0.74015298 -0.65764309
4.5018888 0.73632059 -0.6474411
4.5081704 0.73845291 -0.65158586
4.5144567 0.73563251 -0.64485213
4.5207384 0.7354047 -0.6444096
4.5270208 0.73511552 -0.64282399
4.5333061 0.73201939 -0.63493129
4.5395877 0.7351264 -0.64208561
4.5458704 0.73118729 -0.63161646
4.5521545 0.7330625 -0.63562415
4.5584424 0.7316258 -0.63138007
4.5647254 0.7296725 -0.62627278
4.5710052 0.73120126 -0.62841359
4.5772897 0.72769614 -0.62017904
4.5835734 0.72942076 -0.62313723
4.5898565 0.72776005 -0.61777162
4.5961372 0.72867974 -0.61868089
4.6024224 0.72718898 -0.61350891
4.6087097 0.72558356 -0.60962904
4.6149912 0.72767019 -0.61424419
4.6212725 0.72454059 -0.6049464
4.627556 0.72563464 -0.606032
4.6338395 0.7252785 -0.60453042
4.640119 0.72434324 -0.60103638
4.6464005 0.72576368 -0.60343139
4.6526881 0.72271905 -0.59469214
4.6589739 0.72501445 -0.59746947
4.6652533 0.72340854 -0.59372459
4.6715342 0.72369375 -0.5917512
4.6778199 0.72281308 -0.58930422
4.6841045 0.72145821 -0.5840267
4.6903854 0.7240281 -0.58954601
4.6966701 0.72143699 -0.58217115
4.7029558 0.72351139 -0.58420963
4.7092363 0.72332021 -0.58164339
4.7155178 0.72147248 -0.57596879
4.7218015 0.72312741 -0.57858938
4.7280848 0.72205377 -0.57245925
4.7343673 0.72298187 -0.57362921
4.7406505 0.72245338 -0.57073765
4.7469333 0.72144893 -0.56619827
4.7532149 0.72424545 -0.57114033
4.7594946 0.72088872 -0.56113566
4.7657804 0.72338422 -0.56592146
4.7720691 0.72298151 -0.56071781
4.7783509 0.72343895 -0.56138036
4.784635 0.7234797 -0.55784005
4.7909206 0.72235115 -0.55361932
4.7972039 0.72564705 -0.55894761
4.8034859 0.72238543 -0.549408
4.8097699 0.72487237 -0.55374167
4.8160561 0.72342233 -0.54667712
4.8223352 0.72304896 -0.54344228
4.8286118 0.72665762 -0.54939174
4.8348948 0.72245199 -0.53791122
4.8411817 0.72662008 -0.54534143
4.8474631 0.72461406 -0.53703322
4.8537471 0.72567798 -0.53771326
4.8600362 0.72647321 -0.53638697
4.8663168 0.72410126 -0.52838272
4.8725994 0.72965961 -0.53889754
4.8788848 0.72536694 -0.52603049
4.8851663 0.72877823 -0.53105422
4.8914489 0.72745036 -0.52565614
4.8977296 0.72713 -0.52153363
4.9040155 0.73176722 -0.52875371
4.9102992 0.72709637 -0.51591927
4.9165785 0.73108961 -0.52180156
4.9228647 0.72972167 -0.51547741
4.9291459 0.7297683 -0.51259552
4.9354294 0.7317781 -0.51474214
4.9417135 0.72879315 -0.50365284
4.947993 0.73520524 -0.51474882
4.9542788 0.73046315 -0.50249132
4.9605656 0.73275869 -0.50438576
4.9668447 0.7328275 -0.50119938
4.973125 0.7308341 -0.49285343
4.9794104 0.73636343 -0.50252659
4.9856955 0.73279622 -0.48964895
4.9919773 0.73589453 -0.49377387
4.9982613 0.73457186 -0.48772455
5.004546 0.73357343 -0.4827234
5.010828 0.73716003 -0.48709435
5.0171047 0.73217765 -0.47233881
5.0233897 0.73876865 -0.48406563
5.029679 0.73490293 -0.47169315
5.0359566 0.73690942 -0.4721617
5.0422388 0.73782767 -0.47072367
5.0485253 0.73361507 -0.45795693
5.05481 0.73955676 -0.46853255
5.0610964 0.73499855 -0.45377689
5.0673786 0.73729043 -0.45653509
5.0736582 0.7378982 -0.45360075
5.0799396 0.73371815 -0.43955438
5.0862233 0.74121252 -0.45228409
5.0925057 0.73261422 -0.43047166
5.0987925 0.74096176 -0.44548236
5.1050771 0.73487844 -0.42875687
5.1113517 0.73643343 -0.42700836
5.1176364 0.73682891 -0.42371565
5.1239216 0.72983276 -0.40566843
5.1302023 0.73949473 -0.42252234
5.1364866 0.73259504 -0.40294036
5.142773 0.73346599 -0.4040146
5.1490575 0.73392429 -0.39905361
5.1553345 0.72787691 -0.38214215
5.1616191 0.73467888 -0.39519377
5.1679062 0.72453453 -0.36779188
5.1741896 0.73166363 -0.3799863
5.1804742 0.72773115 -0.36693818
5.1867588 0.72189136 -0.35055959
5.1930392 0.72835245 -0.36172028
5.1993169 0.71343055 -0.32548089
5.2055993 0.72741255 -0.35238098
5.2118847 0.71199933 -0.31551381
5.2181682 0.71643179 -0.32282121
5.2244496 0.71320989 -0.31207255
5.2307264 0.70190855 -0.28501365
5.2370131 0.71288354 -0.30592007
5.2433065 0.69498805 -0.26299752
5.249585 0.70497588 -0.28178829
5.2558663 0.69085637 -0.24881471
5.2621526 0.68915507 -0.24240155
5.2684309 0.68690293 -0.23376924
5.2747057 0.6740713 -0.20404511
5.2809908 0.68052742 -0.2174659
5.2872799 0.66579767 -0.18175883
5.2935635 0.66530438 -0.17847829
5.2998464 0.65449329 -0.15511511
5.3061314 0.64679893 -0.13552874
5.3124149 0.64383263 -0.12877288
5.318692 0.63113724 -0.099984337
5.3249765 0.62466573 -0.084979846
5.331267 0.61338512 -0.061959581
5.3375504 0.60759346 -0.049823949
5.3438299 0.60442711 -0.041072686
5.3501139 0.60076279 -0.033528
5.3563991 0.59779703 -0.027548485
5.3626817 0.59702193 -0.023328229
5.3689622 0.59539315 -0.019989829
5.3752458 0.59475029 -0.017165088
5.381536 0.59371636 -0.014611689
5.387813 0.59308196 -0.011576989
5.3940916 0.59287232 -0.010027092
5.4003822 0.5917999 -0.0078313489
5.4066644 0.59123901 -0.0059989963
5.4129375 0.5931867 -0.0054559374
5.4192183 0.5910993 -0.0020419793
5.4255097 0.59213591 -0.0016221729
5.4317953 0.5929038 -0.0004268476
5.4380687 0.59323384 0.00046700256
5.444353 0.5931914 0.0018486101
5.4506476 0.59446017 0.0022874107
5.4569261 0.59465005 0.0030430526
5.4632032 0.59550008 0.0038992807
5.4694906 0.59602674 0.0042907061
5.4757753 0.59770347 0.0048815187
5.4820552 0.59859679 0.0058335556
5.4883448 0.5992402 0.0058406467
5.4946299 0.59930388 0.0065678542
5.500905 0.60108717 0.0070829341
5.507184 0.60265162 0.0072546567
5.5134655 0.60316136 0.0085123065
5.519755 0.604845 0.0074545836
5.5260388 0.6058886 0.0083412603
5.5323112 0.60745305 0.0085763157
5.5385939 0.60796582 0.0084635885
5.5448892 0.60961675 0.0082227055
5.5511702 0.61215997 0.008992466
5.5574444 0.61211501 0.0090265907
5.5637327 0.6146392 0.0094633975
5.5700222 0.61653157 0.0097074857
5.5762966 0.61769101 0.0094524907
5.582577 0.61905388 0.0093385528
5.5888758 0.62136372 0.0091744775
5.5951585 0.6237214 0.009865577
5.6014285 0.62597254 0.0098030693
5.6077149 0.62726105 0.0095388641
5.6140085 0.62919981 0.010190329
5.6202825 0.63208462 0.0099622524
5.6265585 0.63403388 0.01039284
5.6328571 0.6355859 0.0097029168
5.6391437 0.63781833 0.0099203027
5.6454227 0.63909716 0.0086839325
5.6517049 0.64225955 0.0096603629
5.6579936 0.6445269 0.0096252771
5.6642851 0.64650678 0.0095272603
5.6705565 0.64841433 0.010165312
5.6768351 0.65059595 0.0095764265
5.6831318 0.65357059 0.0096294701
5.6894193 0.65557684 0.0091697182
5.6956891 0.65889879 0.0098189464
5.7019687 0.66094565 0.0092617042
5.708269 0.66364623 0.0090102185
5.7145496 0.66765349 0.0095028189
5.7208164 0.66953122 0.0093677799
5.7271108 0.67183541 0.0096543846
5.7334057 0.67536281 0.0087762317
5.7396772 0.67749184 0.0091521024
5.7459514 0.68135 0.0090786205
5.7522516 0.6834598 0.0083211319
5.758539 0.68725425 0.0083571432
5.7647984 0.69030627 0.008723116
5.7710821 0.69365544 0.0086962062
5.7773798 0.69741042 0.0086773961
5.7836569 0.70039263 0.0083271767
5.7899298 0.70330676 0.0083137768
5.7962218 0.70692344 0.0082311358
5.8025084 0.70987698 0.0083488907
5.8087875 0.71388423 0.007767412
5.815068 0.71729725 0.0075748069
5.8213519 0.71802273 0.0065050996
5.8276413 0.72456183 0.0075358137
5.8339209 0.72804871 0.006530923
5.8401987 0.73028527 0.0064660861
5.846494 0.734367 0.0077112875
5.8527842 0.73890165 0.0066818324
5.8590415 0.7451023 0.006433005
5.8653156 0.74675003 0.0060917177
5.8716245 0.7502766 0.0063113982
5.8779116 0.75608596 0.0066766705
5.884173 0.75880026 0.0066464918
5.890459 0.76487207 0.0062340373
5.8967616 0.76819713 0.0060683037
5.9030337 0.7730792 0.0054764383
5.9093032 0.77755989 0.0057699227
5.9156163 0.78046896 0.0054684708
5.921905 0.78657828 0.0054255412
5.9281521 0.79123371 0.0048371467
5.9344277 0.79418248 0.0051255171
5.9407474 0.79858425 0.0049772697
5.947044 0.8031941 0.0053270443
5.9532853 0.81168742 0.0047182476
5.959571 0.813431 0.0038396
5.9658838 0.82143839 0.0046191039
5.9721535 0.8280532 0.004165534
5.9784118 0.83472949 0.0041513321
5.9847161 0.83786277 0.0046840372
5.9910339 0.84106137 0.0045467079
5.9972891 0.85005823 0.0032775647
6.0035485 0.85447615 0.0040476331
6.0098611 0.85835208 0.0036972041
6.0161587 0.86461875 0.0047808937
6.0223963 0.87441397 0.0034694646
6.0286595 0.8764107 0.0031375122
6.0349883 0.88331007 0.0033080021
6.0412764 0.88999523 0.0029846687
6.0475235 0.89390727 0.0027310087
6.0538231 0.8993776 0.0031011166
6.0601472 0.90872207 0.0033024681
6.0664012 0.9144267 0.0023513072
6.072635 0.92056855 0.0022697228
6.0789572 0.92635565 0.0030820221
6.0852909 0.93605716 0.0020389675
6.09153 0.94383285 0.0017434685
6.0977644 0.95011196 0.0023853938
6.1040987 0.95572284 0.0020950141
6.1104184 0.96750993 0.002736656
6.1166413 0.96977977 0.0021338586
6.1229139 0.97818693 0.0017576329
6.1292582 0.9862124 0.0019634152
6.1355365 0.99246084 0.002429981
6.1417569 1.0061888 0.0026747778
6.1480695 1.005212 0.0023643025
6.1544121 1.0163188 0.0013303529
6.1606378 1.023607 0.0011266621
6.1668736 1.0302152 0.0016545958
6.1732242 1.0424571 0.0013818742
6.1795551 1.0533372 0.0013874137
6.1857456 1.0608801 0.0014500842
6.1919759 1.0684293 0.0013824928
6.1983636 1.0778834 0.0012191327
6.2046914 1.0883198 0.0011604101
6.2108424 1.0956321 0.0012447538
6.217094 1.1056848 0.001976553
6.2235014 1.1122238 0.0012151161
6.229796 1.1237981 0.00042723655
6.2359786 1.1306951 0.0014375857
6.2422872 1.1395468 0.0014801787
6.2486553 1.1495923 0.0019184268
6.2548669 1.1664062 0.00097800564
6.2611133 1.1815678 0.00091184384
6.2675223 1.186098 0.00076149948
6.2738161 1.1942091 0.00086922662
6.2799176 1.2100997 0.00042824287
6.2862174 1.21726 0.00023464711
6.2927241 1.2318204 0.00048882678
6.2989558 1.2473262 0.00052305306
6.3049391 1.2620154 8.8173952e-05
6.3113408 1.2669118 0.00076073737
6.3179475 1.2702248 0.0013105476
6.3240719 1.2857046 0.0002456188
6.3300021 1.3071001 0.00012815912
6.3365138 1.3163457 0.00010945419
6.3431536 1.3264114 0.00034396758
6.3491186 1.3358054 0.00094499392
6.3550533 1.3511259 0.00062808517
6.3617438 1.3669475 0.00091634589
6.3684172 1.3919028 0.00024265829
6.3740597 1.392086 0.0010695704
6.380051 1.4016934 -0.000121173
6.3869902 1.4367291 0.00078312839
6.3936831 1.4387654 -2.257944e-05
6.3990096 1.4672971 1.1132787e-06
6.4050873 1.462498 -0.00019987781
6.4122154 1.5028756 0.0011440875
6.4189842 1.4795065 0.001415184
6.4241576 1.51354 0.00098160438
6.4302427 1.5147304 0.00017878843
6.4374349 1.5394158 0.00077008963
6.4442148 1.5600646 0.00067455097
6.4492026 1.589996 0.00034543965
6.4554407 1.5927727 -0.0013469637
6.4626465 1.5973185 0.0004229106
6.4687081 1.6712573 0.0024725868
6.4736854 1.6383232 0.00021086703
6.4806668 1.6572298 6.0595919e-05
6.4878735 1.695388 9.1457442e-05
6.4934547 1.652163 0.00070924546
6.4986714 1.7047603 -0.00026523636
6.5058484 1.6457329 0.00021611551
6.5129779 1.5643001 -0.00082598003
6.5188016 1.9346373 0.003500102
6.5233329 1.720323 0.00065639375
6.5296777 1.6280487 0
