0.0088996412 3627.1666 0.025170363
0.015079122 4293.9342 -0.15039908
0.021447902 4176.796 -0.61377195
0.027836608 3703.3474 0.17244475
0.034350998 3142.1582 2.4712764
0.040478868 2687.4876 1.3468216
0.046767167 2346.0967 0.23958711
0.053082251 2115.055 -2.1148992
0.059453624 1953.9551 -1.3440256
0.065762248 1817.1609 -0.010670974
0.071966329 1679.4626 6.3111326
0.078278609 1517.8466 0.96897075
0.084703989 1347.2172 0.92131828
0.090968546 1184.0628 -2.952528
0.097207898 1052.7001 -2.2140639
0.1034763 947.97294 8.4502819
0.10975764 878.01286 -0.38975091
0.11605431 823.9127 1.3234264
0.12236697 785.86842 -3.247166
0.12868173 747.06064 -0.21200221
0.13495008 704.18036 -1.3845021
0.14119496 653.86886 4.6143608
0.14751336 601.94132 -4.1071955
0.15378651 549.07416 -2.2080929
0.16006575 508.37489 -1.1741504
0.16639912 472.58208 4.4219666
0.17271956 447.80789 0.20135963
0.17897652 424.58655 3.1310053
0.18523537 409.72867 -2.8096206
0.19148068 395.33257 -0.11907859
0.19778899 376.31244 -2.813223
0.20409377 357.53674 -3.3335438
0.21039393 334.75082 2.875495
0.21669097 314.93731 2.594838
0.22297003 297.64161 -2.0154522
0.229262 283.12874 -3.390819
0.23551415 272.66581 -3.0694933
0.24179106 260.12677 2.398262
0.24808565 253.69876 -0.95395034
0.25434923 242.43774 0.12278018
0.26063343 233.628 -2.8435588
0.26692574 224.89642 1.9603802
0.27324233 215.63926 4.6565711
0.27955297 205.95985 -0.77412344
0.28583663 197.02935 0.6597668
0.29208763 189.40637 0.8702851
0.29834498 182.26613 -0.37948997
0.30463826 176.81781 -0.085937324
0.31092791 171.78682 1.0214835
0.31721682 166.39452 0.30852875
0.32351876 159.86308 1.2084716
0.32981682 155.98164 -3.6278778
0.33611764 150.37342 -2.9975881
0.34237004 144.99411 0.26544934
0.34864782 142.39273 -0.65071856
0.35494116 137.07746 -0.7548726
0.36119169 132.01102 2.0781299
0.36747671 129.03886 0.13978954
0.37376478 125.80477 1.3983611
0.3800654 122.35556 0.44807464
0.38635399 118.84132 0.47426978
0.39261402 115.30989 -0.056743075
0.39892645 112.37593 -1.3848979
0.40520732 108.63053 -0.32075047
0.41149165 106.90958 -0.23683899
0.41778143 103.44584 -0.21004905
0.42404006 100.45885 0.34767155
0.43034257 98.138218 -0.45221443
0.43663586 96.366713 -0.45693954
0.44289962 93.865095 0.96204366
0.44916344 91.83551 -0.3841222
0.45544141 89.43393 0.33131375
0.46176345 87.68689 -0.52915609
0.46806442 85.691931 0.33076526
0.47434852 83.073188 0.0013632425
0.48063561 82.274441 0.29265069
0.48690193 80.04763 -0.37274603
0.49316971 78.406537 0.60822529
0.49945067 76.822573 -0.036999807
0.50571591 75.092967 -0.87542578
0.5119924 73.774449 0.95461458
0.51831261 72.018308 -0.45175265
0.52460896 70.621837 -0.13483247
0.53087573 69.406089 1.061905
0.53715735 67.726804 0.24686648
0.54345796 66.576792 0.11312072
0.54974307 65.341457 -0.15358128
0.55599374 64.236186 -0.023475189
0.56228547 63.016518 0.03284005
0.56860115 61.71918 -0.59372598
0.57488046 60.396286 0.67055976
0.58115502 59.340038 0.27251771
0.58743945 58.347219 -0.080523725
0.59371762 57.593652 0.29421492
0.5999972 56.516184 -0.27715066
0.60626791 55.404115 -0.49060018
0.61254696 54.843093 -0.32590288
0.61884777 54.059361 0.13538395
0.62513106 52.938943 -0.31812617
0.63140275 52.055318 0.31415695
0.63770036 51.192299 0.034586785
0.64398578 50.418922 0.012492366
0.65026854 49.578853 0.29536158
0.65655861 48.952682 0.32442694
0.66283693 48.047918 -0.63681225
0.66911854 47.446145 0.083884615
0.67540702 46.565775 0.40377778
0.68168355 46.017091 -0.1050294
0.68795925 45.278684 0.12472541
0.69423443 44.75769 0.40669219
0.70051754 44.108581 -0.43503294
0.7068125 43.471145 0.0017114533
0.7131019 42.603769 -0.019207639
0.71939183 42.334402 0.017479782
0.72568338 41.588283 0.19368132
0.73196527 41.090093 0.14719514
0.7382508 40.413036 0.025813622
0.74452658 39.981574 -0.25660713
0.75078711 39.281505 -0.10505415
0.75707585 39.015396 0.097102135
0.76336412 38.438631 0.30747204
0.7696463 37.923389 -0.17921764
0.77593949 37.456279 0.17162467
0.78223291 37.060968 -0.099548841
0.78853149 36.612396 0.04961472
0.79478966 36.152121 0.091389916
0.80104911 35.571335 0.16641939
0.80733641 35.161946 -0.079793066
0.81362295 34.867129 0.15309567
0.8199153 34.338322 -0.19833216
0.82619526 34.009679 0.020668258
0.83248971 33.443924 0.20687769
0.83879593 33.19706 -0.0096165414
0.84506346 32.878777 -0.039603548
0.85132829 32.529323 0.042922611
0.85761983 32.067413 -0.099788056
0.86390585 31.664026 -0.03430882
0.87018387 31.421103 0.12025231
0.87646411 31.039475 -0.14282581
0.88275039 30.677885 0.12608411
0.88903328 30.38174 -0.22996063
0.89530842 29.989343 -0.071181431
0.90159565 29.720175 0.32378999
0.90788333 29.451213 -0.071108872
0.91417441 29.142558 0.20090392
0.92046308 28.801283 0.093507428
0.92674344 28.521715 0.10712682
0.93303242 28.211873 -0.09088929
0.93932658 27.910083 -0.11972118
0.94559748 27.690086 -0.077739598
0.951866 27.436508 -0.0062929758
0.95814133 27.211539 -0.25645106
0.96443509 26.95114 0.0060772798
0.97073556 26.598219 -0.094434149
0.97700808 26.379239 0.071506945
0.98328233 26.09388 0.03864615
0.98955697 25.92281 0.069556484
0.99584563 25.635458 -0.075801352
1.0021362 25.438145 -0.061415258
1.0084048 25.153183 0.084572492
1.0146941 24.976251 0.070511133
1.0209926 24.616077 0.13033723
1.027274 24.540683 -0.081212364
1.0335592 24.251214 -0.040476905
1.0398476 24.0534 -0.042659502
1.046127 23.872607 0.04739001
1.0524034 23.645995 -0.016476559
1.0586807 23.361645 -0.025822159
1.0649643 23.173698 0.10173587
1.0712568 23.078846 0.04574682
1.077544 22.876765 -0.040627968
1.0838248 22.692737 -0.044898409
1.090108 22.482 -0.1687539
1.0963897 22.294842 0.062427956
1.1026811 22.150234 -0.12289804
1.108963 21.836831 0.10221889
1.1152254 21.777393 -0.0038818824
1.1215021 21.543775 0.10313375
1.1277926 21.492597 0.031168075
1.1340896 21.238503 -0.015508898
1.140364 21.077762 -0.11237099
1.1466392 20.897767 0.013053861
1.1529424 20.723783 0.080909406
1.1592289 20.536768 -0.042148603
1.1655087 20.440208 -0.048015617
1.1717931 20.248301 0.027225308
1.1780874 20.068668 0.068453551
1.1843677 19.998856 0.045605917
1.1906346 19.869169 0.023004391
1.1969122 19.651654 -0.037283669
1.2032016 19.516437 -0.0050358018
1.2094868 19.387675 0.0028141923
1.2157639 19.234521 0.0046856288
1.2220498 19.095535 0.036625459
1.2283406 18.951999 0.08103422
1.234633 18.859524 -0.04698987
1.2409022 18.699766 0.1043721
1.2471748 18.601809 0.0037399374
1.2534655 18.424099 -0.12148622
1.25975 18.289959 0.0305364
1.2660321 18.135698 0.053611506
1.2723163 18.058771 -0.029026776
1.2786042 17.910755 -0.005312496
1.2848866 17.800633 -0.050635608
1.2911754 17.70027 -0.092623128
1.2974657 17.554152 0.094404612
1.3037418 17.457614 -0.033557038
1.3100173 17.304462 0.04622501
1.3163014 17.243631 -0.027366262
1.3225868 17.128039 -0.014307701
1.3288655 17.009444 0.079402009
1.3351448 16.892268 0.059779076
1.3414405 16.7771 0.010192937
1.3477309 16.697309 0.0093880161
1.3540016 16.534968 -0.041233023
1.3602826 16.453323 0.088623585
1.3665657 16.344492 -0.010631883
1.3728515 16.260671 -0.050593029
1.3791354 16.114301 0.085636908
1.3854096 16.005015 -0.037178412
1.3916986 15.964417 0.072785784
1.3979845 15.845802 0.0085059664
1.4042679 15.766888 0.015184488
1.4105548 15.706022 0.039355053
1.4168378 15.57107 0.053744081
1.4231182 15.483232 0.040582544
1.4293978 15.410981 0.00045496895
1.4356869 15.315806 0.021923368
1.4419771 15.198583 -0.065349425
1.4482537 15.12344 -0.01957968
1.4545323 15.044126 0.02640538
1.4608193 14.946917 0.011628023
1.4671104 14.861892 0.0080154612
1.4733929 14.77852 -0.0035361371
1.47967 14.671818 -0.003643846
1.4859561 14.601183 0.055271159
1.4922336 14.534098 0.040263775
1.4985025 14.498861 -0.0057394329
1.5047858 14.377978 0.019486652
1.511076 14.291606 0.045324859
1.5173616 14.226886 0.044507575
1.5236486 14.145401 -0.062961107
1.529938 14.067085 0.030452598
1.5362302 13.996207 -0.062706034
1.5425107 13.899431 0.011597456
1.548784 13.845069 -0.019434718
1.5550731 13.748645 -0.066844843
1.5613573 13.679952 -0.067779512
1.5676291 13.629737 -0.066265453
1.5739137 13.578391 0.062268891
1.5802035 13.456357 -0.011480943
1.5864854 13.389441 -0.041318042
1.59276 13.361172 0.047979612
1.5990464 13.271323 -0.0088257211
1.6053421 13.217691 0.011632351
1.6116199 13.136096 -0.049872726
1.6178976 13.093706 -0.018752237
1.6241832 12.991952 -0.042151599
1.6304646 12.935312 -0.0034324445
1.636749 12.839397 -0.028559883
1.6430309 12.808593 -0.015068604
1.6493092 12.730565 -0.012821043
1.6555936 12.687507 -0.026128702
1.6618796 12.644526 -0.0058925727
1.6681694 12.544432 -0.0086751979
1.6744502 12.50526 0.024271117
1.6807227 12.426727 -0.0024232189
1.6870139 12.397632 -0.016707853
1.693309 12.311526 0.011869224
1.6995821 12.245693 -0.026512016
1.7058637 12.179586 -0.0053775054
1.7121544 12.142447 -0.022554589
1.7184384 12.083284 0.03926582
1.7247213 12.034268 -0.031646383
1.7309974 11.981996 -0.0054826359
1.7372871 11.943522 0.0030284369
1.743568 11.879605 -0.0025093647
1.7498407 11.812358 -0.03805681
1.7561285 11.739937 -0.052854406
1.7624135 11.711687 -0.019679046
1.7686962 11.63892 -0.0064965078
1.7749794 11.588889 0.0062443138
1.7812656 11.550292 -0.024766129
1.7875494 11.484536 -0.042252128
1.7938341 11.427735 0.021476914
1.8001151 11.381234 -0.014618376
1.8063939 11.331456 0.021599002
1.8126741 11.275077 0.017257863
1.8189569 11.231668 0.0045527269
1.8252442 11.188382 0.0096979392
1.8315273 11.128571 0.029154464
1.8378113 11.081019 -0.025477729
1.8441007 11.040268 -0.011497143
1.8503848 10.998542 -0.0016383969
1.8566661 10.967256 -0.0023113169
1.8629477 10.890689 0.018722851
1.8692293 10.875561 0.031454761
1.8755176 10.801272 -0.023217119
1.8818008 10.753833 0.014264885
1.8880789 10.698385 0.012939957
1.894354 10.655468 0.0036984447
1.9006427 10.63825 0.0037700984
1.9069335 10.593949 0.014842009
1.9132076 10.546904 0.037033026
1.9194909 10.512105 0.0050131623
1.9257769 10.436679 -0.010056178
1.9320645 10.406018 0.00081196573
1.9383426 10.375688 0.038370024
1.9446183 10.332251 0.0077331758
1.9509063 10.29481 -0.031022252
1.9571946 10.247475 0.026082437
1.9634796 10.192386 0.00043429848
1.9697604 10.174671 0.013972908
1.9760484 10.129315 0.016630124
1.982338 10.082778 0.021978975
1.9886175 10.037767 -0.00082915206
1.9948963 10.02097 0.003458402
2.0011796 9.9820204 0.013936002
2.0074598 9.9275657 0.022099773
2.0137374 9.8894978 -0.0019334084
2.0200172 9.8441064 0.030312495
2.0263103 9.8207415 -0.024843871
2.0326005 9.7757273 0.0059426696
2.0388739 9.7374673 -0.021571914
2.0451541 9.6953069 0.014807498
2.0514447 9.6546262 -0.00021076891
2.0577304 9.6334584 0.042969464
2.0640139 9.5995309 6.3346416e-05
2.0702999 9.5626799 0.01250855
2.0765897 9.5162252 0.023648758
2.0828655 9.4685451 0.0011444825
2.0891345 9.4494836 -0.00079711211
2.0954242 9.4118488 -0.0018773669
2.1017071 9.3714651 -0.010669405
2.1079865 9.3360766 0.0069157869
2.1142718 9.3119764 -0.0011718553
2.1205527 9.2645692 -0.015182954
2.1268369 9.2395603 -0.00036313839
2.133122 9.2104966 -0.0065914784
2.1394117 9.173889 -0.027075315
2.1456971 9.1387786 0.035617132
2.1519735 9.1111949 -0.00052174457
2.1582599 9.0748282 0.044442064
2.1645454 9.0467288 -0.015333736
2.1708307 9.02838 -0.02543681
2.1771141 8.9781001 -0.0037699662
2.1833876 8.9532186 0.031845088
2.1896703 8.920534 -0.024949313
2.1959601 8.8912753 -0.0023988908
2.2022426 8.8589649 0.029933915
2.2085217 8.8364288 0.0096812554
2.2148046 8.7838193 -0.015134239
2.2210926 8.7576409 0.0070530344
2.2273729 8.7141935 -0.0054458212
2.2336572 8.7150015 -0.0067678881
2.2399435 8.6801878 -0.016650983
2.2462242 8.656218 -0.02074403
2.2525064 8.615098 0.002120774
2.2587834 8.592562 0.015835281
2.2650691 8.5631923 -0.0080234662
2.2713504 8.5363677 0.0035421938
2.277634 8.4943614 -0.0023811569
2.2839224 8.4730661 0.0051055781
2.2902029 8.4505901 0.00059848055
2.2964908 8.4137434 -0.012630876
2.3027718 8.3885792 -0.033940242
2.3090514 8.3597028 0.0037541557
2.3153385 8.3370566 -0.0044090536
2.3216273 8.308132 -0.0046688332
2.3279119 8.280931 0.03235636
2.3341862 8.2497815 -0.0077490388
2.340468 8.2135206 -0.0057344411
2.3467569 8.21252 0.0097680725
2.3530444 8.1835145 0.00442544
2.3593277 8.1467385 0.014856637
2.365603 8.126532 -0.011869813
2.3718859 8.0895284 0.0017020327
2.3781733 8.0638527 -0.050465765
2.384454 8.0508625 -0.0034464851
2.3907364 8.0313311 0.0031909142
2.3970141 8.0024003 0.020313087
2.4032955 7.9682464 0.017898664
2.409585 7.9561529 -0.00037221156
2.4158717 7.926791 -0.0025301566
2.4221607 7.8994381 -0.028121947
2.4284402 7.8652288 0.0047655758
2.4347175 7.8538121 -0.0072032267
2.4410025 7.8187695 -0.014514626
2.44729 7.7941099 0.00020681203
2.4535718 7.7736091 0.00049777714
2.4598527 7.7606175 -0.00081688659
2.4661392 7.7410016 -0.0071961415
2.472422 7.7088229 0.014421096
2.4786985 7.675258 -0.0096331859
2.4849808 7.6614647 0.0087902129
2.4912693 7.6451541 -7.8249464e-06
2.4975485 7.6267989 0.012365268
2.5038317 7.5942756 -0.0033938481
2.5101179 7.5774018 -0.0034401684
2.5164007 7.5468077 0.011829607
2.5226882 7.5260593 -0.0010324067
2.5289717 7.509888 -0.0083904907
2.535252 7.4703238 0.0094551203
2.5415375 7.4505568 -0.024602814
2.547823 7.4371267 -0.0012726775
2.5541007 7.4221909 -0.0021709488
2.5603768 7.3904768 0.016932626
2.5666675 7.3762899 -0.0030104551
2.5729551 7.3637831 0.014319193
2.5792338 7.3326688 -0.014847454
2.5855202 7.3177392 -0.0058937812
2.5918051 7.2916027 -0.0099542898
2.5980841 7.2822255 0.010080471
2.6043604 7.255075 0.0020197644
2.6106472 7.2404812 0.0011415122
2.6169319 7.211153 0.0056992525
2.6232061 7.19189 0.0017615177
2.6294916 7.1702589 0.014783895
2.6357785 7.1628585 -0.007819366
2.642061 7.1448251 -0.0019091088
2.6483438 7.126174 0.013765018
2.6546318 7.1000331 -0.018887572
2.660919 7.0848901 0.013469243
2.6671985 7.0569329 -0.0023553337
2.6734843 7.0440708 -0.0029947235
2.6797734 7.0264905 0.0022578487
2.6860582 7.0085891 -0.012705955
2.6923387 6.9993935 0.010458853
2.698618 6.9717015 0.0048718516
2.7048955 6.9562004 -0.0094745254
2.7111757 6.9306456 -0.012094681
2.7174598 6.9203614 -0.004946218
2.7237457 6.9058665 0.0017689749
2.7300384 6.8838858 -0.015539826
2.736318 6.8661842 -0.01786338
2.7425919 6.8495587 9.7212228e-05
2.7488797 6.8314069 -0.0016369527
2.7551634 6.8136513 0.0024795552
2.761447 6.7939214 -0.016689133
2.7677321 6.7733803 -0.01019749
2.7740155 6.7578254 0.0066248941
2.7802986 6.7501738 -0.00039673471
2.7865775 6.7299504 -0.016111073
2.792858 6.709534 -0.020093672
2.7991438 6.6981372 0.0025671627
2.8054301 6.6836153 0.0023154983
2.8117151 6.6745758 -0.021680468
2.8179893 6.6503979 0.0014160487
2.8242692 6.6349312 -0.011371916
2.830563 6.6277103 -0.0072084282
2.8368488 6.5989604 0.022192225
2.84313 6.5854794 -0.018893844
2.8494139 6.5736563 -0.018246243
2.8556975 6.5578554 0.0067656225
2.8619788 6.5443243 -0.00058464651
2.8682625 6.5336878 0.0044395677
2.8745474 6.5183659 -0.011225543
2.8808311 6.5018683 -0.016050414
2.8871132 6.4899334 0.0036579116
2.8933945 6.4685929 0.020928307
2.8996737 6.4613518 0.0022751014
2.905954 6.4370119 -0.013860441
2.9122411 6.4294547 0.0090265799
2.918526 6.4117904 -0.00099607083
2.924809 6.4025905 0.00020440913
2.9310959 6.3842536 0.0016167475
2.9373782 6.3719135 -0.0055835051
2.94366 6.3579457 -0.0054512548
2.9499465 6.3461678 -0.0061593099
2.9562277 6.3252501 -0.012360848
2.9625105 6.3197902 -0.00033796782
2.9687965 6.2995687 0.00038305515
2.9750777 6.2983612 0.0099948014
2.9813599 6.2778298 -0.0097427613
2.9876468 6.265045 -0.011711613
2.993929 6.2595661 0.00072021303
3.0002062 6.243158 -0.0039970184
3.0064862 6.2333142 -0.011223699
3.0127698 6.2206131 0.0035106787
3.0190531 6.2027538 -0.00098695025
3.0253374 6.1941804 -0.0074812971
3.0316237 6.1779815 -0.010403323
3.037909 6.1732112 -0.0061495114
3.0441951 6.161807 0.0046049261
3.0504755 6.1456415 -0.012088202
3.056755 6.1342458 -0.012289187
3.0630405 6.1219776 -0.0088665195
3.0693237 6.1173567 -0.012191077
3.0756107 6.1106158 -0.011000269
3.0818938 6.0967486 -0.010125632
3.0881745 6.0774589 -0.0013056263
3.0944586 6.0658317 -0.0077372629
3.100744 6.0601812 0.0017766451
3.1070281 6.0540459 -0.013449249
3.1133093 6.035517 -0.0058618188
3.1195907 6.0280048 -0.0071530033
3.125874 6.0121024 -0.013448162
3.1321593 6.0067353 -0.018772216
3.1384392 5.9990223 0.0069155258
3.1447239 5.9920817 -0.023411714
3.151004 5.9794857 0.0061097426
3.1572837 5.9677197 -0.012774852
3.1635693 5.9574131 -0.0078597691
3.1698517 5.960035 0.0048029628
3.1761377 5.9422384 -0.019558159
3.1824209 5.9323881 -0.0056911679
3.1887028 5.9215375 -0.017185004
3.1949905 5.9122331 0.0099818801
3.2012753 5.908978 -0.011210539
3.2075514 5.9026279 -0.0088202284
3.2138352 5.8964547 0.0098583854
3.2201226 5.8829676 0.0082709773
3.2264067 5.8744874 -0.001935671
3.2326878 5.8644082 -0.014061543
3.2389697 5.8607378 -0.0018343796
3.2452553 5.8569095 -0.00095125195
3.251535 5.8393702 -0.00039941036
3.257818 5.841378 0.007870961
3.2641022 5.8335684 -0.0058599747
3.2703843 5.8229358 -0.023694135
3.2766697 5.8166835 -0.016305209
3.282955 5.814106 0.013105122
3.2892374 5.8005684 -0.011417834
3.2955201 5.7930933 -0.0080346679
3.3018068 5.7916081 -0.00027464372
3.3080882 5.7841016 0.0044165964
3.3143683 5.7755947 0.0019421408
3.3206524 5.7720535 -0.010217043
3.3269318 5.7669918 -0.0075291438
3.3332172 5.7657447 -0.0067990498
3.3395053 5.7469166 0.0031654385
3.345788 5.7493454 0.0088958086
3.3520722 5.7475304 -0.0070718856
3.3583517 5.7388428 -0.0081009553
3.3646309 5.7390099 0.004932835
3.3709171 5.7313187 0.0067027693
3.3771997 5.7229578 -0.012501241
3.383485 5.7172012 -0.00099850423
3.3897714 5.7160805 0.0060497704
3.3960523 5.7087045 0.00060398304
3.402332 5.7061699 0.0088228485
3.4086109 5.6975966 -0.0076793366
3.4148974 5.6993161 0.013200652
3.4211808 5.6947612 0.0015721613
3.4274635 5.6877054 0.0086348228
3.433751 5.6879979 -0.0026653012
3.4400336 5.6889073 -0.0099799281
3.4463146 5.6804111 0.0039154848
3.4526017 5.6866815 -0.00057188508
3.458885 5.6782515 -0.007504366
3.4651654 5.6780215 -0.011991986
3.4714502 5.6704583 -0.013294503
3.4777353 5.6674201 -0.010842613
3.4840204 5.6700065 -0.0072134372
3.4902984 5.6680156 -0.003391444
3.4965841 5.6627544 -0.0040589781
3.5028697 5.6663498 0.0035797978
3.5091472 5.6647624 -0.0022837346
3.5154293 5.6626933 0.0060802856
3.521711 5.6637673 -0.014438341
3.5279924 5.6603816 -0.0084548204
3.5342782 5.6628073 -0.0014255664
3.5405659 5.6602728 -0.013887794
3.5468474 5.6636759 0.00039544955
3.5531332 5.656812 0.0044182389
3.5594194 5.659471 -0.00059437515
3.5656987 5.6587716 0.0074822063
3.571981 5.660606 -0.012115608
3.5782681 5.6673297 -0.014788323
3.5845504 5.6637614 -0.011042778
3.5908286 5.6600789 -0.0025702214
3.597109 5.6626188 0.010126575
3.6033947 5.6713814 0.0022710193
3.6096758 5.6733047 -0.0070913922
3.6159574 5.6775306 -0.0077545037
3.622243 5.6745567 -0.013374406
3.628522 5.6741668 -0.0068260327
3.6348065 5.6793145 -0.0015671564
3.6410953 5.6836465 -0.0068422535
3.647383 5.6867475 0.0094553728
3.6536648 5.6933972 -0.0096555143
3.6599466 5.6935107 0.012222118
3.6662338 5.6970989 -0.0088012552
3.6725162 5.702783 -0.0083209644
3.6787969 5.705956 -0.0039803532
3.6850808 5.7094212 -0.010337878
3.6913615 5.7132696 -0.002727869
3.6976453 5.7214638 -0.006663377
3.7039282 5.7262986 0.0019376279
3.7102105 5.7333926 -0.013501053
3.7164963 5.7398393 -0.0070941685
3.7227765 5.7382953 -0.0067924432
3.7290604 5.7543851 -0.0023672372
3.7353441 5.7584181 0.0025768964
3.7416262 5.7595785 0.0078631849
3.7479078 5.7739958 -0.0021004463
3.7541913 5.7825337 -0.02449116
3.7604793 5.7835064 0.013436556
3.7667591 5.7954582 -0.0013528163
3.7730369 5.7965864 -0.013845261
3.7793245 5.7818013 7.2304097e-05
3.7856096 5.776451 0.006074807
3.791892 5.7638281 -0.0091504707
3.7981772 5.751116 -0.014568932
3.8044595 5.7446509 -0.014601467
3.8107406 5.7367413 -0.0014461661
3.8170242 5.7210529 0.0026593879
3.8233083 5.7105198 -0.0028158631
3.82959 5.7055172 0.0097101162
3.8358721 5.6950327 -0.0043728187
3.8421598 5.6846422 0.011956945
3.8484445 5.6784293 -0.00053313942
3.8547246 5.6700068 -0.0064512319
3.8610074 5.6584049 -0.0039998463
3.8672884 5.6551261 -0.0018174023
3.8735709 5.6397406 -0.0075888785
3.8798537 5.6376598 0.0040576096
3.8861388 5.6240702 -0.009191163
3.8924222 5.6169245 -0.0088851436
3.8987057 5.6046993 -0.00091979607
3.904991 5.6035837 0.0068493786
3.9112719 5.5945867 -0.0056943091
3.9175547 5.5806475 -0.00011560441
3.923841 5.5776245 -0.0038401467
3.9301245 5.5729449 -0.0029129165
3.9364023 5.5657273 -0.0037911492
3.9426867 5.552184 -0.018185707
3.9489749 5.5439656 -0.011337605
3.9552603 5.5372782 -0.0053298665
3.9615405 5.5291268 0.0031908392
3.9678228 5.5269742 -0.0035781499
3.9741093 5.5147083 -0.010148142
3.9803891 5.5043647 -0.0058059897
3.9866693 5.5016811 -0.0029137807
3.9929531 5.4959132 -0.0033844594
3.9992376 5.48443 -0.0073186402
4.0055206 5.4810515 -0.0035817268
4.0118004 5.4744226 0.0044179491
4.018084 5.4689602 -0.00059586623
4.024369 5.4588899 -0.0035507424
4.0306486 5.4537097 -0.0010099612
4.0369309 5.4470306 0.0059438321
4.043218 5.4427857 -0.010286514
4.049505 5.4378324 -0.011512167
4.055786 5.4292563 -0.00040786314
4.0620657 5.424324 -0.0057954125
4.0683514 5.4155808 -0.0097192411
4.0746341 5.4084342 0.00031578501
4.0809155 5.4025767 -0.0044100398
4.0872042 5.3985531 0.0045245129
4.0934892 5.3936833 -0.005729636
4.0997691 5.3856034 -0.010969168
4.1060505 5.3829586 0.0026899091
4.1123344 5.3761156 -0.0057930741
4.1186204 5.3729732 -0.0087744087
4.1249001 5.368222 -0.014658732
4.1311787 5.3589991 0.0042353933
4.1374656 5.355414 -0.003932246
4.1437516 5.3500412 -0.00033510467
4.1500348 5.3425775 -0.00068881224
4.1563169 5.3409804 -0.0056495668
4.1625996 5.3378762 -0.0085838046
4.1688861 5.3331787 -0.0066781796
4.1751677 5.3215686 -0.0044990052
4.1814502 5.3241312 -0.010965208
4.1877378 5.3120079 -0.015207041
4.1940191 5.3119637 -0.0068666571
4.2002971 5.311477 0.00047445581
4.2065802 5.2968755 -0.00579862
4.2128623 5.2969897 -0.0017866605
4.2191458 5.292579 0.0018179907
4.225433 5.2891503 -0.0098964036
4.231716 5.286969 -0.0059098812
4.2379957 5.2816868 -0.0076268634
4.244278 5.2777844 0.00063026227
4.2505649 5.2767305 -0.0043936247
4.2568497 5.2737298 -0.006964849
4.2631308 5.2718941 -0.011783834
4.2694117 5.2638317 -0.00027844347
4.275694 5.262454 0.0010452333
4.2819777 5.2587415 -0.0022097956
4.2882622 5.2554552 -0.00074126166
4.2945474 5.2530394 -0.009475533
4.3008297 5.2511626 -0.0041951213
4.3071128 5.2482309 0.00097976901
4.3133958 5.2489539 -0.0048521355
4.319678 5.2450814 0.00065052074
4.3259594 5.2380514 -0.0029475967
4.332245 5.2377241 -0.0025599012
4.338532 5.2358392 -0.0080501291
4.3448141 5.2326214 0.0010952576
4.3510961 5.2307766 -0.0074233183
4.3573801 5.2300509 -0.0026492079
4.3636669 5.226464 -0.0025871809
4.3699499 5.2232266 0.0054719328
4.3762279 5.2203833 0.0051232158
4.3825069 5.2206199 0.0021718312
4.3887934 5.2160684 -0.008130907
4.395077 5.2193675 0.0037324407
4.4013576 5.2187529 0.0019501685
4.4076403 5.2127532 -0.015298096
4.4139241 5.2167734 -0.011058336
4.4202108 5.212458 -0.011027072
4.4264914 5.2095176 -0.0086396296
4.432774 5.2098788 -0.0017096745
4.4390578 5.2094026 0.0032513461
4.4453413 5.2078083 0.004555409
4.4516275 5.2159376 -0.0056353918
4.4579123 5.2030419 -0.0050295346
4.4641977 5.2044726 -0.0023709213
4.4704788 5.2053332 -0.0054400114
4.4767593 5.2057086 -0.0048815699
4.483046 5.2086385 -0.0062544154
4.4893311 5.2013126 -0.0023029985
4.4956106 5.2128518 -0.0057851853
4.5018888 5.2060227 -0.009256962
4.5081704 5.2066007 -0.017793361
4.5144567 5.2107314 0.0079717165
4.5207384 5.204983 -0.0062790855
4.5270208 5.2128844 9.7262674e-05
4.5333061 5.2032362 -0.0049816194
4.5395877 5.207949 -0.0048718359
4.5458704 5.2117662 0.0036703818
4.5521545 5.2124168 -0.0056920755
4.5584424 5.2159179 -0.0028758185
4.5647254 5.2116836 -0.0034785471
4.5710052 5.219212 -0.0066300307
4.5772897 5.2190438 -0.0025947495
4.5835734 5.2152091 -0.0017891214
4.5898565 5.226714 -0.0066272075
4.5961372 5.2250233 -0.013736637
4.6024224 5.2320023 -0.012590203
4.6087097 5.2269513 -0.0075442196
4.6149912 5.2314534 -0.0021014121
4.6212725 5.2268341 0.0004485733
4.627556 5.2343012 -0.0058760397
4.6338395 5.23777 -0.011701249
4.640119 5.2421363 -0.0024646222
4.6464005 5.2479109 -0.010995059
4.6526881 5.2431744 -0.0039073999
4.6589739 5.2528645 -0.0045350625
4.6652533 5.24927 -0.0068711356
4.6715342 5.2559375 -0.01603657
4.6778199 5.2598501 -0.0051753537
4.6841045 5.2688759 -0.00080610521
4.6903854 5.2659792 -0.0097994457
4.6966701 5.2745259 -0.0097622267
4.7029558 5.2825175 -0.00026635786
4.7092363 5.2815726 -0.0034979977
4.7155178 5.2847392 -0.0052370105
4.7218015 5.2877441 -0.011618457
4.7280848 5.2985589 -0.009257104
4.7343673 5.2982211 -0.0014851186
4.7406505 5.3055739 -0.0013522213
4.7469333 5.3143298 -0.013430058
4.7532149 5.3096241 -0.0061618088
4.7594946 5.3212154 -0.0078584063
4.7657804 5.3266678 -0.0055562815
4.7720691 5.3369836 -0.0042311825
4.7783509 5.3405424 0.0038916177
4.784635 5.3415009 -0.0040244266
4.7909206 5.351966 0.00021124892
4.7972039 5.3547871 -0.0027702446
4.8034859 5.3679868 0.00022856619
4.8097699 5.3689455 -0.0013246355
4.8160561 5.374862 -0.0067139686
4.8223352 5.3862074 -0.0034849621
4.8286118 5.3939324 0.0043013273
4.8348948 5.3947235 -0.0068963847
4.8411817 5.4027436 0.0021596992
4.8474631 5.4012073 0.0088665924
4.8537471 5.4156103 -0.0030280333
4.8600362 5.4184892 -0.0044692267
4.8663168 5.4297429 -0.0066553134
4.8725994 5.4448045 -0.0096699297
4.8788848 5.4500282 0.0034201741
4.8851663 5.4591554 0.0070335857
4.8914489 5.4688137 -0.0040957334
4.8977296 5.4743815 -0.0029605042
4.9040155 5.4855689 -0.0019273766
4.9102992 5.4925822 0.0017296995
4.9165785 5.5047316 -0.00020105095
4.9228647 5.5067241 -0.0078517356
4.9291459 5.5196417 0.0032876836
4.9354294 5.533075 -0.0010983323
4.9417135 5.5345443 -0.0098068812
4.947993 5.5468423 0.0057929897
4.9542788 5.5600998 -0.0080070927
4.9605656 5.5674221 -0.0036405173
4.9668447 5.5831274 -0.0099931967
4.973125 5.5862713 -0.0092210443
4.9794104 5.598969 -9.9124627e-05
4.9856955 5.6029868 -0.0089583755
4.9919773 5.6242937 -0.0082052429
4.9982613 5.6273179 -0.0062075219
5.004546 5.6313972 0.0046433267
5.010828 5.6536822 0.0048949726
5.0171047 5.6563673 0.0011998139
5.0233897 5.6720328 -0.013626638
5.029679 5.6831049 0.0002467133
5.0359566 5.6893008 0.0033359122
5.0422388 5.7032957 -0.012366704
5.0485253 5.7090181 -0.010088487
5.05481 5.7283268 -0.0095879221
5.0610964 5.7369019 0.0010949268
5.0673786 5.7403995 -0.0038398369
5.0736582 5.7636226 -0.0031701174
5.0799396 5.7658506 -0.00683121
5.0862233 5.7897222 7.3460128e-05
5.0925057 5.7756761 -0.012107381
5.0987925 5.8102063 -0.0033164796
5.1050771 5.814331 -0.0049122409
5.1113517 5.8286148 -0.0023333712
5.1176364 5.8337942 0.0017292513
5.1239216 5.8399522 -0.0076281734
5.1302023 5.8633936 -0.011440127
5.1364866 5.8743749 -0.0028740851
5.142773 5.8734169 -0.0030720246
5.1490575 5.8920082 -0.0019883501
5.1553345 5.8956255 -0.017798369
5.1616191 5.9111187 -0.0060041488
5.1679062 5.9158702 0.00052646955
5.1741896 5.9353296 -0.0051031056
5.1804742 5.9432072 1.7215356e-05
5.1867588 5.9429944 -0.0058791186
5.1930392 5.9644496 -0.0095654355
5.1993169 5.9615452 -0.010950404
5.2055993 5.9833253 -0.012825259
5.2118847 5.9771021 -0.0013605991
5.2181682 5.999868 -0.0067217855
5.2244496 6.0045157 -0.007033336
5.2307264 5.9894972 -0.0061887999
5.2370131 6.0186331 0.0020363115
5.2433065 6.0017267 -0.00090148669
5.249585 6.032197 -0.014839555
5.2558663 6.0207875 -0.0054513137
5.2621526 6.024584 0.00076108956
5.2684309 6.029231 0.0040601615
5.2747057 6.0186513 -0.012946205
5.2809908 6.0339097 -0.01832718
5.2872799 6.0269206 -0.00097250472
5.2935635 6.0157439 -0.0067521813
5.2998464 6.0179017 0.0030892006
5.3061314 6.0048058 -0.0034088463
5.3124149 6.0008682 0.0065193483
5.318692 5.9879248 -0.0096142013
5.3249765 5.9860118 -0.0045273837
5.331267 5.9636573 0.0067516
5.3375504 5.9495129 -0.0064260754
5.3438299 5.9572874 0.0064905293
5.3501139 5.9472274 -0.0039731171
5.3563991 5.9309644 -0.0029907787
5.3626817 5.942736 -0.00047974277
5.3689622 5.9296105 -2.9627371e-05
5.3752458 5.937103 -0.0019905236
5.381536 5.9315365 -0.0039887783
5.387813 5.9439385 -0.0023591148
5.3940916 5.9327749 -0.012658774
5.4003822 5.9308075 -0.00069589216
5.4066644 5.939349 -0.00095057944
5.4129375 5.9450703 0.010314678
5.4192183 5.9415395 -0.003530389
5.4255097 5.9476104 -0.011301196
5.4317953 5.9454105 0.0039275432
5.4380687 5.9609417 -0.0025951354
5.444353 5.9698802 -0.010195618
5.4506476 5.9776122 -0.0097955873
5.4569261 5.968397 0.0023604723
5.4632032 5.9686533 0.0025864404
5.4694906 5.9776422 -0.0032925433
5.4757753 5.9739052 0.0028054948
5.4820552 5.9892803 0.0026373056
5.4883448 6.0080696 -0.008080759
5.4946299 6.0022323 0.00089376553
5.500905 6.006455 -0.0004086426
5.507184 6.0182686 0.0079118589
5.5134655 6.0191061 0.00069902802
5.519755 6.0398951 -0.010405809
5.5260388 6.0409728 -0.0024763926
5.5323112 6.0462339 -0.002954385
5.5385939 6.0497213 -0.00038875353
5.5448892 6.0656998 -0.0064849565
5.5511702 6.0824725 0.0047255718
5.5574444 6.0762862 0.0023170225
5.5637327 6.0936687 -0.0042682559
5.5700222 6.0971208 -0.010163242
5.5762966 6.1202235 -0.0039151945
5.582577 6.1264221 -0.0041915755
5.5888758 6.1483627 -0.0081241453
5.5951585 6.1607518 -0.0061084075
5.6014285 6.1794666 0.0042943294
5.6077149 6.1888087 -0.0056861926
5.6140085 6.1774437 -0.0036555802
5.6202825 6.1902851 -0.0043324477
5.6265585 6.2024332 0.0044545255
5.6328571 6.2213757 -0.0069421381
5.6391437 6.2410537 -0.0015857048
5.6454227 6.2639818 0.0099308047
5.6517049 6.2577486 -0.0081331581
5.6579936 6.2797969 0.0081571651
5.6642851 6.301012 -0.010069775
5.6705565 6.3138136 -0.0038882408
5.6768351 6.3424778 0.003815357
5.6831318 6.3373386 0.016534873
5.6894193 6.3508909 -0.0042240574
5.6956891 6.3696537 0.0021089971
5.7019687 6.3859026 -0.0033283115
5.708269 6.3891765 -0.011131967
5.7145496 6.4148946 -0.0090139594
5.7208164 6.4305772 -0.0073314973
5.7271108 6.4546186 0.0020309674
5.7334057 6.4608678 -0.0017546405
5.7396772 6.5022357 0.002074437
5.7459514 6.5000392 -0.00091107305
5.7522516 6.5469428 -0.011700566
5.758539 6.5316567 -0.0021213702
5.7647984 6.5681168 -0.010993637
5.7710821 6.5972602 0.0049738398
5.7773798 6.6318296 -0.00047822504
5.7836569 6.6301747 0.0030324404
5.7899298 6.6721306 -0.0033209239
5.7962218 6.6679985 0.0030673499
5.8025084 6.7189183 0.00038534001
5.8087875 6.7147857 -0.0026867301
5.815068 6.7553096 -0.0097271034
5.8213519 6.7685615 0.0026490627
5.8276413 6.7979539 -0.010095606
5.8339209 6.8518594 -0.0082695991
5.8401987 6.8322793 -0.00095017686
5.846494 6.8809299 -0.0019558047
5.8527842 6.9097063 -0.010125939
5.8590415 6.9148461 0.0089435259
5.8653156 6.948454 -0.0096540505
5.8716245 6.9896959 0.0070049481
5.8779116 6.9882168 0.0036580719
5.884173 7.0539716 -0.0022562255
5.890459 7.0470737 0.0037550055
5.8967616 7.0766849 0.003465235
5.9030337 7.1421917 0.0024879002
5.9093032 7.1934285 -0.0058168188
5.9156163 7.1715773 0.002607848
5.921905 7.2546902 0.0033242594
5.9281521 7.2660409 0.00086894063
5.9344277 7.2899294 0.0025921691
5.9407474 7.3149268 -0.012692727
5.947044 7.3759631 -0.0077165415
5.9532853 7.429711 -0.010288933
5.959571 7.4299076 -0.0045592307
5.9658838 7.4569177 -0.016879491
5.9721535 7.4964064 -0.0093466196
5.9784118 7.6015128 -0.0063201454
5.9847161 7.5856488 -0.011284097
5.9910339 7.6128787 -0.010840158
5.9972891 7.6656295 -0.0031135328
6.0035485 7.6974374 -0.013901121
6.0098611 7.7336794 -0.0069605696
6.0161587 7.7844789 -0.019245491
6.0223963 7.8364228 0.0011056601
6.0286595 7.8905277 -0.0017771996
6.0349883 7.9196859 -0.00054896046
6.0412764 7.9830617 -0.013875009
6.0475235 8.0092371 -0.010135687
6.0538231 8.0678925 -0.010838195
6.0601472 8.1287569 -0.0024833521
6.0664012 8.150154 0.004335618
6.072635 8.2284549 -0.01112447
6.0789572 8.269214 -0.0038944056
6.0852909 8.3047627 -0.0048768648
6.09153 8.3688485 -0.0079688873
6.0977644 8.4046162 -0.0029167604
6.1040987 8.4490221 -0.0092301655
6.1104184 8.4745777 -0.0051856981
6.1166413 8.5963771 -0.00013558539
6.1229139 8.6289184 0.0073389904
6.1292582 8.7021675 0.0026079388
6.1355365 8.7790035 -0.010992256
6.1417569 8.8087948 -0.0047085139
6.1480695 8.8406656 0.0030590296
6.1544121 8.9284215 -0.0039565924
6.1606378 8.9893645 -0.0080345536
6.1668736 9.0574909 0.002150435
6.1732242 9.0450126 -0.011460617
6.1795551 9.1884557 0.0029335664
6.1857456 9.2085574 -0.0012865113
6.1919759 9.3305592 -0.0013647015
6.1983636 9.3871135 -0.018502152
6.2046914 9.4580976 -0.00014004527
6.2108424 9.5124316 -0.0022570686
6.217094 9.6344588 0.0091908945
6.2235014 9.7026599 0.0056049159
6.229796 9.7685235 -0.0068407008
6.2359786 9.8638768 0.011241308
6.2422872 9.8933855 0.011627921
6.2486553 9.9874508 -0.013287595
6.2548669 10.055388 0.0027635587
6.2611133 10.121829 0.0010542577
6.2675223 10.288778 0.0055393286
6.2738161 10.385775 0.0085512914
6.2799176 10.452284 0.0014269401
6.2862174 10.481871 0.0053567738
6.2927241 10.541963 -0.001329735
6.2989558 10.672365 -0.023425729
6.3049391 10.669028 -0.0042680613
6.3113408 10.766438 -0.0090319788
6.3179475 11.000362 -0.0061634282
6.3240719 10.983635 -0.019315381
6.3300021 11.234869 0.0060058063
6.3365138 11.223404 0.0035719709
6.3431536 11.438765 0.0064455555
6.3491186 11.55354 0.0010666698
6.3550533 11.447321 0.0036054243
6.3617438 11.79036 0.010687874
6.3684172 11.721301 0.0055112095
6.3740597 11.981315 -0.003908595
6.380051 11.976519 -0.0068364011
6.3869902 12.204859 0.0021904474
6.3936831 12.144529 -0.011620984
6.3990096 12.220018 -0.0016347659
6.4050873 12.434244 0.02194752
6.4122154 12.656604 -0.0023835339
6.4189842 12.804679 0.0053148765
6.4241576 12.973647 0.0041531025
6.4302427 12.992435 0.013932689
6.4374349 13.052494 -0.0083557316
6.4442148 13.026639 -0.0095599666
6.4492026 13.276032 -0.0072508149
6.4554407 13.510471 0.004202841
6.4626465 13.321501 0.0089413288
6.4687081 14.459874 -0.0062167283
6.4736854 13.627737 -0.0062230702
6.4806668 14.006859 -7.2442388e-06
6.4878735 14.568711 0.0061820407
6.4934547 13.798473 -0.0039648306
6.4986714 12.964009 0.012971273
6.5058484 14.464801 -0.0046343679
6.5129779 14.093672 -0.0067846789
6.5188016 10.516889 0.0039181643
6.5233329 9.3886082 0.00492312
6.5296777 43.676038 0
