2.000000000000000164e-05 7.633908862859974942e-01
2.066869842267550072e-05 7.633947334096485848e-01
2.135975472437544027e-05 7.633923211942530429e-01
2.207391643902171255e-05 7.633935820124599925e-01
2.281195609427394449e-05 7.633922991690400561e-01
2.357467204719313169e-05 7.633955841581249180e-01
2.436288934784564352e-05 7.633923268169839904e-01
2.517746063178175121e-05 7.633970701490093713e-01
2.601926704235410016e-05 7.633939469238802955e-01
2.688921918387384303e-05 7.633926407240549938e-01
2.778825810663545582e-05 7.633970205889141214e-01
2.871735632487579741e-05 7.633950906465333253e-01
2.967751886876853870e-05 7.633945946335962685e-01
3.066978437159193627e-05 7.633898777220217147e-01
3.169522619324599853e-05 7.633933433780147881e-01
3.275495358133433647e-05 7.633923213739828295e-01
3.385011287106671010e-05 7.633943284386519590e-01
3.498188872528021299e-05 7.633914880671009984e-01
3.615150541592045298e-05 7.633931120520567326e-01
3.736022814836899319e-05 7.633922167738117492e-01
3.860936443004954884e-05 7.633898809116672624e-01
3.990026548479344494e-05 7.633963770943826832e-01
4.123432771449419843e-05 7.633911313935056731e-01
4.261299420963254024e-05 7.633952080280821395e-01
4.403775631030562105e-05 7.633929006653776828e-01
4.551015521944909301e-05 7.633922248179011438e-01
4.703178366999723984e-05 7.633943705843425631e-01
4.860428764778435972e-05 7.633922318353707492e-01
5.022936817205134787e-05 7.633950952099052278e-01
5.190878313548323190e-05 7.633874628183271449e-01
5.364434920576834987e-05 7.633893078130610244e-01
5.543794379073590958e-05 7.633914147041241938e-01
5.729150706919781900e-05 7.633862449019561680e-01
5.920704408969155763e-05 7.633926874333401003e-01
6.118662693939432690e-05 7.633932399198284369e-01
6.323239698555469304e-05 7.633916914828416944e-01
6.534656719186627638e-05 7.633881043071758521e-01
6.753142451228926792e-05 7.633913049023991482e-01
6.978933236490913268e-05 7.633891612989004427e-01
7.212273318850868345e-05 7.633858123584180699e-01
7.453415108461877573e-05 7.633867203309878668e-01
7.702619454790587906e-05 7.633855942768630332e-01
7.960155928784993205e-05 7.633889857970879156e-01
8.226303114476471348e-05 7.633858040195610206e-01
8.501348910331518868e-05 7.633849172643476511e-01
8.785590840679157983e-05 7.633867379196438430e-01
9.079336377550881697e-05 7.633850787363244406e-01
9.382903273281309529e-05 7.633830405036444722e-01
9.696619904229312483e-05 7.633798068526290725e-01
1.002082562599141270e-04 7.633789064973935945e-01
1.035587114049174785e-04 7.633816451899466671e-01
1.070211887534562421e-04 7.633797869443454953e-01
1.105994337590709140e-04 7.633761090917596803e-01
1.142973171042456330e-04 7.633765025200933696e-01
1.181188388874281471e-04 7.633749277342276596e-01
1.220681329500424115e-04 7.633744872547159055e-01
1.261494713481742377e-04 7.633693255262913313e-01
1.303672689737678670e-04 7.633742505131403400e-01
1.347260883303314362e-04 7.633676846179552333e-01
1.392306444683180742e-04 7.633705195611839578e-01
1.438858100855209437e-04 7.633680865949470373e-01
1.486966207979997041e-04 7.633641075421934152e-01
1.536682805872396744e-04 7.633614404335469228e-01
1.588061674294368483e-04 7.633614318872455895e-01
1.641158391129971276e-04 7.633627515067065161e-01
1.696030392505434848e-04 7.633574482964783359e-01
1.752737034919339915e-04 7.633538067193296195e-01
1.811339659450114388e-04 7.633506897585669027e-01
1.871901658110307874e-04 7.633488787299310685e-01
1.934488542419408646e-04 7.633443517041728077e-01
1.999168014269393128e-04 7.633448278905777817e-01
2.066010039159656652e-04 7.633419932498591853e-01
2.135086921880547338e-04 7.633326207421761156e-01
2.206473384727377968e-04 7.633328692908448732e-01
2.280246648329511538e-04 7.633272960889514458e-01
2.356486515181963309e-04 7.633232294357407133e-01
2.435275455969876748e-04 7.633193453121358552e-01
2.516698698779247295e-04 7.633121667127023002e-01
2.600844321290405573e-04 7.633074637948915608e-01
2.687803346053976817e-04 7.633046953025783843e-01
2.777669838952388651e-04 7.632994598174595025e-01
2.870541010953427292e-04 7.632950489990807386e-01
2.966517323265922064e-04 7.632861467806749678e-01
3.065702596011295341e-04 7.632778420097714456e-01
3.168204120528543403e-04 7.632686855556628513e-01
3.274132775434116785e-04 7.632634951277308399e-01
3.383603146562264279e-04 7.632536391732472891e-01
3.496733650915567022e-04 7.632478163242932823e-01
3.613646664759745386e-04 7.632388108242985636e-01
3.734468656001317080e-04 7.632265939099222019e-01
3.859330320991275886e-04 7.632195367525763663e-01
3.988366725902805230e-04 7.632081867491461447e-01
4.121717452835938129e-04 7.631980807638421016e-01
4.259526750807212541e-04 7.631838988147122693e-01
4.401943691787655547e-04 7.631763669964882757e-01
4.549122331957894719e-04 7.631611256586187109e-01
4.701221878354804149e-04 7.631512051984848943e-01
4.858406861089974399e-04 7.631387718713033008e-01
5.020847311326308640e-04 7.631197249268850680e-01
5.188718945205230424e-04 7.631061984070709459e-01
5.362203353923492141e-04 7.630920479084801755e-01
5.541488200165187389e-04 7.630834949885640928e-01
5.726767421101455150e-04 7.630584614961927192e-01
5.918241438177454907e-04 7.630457373461082549e-01
6.116117373913557359e-04 7.630234368589545735e-01
6.320609275955268004e-04 7.630130185780124030e-01
6.531938348614238542e-04 7.629899664054554664e-01
6.750333192150836329e-04 7.629760560636652533e-01
6.976030050057104547e-04 7.629566699890937276e-01
7.209273064607610694e-04 7.629403901709778113e-01
7.450314540954613768e-04 7.629223469134435165e-01
7.699415220053250396e-04 7.629019995462258397e-01
7.956844560711916160e-04 7.628784897424343292e-01
8.222881031073025473e-04 7.628643257231446650e-01
8.497812409839368810e-04 7.628435131703328320e-01
8.781936097571961097e-04 7.628227948864895192e-01
9.075559438396131216e-04 7.628079472765559865e-01
9.379000052463793693e-04 7.627841876316336922e-01
9.692586179531593148e-04 7.627649492217104532e-01
1.001665703402655023e-03 7.627457889541052749e-01
1.035156317198330069e-03 7.627240576362188662e-01
1.069766687024985286e-03 7.627019347094110557e-01
1.105534251837205851e-03 7.626849740684709111e-01
1.142497702358069404e-03 7.626633822529774731e-01
1.180697022931930960e-03 7.626421259676012809e-01
1.220173534776542454e-03 7.626258091925323113e-01
1.260969940681316284e-03 7.626015439263288398e-01
1.303130371200056587e-03 7.625806679584791192e-01
1.346700432388157767e-03 7.625557663942275077e-01
1.391727255135877424e-03 7.625367361068657868e-01
1.438259546151070007e-03 7.625131057704885862e-01
1.486347640646530459e-03 7.624884317450673077e-01
1.536043556788919398e-03 7.624653901096482000e-01
1.587401051968200579e-03 7.624415023760505727e-01
1.640475680948428249e-03 7.624181294987379953e-01
1.695324855962815390e-03 7.623905646694867366e-01
1.752007908818060174e-03 7.623665726906677653e-01
1.810586155075142928e-03 7.623386736742440162e-01
1.871122960375984270e-03 7.623090375389158790e-01
1.933683808987751848e-03 7.622860530026948078e-01
1.998336374638913938e-03 7.622580921888053584e-01
2.065150593723721201e-03 7.622283346107980861e-01
2.134198740954243185e-03 7.622029557250014076e-01
2.205555507541849362e-03 7.621748714459108953e-01
2.279298081992675151e-03 7.621452254436890117e-01
2.355506233604463730e-03 7.621167592352116049e-01
2.434262398755145627e-03 7.620874413959750626e-01
2.515651770076436904e-03 7.620588415634770296e-01
2.599762388608985089e-03 7.620357708080863768e-01
2.686685239038679764e-03 7.620011030820020848e-01
2.776514348117217236e-03 7.619725779818773415e-01
2.869346886373309435e-03 7.619433906558834568e-01
2.965283273224645581e-03 7.619181802946525250e-01
3.064427285604211931e-03 7.618885320503080427e-01
3.166886170218578649e-03 7.618564690594088473e-01
3.272770759559481216e-03 7.618325235740626145e-01
3.382195591794276077e-03 7.617992659637252695e-01
3.495279034664920681e-03 7.617675237267860222e-01
3.612143413529477973e-03 7.617389203616892202e-01
3.732915143684721951e-03 7.617072906625442785e-01
3.857724867112893516e-03 7.616804914146608763e-01
3.986707593800617976e-03 7.616463003045123026e-01
4.120002847782761740e-03 7.616143849330476723e-01
4.257754818069308354e-03 7.615804568062095603e-01
4.400112514618404608e-03 7.615486154369430771e-01
4.547229929524409554e-03 7.615155268431939017e-01
4.699266203595197679e-03 7.614846784733950713e-01
4.856385798499019031e-03 7.614497524695885700e-01
5.018758674667020935e-03 7.614146290996659516e-01
5.186560475143959549e-03 7.613775477092651345e-01
5.359972715585955248e-03 7.613481500444496675e-01
5.539182980610755057e-03 7.613124234200668861e-01
5.724385126713026593e-03 7.612757505101973576e-01
5.915779491964028892e-03 7.612431943495963083e-01
6.113573112722652143e-03 7.612049185592125733e-01
6.317979947592099882e-03 7.611734494272921481e-01
6.529221108864616957e-03 7.611407361431042906e-01
6.747525101704480652e-03 7.611054309522092831e-01
6.973128071328140755e-03 7.610624197489552767e-01
7.206274058448705437e-03 7.610324745432687221e-01
7.447215263261310406e-03 7.610012587600527567e-01
7.696212318254701257e-03 7.609599162789885129e-01
7.953534570144332738e-03 7.609268617633907494e-01
8.219460371231864307e-03 7.608867662145789579e-01
8.494277380506187053e-03 7.608568433731129899e-01
8.778282874811823774e-03 7.608193677335656213e-01
9.071784070421121463e-03 7.607808274404780358e-01
9.375098455358292851e-03 7.607500020556714482e-01
9.688554132834568261e-03 7.607189344865549208e-01
1.001249017616620725e-02 7.606812441674273284e-01
1.034725699555901803e-02 7.606501710477043821e-01
1.069321671715643858e-02 7.606116872426171849e-01
1.105074357476093505e-02 7.605802897719030620e-01
1.142022431465263173e-02 7.605496021391944250e-01
1.180205861394306721e-02 7.605181389928051816e-01
1.219665951291643881e-02 7.604837261558390349e-01
1.260445386182631328e-02 7.604513807731907438e-01
1.302588278263077520e-02 7.604173086310257457e-01
1.346140214616583890e-02 7.603867435635084382e-01
1.391148306527291781e-02 7.603585227587650319e-01
1.437661240441416924e-02 7.603263862655201821e-01
1.485729330632660182e-02 7.602952992891226502e-01
1.535404573628500365e-02 7.602650170950406849e-01
1.586740704456205894e-02 7.602355393432309594e-01
1.639793254769450481e-02 7.602124444474663845e-01
1.694619612918364313e-02 7.601803154216645320e-01
1.751279086028037155e-02 7.601532128907202424e-01
1.809832964152614798e-02 7.601259453969351210e-01
1.870344586574363213e-02 7.600991037752474755e-01
1.932879410319460894e-02 7.600719140646459149e-01
1.997505080964588620e-02 7.600515944567084459e-01
2.064291505810955316e-02 7.600216905503387466e-01
2.133310929504865505e-02 7.600002157761960309e-01
2.204638012186681956e-02 7.599732487255044244e-01
2.278349910252664909e-02 7.599509719809499630e-01
2.354526359817107548e-02 7.599290318489391183e-01
2.433249762964985810e-02 7.599061821155065344e-01
2.514605276888498206e-02 7.598858316417613779e-01
2.598680906003840441e-02 7.598625471312422386e-01
2.685567597147924673e-02 7.598451699444120910e-01
2.775359337957988490e-02 7.598220818142444877e-01
2.868153258540498754e-02 7.598019467373258173e-01
2.964049736539381419e-02 7.597846430032512144e-01
3.063152505717161092e-02 7.597638521721665761e-01
3.165568768166540647e-02 7.597482042695355986e-01
3.271409310273729054e-02 7.597346956188459899e-01
3.380788622559029871e-02 7.597153562501418600e-01
3.493825023524253087e-02 7.596983043576190919e-01
3.610640787640997940e-02 7.596808928616365364e-01
3.731362277618164441e-02 7.596674994743185527e-01
3.856120081091872487e-02 7.596526302049591006e-01
3.985049151885547425e-02 7.596360602339478074e-01
4.118288955993056055e-02 7.596297769349391604e-01
4.255983622442782027e-02 7.596108201623694711e-01
4.398282099205792772e-02 7.595985244049219265e-01
4.545338314316834522e-02 7.595860674862435769e-01
4.697311342382341770e-02 7.595785057837300958e-01
4.854365576655684383e-02 7.595629704398376703e-01
5.016670906865677154e-02 7.595497747813196865e-01
5.184402902990837420e-02 7.595404635139200167e-01
5.357743005178047802e-02 7.595326267390923869e-01
5.536878720011212396e-02 7.595225141007769798e-01
5.722003823342062395e-02 7.595114960345236144e-01
5.913318569902666078e-02 7.595003654444096863e-01
6.111029909926251474e-02 7.594977570618011153e-01
6.315351713010779189e-02 7.594910817206442788e-01
6.526504999467336310e-02 7.594754859835577410e-01
6.744718179403717817e-02 7.594725942144050501e-01
6.970227299801623477e-02 7.594668224988442295e-01
7.203276299854979858e-02 7.594569421317590718e-01
7.444117274845411802e-02 7.594555958042816801e-01
7.693010748840443946e-02 7.594444405192491976e-01
7.950225956509210379e-02 7.594379558829321697e-01
8.216041134360790865e-02 7.594290446666945860e-01
8.490743821719984319e-02 7.594206208631755217e-01
8.774631171766281157e-02 7.594200927281488100e-01
9.068010272972255870e-02 7.594122722399840875e-01
9.371198481289348681e-02 7.594128000278153046e-01
9.684523763440215649e-02 7.594074785719798770e-01
1.000832505168899600e-01 7.594044947773468390e-01
1.034295261047340625e-01 7.593963660849385455e-01
1.068876841529496080e-01 7.593925987393419508e-01
1.104614654427753945e-01 7.593874482641459478e-01
1.141547358281756464e-01 7.593873669884693145e-01
1.179714904176376727e-01 7.593794971210386935e-01
1.219158578957853512e-01 7.593787832250590286e-01
1.259921049894874856e-01 7.593780673538188530e-01
1.302046410832891354e-01 7.593757303917454404e-01
1.345580229891604751e-01 7.593731010635430545e-01
1.390569598757198100e-01 7.593702539056417233e-01
1.437063183622670492e-01 7.593715057616939879e-01
1.485111277831346888e-01 7.593627240387658128e-01
1.534765856280515817e-01 7.593605191091350459e-01
1.586080631644066208e-01 7.593585918017056180e-01
1.639111112474894438e-01 7.593543081372036152e-01
1.693914663249987407e-01 7.593550421011524554e-01
1.750550566423093313e-01 7.593491734730489773e-01
1.809080086552135869e-01 7.593527534335972051e-01
1.869566536570689830e-01 7.593526459404248419e-01
1.932075346275276828e-01 7.593480304611286424e-01
1.996674133102498971e-01 7.593459548532096592e-01
2.063432775272630582e-01 7.593415721487667414e-01
2.132423487378718452e-01 7.593428876629155777e-01
2.203720898503036263e-01 7.593409380564677402e-01
2.277402132945338109e-01 7.593411078348623056e-01
2.353546893650253491e-01 7.593443635891010679e-01
2.432237548424092122e-01 7.593390528509973425e-01
2.513559219034258718e-01 7.593408563835707392e-01
2.597599873287743666e-01 7.593351618485328913e-01
2.684450420188219666e-01 7.593359273141794263e-01
2.774204808274743361e-01 7.593386444547237657e-01
2.866960127248350254e-01 7.593348981969999523e-01
2.962816712996577673e-01 7.593339368950641211e-01
3.061878256129444420e-01 7.593315641114781744e-01
3.164251914144354805e-01 7.593337591738118508e-01
3.270048427341168962e-01 7.593327672429424080e-01
3.379382238612947953e-01 7.593333278133544972e-01
3.492371617241852855e-01 7.593292653078528298e-01
3.609138786834163448e-01 7.593251341640188112e-01
3.729810057532814693e-01 7.593316799868415901e-01
3.854515962650386651e-01 7.593301513208901010e-01
3.983391399870480631e-01 7.593277379033798180e-01
4.116575777170102257e-01 7.593283784925224378e-01
4.254213163620995108e-01 7.593235949900031256e-01
4.396452445232932327e-01 7.593266080173554089e-01
4.543447486007690661e-01 7.593305568602861655e-01
4.695357294377799362e-01 7.593250819656662820e-01
4.852346195210218704e-01 7.593250264705959651e-01
5.014584007560848322e-01 7.593259932809185431e-01
5.182246228372336949e-01 7.593279344016999888e-01
5.355514222313770833e-01 7.593269970773735000e-01
5.534575417967635413e-01 7.593228371092148876e-01
5.719623510576314906e-01 7.593259378630401457e-01
5.910858671567322808e-01 7.593221428403827966e-01
6.108487765084068544e-01 7.593264398087994360e-01
6.312724571756275216e-01 7.593281967867501203e-01
6.523790019952193653e-01 7.593219708405809509e-01
6.741912424762606104e-01 7.593228703288964487e-01
6.967327734975364839e-01 7.593212978916620282e-01
7.200279788307419881e-01 7.593218204275464789e-01
7.441020575170596008e-01 7.593233885588963616e-01
7.689810511256225389e-01 7.593245625229230189e-01
7.946918719233755368e-01 7.593245830127001161e-01
8.212623319867858873e-01 7.593238978245061555e-01
8.487211732869031078e-01 7.593230772019411434e-01
8.770980987803161932e-01 7.593224956948714244e-01
9.064238045396205701e-01 7.593221399273518690e-01
9.367300129581793700e-01 7.593219508353853398e-01
9.680495070650749767e-01 7.593218691013216004e-01
1.000416165987385808e+00 7.593218348435779586e-01
1.033865001598128330e+00 7.593217882500352678e-01
1.068432196389532240e+00 7.593217228939844743e-01
1.104155142612600837e+00 7.593217652147818963e-01
1.141072482725305592e+00 7.593220618049520976e-01
1.179224151193147607e+00 7.593226238140519113e-01
1.218651417687333982e+00 7.593230835564525050e-01
1.259396931727273516e+00 7.593230077172065107e-01
1.301504768815691548e+00 7.593222035301381290e-01
1.345020478116276896e+00 7.593212359695562519e-01
1.389991131725407447e+00 7.593208188208765419e-01
1.436465375591293947e+00 7.593213838572339114e-01
1.484493482135585296e+00 7.593223606550812965e-01
1.534127404634392455e+00 7.593229562639367547e-01
1.585420833417506836e+00 7.593226567801608651e-01
1.638429253946665609e+00 7.593220681439184494e-01
1.693210006835640158e+00 7.593220771746486131e-01
1.749822349877109051e+00 7.593232652727166521e-01
1.808327522143368116e+00 7.593248291305446651e-01
1.868788810230267217e+00 7.593255732086219290e-01
1.931271616715998229e+00 7.593245982385423698e-01
1.995843530908793184e+00 7.593225235445811849e-01
2.062574401960084458e+00 7.593204536491880985e-01
2.131536414422164238e+00 7.593193613699944500e-01
2.202804166332139602e+00 7.593194540623946498e-01
2.276454749906602792e+00 7.593206636756288930e-01
2.352567834934338631e+00 7.593228117494286167e-01
2.431225754957225149e+00 7.593249953629229720e-01
2.512513596332623944e+00 7.593260186668533418e-01
2.596519290273538783e+00 7.593249196059693729e-01
2.683333707966161441e+00 7.593224933608775373e-01
2.773050758867611432e+00 7.593203319064113499e-01
2.865767492290306695e+00 7.593198444334299246e-01
2.961584202382770314e+00 7.593208428438074087e-01
3.060604536620467719e+00 7.593223283553638403e-01
3.162935607924048931e+00 7.593233475100216179e-01
3.268688110526199786e+00 7.593234539430967489e-01
3.377976439712552459e+00 7.593224888356757685e-01
3.490918815566087297e+00 7.593203679836998399e-01
3.607637410848952619e+00 7.593178145975860716e-01
3.728258483159945236e+00 7.593160626626103138e-01
3.852912511510727001e+00 7.593162349245218268e-01
3.981734337468417539e+00 7.593178852656702338e-01
4.114863311017320058e+00 7.593194617564422710e-01
4.252443441297450555e+00 7.593194978324305788e-01
4.394623552383071896e+00 7.593181976255433119e-01
4.541557444269631816e+00 7.593170759506353562e-01
4.693404059243289517e+00 7.593175881185234566e-01
4.850327653813030437e+00 7.593194652935559841e-01
5.012497976391239618e+00 7.593209340647166794e-01
5.180090450915090017e+00 7.593202492472679310e-01
5.353286366607249214e+00 7.593173816051969061e-01
5.532273074081278885e+00 7.593139667718432628e-01
5.717244188003695271e+00 7.593116640025464603e-01
5.908399796532135539e+00 7.593109443166354833e-01
6.105946677756002750e+00 7.593109969615701171e-01
6.310098523373801171e+00 7.593109608216157547e-01
6.521076169849157722e+00 7.593104091262409261e-01
6.739107837295406966e+00 7.593094361454788555e-01
6.964429376347387013e+00 7.593081671703829638e-01
7.197284523287298619e+00 7.593067366388778217e-01
7.437925163700752407e+00 7.593052911873235944e-01
7.686611604948010879e+00 7.593039761513602492e-01
7.943612857745410594e+00 7.593028219716584371e-01
8.209206927161357470e+00 7.593016883571596098e-01
8.483681113341843272e+00 7.593004232145182941e-01
8.767332322290526392e+00 7.592990224464424287e-01
9.060467387039910392e+00 7.592977271022199881e-01
9.363403399560734641e+00 7.592967980905456216e-01
9.676468053768756405e+00 7.592961717632318308e-01
1.000000000000001243e+01 7.592951842927522232e-01
