2.000000000000000164e-05 8.786018910866367770e-01
2.066869842267550072e-05 8.786081848251504622e-01
2.135975472437544027e-05 8.786015832531429703e-01
2.207391643902171255e-05 8.786042869014709655e-01
2.281195609427394449e-05 8.786051562571769447e-01
2.357467204719313169e-05 8.786091986103791163e-01
2.436288934784564352e-05 8.786018070896505217e-01
2.517746063178175121e-05 8.786059835076172053e-01
2.601926704235410016e-05 8.786082179108589685e-01
2.688921918387384303e-05 8.786105542151642078e-01
2.778825810663545582e-05 8.785984357091412011e-01
2.871735632487579741e-05 8.786057240969948889e-01
2.967751886876853870e-05 8.786052449841548206e-01
3.066978437159193627e-05 8.786010036981629634e-01
3.169522619324599853e-05 8.786027547392596393e-01
3.275495358133433647e-05 8.786050420268566308e-01
3.385011287106671010e-05 8.786076547495228484e-01
3.498188872528021299e-05 8.786034708850710695e-01
3.615150541592045298e-05 8.786051095022164859e-01
3.736022814836899319e-05 8.786067895640861103e-01
3.860936443004954884e-05 8.786087327737692743e-01
3.990026548479344494e-05 8.786066842854569625e-01
4.123432771449419843e-05 8.786006487833966094e-01
4.261299420963254024e-05 8.786066388164023300e-01
4.403775631030562105e-05 8.786013844614087853e-01
4.551015521944909301e-05 8.786044154198263678e-01
4.703178366999723984e-05 8.786056444902708984e-01
4.860428764778435972e-05 8.785997251005789321e-01
5.022936817205134787e-05 8.786038580552725241e-01
5.190878313548323190e-05 8.786010986121097766e-01
5.364434920576834987e-05 8.785985694480302755e-01
5.543794379073590958e-05 8.785996665205023648e-01
5.729150706919781900e-05 8.786021255634306470e-01
5.920704408969155763e-05 8.786039777513444671e-01
6.118662693939432690e-05 8.785973677150082928e-01
6.323239698555469304e-05 8.786000454166253970e-01
6.534656719186627638e-05 8.786029717384735704e-01
6.753142451228926792e-05 8.785983222575899365e-01
6.978933236490913268e-05 8.785994642767780416e-01
7.212273318850868345e-05 8.785995881589236944e-01
7.453415108461877573e-05 8.785979909878172123e-01
7.702619454790587906e-05 8.785996877023172225e-01
7.960155928784993205e-05 8.785967401341731042e-01
8.226303114476471348e-05 8.785970226641742764e-01
8.501348910331518868e-05 8.785912066033848555e-01
8.785590840679157983e-05 8.785930607491955202e-01
9.079336377550881697e-05 8.785978537908946118e-01
9.382903273281309529e-05 8.785960550415715664e-01
9.696619904229312483e-05 8.785947241653607742e-01
1.002082562599141270e-04 8.785922709312099510e-01
1.035587114049174785e-04 8.785930017642945566e-01
1.070211887534562421e-04 8.785883067435650284e-01
1.105994337590709140e-04 8.785880900981061226e-01
1.142973171042456330e-04 8.785886872198384046e-01
1.181188388874281471e-04 8.785845952219872856e-01
1.220681329500424115e-04 8.785884648758299775e-01
1.261494713481742377e-04 8.785879860895741134e-01
1.303672689737678670e-04 8.785800928965440404e-01
1.347260883303314362e-04 8.785774609155984072e-01
1.392306444683180742e-04 8.785837226255890364e-01
1.438858100855209437e-04 8.785787434146791197e-01
1.486966207979997041e-04 8.785749905266344584e-01
1.536682805872396744e-04 8.785682493999553699e-01
1.588061674294368483e-04 8.785674901469416875e-01
1.641158391129971276e-04 8.785688283358773498e-01
1.696030392505434848e-04 8.785653510092762408e-01
1.752737034919339915e-04 8.785691662718707606e-01
1.811339659450114388e-04 8.785605980776249879e-01
1.871901658110307874e-04 8.785571775613990608e-01
1.934488542419408646e-04 8.785544984942090796e-01
1.999168014269393128e-04 8.785527486383005735e-01
2.066010039159656652e-04 8.785461552097489912e-01
2.135086921880547338e-04 8.785476583406973683e-01
2.206473384727377968e-04 8.785461982516760138e-01
2.280246648329511538e-04 8.785390967246614613e-01
2.356486515181963309e-04 8.785268012847970986e-01
2.435275455969876748e-04 8.785334205450459066e-01
2.516698698779247295e-04 8.785220262423859561e-01
2.600844321290405573e-04 8.785146382564320566e-01
2.687803346053976817e-04 8.785126903239592888e-01
2.777669838952388651e-04 8.785029332516467448e-01
2.870541010953427292e-04 8.784984574849573624e-01
2.966517323265922064e-04 8.784883175980693348e-01
3.065702596011295341e-04 8.784859276620867741e-01
3.168204120528543403e-04 8.784786125216804686e-01
3.274132775434116785e-04 8.784747433493262925e-01
3.383603146562264279e-04 8.784606946889492729e-01
3.496733650915567022e-04 8.784560459234965757e-01
3.613646664759745386e-04 8.784452811329255262e-01
3.734468656001317080e-04 8.784329629854427113e-01
3.859330320991275886e-04 8.784252776623119319e-01
3.988366725902805230e-04 8.784109389372624088e-01
4.121717452835938129e-04 8.784002735456686306e-01
4.259526750807212541e-04 8.783881649713455309e-01
4.401943691787655547e-04 8.783776143473223108e-01
4.549122331957894719e-04 8.783577346990830703e-01
4.701221878354804149e-04 8.783468100404000500e-01
4.858406861089974399e-04 8.783330062738273769e-01
5.020847311326308640e-04 8.783158404877864367e-01
5.188718945205230424e-04 8.783000692867295456e-01
5.362203353923492141e-04 8.782895365431611090e-01
5.541488200165187389e-04 8.782707740134998442e-01
5.726767421101455150e-04 8.782535802378561574e-01
5.918241438177454907e-04 8.782385286415285153e-01
6.116117373913557359e-04 8.782194446507829433e-01
6.320609275955268004e-04 8.781984956765863659e-01
6.531938348614238542e-04 8.781794972248877507e-01
6.750333192150836329e-04 8.781658318860663393e-01
6.976030050057104547e-04 8.781432869279922615e-01
7.209273064607610694e-04 8.781219520869850692e-01
7.450314540954613768e-04 8.781005809045597799e-01
7.699415220053250396e-04 8.780828842385609567e-01
7.956844560711916160e-04 8.780576950853987706e-01
8.222881031073025473e-04 8.780390520914934660e-01
8.497812409839368810e-04 8.780201313975065647e-01
8.781936097571961097e-04 8.780029832777764831e-01
9.075559438396131216e-04 8.779824334364861871e-01
9.379000052463793693e-04 8.779589458998563467e-01
9.692586179531593148e-04 8.779430762390755261e-01
1.001665703402655023e-03 8.779240726291014374e-01
1.035156317198330069e-03 8.779032385625391566e-01
1.069766687024985286e-03 8.778855378015038013e-01
1.105534251837205851e-03 8.778677138747307263e-01
1.142497702358069404e-03 8.778522268020332309e-01
1.180697022931930960e-03 8.778340268003481661e-01
1.220173534776542454e-03 8.778167310536489909e-01
1.260969940681316284e-03 8.778008796082505949e-01
1.303130371200056587e-03 8.777934051085632960e-01
1.346700432388157767e-03 8.777773015756560326e-01
1.391727255135877424e-03 8.777584076248087230e-01
1.438259546151070007e-03 8.777445411143780518e-01
1.486347640646530459e-03 8.777316636716203657e-01
1.536043556788919398e-03 8.777176122584356976e-01
1.587401051968200579e-03 8.777009907018583634e-01
1.640475680948428249e-03 8.776922230794946822e-01
1.695324855962815390e-03 8.776743271921489953e-01
1.752007908818060174e-03 8.776630948586825465e-01
1.810586155075142928e-03 8.776411107308301762e-01
1.871122960375984270e-03 8.776340298882499003e-01
1.933683808987751848e-03 8.776153174305344473e-01
1.998336374638913938e-03 8.775987828523833523e-01
2.065150593723721201e-03 8.775860799023116332e-01
2.134198740954243185e-03 8.775682203396875103e-01
2.205555507541849362e-03 8.775524733127136878e-01
2.279298081992675151e-03 8.775386982161813565e-01
2.355506233604463730e-03 8.775219476112826600e-01
2.434262398755145627e-03 8.775030589719158280e-01
2.515651770076436904e-03 8.774872896910174136e-01
2.599762388608985089e-03 8.774679976253862979e-01
2.686685239038679764e-03 8.774492040148027527e-01
2.776514348117217236e-03 8.774328944351595938e-01
2.869346886373309435e-03 8.774118147081262364e-01
2.965283273224645581e-03 8.773884432470936412e-01
3.064427285604211931e-03 8.773725292711836987e-01
3.166886170218578649e-03 8.773496216496936562e-01
3.272770759559481216e-03 8.773299928011868420e-01
3.382195591794276077e-03 8.772998159612280800e-01
3.495279034664920681e-03 8.772788065660320767e-01
3.612143413529477973e-03 8.772601509112277762e-01
3.732915143684721951e-03 8.772312041760843560e-01
3.857724867112893516e-03 8.772032143215643396e-01
3.986707593800617976e-03 8.771803840616595460e-01
4.120002847782761740e-03 8.771553558589486599e-01
4.257754818069308354e-03 8.771258452441045295e-01
4.400112514618404608e-03 8.770977128396155731e-01
4.547229929524409554e-03 8.770675139055907898e-01
4.699266203595197679e-03 8.770391140827400456e-01
4.856385798499019031e-03 8.770118414073402313e-01
5.018758674667020935e-03 8.769818842863764674e-01
5.186560475143959549e-03 8.769461881716922314e-01
5.359972715585955248e-03 8.769154261329975553e-01
5.539182980610755057e-03 8.768834559068844348e-01
5.724385126713026593e-03 8.768478526639530424e-01
5.915779491964028892e-03 8.768150186334330298e-01
6.113573112722652143e-03 8.767801380843265324e-01
6.317979947592099882e-03 8.767490626003598964e-01
6.529221108864616957e-03 8.767157005863190911e-01
6.747525101704480652e-03 8.766720294798496793e-01
6.973128071328140755e-03 8.766342331393078835e-01
7.206274058448705437e-03 8.766007030690328161e-01
7.447215263261310406e-03 8.765611714355951989e-01
7.696212318254701257e-03 8.765229926042108488e-01
7.953534570144332738e-03 8.764789478684398283e-01
8.219460371231864307e-03 8.764431364549666315e-01
8.494277380506187053e-03 8.763960821356803210e-01
8.778282874811823774e-03 8.763616524908526273e-01
9.071784070421121463e-03 8.763203969770061441e-01
9.375098455358292851e-03 8.762751199817815362e-01
9.688554132834568261e-03 8.762340510024523299e-01
1.001249017616620725e-02 8.761877160948106091e-01
1.034725699555901803e-02 8.761526461904950436e-01
1.069321671715643858e-02 8.761047367822346610e-01
1.105074357476093505e-02 8.760624020823137847e-01
1.142022431465263173e-02 8.760219027072529974e-01
1.180205861394306721e-02 8.759703800378415561e-01
1.219665951291643881e-02 8.759316780887242970e-01
1.260445386182631328e-02 8.758872243454600692e-01
1.302588278263077520e-02 8.758371703702746425e-01
1.346140214616583890e-02 8.757956257936116984e-01
1.391148306527291781e-02 8.757517006970678697e-01
1.437661240441416924e-02 8.757111452703189025e-01
1.485729330632660182e-02 8.756560956344472402e-01
1.535404573628500365e-02 8.756164963871007068e-01
1.586740704456205894e-02 8.755719325962212363e-01
1.639793254769450481e-02 8.755289436556319416e-01
1.694619612918364313e-02 8.754868493885384906e-01
1.751279086028037155e-02 8.754402038996454971e-01
1.809832964152614798e-02 8.753953898152890822e-01
1.870344586574363213e-02 8.753605112416598111e-01
1.932879410319460894e-02 8.753164952432594959e-01
1.997505080964588620e-02 8.752686000781831899e-01
2.064291505810955316e-02 8.752264521384655049e-01
2.133310929504865505e-02 8.751882330322718895e-01
2.204638012186681956e-02 8.751455685545503904e-01
2.278349910252664909e-02 8.751007796200261923e-01
2.354526359817107548e-02 8.750614744124980415e-01
2.433249762964985810e-02 8.750273709272153866e-01
2.514605276888498206e-02 8.749874276714905141e-01
2.598680906003840441e-02 8.749447138749033570e-01
2.685567597147924673e-02 8.749086021497393117e-01
2.775359337957988490e-02 8.748735388629713672e-01
2.868153258540498754e-02 8.748327322834414943e-01
2.964049736539381419e-02 8.747950106760025157e-01
3.063152505717161092e-02 8.747630916581722316e-01
3.165568768166540647e-02 8.747279593978701806e-01
3.271409310273729054e-02 8.746979145768370989e-01
3.380788622559029871e-02 8.746630783662076025e-01
3.493825023524253087e-02 8.746295521403282258e-01
3.610640787640997940e-02 8.746040681236547654e-01
3.731362277618164441e-02 8.745640744291609536e-01
3.856120081091872487e-02 8.745410964126081321e-01
3.985049151885547425e-02 8.745049006242888723e-01
4.118288955993056055e-02 8.744796766817913847e-01
4.255983622442782027e-02 8.744508596493891783e-01
4.398282099205792772e-02 8.744263432839189942e-01
4.545338314316834522e-02 8.743956636708482000e-01
4.697311342382341770e-02 8.743755671222451786e-01
4.854365576655684383e-02 8.743476044457151319e-01
5.016670906865677154e-02 8.743217633694100321e-01
5.184402902990837420e-02 8.742998326679783938e-01
5.357743005178047802e-02 8.742742204121057847e-01
5.536878720011212396e-02 8.742546433632336633e-01
5.722003823342062395e-02 8.742375944009074251e-01
5.913318569902666078e-02 8.742065709496297243e-01
6.111029909926251474e-02 8.741871847054661915e-01
6.315351713010779189e-02 8.741731510899483082e-01
6.526504999467336310e-02 8.741495836264134844e-01
6.744718179403717817e-02 8.741345810650900106e-01
6.970227299801623477e-02 8.741171718755318398e-01
7.203276299854979858e-02 8.740968692676728269e-01
7.444117274845411802e-02 8.740829271830252711e-01
7.693010748840443946e-02 8.740713658714773793e-01
7.950225956509210379e-02 8.740564386185285528e-01
8.216041134360790865e-02 8.740386257787046143e-01
8.490743821719984319e-02 8.740266028271829191e-01
8.774631171766281157e-02 8.740109840036105471e-01
9.068010272972255870e-02 8.740038092189401642e-01
9.371198481289348681e-02 8.739880009454893406e-01
9.684523763440215649e-02 8.739769262712477893e-01
1.000832505168899600e-01 8.739650686358396703e-01
1.034295261047340625e-01 8.739512550667073443e-01
1.068876841529496080e-01 8.739424322099562659e-01
1.104614654427753945e-01 8.739330894353929402e-01
1.141547358281756464e-01 8.739262905180582575e-01
1.179714904176376727e-01 8.739158996154331449e-01
1.219158578957853512e-01 8.739057184897083275e-01
1.259921049894874856e-01 8.739060306762519437e-01
1.302046410832891354e-01 8.738914021014559941e-01
1.345580229891604751e-01 8.738828188837669542e-01
1.390569598757198100e-01 8.738734677990569466e-01
1.437063183622670492e-01 8.738700621580478556e-01
1.485111277831346888e-01 8.738662114616598808e-01
1.534765856280515817e-01 8.738547177681934564e-01
1.586080631644066208e-01 8.738466184803753700e-01
1.639111112474894438e-01 8.738470528186322861e-01
1.693914663249987407e-01 8.738340266308567417e-01
1.750550566423093313e-01 8.738344653845170340e-01
1.809080086552135869e-01 8.738324953021063823e-01
1.869566536570689830e-01 8.738277590550665996e-01
1.932075346275276828e-01 8.738207675339263458e-01
1.996674133102498971e-01 8.738188798425925441e-01
2.063432775272630582e-01 8.738133870217273946e-01
2.132423487378718452e-01 8.738077961998772514e-01
2.203720898503036263e-01 8.738027426965713218e-01
2.277402132945338109e-01 8.737999043522591824e-01
2.353546893650253491e-01 8.737993773782352092e-01
2.432237548424092122e-01 8.737963962614633262e-01
2.513559219034258718e-01 8.737957559637807847e-01
2.597599873287743666e-01 8.737902994419677327e-01
2.684450420188219666e-01 8.737863676304692406e-01
2.774204808274743361e-01 8.737867518021031898e-01
2.866960127248350254e-01 8.737815768093945001e-01
2.962816712996577673e-01 8.737775869112072158e-01
3.061878256129444420e-01 8.737741854701241984e-01
3.164251914144354805e-01 8.737786091982614467e-01
3.270048427341168962e-01 8.737712470153058408e-01
3.379382238612947953e-01 8.737661991709473330e-01
3.492371617241852855e-01 8.737690921610580252e-01
3.609138786834163448e-01 8.737675554453250282e-01
3.729810057532814693e-01 8.737693978028803210e-01
3.854515962650386651e-01 8.737609141726440098e-01
3.983391399870480631e-01 8.737636918539259945e-01
4.116575777170102257e-01 8.737634062150291259e-01
4.254213163620995108e-01 8.737629620103569694e-01
4.396452445232932327e-01 8.737642856988979689e-01
4.543447486007690661e-01 8.737598727462271286e-01
4.695357294377799362e-01 8.737560423711874247e-01
4.852346195210218704e-01 8.737605761152338335e-01
5.014584007560848322e-01 8.737582417443191529e-01
5.182246228372336949e-01 8.737552417875873445e-01
5.355514222313770833e-01 8.737553480893097690e-01
5.534575417967635413e-01 8.737551339736467915e-01
5.719623510576314906e-01 8.737555333667065272e-01
5.910858671567322808e-01 8.737493522562340686e-01
6.108487765084068544e-01 8.737528778975292010e-01
6.312724571756275216e-01 8.737521457438098826e-01
6.523790019952193653e-01 8.737533353290419802e-01
6.741912424762606104e-01 8.737611658121468006e-01
6.967327734975364839e-01 8.737426211237877549e-01
7.200279788307419881e-01 8.737383855105890218e-01
7.441020575170596008e-01 8.737442555188077442e-01
7.689810511256225389e-01 8.737505434545739247e-01
7.946918719233755368e-01 8.737518294304389421e-01
8.212623319867858873e-01 8.737502646315691290e-01
8.487211732869031078e-01 8.737487670323679234e-01
8.770980987803161932e-01 8.737488666568556939e-01
9.064238045396205701e-01 8.737493421856251663e-01
9.367300129581793700e-01 8.737486528180411494e-01
9.680495070650749767e-01 8.737461988157952941e-01
1.000416165987385808e+00 8.737434685589740013e-01
1.033865001598128330e+00 8.737422288136885706e-01
1.068432196389532240e+00 8.737433706193602490e-01
1.104155142612600837e+00 8.737456055194438020e-01
1.141072482725305592e+00 8.737473124385843892e-01
1.179224151193147607e+00 8.737474689901619795e-01
1.218651417687333982e+00 8.737467273360459696e-01
1.259396931727273516e+00 8.737460300467968510e-01
1.301504768815691548e+00 8.737460173685811515e-01
1.345020478116276896e+00 8.737463772108755578e-01
1.389991131725407447e+00 8.737466104435912539e-01
1.436465375591293947e+00 8.737463630622738231e-01
1.484493482135585296e+00 8.737457967980826190e-01
1.534127404634392455e+00 8.737451878958260032e-01
1.585420833417506836e+00 8.737447694679550958e-01
1.638429253946665609e+00 8.737446015319777493e-01
1.693210006835640158e+00 8.737447006894621948e-01
1.749822349877109051e+00 8.737450207685357739e-01
1.808327522143368116e+00 8.737452309913052995e-01
1.868788810230267217e+00 8.737449199629476748e-01
1.931271616715998229e+00 8.737438280601153018e-01
1.995843530908793184e+00 8.737424735514318641e-01
2.062574401960084458e+00 8.737416232459136456e-01
2.131536414422164238e+00 8.737418514086499055e-01
2.202804166332139602e+00 8.737426144305582287e-01
2.276454749906602792e+00 8.737429665020878256e-01
2.352567834934338631e+00 8.737421432973883073e-01
2.431225754957225149e+00 8.737405787250027700e-01
2.512513596332623944e+00 8.737391911895817653e-01
2.596519290273538783e+00 8.737387738646511526e-01
2.683333707966161441e+00 8.737391717816404002e-01
2.773050758867611432e+00 8.737398000504607021e-01
2.865767492290306695e+00 8.737401255785951504e-01
2.961584202382770314e+00 8.737400765917332501e-01
3.060604536620467719e+00 8.737398154522665328e-01
3.162935607924048931e+00 8.737394956041188987e-01
3.268688110526199786e+00 8.737391649752630496e-01
3.377976439712552459e+00 8.737388116607280875e-01
3.490918815566087297e+00 8.737384339935897470e-01
3.607637410848952619e+00 8.737381539525326257e-01
3.728258483159945236e+00 8.737381717343077892e-01
3.852912511510727001e+00 8.737386466369999605e-01
3.981734337468417539e+00 8.737391839062526033e-01
4.114863311017320058e+00 8.737389982668412047e-01
4.252443441297450555e+00 8.737373756429325233e-01
4.394623552383071896e+00 8.737348240909882380e-01
4.541557444269631816e+00 8.737328104427153352e-01
4.693404059243289517e+00 8.737327414633148104e-01
4.850327653813030437e+00 8.737344614937510023e-01
5.012497976391239618e+00 8.737364514294276852e-01
5.180090450915090017e+00 8.737371919714541635e-01
5.353286366607249214e+00 8.737361570174740910e-01
5.532273074081278885e+00 8.737337840937454692e-01
5.717244188003695271e+00 8.737305581791006137e-01
5.908399796532135539e+00 8.737271706780600500e-01
6.105946677756002750e+00 8.737245356686053066e-01
6.310098523373801171e+00 8.737235466982835597e-01
6.521076169849157722e+00 8.737240638911479840e-01
6.739107837295406966e+00 8.737247076918916999e-01
6.964429376347387013e+00 8.737240526470745339e-01
7.197284523287298619e+00 8.737218046294785712e-01
7.437925163700752407e+00 8.737191793684941921e-01
7.686611604948010879e+00 8.737174804621452573e-01
7.943612857745410594e+00 8.737170884567860840e-01
8.209206927161357470e+00 8.737170121341030216e-01
8.483681113341843272e+00 8.737161574591969515e-01
8.767332322290526392e+00 8.737140485743900564e-01
9.060467387039910392e+00 8.737112336647560040e-01
9.363403399560734641e+00 8.737083544078310116e-01
9.676468053768756405e+00 8.737057697535636214e-01
1.000000000000001243e+01 8.737033158201524818e-01
