2.000000000000000164e-05 9.042007045358193551e+00
2.066869842267550072e-05 9.332773621646005324e+00
2.135975472437544027e-05 9.632890949853715412e+00
2.207391643902171255e-05 9.942657962767510682e+00
2.281195609427394449e-05 1.026238588942173102e+01
2.357467204719313169e-05 1.059239494038934382e+01
2.436288934784564352e-05 1.093301719338845679e+01
2.517746063178175121e-05 1.128458976486625964e+01
2.601926704235410016e-05 1.164746990475672561e+01
2.688921918387384303e-05 1.202201505114590852e+01
2.778825810663545582e-05 1.240860642775004941e+01
2.871735632487579741e-05 1.280762664029392361e+01
2.967751886876853870e-05 1.321948203375785802e+01
3.066978437159193627e-05 1.364457763761066644e+01
3.169522619324599853e-05 1.408334219508926743e+01
3.275495358133433647e-05 1.453621198043849994e+01
3.385011287106671010e-05 1.500364653501698342e+01
3.498188872528021299e-05 1.548610796175836768e+01
3.615150541592045298e-05 1.598408764228591039e+01
3.736022814836899319e-05 1.649807340887880613e+01
3.860936443004954884e-05 1.702858795666247005e+01
3.990026548479344494e-05 1.757615761450957592e+01
4.123432771449419843e-05 1.814133430884328391e+01
4.261299420963254024e-05 1.872468111711519612e+01
4.403775631030562105e-05 1.932678887811337276e+01
4.551015521944909301e-05 1.994825046191180462e+01
4.703178366999723984e-05 2.058969211011187994e+01
4.860428764778435972e-05 2.125175594386100286e+01
5.022936817205134787e-05 2.193510440213170298e+01
5.190878313548323190e-05 2.264042434987603869e+01
5.364434920576834987e-05 2.336842010126071756e+01
5.543794379073590958e-05 2.411981421805644032e+01
5.729150706919781900e-05 2.489536858370753691e+01
5.920704408969155763e-05 2.569584880137099603e+01
6.118662693939432690e-05 2.652206491015496681e+01
6.323239698555469304e-05 2.737483455358414730e+01
6.534656719186627638e-05 2.825502295723886448e+01
6.753142451228926792e-05 2.916349347958534466e+01
6.978933236490913268e-05 3.010116704962499057e+01
7.212273318850868345e-05 3.106898264772582863e+01
7.453415108461877573e-05 3.206790302949315219e+01
7.702619454790587906e-05 3.309892103241745787e+01
7.960155928784993205e-05 3.416307757802945844e+01
8.226303114476471348e-05 3.526143279674386832e+01
8.501348910331518868e-05 3.639507354643161818e+01
8.785590840679157983e-05 3.756514834134605962e+01
9.079336377550881697e-05 3.877281890701579670e+01
9.382903273281309529e-05 4.001928510241748427e+01
9.696619904229312483e-05 4.130579839812155996e+01
1.002082562599141270e-04 4.263364135977429470e+01
1.035587114049174785e-04 4.400413689022013841e+01
1.070211887534562421e-04 4.541864875052100814e+01
1.105994337590709140e-04 4.687859543237222226e+01
1.142973171042456330e-04 4.838543618537145363e+01
1.181188388874281471e-04 4.994064712750920876e+01
1.220681329500424115e-04 5.154581117978278115e+01
1.261494713481742377e-04 5.320249722126386160e+01
1.303672689737678670e-04 5.491236236291061346e+01
1.347260883303314362e-04 5.667711887261202719e+01
1.392306444683180742e-04 5.849850952183147967e+01
1.438858100855209437e-04 6.037835278344230261e+01
1.486966207979997041e-04 6.231851447097226071e+01
1.536682805872396744e-04 6.432090197001517140e+01
1.588061674294368483e-04 6.638752831183795422e+01
1.641158391129971276e-04 6.852041543462577522e+01
1.696030392505434848e-04 7.072171102979459079e+01
1.752737034919339915e-04 7.299354974373611071e+01
1.811339659450114388e-04 7.533822137323014090e+01
1.871901658110307874e-04 7.775800504126387125e+01
1.934488542419408646e-04 8.025532633289793694e+01
1.999168014269393128e-04 8.283261458905032271e+01
2.066010039159656652e-04 8.549241879251802345e+01
2.135086921880547338e-04 8.823737399547297855e+01
2.206473384727377968e-04 9.107015245724522856e+01
2.280246648329511538e-04 9.399353659968292618e+01
2.356486515181963309e-04 9.701042376574667969e+01
2.435275455969876748e-04 1.001237285560504944e+02
2.516698698779247295e-04 1.033364874639693909e+02
2.600844321290405573e-04 1.066518957877454596e+02
2.687803346053976817e-04 1.100731188283388065e+02
2.777669838952388651e-04 1.136034885316599059e+02
2.870541010953427292e-04 1.172464367643078305e+02
2.966517323265922064e-04 1.210055329433231748e+02
3.065702596011295341e-04 1.248843418271151506e+02
3.168204120528543403e-04 1.288866372794531401e+02
3.274132775434116785e-04 1.330162622966294066e+02
3.383603146562264279e-04 1.372771268654137771e+02
3.496733650915567022e-04 1.416733403147895842e+02
3.613646664759745386e-04 1.462091174275319929e+02
3.734468656001317080e-04 1.508887099904137017e+02
3.859330320991275886e-04 1.557165518066960601e+02
3.988366725902805230e-04 1.606972015238923746e+02
4.121717452835938129e-04 1.658353075836806454e+02
4.259526750807212541e-04 1.711357073765814505e+02
4.401943691787655547e-04 1.766032661228964287e+02
4.549122331957894719e-04 1.822430871474532239e+02
4.701221878354804149e-04 1.880603841249796631e+02
4.858406861089974399e-04 1.940603860419087994e+02
5.020847311326308640e-04 2.002486053130797075e+02
5.188718945205230424e-04 2.066306892931864354e+02
5.362203353923492141e-04 2.132122708057961233e+02
5.541488200165187389e-04 2.199992850341583619e+02
5.726767421101455150e-04 2.269976654373979841e+02
5.918241438177454907e-04 2.342136324052796965e+02
6.116117373913557359e-04 2.416534225784073158e+02
6.320609275955268004e-04 2.493234340331090380e+02
6.531938348614238542e-04 2.572301827358136279e+02
6.750333192150836329e-04 2.653804869100424639e+02
6.976030050057104547e-04 2.737810653925938027e+02
7.209273064607610694e-04 2.824388150982373418e+02
7.450314540954613768e-04 2.913608925111556118e+02
7.699415220053250396e-04 3.005545302652493547e+02
7.956844560711916160e-04 3.100269829804568076e+02
8.222881031073025473e-04 3.197856622205422923e+02
8.497812409839368810e-04 3.298381221181984415e+02
8.781936097571961097e-04 3.401920350975096881e+02
9.075559438396131216e-04 3.508551563835424076e+02
9.379000052463793693e-04 3.618352651270633942e+02
9.692586179531593148e-04 3.731403259291182621e+02
1.001665703402655023e-03 3.847783425427507495e+02
1.035156317198330069e-03 3.967573627074303317e+02
1.069766687024985286e-03 4.090854772836645452e+02
1.105534251837205851e-03 4.217708671551521320e+02
1.142497702358069404e-03 4.348218379753771501e+02
1.180697022931930960e-03 4.482463115628229389e+02
1.220173534776542454e-03 4.620528761402334794e+02
1.260969940681316284e-03 4.762495339466639166e+02
1.303130371200056587e-03 4.908444261473517827e+02
1.346700432388157767e-03 5.058457786078301979e+02
1.391727255135877424e-03 5.212618408248750939e+02
1.438259546151070007e-03 5.371003927925260086e+02
1.486347640646530459e-03 5.533693920799834132e+02
1.536043556788919398e-03 5.700766967326159147e+02
1.587401051968200579e-03 5.872298421114938947e+02
1.640475680948428249e-03 6.048364567838364110e+02
1.695324855962815390e-03 6.229036077044754620e+02
1.752007908818060174e-03 6.414384773102401596e+02
1.810586155075142928e-03 6.604477174956577983e+02
1.871122960375984270e-03 6.799378238808450305e+02
1.933683808987751848e-03 6.999148131243412081e+02
1.998336374638913938e-03 7.203845960295951727e+02
2.065150593723721201e-03 7.413526584119789504e+02
2.134198740954243185e-03 7.628236487122348990e+02
2.205555507541849362e-03 7.848022048578435488e+02
2.279298081992675151e-03 8.072921104840854696e+02
2.355506233604463730e-03 8.302970081413679964e+02
2.434262398755145627e-03 8.538193723145033118e+02
2.515651770076436904e-03 8.778617302940899663e+02
2.599762388608985089e-03 9.024254267907899703e+02
2.686685239038679764e-03 9.275112180353003168e+02
2.776514348117217236e-03 9.531194794959513956e+02
2.869346886373309435e-03 9.792489610536641749e+02
2.965283273224645581e-03 1.005898502847992290e+03
3.064427285604211931e-03 1.033065169287824574e+03
3.166886170218578649e-03 1.060745657695425962e+03
3.272770759559481216e-03 1.088935222267337622e+03
3.382195591794276077e-03 1.117627959821795002e+03
3.495279034664920681e-03 1.146816709465991835e+03
3.612143413529477973e-03 1.176493176309401633e+03
3.732915143684721951e-03 1.206647270807899986e+03
3.857724867112893516e-03 1.237267720487456245e+03
3.986707593800617976e-03 1.268341375083331286e+03
4.120002847782761740e-03 1.299853662325547702e+03
4.257754818069308354e-03 1.331787574040415166e+03
4.400112514618404608e-03 1.364125436562003415e+03
4.547229929524409554e-03 1.396846758907202911e+03
4.699266203595197679e-03 1.429928428387738222e+03
4.856385798499019031e-03 1.463346870001041225e+03
5.018758674667020935e-03 1.497074604041062457e+03
5.186560475143959549e-03 1.531082958054909341e+03
5.359972715585955248e-03 1.565340672809624948e+03
5.539182980610755057e-03 1.599813610336794909e+03
5.724385126713026593e-03 1.634465326763386429e+03
5.915779491964028892e-03 1.669257671014610423e+03
6.113573112722652143e-03 1.704148029625860090e+03
6.317979947592099882e-03 1.739092387316453369e+03
6.529221108864616957e-03 1.774042677236825511e+03
6.747525101704480652e-03 1.808948767206091816e+03
6.973128071328140755e-03 1.843757160004515981e+03
7.206274058448705437e-03 1.878410613648346271e+03
7.447215263261310406e-03 1.912849232430314714e+03
7.696212318254701257e-03 1.947010108098594173e+03
7.953534570144332738e-03 1.980825555388264547e+03
8.219460371231864307e-03 2.014225998344449408e+03
8.494277380506187053e-03 2.047136554089746141e+03
8.778282874811823774e-03 2.079480024864520146e+03
9.071784070421121463e-03 2.111175504627255123e+03
9.375098455358292851e-03 2.142137782758898993e+03
9.688554132834568261e-03 2.172278213911368312e+03
1.001249017616620725e-02 2.201504885758029104e+03
1.034725699555901803e-02 2.229722773287632208e+03
1.069321671715643858e-02 2.256831921483917540e+03
1.105074357476093505e-02 2.282730110173740741e+03
1.142022431465263173e-02 2.307311686970033861e+03
1.180205861394306721e-02 2.330467823107315780e+03
1.219665951291643881e-02 2.352087658800349800e+03
1.260445386182631328e-02 2.372056901343857589e+03
1.302588278263077520e-02 2.390260534878565977e+03
1.346140214616583890e-02 2.406581255251171115e+03
1.391148306527291781e-02 2.420900825225975495e+03
1.437661240441416924e-02 2.433101442083190705e+03
1.485729330632660182e-02 2.443065069512982063e+03
1.535404573628500365e-02 2.450676369475268075e+03
1.586740704456205894e-02 2.455821045446019070e+03
1.639793254769450481e-02 2.458389358159090534e+03
1.694619612918364313e-02 2.458276877890941250e+03
1.751279086028037155e-02 2.455384032754129294e+03
1.809832964152614798e-02 2.449621423548593611e+03
1.870344586574363213e-02 2.440907747138741342e+03
1.932879410319460894e-02 2.429174249922486979e+03
1.997505080964588620e-02 2.414365285516033055e+03
2.064291505810955316e-02 2.396440543029375476e+03
2.133310929504865505e-02 2.375378887660829605e+03
2.204638012186681956e-02 2.351178590934721342e+03
2.278349910252664909e-02 2.323859412984767459e+03
2.354526359817107548e-02 2.293467037272175730e+03
2.433249762964985810e-02 2.260073688207948180e+03
2.514605276888498206e-02 2.223778329994049272e+03
2.598680906003840441e-02 2.184711211508971701e+03
2.685567597147924673e-02 2.143033883213726313e+03
2.775359337957988490e-02 2.098939035736775168e+03
2.868153258540498754e-02 2.052651518555896473e+03
2.964049736539381419e-02 2.004428167504059502e+03
3.063152505717161092e-02 1.954555717379083717e+03
3.165568768166540647e-02 1.903347687488044130e+03
3.271409310273729054e-02 1.851143714247328262e+03
3.380788622559029871e-02 1.798304348764620272e+03
3.493825023524253087e-02 1.745204173454817919e+03
3.610640787640997940e-02 1.692228384623959982e+03
3.731362277618164441e-02 1.639764720133967103e+03
3.856120081091872487e-02 1.588193371864124174e+03
3.985049151885547425e-02 1.537882183652771801e+03
4.118288955993056055e-02 1.489174363233575377e+03
4.255983622442782027e-02 1.442379236521524717e+03
4.398282099205792772e-02 1.397761965052527330e+03
4.545338314316834522e-02 1.355534510491540459e+03
4.697311342382341770e-02 1.315843424131828669e+03
4.854365576655684383e-02 1.278761901101519015e+03
5.016670906865677154e-02 1.244279887231336943e+03
5.184402902990837420e-02 1.212296204981269966e+03
5.357743005178047802e-02 1.182613738439815052e+03
5.536878720011212396e-02 1.154933783254625268e+03
5.722003823342062395e-02 1.128860082490544528e+03
5.913318569902666078e-02 1.103902783212991835e+03
6.111029909926251474e-02 1.079492264590068999e+03
6.315351713010779189e-02 1.054999492969109042e+03
6.526504999467336310e-02 1.029768433156284800e+03
6.744718179403717817e-02 1.003157113007762177e+03
6.970227299801623477e-02 9.745864125647252649e+02
7.203276299854979858e-02 9.435976950795251241e+02
7.444117274845411802e-02 9.099082848162041728e+02
7.693010748840443946e-02 8.734642794755708337e+02
7.950225956509210379e-02 8.344759142447993554e+02
8.216041134360790865e-02 7.934322687758118491e+02
8.490743821719984319e-02 7.510840758014948051e+02
8.774631171766281157e-02 7.083953648132160197e+02
9.068010272972255870e-02 6.664629005965780379e+02
9.371198481289348681e-02 6.264126297868808706e+02
9.684523763440215649e-02 5.892847732655565096e+02
1.000832505168899600e-01 5.559193098553364507e+02
1.034295261047340625e-01 5.268596001857411011e+02
1.068876841529496080e-01 5.022767608150224419e+02
1.104614654427753945e-01 4.819266361747095857e+02
1.141547358281756464e-01 4.651438400556219790e+02
1.179714904176376727e-01 4.508812402213778228e+02
1.219158578957853512e-01 4.378091535782205597e+02
1.259921049894874856e-01 4.244856138024111942e+02
1.302046410832891354e-01 4.095924605916882797e+02
1.345580229891604751e-01 3.922042486931593999e+02
1.390569598757198100e-01 3.720226518889896283e+02
1.437063183622670492e-01 3.494920348881546488e+02
1.485111277831346888e-01 3.257318324918236385e+02
1.534765856280515817e-01 3.022786072396558552e+02
1.586080631644066208e-01 2.807017138880837592e+02
1.639111112474894438e-01 2.622090648288628927e+02
1.693914663249987407e-01 2.473465494572009788e+02
1.750550566423093313e-01 2.358627559922520049e+02
1.809080086552135869e-01 2.267619930034495894e+02
1.869566536570689830e-01 2.185610901033727203e+02
1.932075346275276828e-01 2.097321821068932479e+02
1.996674133102498971e-01 1.992370366198652789e+02
2.063432775272630582e-01 1.869372531990576647e+02
2.132423487378718452e-01 1.736434909618445488e+02
2.203720898503036263e-01 1.607247270208000032e+02
2.277402132945338109e-01 1.494591613768732543e+02
2.353546893650253491e-01 1.404580450821813145e+02
2.432237548424092122e-01 1.334267437301176074e+02
2.513559219034258718e-01 1.273559448325140266e+02
2.597599873287743666e-01 1.210752867559857577e+02
2.684450420188219666e-01 1.139177302637082505e+02
2.774204808274743361e-01 1.060845357711611143e+02
2.866960127248350254e-01 9.842125580309944155e+01
2.962816712996577673e-01 9.175798080435690451e+01
3.061878256129444420e-01 8.632323878337234646e+01
3.164251914144354805e-01 8.165231553236091600e+01
3.270048427341168962e-01 7.702687918274685330e+01
3.379382238612947953e-01 7.208566343756336892e+01
3.492371617241852855e-01 6.706958586652405074e+01
3.609138786834163448e-01 6.248139445154546223e+01
3.729810057532814693e-01 5.854309837496974467e+01
3.854515962650386651e-01 5.502175614172412565e+01
3.983391399870480631e-01 5.155735382552003898e+01
4.116575777170102257e-01 4.807310338969586638e+01
4.254213163620995108e-01 4.478159478668542448e+01
4.396452445232932327e-01 4.183967976710550118e+01
4.543447486007690661e-01 3.915364749960723856e+01
4.695357294377799362e-01 3.656135047341200561e+01
4.852346195210218704e-01 3.406159649009202184e+01
5.014584007560848322e-01 3.175043572300410943e+01
5.182246228372336949e-01 2.963188597901197596e+01
5.355514222313770833e-01 2.763111475683017915e+01
5.534575417967635413e-01 2.573081419815862603e+01
5.719623510576314906e-01 2.396459801573522697e+01
5.910858671567322808e-01 2.232547802990121966e+01
6.108487765084068544e-01 2.078300673515290242e+01
6.312724571756275216e-01 1.933746835293423416e+01
6.523790019952193653e-01 1.799327634521961272e+01
6.741912424762606104e-01 1.673665120626116121e+01
6.967327734975364839e-01 1.556143147216481815e+01
7.200279788307419881e-01 1.446564993395806376e+01
7.441020575170596008e-01 1.344392918957788652e+01
7.689810511256225389e-01 1.249103526482588578e+01
7.946918719233755368e-01 1.160235070693515880e+01
8.212623319867858873e-01 1.077390630193495191e+01
8.487211732869031078e-01 1.000197318899864207e+01
8.770980987803161932e-01 9.282995640854609931e+00
9.064238045396205701e-01 8.613573596864807058e+00
9.367300129581793700e-01 7.990499328389036648e+00
9.680495070650749767e-01 7.410738425544788122e+00
1.000416165987385808e+00 6.871408967022285985e+00
1.033865001598128330e+00 6.369807850173750730e+00
1.068432196389532240e+00 5.903419134737865726e+00
1.104155142612600837e+00 5.469918058229673363e+00
1.141072482725305592e+00 5.067123635825969252e+00
1.179224151193147607e+00 4.692976010691456423e+00
1.218651417687333982e+00 4.345517513638525564e+00
1.259396931727273516e+00 4.022914153786659064e+00
1.301504768815691548e+00 3.723458387921619650e+00
1.345020478116276896e+00 3.445570299753005106e+00
1.389991131725407447e+00 3.187772957583395517e+00
1.436465375591293947e+00 2.948679664662552824e+00
1.484493482135585296e+00 2.726982053031989484e+00
1.534127404634392455e+00 2.521457036411104635e+00
1.585420833417506836e+00 2.330965793350310733e+00
1.638429253946665609e+00 2.154452195337116294e+00
1.693210006835640158e+00 1.990931648894749717e+00
1.749822349877109051e+00 1.839484459632772850e+00
1.808327522143368116e+00 1.699250185628888188e+00
1.868788810230267217e+00 1.569426319167237516e+00
1.931271616715998229e+00 1.449265382373076338e+00
1.995843530908793184e+00 1.338071444161715196e+00
2.062574401960084458e+00 1.235196661653595651e+00
2.131536414422164238e+00 1.140038106148836272e+00
2.202804166332139602e+00 1.052034847155426167e+00
2.276454749906602792e+00 9.706651433565743892e-01
2.352567834934338631e+00 8.954438096313068751e-01
2.431225754957225149e+00 8.259196918749526217e-01
2.512513596332623944e+00 7.616734899556415472e-01
2.596519290273538783e+00 7.023156678183866131e-01
2.683333707966161441e+00 6.474844545353427572e-01
2.773050758867611432e+00 5.968439381960159995e-01
2.865767492290306695e+00 5.500822739352562163e-01
2.961584202382770314e+00 5.069099331076211135e-01
3.060604536620467719e+00 4.670582586243751666e-01
3.162935607924048931e+00 4.302780859206163377e-01
3.268688110526199786e+00 3.963383862562487314e-01
3.377976439712552459e+00 3.650249941515815166e-01
3.490918815566087297e+00 3.361394192744780463e-01
3.607637410848952619e+00 3.094977337152980956e-01
3.728258483159945236e+00 2.849295466997156523e-01
3.852912511510727001e+00 2.622770474158818699e-01
3.981734337468417539e+00 2.413940946632675000e-01
4.114863311017320058e+00 2.221453908874500283e-01
4.252443441297450555e+00 2.044057138183360267e-01
4.394623552383071896e+00 1.880591732512186254e-01
4.541557444269631816e+00 1.729985458216424521e-01
4.693404059243289517e+00 1.591246618882429797e-01
4.850327653813030437e+00 1.463458187221621243e-01
5.012497976391239618e+00 1.345772344330030679e-01
5.180090450915090017e+00 1.237405401477803535e-01
5.353286366607249214e+00 1.137633039877389146e-01
5.532273074081278885e+00 1.045785949874615955e-01
5.717244188003695271e+00 9.612458124582748398e-02
5.908399796532135539e+00 8.834415019312844009e-02
6.105946677756002750e+00 8.118455796668087865e-02
6.310098523373801171e+00 7.459710530023973274e-02
6.521076169849157722e+00 6.853682763831925318e-02
6.739107837295406966e+00 6.296221627457171399e-02
6.964429376347387013e+00 5.783496873368092900e-02
7.197284523287298619e+00 5.311975257268095052e-02
7.437925163700752407e+00 4.878398041576276212e-02
7.686611604948010879e+00 4.479759373662516725e-02
7.943612857745410594e+00 4.113286551025282373e-02
8.209206927161357470e+00 3.776422244678436652e-02
8.483681113341843272e+00 3.466808903512244577e-02
8.767332322290526392e+00 3.182273461272270426e-02
9.060467387039910392e+00 2.920813163602082457e-02
9.363403399560734641e+00 2.680582585865863912e-02
9.676468053768756405e+00 2.459881764070243407e-02
1.000000000000001243e+01 2.257145074111993610e-02
