2.000000000000000164e-05 1.358335445796990393e-02
2.066869842267550072e-05 1.402016036040299937e-02
2.135975472437544027e-05 1.447101563944527131e-02
2.207391643902171255e-05 1.493637052807257441e-02
2.281195609427394449e-05 1.541668838674912188e-02
2.357467204719313169e-05 1.591245271874000555e-02
2.436288934784564352e-05 1.642415852930613138e-02
2.517746063178175121e-05 1.695232065072862365e-02
2.601926704235410016e-05 1.749746438644111252e-02
2.688921918387384303e-05 1.806013965280505590e-02
2.778825810663545582e-05 1.864090915752352612e-02
2.871735632487579741e-05 1.924035492370696973e-02
2.967751886876853870e-05 1.985907567398987814e-02
3.066978437159193627e-05 2.049769472116329261e-02
3.169522619324599853e-05 2.115684900393737314e-02
3.275495358133433647e-05 2.183719720146085064e-02
3.385011287106671010e-05 2.253942774383543152e-02
3.498188872528021299e-05 2.326423549789864709e-02
3.615150541592045298e-05 2.401235344210973441e-02
3.736022814836899319e-05 2.478452527127082000e-02
3.860936443004954884e-05 2.558153127563026277e-02
3.990026548479344494e-05 2.640416307760294276e-02
4.123432771449419843e-05 2.725324587483294453e-02
4.261299420963254024e-05 2.812963469158053648e-02
4.403775631030562105e-05 2.903420542334936294e-02
4.551015521944909301e-05 2.996786321470530992e-02
4.703178366999723984e-05 3.093153735049107567e-02
4.860428764778435972e-05 3.192620928521280182e-02
5.022936817205134787e-05 3.295285968547553151e-02
5.190878313548323190e-05 3.401252216808860196e-02
5.364434920576834987e-05 3.510625431919246059e-02
5.543794379073590958e-05 3.623516716869448068e-02
5.729150706919781900e-05 3.740037054035380559e-02
5.920704408969155763e-05 3.860304298001621115e-02
6.118662693939432690e-05 3.984438213070205792e-02
6.323239698555469304e-05 4.112564324661757004e-02
6.534656719186627638e-05 4.244809777114558896e-02
6.753142451228926792e-05 4.381307171566044267e-02
6.978933236490913268e-05 4.522194270482327028e-02
7.212273318850868345e-05 4.667609766925755882e-02
7.453415108461877573e-05 4.817702801457364459e-02
7.702619454790587906e-05 4.972620100746619892e-02
7.960155928784993205e-05 5.132518817063344563e-02
8.226303114476471348e-05 5.297558753009960764e-02
8.501348910331518868e-05 5.467903737724386787e-02
8.785590840679157983e-05 5.643726348552936117e-02
9.079336377550881697e-05 5.825202150929571082e-02
9.382903273281309529e-05 6.012511802057893262e-02
9.696619904229312483e-05 6.205843808278311419e-02
1.002082562599141270e-04 6.405390264783193677e-02
1.035587114049174785e-04 6.611351436953044614e-02
1.070211887534562421e-04 6.823934906522155508e-02
1.105994337590709140e-04 7.043352266869810918e-02
1.142973171042456330e-04 7.269821392070308086e-02
1.181188388874281471e-04 7.503571881259155085e-02
1.220681329500424115e-04 7.744836267115354222e-02
1.261494713481742377e-04 7.993854345257755956e-02
1.303672689737678670e-04 8.250877142484479287e-02
1.347260883303314362e-04 8.516160313690189498e-02
1.392306444683180742e-04 8.789971789939986235e-02
1.438858100855209437e-04 9.072579373919739676e-02
1.486966207979997041e-04 9.364273568076103560e-02
1.536682805872396744e-04 9.665338302504944412e-02
1.588061674294368483e-04 9.976078409565387883e-02
1.641158391129971276e-04 1.029680567755292403e-01
1.696030392505434848e-04 1.062783541401249726e-01
1.752737034919339915e-04 1.096950195531697508e-01
1.811339659450114388e-04 1.132214531597633411e-01
1.871901658110307874e-04 1.168611971572964536e-01
1.934488542419408646e-04 1.206178283684934405e-01
1.999168014269393128e-04 1.244951333069844318e-01
2.066010039159656652e-04 1.284970109325261900e-01
2.135086921880547338e-04 1.326273654646931699e-01
2.206473384727377968e-04 1.368903719106428496e-01
2.280246648329511538e-04 1.412902705481284549e-01
2.356486515181963309e-04 1.458314370991114495e-01
2.435275455969876748e-04 1.505183836350723614e-01
2.516698698779247295e-04 1.553557902886719966e-01
2.600844321290405573e-04 1.603484614870493707e-01
2.687803346053976817e-04 1.655013057019532330e-01
2.777669838952388651e-04 1.708195176128237402e-01
2.870541010953427292e-04 1.763083876352285195e-01
2.966517323265922064e-04 1.819732893794432649e-01
3.065702596011295341e-04 1.878198826851674164e-01
3.168204120528543403e-04 1.938539158982803268e-01
3.274132775434116785e-04 2.000814289009681946e-01
3.383603146562264279e-04 2.065085530581224071e-01
3.496733650915567022e-04 2.131416273074625001e-01
3.613646664759745386e-04 2.199872051215315816e-01
3.734468656001317080e-04 2.270520787073511404e-01
3.859330320991275886e-04 2.343431283645235341e-01
3.988366725902805230e-04 2.418676282049270765e-01
4.121717452835938129e-04 2.496328521484514895e-01
4.259526750807212541e-04 2.576465451072857960e-01
4.401943691787655547e-04 2.659165216830937650e-01
4.549122331957894719e-04 2.744508527381999685e-01
4.701221878354804149e-04 2.832579128507161648e-01
4.858406861089974399e-04 2.923462861751112696e-01
5.020847311326308640e-04 3.017247987789944963e-01
5.188718945205230424e-04 3.114026128420896433e-01
5.362203353923492141e-04 3.213890609558201494e-01
5.541488200165187389e-04 3.316938918066782982e-01
5.726767421101455150e-04 3.423269359879846374e-01
5.918241438177454907e-04 3.532985666280647474e-01
6.116117373913557359e-04 3.646192038700522553e-01
6.320609275955268004e-04 3.762997770688828458e-01
6.531938348614238542e-04 3.883513757903093166e-01
6.750333192150836329e-04 4.007855357616527114e-01
6.976030050057104547e-04 4.136139351212631543e-01
7.209273064607610694e-04 4.268487980961268025e-01
7.450314540954613768e-04 4.405025793221474806e-01
7.699415220053250396e-04 4.545880546883716566e-01
7.956844560711916160e-04 4.691182883664963277e-01
8.222881031073025473e-04 4.841066980584815549e-01
8.497812409839368810e-04 4.995673429946148603e-01
8.781936097571961097e-04 5.155141305741797186e-01
9.075559438396131216e-04 5.319618139788738764e-01
9.379000052463793693e-04 5.489252182364657839e-01
9.692586179531593148e-04 5.664194784480538480e-01
1.001665703402655023e-03 5.844604393936694287e-01
1.035156317198330069e-03 6.030638374032587512e-01
1.069766687024985286e-03 6.222459701479564620e-01
1.105534251837205851e-03 6.420237700862380104e-01
1.142497702358069404e-03 6.624139790436275321e-01
1.180697022931930960e-03 6.834339148867185632e-01
1.220173534776542454e-03 7.051014051109107950e-01
1.260969940681316284e-03 7.274343788010280143e-01
1.303130371200056587e-03 7.504510596904304665e-01
1.346700432388157767e-03 7.741699283037669632e-01
1.391727255135877424e-03 7.986098138633219712e-01
1.438259546151070007e-03 8.237898900100268929e-01
1.486347640646530459e-03 8.497292789170999283e-01
1.536043556788919398e-03 8.764474270761334340e-01
1.587401051968200579e-03 9.039640172417564568e-01
1.640475680948428249e-03 9.322984888852278162e-01
1.695324855962815390e-03 9.614706945731582577e-01
1.752007908818060174e-03 9.915003532064708969e-01
1.810586155075142928e-03 1.022407067674181880e+00
1.871122960375984270e-03 1.054210442385377755e+00
1.933683808987751848e-03 1.086929961016663171e+00
1.998336374638913938e-03 1.120584742538142775e+00
2.065150593723721201e-03 1.155193298488658149e+00
2.134198740954243185e-03 1.190774199279539758e+00
2.205555507541849362e-03 1.227345356582134839e+00
2.279298081992675151e-03 1.264923239999944160e+00
2.355506233604463730e-03 1.303524995566990752e+00
2.434262398755145627e-03 1.343165657031266225e+00
2.515651770076436904e-03 1.383859978937568957e+00
2.599762388608985089e-03 1.425620703472125328e+00
2.686685239038679764e-03 1.468460030568019992e+00
2.776514348117217236e-03 1.512387946701663433e+00
2.869346886373309435e-03 1.557413621183627583e+00
2.965283273224645581e-03 1.603543076508515020e+00
3.064427285604211931e-03 1.650781376183140470e+00
3.166886170218578649e-03 1.699130495955351483e+00
3.272770759559481216e-03 1.748590054533369909e+00
3.382195591794276077e-03 1.799156775317179768e+00
3.495279034664920681e-03 1.850824776302413932e+00
3.612143413529477973e-03 1.903584622560735573e+00
3.732915143684721951e-03 1.957422858096575125e+00
3.857724867112893516e-03 2.012322804368690488e+00
3.986707593800617976e-03 2.068263955570467605e+00
4.120002847782761740e-03 2.125220660268936079e+00
4.257754818069308354e-03 2.183163885627263934e+00
4.400112514618404608e-03 2.242058952050690390e+00
4.547229929524409554e-03 2.301865723835120114e+00
4.699266203595197679e-03 2.362541366764606465e+00
4.856385798499019031e-03 2.424034775046774115e+00
5.018758674667020935e-03 2.486291860046740521e+00
5.186560475143959549e-03 2.549251286537605132e+00
5.359972715585955248e-03 2.612847059707948283e+00
5.539182980610755057e-03 2.677008173053734730e+00
5.724385126713026593e-03 2.741656497865591291e+00
5.915779491964028892e-03 2.806710218800954948e+00
6.113573112722652143e-03 2.872081003214701944e+00
6.317979947592099882e-03 2.937677657335383774e+00
6.529221108864616957e-03 3.003400008983450942e+00
6.747525101704480652e-03 3.069149017001079560e+00
6.973128071328140755e-03 3.134815337832767668e+00
7.206274058448705437e-03 3.200291826077044099e+00
7.447215263261310406e-03 3.265462237141494306e+00
7.696212318254701257e-03 3.330211438278997349e+00
7.953534570144332738e-03 3.394419269853838461e+00
8.219460371231864307e-03 3.457962645400353807e+00
8.494277380506187053e-03 3.520716624821235374e+00
8.778282874811823774e-03 3.582554000860750154e+00
9.071784070421121463e-03 3.643343054811285953e+00
9.375098455358292851e-03 3.702952059916508887e+00
9.688554132834568261e-03 3.761244281257893007e+00
1.001249017616620725e-02 3.818078140178143176e+00
1.034725699555901803e-02 3.873310797531219762e+00
1.069321671715643858e-02 3.926791941628392735e+00
1.105074357476093505e-02 3.978366541871470208e+00
1.142022431465263173e-02 4.027873061563528090e+00
1.180205861394306721e-02 4.075144003639001866e+00
1.219665951291643881e-02 4.120002744739842626e+00
1.260445386182631328e-02 4.162266691765895921e+00
1.302588278263077520e-02 4.201747617265485957e+00
1.346140214616583890e-02 4.238248808427381498e+00
1.391148306527291781e-02 4.271570547747694846e+00
1.437661240441416924e-02 4.301507751139385327e+00
1.485729330632660182e-02 4.327857320004911301e+00
1.535404573628500365e-02 4.350414479008845703e+00
1.586740704456205894e-02 4.368978350366352181e+00
1.639793254769450481e-02 4.383353520721906982e+00
1.694619612918364313e-02 4.393351889753531303e+00
1.751279086028037155e-02 4.398798476066823504e+00
1.809832964152614798e-02 4.399523514381294298e+00
1.870344586574363213e-02 4.395372893300415917e+00
1.932879410319460894e-02 4.386207093362526344e+00
1.997505080964588620e-02 4.371902590778853792e+00
2.064291505810955316e-02 4.352350017958137585e+00
2.133310929504865505e-02 4.327467158666176594e+00
2.204638012186681956e-02 4.297190114348241607e+00
2.278349910252664909e-02 4.261490268295970552e+00
2.354526359817107548e-02 4.220369122483497826e+00
2.433249762964985810e-02 4.173868128275836753e+00
2.514605276888498206e-02 4.122070538988927169e+00
2.598680906003840441e-02 4.065104771818993434e+00
2.685567597147924673e-02 4.003147854510779702e+00
2.775359337957988490e-02 3.936423580826864388e+00
2.868153258540498754e-02 3.865204260872900921e+00
2.964049736539381419e-02 3.789814533913910655e+00
3.063152505717161092e-02 3.710624908462921034e+00
3.165568768166540647e-02 3.628055606914207143e+00
3.271409310273729054e-02 3.542577452717662556e+00
3.380788622559029871e-02 3.454700548032568985e+00
3.493825023524253087e-02 3.364973082451187647e+00
3.610640787640997940e-02 3.273971881661432271e+00
3.731362277618164441e-02 3.182292919917422580e+00
3.856120081091872487e-02 3.090540594404602270e+00
3.985049151885547425e-02 2.999316052328451665e+00
4.118288955993056055e-02 2.909203898023640988e+00
4.255983622442782027e-02 2.820759494430441272e+00
4.398282099205792772e-02 2.734490235294220195e+00
4.545338314316834522e-02 2.650841376413917594e+00
4.697311342382341770e-02 2.570178719879490536e+00
4.854365576655684383e-02 2.492774818777037105e+00
5.016670906865677154e-02 2.418794214574964574e+00
5.184402902990837420e-02 2.348280551096243673e+00
5.357743005178047802e-02 2.281148014681716685e+00
5.536878720011212396e-02 2.217171095422048488e+00
5.722003823342062395e-02 2.155988763936193653e+00
5.913318569902666078e-02 2.097109747879322583e+00
6.111029909926251474e-02 2.039922731341917927e+00
6.315351713010779189e-02 1.983721692195361319e+00
6.526504999467336310e-02 1.927740365348649121e+00
6.744718179403717817e-02 1.871198396691218013e+00
6.970227299801623477e-02 1.813355486342983269e+00
7.203276299854979858e-02 1.753578643556128691e+00
7.444117274845411802e-02 1.691408508730474436e+00
7.693010748840443946e-02 1.626625492745047197e+00
7.950225956509210379e-02 1.559301523396853018e+00
8.216041134360790865e-02 1.489832736379588018e+00
8.490743821719984319e-02 1.418939996575833140e+00
8.774631171766281157e-02 1.347633178061139914e+00
9.068010272972255870e-02 1.277137166805690338e+00
9.371198481289348681e-02 1.208784127237394257e+00
9.684523763440215649e-02 1.143878286995709148e+00
1.000832505168899600e-01 1.083552178808949495e+00
1.034295261047340625e-01 1.028629349263992632e+00
1.068876841529496080e-01 9.795082109176581620e-01
1.104614654427753945e-01 9.360831969733431901e-01
1.141547358281756464e-01 8.977203483601366996e-01
1.179714904176376727e-01 8.632932726817689195e-01
1.219158578957853512e-01 8.312985167702889866e-01
1.259921049894874856e-01 8.000523154448608842e-01
1.302046410832891354e-01 7.679612032261662335e-01
1.345580229891604751e-01 7.338277110293912608e-01
1.390569598757198100e-01 6.971259494951077551e-01
1.437063183622670492e-01 6.581630239583210473e-01
1.485111277831346888e-01 6.180487313555080853e-01
1.534765856280515817e-01 5.784556619140419631e-01
1.586080631644066208e-01 5.412089227960120708e-01
1.639111112474894438e-01 5.078195920681999320e-01
1.693914663249987407e-01 4.790832229096618766e-01
1.750550566423093313e-01 4.548572078500247584e-01
1.809080086552135869e-01 4.340771970932165713e-01
1.869566536570689830e-01 4.150434485408691643e-01
1.932075346275276828e-01 3.959379799676389644e-01
1.996674133102498971e-01 3.754489745917892196e-01
2.063432775272630582e-01 3.532655443961140174e-01
2.132423487378718452e-01 3.301855664525941703e-01
2.203720898503036263e-01 3.077313821065889576e-01
2.277402132945338109e-01 2.874262510861076980e-01
2.353546893650253491e-01 2.700852935102797669e-01
2.432237548424092122e-01 2.554605005342125978e-01
2.513559219034258718e-01 2.424110354700002024e-01
2.597599873287743666e-01 2.295378183545332129e-01
2.684450420188219666e-01 2.159749040285999788e-01
2.774204808274743361e-01 2.018563184919469622e-01
2.866960127248350254e-01 1.881156567503788068e-01
2.962816712996577673e-01 1.757450548194703643e-01
3.061878256129444420e-01 1.650730843436854778e-01
3.164251914144354805e-01 1.555927777361916786e-01
3.270048427341168962e-01 1.464451320862252548e-01
3.379382238612947953e-01 1.371483529664994927e-01
3.492371617241852855e-01 1.279306833967464307e-01
3.609138786834163448e-01 1.193724604691263208e-01
3.729810057532814693e-01 1.117614836066559147e-01
3.854515962650386651e-01 1.048425549511820265e-01
3.983391399870480631e-01 9.817586953083837220e-02
4.116575777170102257e-01 9.163534925488411864e-02
4.254213163620995108e-01 8.545167559961047710e-02
4.396452445232932327e-01 7.981603141178837679e-02
4.543447486007690661e-01 7.462547414932392542e-02
4.695357294377799362e-01 6.967759125813607901e-02
4.852346195210218704e-01 6.495199400522166933e-02
5.014584007560848322e-01 6.055491400790594808e-02
5.182246228372336949e-01 5.649254742913133176e-02
5.355514222313770833e-01 5.267170036160756519e-02
5.534575417967635413e-01 4.906133887763615420e-02
5.719623510576314906e-01 4.569523218998482184e-02
5.910858671567322808e-01 4.256285231310023148e-02
6.108487765084068544e-01 3.962304317252855757e-02
6.312724571756275216e-01 3.686996107276014484e-02
6.523790019952193653e-01 3.430521531501948967e-02
6.741912424762606104e-01 3.190882858872732403e-02
6.967327734975364839e-01 2.966915851345560198e-02
7.200279788307419881e-01 2.758007977292864857e-02
7.441020575170596008e-01 2.563173786149969616e-02
7.689810511256225389e-01 2.381464388414257158e-02
7.946918719233755368e-01 2.212020220348383595e-02
8.212623319867858873e-01 2.054073431231566785e-02
8.487211732869031078e-01 1.906902036492027011e-02
8.770980987803161932e-01 1.769823078774079850e-02
9.064238045396205701e-01 1.642190608459350928e-02
9.367300129581793700e-01 1.523395447715403597e-02
9.680495070650749767e-01 1.412860107980294308e-02
1.000416165987385808e+00 1.310034378857232416e-02
1.033865001598128330e+00 1.214402123664972723e-02
1.068432196389532240e+00 1.125483241903045203e-02
1.104155142612600837e+00 1.042834565760193677e-02
1.141072482725305592e+00 9.660403761285315735e-03
1.179224151193147607e+00 8.947080028208952152e-03
1.218651417687333982e+00 8.284641977430928436e-03
1.259396931727273516e+00 7.669592831923614448e-03
1.301504768815691548e+00 7.098676790023664487e-03
1.345020478116276896e+00 6.568881109343635213e-03
1.389991131725407447e+00 6.077389459039823395e-03
1.436465375591293947e+00 5.621557749329298380e-03
1.484493482135585296e+00 5.198891581459946787e-03
1.534127404634392455e+00 4.807059184268773662e-03
1.585420833417506836e+00 4.443889384793308674e-03
1.638429253946665609e+00 4.107368569207453871e-03
1.693210006835640158e+00 3.795619496136157407e-03
1.749822349877109051e+00 3.506888659651695352e-03
1.808327522143368116e+00 3.239535499025466767e-03
1.868788810230267217e+00 2.992029919784955881e-03
1.931271616715998229e+00 2.762946767516059887e-03
1.995843530908793184e+00 2.550959192988294828e-03
2.062574401960084458e+00 2.354832042700713036e-03
2.131536414422164238e+00 2.173415807688702534e-03
2.202804166332139602e+00 2.005641090185448366e-03
2.276454749906602792e+00 1.850513212039389113e-03
2.352567834934338631e+00 1.707107175634436057e-03
2.431225754957225149e+00 1.574562827707592840e-03
2.512513596332623944e+00 1.452080738602655940e-03
2.596519290273538783e+00 1.338918233023607494e-03
2.683333707966161441e+00 1.234385583529404654e-03
2.773050758867611432e+00 1.137842369105972803e-03
2.865767492290306695e+00 1.048694053779397357e-03
2.961584202382770314e+00 9.663886444299975287e-04
3.060604536620467719e+00 8.904139402974896658e-04
3.162935607924048931e+00 8.202949082094236318e-04
3.268688110526199786e+00 7.555911107085295933e-04
3.377976439712552459e+00 6.958942653665320952e-04
3.490918815566087297e+00 6.408259654845638569e-04
3.607637410848952619e+00 5.900355346299267396e-04
3.728258483159945236e+00 5.431980939502034644e-04
3.852912511510727001e+00 5.000127606468288176e-04
3.981734337468417539e+00 4.602009380457589807e-04
4.114863311017320058e+00 4.235047188674164430e-04
4.252443441297450555e+00 3.896853939250844129e-04
4.394623552383071896e+00 3.585220205097353020e-04
4.541557444269631816e+00 3.298101661375094453e-04
4.693404059243289517e+00 3.033607564998470549e-04
4.850327653813030437e+00 2.789989606216181951e-04
5.012497976391239618e+00 2.565631468016326615e-04
5.180090450915090017e+00 2.359039095300090143e-04
5.353286366607249214e+00 2.168831623070312763e-04
5.532273074081278885e+00 1.993733060891931933e-04
5.717244188003695271e+00 1.832564626242368469e-04
5.908399796532135539e+00 1.684237495186657841e-04
6.105946677756002750e+00 1.547746122097523949e-04
6.310098523373801171e+00 1.422162075045656628e-04
6.521076169849157722e+00 1.306628149298777876e-04
6.739107837295406966e+00 1.200353045107494730e-04
6.964429376347387013e+00 1.102606577288330319e-04
7.197284523287298619e+00 1.012715147890857082e-04
7.437925163700752407e+00 9.300574618974732889e-05
7.686611604948010879e+00 8.540604453649920560e-05
7.943612857745410594e+00 7.841955069857056238e-05
8.209206927161357470e+00 7.199751480176260193e-05
8.483681113341843272e+00 6.609499476983199970e-05
8.767332322290526392e+00 6.067056328312571634e-05
9.060467387039910392e+00 5.568603750309516787e-05
9.363403399560734641e+00 5.110623430974906787e-05
9.676468053768756405e+00 4.689874536260010888e-05
1.000000000000001243e+01 4.303372544322122068e-05
