2.000000000000000164e-05 3.353984884600554750e+01
2.066869842267550072e-05 3.461840319414882572e+01
2.135975472437544027e-05 3.573162893144442620e+01
2.207391643902171255e-05 3.688065771069409493e+01
2.281195609427394449e-05 3.806662956937211817e+01
2.357467204719313169e-05 3.929074509814381599e+01
2.436288934784564352e-05 4.055421462146145473e+01
2.517746063178175121e-05 4.185831432658584106e+01
2.601926704235410016e-05 4.320435044931301860e+01
2.688921918387384303e-05 4.459366529313387417e+01
2.778825810663545582e-05 4.602765488574507913e+01
2.871735632487579741e-05 4.750775312354785740e+01
2.967751886876853870e-05 4.903543614835047038e+01
3.066978437159193627e-05 5.061225275813826840e+01
3.169522619324599853e-05 5.223976611202967035e+01
3.275495358133433647e-05 5.391960338575005096e+01
3.385011287106671010e-05 5.565347073927802768e+01
3.498188872528021299e-05 5.744307282246592194e+01
3.615150541592045298e-05 5.929021377428216510e+01
3.736022814836899319e-05 6.119675101801579586e+01
3.860936443004954884e-05 6.316458877715194831e+01
3.990026548479344494e-05 6.519568753794295901e+01
4.123432771449419843e-05 6.729209171780186693e+01
4.261299420963254024e-05 6.945590625738796575e+01
4.403775631030562105e-05 7.168927383799110942e+01
4.551015521944909301e-05 7.399444877414046573e+01
4.703178366999723984e-05 7.637374390555775960e+01
4.860428764778435972e-05 7.882952194835971227e+01
5.022936817205134787e-05 8.136424699825981577e+01
5.190878313548323190e-05 8.398046332227875155e+01
5.364434920576834987e-05 8.668077884179345460e+01
5.543794379073590958e-05 8.946789051734332077e+01
5.729150706919781900e-05 9.234461030221505951e+01
5.920704408969155763e-05 9.531378269434898698e+01
6.118662693939432690e-05 9.837841356352890898e+01
6.323239698555469304e-05 1.015415456705913329e+02
6.534656719186627638e-05 1.048063349421435788e+02
6.753142451228926792e-05 1.081760694055561061e+02
6.978933236490913268e-05 1.116540879372392823e+02
7.212273318850868345e-05 1.152438885405075837e+02
7.453415108461877573e-05 1.189490773208434433e+02
7.702619454790587906e-05 1.227733040259740704e+02
7.960155928784993205e-05 1.267204276146479174e+02
8.226303114476471348e-05 1.307943685317938503e+02
8.501348910331518868e-05 1.349992295413411796e+02
8.785590840679157983e-05 1.393391509516786186e+02
9.079336377550881697e-05 1.438185396707035579e+02
9.382903273281309529e-05 1.484417927258221539e+02
9.696619904229312483e-05 1.532135690958299961e+02
1.002082562599141270e-04 1.581386243692640505e+02
1.035587114049174785e-04 1.632218462154489771e+02
1.070211887534562421e-04 1.684683119542668805e+02
1.105994337590709140e-04 1.738832614054576879e+02
1.142973171042456330e-04 1.794720568169592241e+02
1.181188388874281471e-04 1.852402875878769350e+02
1.220681329500424115e-04 1.911936639107389908e+02
1.261494713481742377e-04 1.973381491494910165e+02
1.303672689737678670e-04 2.036798449127614958e+02
1.347260883303314362e-04 2.102250503189615927e+02
1.392306444683180742e-04 2.169802214373612230e+02
1.438858100855209437e-04 2.239520826735268315e+02
1.486966207979997041e-04 2.311475996458127042e+02
1.536682805872396744e-04 2.385738570939276997e+02
1.588061674294368483e-04 2.462381895637582545e+02
1.641158391129971276e-04 2.541482445065963987e+02
1.696030392505434848e-04 2.623118205169615749e+02
1.752737034919339915e-04 2.707369290576826302e+02
1.811339659450114388e-04 2.794319974204636310e+02
1.871901658110307874e-04 2.884054646673876618e+02
1.934488542419408646e-04 2.976663033963923795e+02
1.999168014269393128e-04 3.072235092941130006e+02
2.066010039159656652e-04 3.170865265006827372e+02
2.135086921880547338e-04 3.272650161945650780e+02
2.206473384727377968e-04 3.377690769990217063e+02
2.280246648329511538e-04 3.486087799711372099e+02
2.356486515181963309e-04 3.597948428082161172e+02
2.435275455969876748e-04 3.713381576055980418e+02
2.516698698779247295e-04 3.832500269065288876e+02
2.600844321290405573e-04 3.955418694075986537e+02
2.687803346053976817e-04 4.082257784317756659e+02
2.777669838952388651e-04 4.213138874599296173e+02
2.870541010953427292e-04 4.348189996524118897e+02
2.966517323265922064e-04 4.487539679938336690e+02
3.065702596011295341e-04 4.631322685079726966e+02
3.168204120528543403e-04 4.779675662607910454e+02
3.274132775434116785e-04 4.932742637339394491e+02
3.383603146562264279e-04 5.090667245319979770e+02
3.496733650915567022e-04 5.253600868509014390e+02
3.613646664759745386e-04 5.421697140247767948e+02
3.734468656001317080e-04 5.595114125074940148e+02
3.859330320991275886e-04 5.774014584306819415e+02
3.988366725902805230e-04 5.958566807252143462e+02
4.121717452835938129e-04 6.148941608731740871e+02
4.259526750807212541e-04 6.345316201051432472e+02
4.401943691787655547e-04 6.547871389641078395e+02
4.549122331957894719e-04 6.756793712672406400e+02
4.701221878354804149e-04 6.972272111326102504e+02
4.858406861089974399e-04 7.194501251886744058e+02
5.020847311326308640e-04 7.423685180117748814e+02
5.188718945205230424e-04 7.660026022204618812e+02
5.362203353923492141e-04 7.903735362644024462e+02
5.541488200165187389e-04 8.155026844883585682e+02
5.726767421101455150e-04 8.414122757020732024e+02
5.918241438177454907e-04 8.681246330659928390e+02
6.116117373913557359e-04 8.956630401422329442e+02
6.320609275955268004e-04 9.240505678642017529e+02
6.531938348614238542e-04 9.533114390732346237e+02
6.750333192150836329e-04 9.834704248470629864e+02
6.976030050057104547e-04 1.014552074977614438e+03
7.209273064607610694e-04 1.046582177295994143e+03
7.450314540954613768e-04 1.079586418871668002e+03
7.699415220053250396e-04 1.113591339597873457e+03
7.956844560711916160e-04 1.148623744547372780e+03
8.222881031073025473e-04 1.184710862296570895e+03
8.497812409839368810e-04 1.221880503615972430e+03
8.781936097571961097e-04 1.260160391041504681e+03
9.075559438396131216e-04 1.299579575242345527e+03
9.379000052463793693e-04 1.340166594777154387e+03
9.692586179531593148e-04 1.381950509935394848e+03
1.001665703402655023e-03 1.424960867541673224e+03
1.035156317198330069e-03 1.469227158524540073e+03
1.069766687024985286e-03 1.514779547183936302e+03
1.105534251837205851e-03 1.561648144809184942e+03
1.142497702358069404e-03 1.609862855896717065e+03
1.180697022931930960e-03 1.659454183235676737e+03
1.220173534776542454e-03 1.710452534995212773e+03
1.260969940681316284e-03 1.762887625875989897e+03
1.303130371200056587e-03 1.816790129047243681e+03
1.346700432388157767e-03 1.872189966743278092e+03
1.391727255135877424e-03 1.929116649581252659e+03
1.438259546151070007e-03 1.987599311782629002e+03
1.486347640646530459e-03 2.047667267083320212e+03
1.536043556788919398e-03 2.109348878436837822e+03
1.587401051968200579e-03 2.172671561073843350e+03
1.640475680948428249e-03 2.237662701922420183e+03
1.695324855962815390e-03 2.304348983555017185e+03
1.752007908818060174e-03 2.372754969116386746e+03
1.810586155075142928e-03 2.442905791622334164e+03
1.871122960375984270e-03 2.514824558497824000e+03
1.933683808987751848e-03 2.588533716855826242e+03
1.998336374638913938e-03 2.664054142727336966e+03
2.065150593723721201e-03 2.741404618149212638e+03
2.134198740954243185e-03 2.820603767860927292e+03
2.205555507541849362e-03 2.901667973207559044e+03
2.279298081992675151e-03 2.984611072701245575e+03
2.355506233604463730e-03 3.069445269644078508e+03
2.434262398755145627e-03 3.156181748647071799e+03
2.515651770076436904e-03 3.244828175364401432e+03
2.599762388608985089e-03 3.335389670081718123e+03
2.686685239038679764e-03 3.427869938497146450e+03
2.776514348117217236e-03 3.522267709892358653e+03
2.869346886373309435e-03 3.618580817456549539e+03
2.965283273224645581e-03 3.716803155850301664e+03
3.064427285604211931e-03 3.816924683553478189e+03
3.166886170218578649e-03 3.918932379945823868e+03
3.272770759559481216e-03 4.022807211738821024e+03
3.382195591794276077e-03 4.128528540056657221e+03
3.495279034664920681e-03 4.236067916779219559e+03
3.612143413529477973e-03 4.345394621910528258e+03
3.732915143684721951e-03 4.456469777756917210e+03
3.857724867112893516e-03 4.569252441903913677e+03
3.986707593800617976e-03 4.683692557803740783e+03
4.120002847782761740e-03 4.799733060413423118e+03
4.257754818069308354e-03 4.917313531080678331e+03
4.400112514618404608e-03 5.036365887797227515e+03
4.547229929524409554e-03 5.156811417556559718e+03
4.699266203595197679e-03 5.278567609890296808e+03
4.856385798499019031e-03 5.401543185304050894e+03
5.018758674667020935e-03 5.525639979675311224e+03
5.186560475143959549e-03 5.650750081388409853e+03
5.359972715585955248e-03 5.776756563394342265e+03
5.539182980610755057e-03 5.903536182323331559e+03
5.724385126713026593e-03 6.030954180420826560e+03
5.915779491964028892e-03 6.158865457539805902e+03
6.113573112722652143e-03 6.287117555262116184e+03
6.317979947592099882e-03 6.415541987652950411e+03
6.529221108864616957e-03 6.543966221732415761e+03
6.747525101704480652e-03 6.672200453944411493e+03
6.973128071328140755e-03 6.800048432036142003e+03
7.206274058448705437e-03 6.927296760751059992e+03
7.447215263261310406e-03 7.053726391975220395e+03
7.696212318254701257e-03 7.179102089305043592e+03
7.953534570144332738e-03 7.303177475128110927e+03
8.219460371231864307e-03 7.425691339750104817e+03
8.494277380506187053e-03 7.546372797061544588e+03
8.778282874811823774e-03 7.664932390960227167e+03
9.071784070421121463e-03 7.781068660446412650e+03
9.375098455358292851e-03 7.894471965360647118e+03
9.688554132834568261e-03 8.004810116980909697e+03
1.001249017616620725e-02 8.111749800973426318e+03
1.034725699555901803e-02 8.214933445664961255e+03
1.069321671715643858e-02 8.313997251023012723e+03
1.105074357476093505e-02 8.408559287192822012e+03
1.142022431465263173e-02 8.498232459049306271e+03
1.180205861394306721e-02 8.582615365862315230e+03
1.219665951291643881e-02 8.661298421320918351e+03
1.260445386182631328e-02 8.733859688570171784e+03
1.302588278263077520e-02 8.799874046361843284e+03
1.346140214616583890e-02 8.858912355541444413e+03
1.391148306527291781e-02 8.910536646854772698e+03
1.437661240441416924e-02 8.954312197752466091e+03
1.485729330632660182e-02 8.989808206542427797e+03
1.535404573628500365e-02 9.016597353599814596e+03
1.586740704456205894e-02 9.034260046554711153e+03
1.639793254769450481e-02 9.042395190512877889e+03
1.694619612918364313e-02 9.040618485454018810e+03
1.751279086028037155e-02 9.028568199413239199e+03
1.809832964152614798e-02 9.005916075901084696e+03
1.870344586574363213e-02 8.972364659154662149e+03
1.932879410319460894e-02 8.927669581609763554e+03
1.997505080964588620e-02 8.871626439700923584e+03
2.064291505810955316e-02 8.804099637883598916e+03
2.133310929504865505e-02 8.725011655625223284e+03
2.204638012186681956e-02 8.634366728086492003e+03
2.278349910252664909e-02 8.532246469182959117e+03
2.354526359817107548e-02 8.418830977666222680e+03
2.433249762964985810e-02 8.294391364949722629e+03
2.514605276888498206e-02 8.159310215183093533e+03
2.598680906003840441e-02 8.014077506582562819e+03
2.685567597147924673e-02 7.859299399014326809e+03
2.775359337957988490e-02 7.695701567062335016e+03
2.868153258540498754e-02 7.524124817004546458e+03
2.964049736539381419e-02 7.345531847307840508e+03
3.063152505717161092e-02 7.160990014493582748e+03
3.165568768166540647e-02 6.971671575879176999e+03
3.271409310273729054e-02 6.778837426617350502e+03
3.380788622559029871e-02 6.583827125399318902e+03
3.493825023524253087e-02 6.388033237601237488e+03
3.610640787640997940e-02 6.192882264322746778e+03
3.731362277618164441e-02 5.999807334395472026e+03
3.856120081091872487e-02 5.810214551389567532e+03
3.985049151885547425e-02 5.625460921836237503e+03
4.118288955993056055e-02 5.446809143817071345e+03
4.255983622442782027e-02 5.275392071211187613e+03
4.398282099205792772e-02 5.112180726219252392e+03
4.545338314316834522e-02 4.957943909825182345e+03
4.697311342382341770e-02 4.813207254635592108e+03
4.854365576655684383e-02 4.678220670162272654e+03
5.016670906865677154e-02 4.552925965276517672e+03
5.184402902990837420e-02 4.436923484132160411e+03
5.357743005178047802e-02 4.329457356362090650e+03
5.536878720011212396e-02 4.229392382214416102e+03
5.722003823342062395e-02 4.135230260846840793e+03
5.913318569902666078e-02 4.045125602417173923e+03
6.111029909926251474e-02 3.956932755412120969e+03
6.315351713010779189e-02 3.868291523050966134e+03
6.526504999467336310e-02 3.776741421051544421e+03
6.744718179403717817e-02 3.679878659156220237e+03
6.970227299801623477e-02 3.575539924787106429e+03
7.203276299854979858e-02 3.462017938879377652e+03
7.444117274845411802e-02 3.338274634148973291e+03
7.693010748840443946e-02 3.204129330418277277e+03
7.950225956509210379e-02 3.060398298205346237e+03
8.216041134360790865e-02 2.908942065124497731e+03
8.490743821719984319e-02 2.752600530614731269e+03
8.774631171766281157e-02 2.595007194528585842e+03
9.068010272972255870e-02 2.440282493253756456e+03
9.371198481289348681e-02 2.292645602632268492e+03
9.684523763440215649e-02 2.155982020701166221e+03
1.000832505168899600e-01 2.033418135616086374e+03
1.034295261047340625e-01 1.926961383166149744e+03
1.068876841529496080e-01 1.837224240719090631e+03
1.104614654427753945e-01 1.763265971149613051e+03
1.141547358281756464e-01 1.702571926031836256e+03
1.179714904176376727e-01 1.651202304688726826e+03
1.219158578957853512e-01 1.604162720474168964e+03
1.259921049894874856e-01 1.556044257297059630e+03
1.302046410832891354e-01 1.501909900168881450e+03
1.345580229891604751e-01 1.438303942405000726e+03
1.390569598757198100e-01 1.364133693509777459e+03
1.437063183622670492e-01 1.281099434414265943e+03
1.485111277831346888e-01 1.193430854727764427e+03
1.534765856280515817e-01 1.106909625214397693e+03
1.586080631644066208e-01 1.027421929287647572e+03
1.639111112474894438e-01 9.594806751335752324e+02
1.693914663249987407e-01 9.051072519119056778e+02
1.750550566423093313e-01 8.633355336762524530e+02
1.809080086552135869e-01 8.304168418486173096e+02
1.869566536570689830e-01 8.007829362805508708e+02
1.932075346275276828e-01 7.687074166399157775e+02
1.996674133102498971e-01 7.303095458802744133e+02
2.063432775272630582e-01 6.850931875439764553e+02
2.132423487378718452e-01 6.361223022150253428e+02
2.203720898503036263e-01 5.885436536925152495e+02
2.277402132945338109e-01 5.471458004197905893e+02
2.353546893650253491e-01 5.142050180929521730e+02
2.432237548424092122e-01 4.886007011128012891e+02
2.513559219034258718e-01 4.665407201364993171e+02
2.597599873287743666e-01 4.436394593584715835e+02
2.684450420188219666e-01 4.174073587403613601e+02
2.774204808274743361e-01 3.886147578917509691e+02
2.866960127248350254e-01 3.604417426621467371e+02
2.962816712996577673e-01 3.359981468655028038e+02
3.061878256129444420e-01 3.161309996090537311e+02
3.164251914144354805e-01 2.990913697686111163e+02
3.270048427341168962e-01 2.821870209956986741e+02
3.379382238612947953e-01 2.640714865020169668e+02
3.492371617241852855e-01 2.456565509873680924e+02
3.609138786834163448e-01 2.288290091261235943e+02
3.729810057532814693e-01 2.144168366549304210e+02
3.854515962650386651e-01 2.015432598332936891e+02
3.983391399870480631e-01 1.888604544422754827e+02
4.116575777170102257e-01 1.760855681243364756e+02
4.254213163620995108e-01 1.640185682318319209e+02
4.396452445232932327e-01 1.532463478634894898e+02
4.543447486007690661e-01 1.434161207198848444e+02
4.695357294377799362e-01 1.339213808192641011e+02
4.852346195210218704e-01 1.247603021693760184e+02
5.014584007560848322e-01 1.162939579757298816e+02
5.182246228372336949e-01 1.085368900128720924e+02
5.355514222313770833e-01 1.012090895694734911e+02
5.534575417967635413e-01 9.424704458385133421e+01
5.719623510576314906e-01 8.777759864562260361e+01
5.910858671567322808e-01 8.177463274354327893e+01
6.108487765084068544e-01 7.612467249659455604e+01
6.312724571756275216e-01 7.082957044195602236e+01
6.523790019952193653e-01 6.590627156413643206e+01
6.741912424762606104e-01 6.130349196956993296e+01
6.967327734975364839e-01 5.699880054496328086e+01
7.200279788307419881e-01 5.298513927230970211e+01
7.441020575170596008e-01 4.924277979492048729e+01
7.689810511256225389e-01 4.575251835866083638e+01
7.946918719233755368e-01 4.249742835713391287e+01
8.212623319867858873e-01 3.946297898555428674e+01
8.487211732869031078e-01 3.663551972869462503e+01
8.770980987803161932e-01 3.400203024890584658e+01
9.064238045396205701e-01 3.155005559948164162e+01
9.367300129581793700e-01 2.926784513833619172e+01
9.680495070650749767e-01 2.714428351534603934e+01
1.000416165987385808e+00 2.516881442702545257e+01
1.033865001598128330e+00 2.333153669337482228e+01
1.068432196389532240e+00 2.162323485266687584e+01
1.104155142612600837e+00 2.003539395347809560e+01
1.141072482725305592e+00 1.856002566841116064e+01
1.179224151193147607e+00 1.718958533064307304e+01
1.218651417687333982e+00 1.591690260991106953e+01
1.259396931727273516e+00 1.473526013466127083e+01
1.301504768815691548e+00 1.363840353896304158e+01
1.345020478116276896e+00 1.262054564790980393e+01
1.389991131725407447e+00 1.167627651279862278e+01
1.436465375591293947e+00 1.080051686543755807e+01
1.484493482135585296e+00 9.988474700687447694e+00
1.534127404634392455e+00 9.235670368791932816e+00
1.585420833417506836e+00 8.537932673785231685e+00
1.638429253946665609e+00 7.891392888040024367e+00
1.693210006835640158e+00 7.292444295790077469e+00
1.749822349877109051e+00 6.737718046291501395e+00
1.808327522143368116e+00 6.224062625024707529e+00
1.868788810230267217e+00 5.748538755635867581e+00
1.931271616715998229e+00 5.308408668650081985e+00
1.995843530908793184e+00 4.901123306265545487e+00
2.062574401960084458e+00 4.524309723321851884e+00
2.131536414422164238e+00 4.175759470145294472e+00
2.202804166332139602e+00 3.853417843959236588e+00
2.276454749906602792e+00 3.555373687213745804e+00
2.352567834934338631e+00 3.279849809849280096e+00
2.431225754957225149e+00 3.025193891263605828e+00
2.512513596332623944e+00 2.789870313200451868e+00
2.596519290273538783e+00 2.572452381526733500e+00
2.683333707966161441e+00 2.371614828298656441e+00
2.773050758867611432e+00 2.186127045621962139e+00
2.865767492290306695e+00 2.014846663135268834e+00
2.961584202382770314e+00 1.856713263822783899e+00
3.060604536620467719e+00 1.710742941387543459e+00
3.162935607924048931e+00 1.576023140586454430e+00
3.268688110526199786e+00 1.451707628818867279e+00
3.377976439712552459e+00 1.337011901335443786e+00
3.490918815566087297e+00 1.231208880807771022e+00
3.607637410848952619e+00 1.133624831720254633e+00
3.728258483159945236e+00 1.043635609540955356e+00
3.852912511510727001e+00 9.606631639845553128e-01
3.981734337468417539e+00 8.841722522097790193e-01
4.114863311017320058e+00 8.136673742139549637e-01
4.252443441297450555e+00 7.486899094101946428e-01
4.394623552383071896e+00 6.888153474297399326e-01
4.541557444269631816e+00 6.336508878111111187e-01
4.693404059243289517e+00 5.828332470740712479e-01
4.850327653813030437e+00 5.360265371219562480e-01
5.012497976391239618e+00 4.929202457435570284e-01
5.180090450915090017e+00 4.532273421554182669e-01
5.353286366607249214e+00 4.166825171648158577e-01
5.532273074081278885e+00 3.830405948909201275e-01
5.717244188003695271e+00 3.520750816454455978e-01
5.908399796532135539e+00 3.235767819530425138e-01
6.105946677756002750e+00 2.973525108199266964e-01
6.310098523373801171e+00 2.732238967071016766e-01
6.521076169849157722e+00 2.510262479237039823e-01
6.739107837295406966e+00 2.306075310698045000e-01
6.964429376347387013e+00 2.118274544141459936e-01
7.197284523287298619e+00 1.945565947561442022e-01
7.437925163700752407e+00 1.786755746145014812e-01
7.686611604948010879e+00 1.640742833518654131e-01
7.943612857745410594e+00 1.506511608765295773e-01
8.209206927161357470e+00 1.383125459523105172e-01
8.483681113341843272e+00 1.269720930849806140e-01
8.767332322290526392e+00 1.165502081696730835e-01
9.060467387039910392e+00 1.069735290405785799e-01
9.363403399560734641e+00 9.817445721852001428e-02
9.676468053768756405e+00 9.009072573536842932e-02
1.000000000000001243e+01 8.266499233901411503e-02
