0.04 1.3381329 1.4999788 1.8787191 2.4930566 -0.46266102 -0.32251019 -0.38225255 0.65922736
0.047908294 1.3411167 1.5118521 1.8926123 2.4918739 -0.6752128 -1.930795 -2.3997318 0.7262388
0.057380116 1.3401232 1.5025145 1.866187 2.495374 -0.55026284 -1.492368 -1.5913984 0.50568962
0.068724587 1.3392482 1.499955 1.8686185 2.4567321 -0.49697509 -1.6440522 -1.5036031 -0.33172053
0.082311943 1.3325319 1.4929585 1.8623174 2.5010071 0.0055267476 -0.19337736 -0.77893535 0.3299451
0.098585619 1.3299865 1.4873203 1.8680285 2.5028521 0.12559677 0.089068567 0.029512964 0.21690769
0.11807672 1.3299307 1.4863715 1.8655956 2.4859742 0.12491019 0.12254915 0.11366381 0.30556599
0.14142136 1.3297583 1.4861824 1.8658884 2.4813578 0.12465669 0.12583373 0.09647262 0.36853261
0.1693814 1.3298647 1.4858589 1.8658617 2.483714 0.10203462 0.13023858 0.098492637 0.29272995
0.20286935 1.3297874 1.4848699 1.8643866 2.4822511 0.11674149 0.13731115 0.11750215 0.27785594
0.24297811 1.3279995 1.4837369 1.8619613 2.4907091 0.15532157 0.15736339 0.13307426 0.34989682
0.29101666 1.325198 1.4814203 1.8517356 2.4874891 0.14358875 0.15721699 0.12982034 0.42029021
0.3485528 1.3246067 1.4779591 1.8512401 2.4740521 0.2059828 0.16827516 0.26548021 0.45436587
0.41746425 1.3119797 1.4700176 1.8290014 2.4616246 0.11466808 0.17759162 0.22527831 0.10232274
0.5 1.300491 1.4543301 1.8303983 2.3820828 0.13653957 0.19698671 -0.11602334 -0.13599823
0.15 1.3294785 1.4876303 1.8655952 2.499755 0.13649446 0.087017965 0.10454877 0.35756334
0.15 1.3294785 1.4876303 1.8655952 2.499755 0.13649446 0.087017965 0.10454877 0.35756334
0.15 1.3294785 1.4876303 1.8655952 2.499755 0.13649446 0.087017965 0.10454877 0.35756334
0.04 1.3381329 1.4999788 1.8787191 2.4930566 -0.46266102 -0.32251019 -0.38225255 0.65922736
0.047908294 1.3411167 1.5118521 1.8926123 2.4918739 -0.6752128 -1.930795 -2.3997318 0.7262388
0.057380116 1.3401232 1.5025145 1.866187 2.495374 -0.55026284 -1.492368 -1.5913984 0.50568962
0.068724587 1.3392482 1.499955 1.8686185 2.4567321 -0.49697509 -1.6440522 -1.5036031 -0.33172053
0.082311943 1.3325319 1.4929585 1.8623174 2.5010071 0.0055267476 -0.19337736 -0.77893535 0.3299451
0.098585619 1.3299865 1.4873203 1.8680285 2.5028521 0.12559677 0.089068567 0.029512964 0.21690769
0.11807672 1.3299307 1.4863715 1.8655956 2.4859742 0.12491019 0.12254915 0.11366381 0.30556599
0.14142136 1.3297583 1.4861824 1.8658884 2.4813578 0.12465669 0.12583373 0.09647262 0.36853261
0.1693814 1.3298647 1.4858589 1.8658617 2.483714 0.10203462 0.13023858 0.098492637 0.29272995
0.20286935 1.3297874 1.4848699 1.8643866 2.4822511 0.11674149 0.13731115 0.11750215 0.27785594
0.24297811 1.3279995 1.4837369 1.8619613 2.4907091 0.15532157 0.15736339 0.13307426 0.34989682
0.29101666 1.325198 1.4814203 1.8517356 2.4874891 0.14358875 0.15721699 0.12982034 0.42029021
0.3485528 1.3246067 1.4779591 1.8512401 2.4740521 0.2059828 0.16827516 0.26548021 0.45436587
0.41746425 1.3119797 1.4700176 1.8290014 2.4616246 0.11466808 0.17759162 0.22527831 0.10232274
0.5 1.300491 1.4543301 1.8303983 2.3820828 0.13653957 0.19698671 -0.11602334 -0.13599823
0.04 1.3381329 1.4999788 1.8787191 2.4930566 -0.46266102 -0.32251019 -0.38225255 0.65922736
0.052958891 1.3411167 1.5118521 1.8926123 2.4918739 -0.6752128 -1.930795 -2.3997318 0.7262388
0.070116103 1.3392482 1.499955 1.8686185 2.4567321 -0.49697509 -1.6440522 -1.5036031 -0.33172053
0.092831777 1.3318386 1.4912308 1.8710694 2.5028442 0.042346897 -0.090501101 -0.1440924 0.21880223
0.1229067 1.3300067 1.4865402 1.8660242 2.4902638 0.12105109 0.11606064 0.11073669 0.30764291
0.16272506 1.3298227 1.4859468 1.8648591 2.4826836 0.11408492 0.12823269 0.12160116 0.2583795
0.21544347 1.3289817 1.4841628 1.861246 2.488877 0.11695903 0.1345502 0.10762379 0.21061379
0.28524118 1.3257483 1.4815587 1.8533086 2.4895058 0.13739465 0.15253058 0.10721157 0.37912735
0.37765141 1.3195513 1.4756545 1.8384403 2.4799607 0.14587428 0.18382452 0.19706092 0.18565048
0.5 1.300491 1.4543301 1.8303983 2.3820828 0.13653957 0.19698671 -0.11602334 -0.13599823
0.04 1.3381329 1.4999788 1.8787191 2.4930566 -0.46266102 -0.32251019 -0.38225255 0.65922736
0.043639973 1.3376369 1.5001406 1.8772046 2.4922697 -0.1183693 -0.3490302 -0.35617337 0.70435655
0.047611181 1.3411167 1.5118521 1.8926123 2.4918739 -0.6752128 -1.930795 -2.3997318 0.7262388
0.051943767 1.3411167 1.5118521 1.8926123 2.4918739 -0.6752128 -1.930795 -2.3997318 0.7262388
0.056670615 1.3401232 1.5025145 1.866187 2.495374 -0.55026284 -1.492368 -1.5913984 0.50568962
0.061827603 1.3419933 1.5082137 1.8638936 2.4280788 -0.79688208 -1.5394604 -1.6347144 -0.79766187
0.067453873 1.3392482 1.499955 1.8686185 2.4567321 -0.49697509 -1.6440522 -1.5036031 -0.33172053
0.07359213 1.3357 1.4937007 1.8608827 2.4957595 -0.5137594 -1.4322938 -1.262807 0.27603947
0.080288965 1.3325319 1.4929585 1.8623174 2.5010071 0.0055267476 -0.19337736 -0.77893535 0.3299451
0.087595206 1.3323536 1.4918482 1.8702646 2.5012712 0.015742334 -0.1217891 -0.063909197 0.31737385
0.095566311 1.3318386 1.4912308 1.8710694 2.5028442 0.042346897 -0.090501101 -0.1440924 0.21880223
0.10426278 1.3306895 1.4883876 1.8682424 2.4994919 0.097004559 0.045830856 0.019667104 0.34736387
0.11375062 1.330262 1.4867908 1.8661426 2.5014157 0.11437223 0.10966542 0.10634861 0.27242824
0.12410185 1.3300067 1.4865402 1.8660242 2.4902638 0.12105109 0.11606064 0.11073669 0.30764291
0.13539504 1.3295651 1.4861554 1.865805 2.4994859 0.12675917 0.12647017 0.099271704 0.30433803
0.1477159 1.3294785 1.4876303 1.8655952 2.499755 0.13649446 0.087017965 0.10454877 0.35756334
0.16115795 1.3298227 1.4859468 1.8648591 2.4826836 0.11408492 0.12823269 0.12160116 0.2583795
0.17582321 1.3296353 1.4856543 1.8657774 2.4835841 0.11292337 0.13520854 0.10033563 0.27412089
0.191823 1.3300775 1.4851978 1.8646603 2.5000111 0.12086558 0.1407712 0.12024583 0.3318333
0.20927877 1.3295936 1.4842184 1.8630896 2.4911769 0.11561967 0.13431398 0.10929845 0.20152818
0.228323 1.3288278 1.4842948 1.862745 2.4895226 0.13099781 0.13847368 0.096301979 0.2582956
0.24910024 1.3278476 1.483254 1.8597588 2.4889641 0.15475535 0.15938882 0.12745547 0.35924522
0.27176819 1.3258857 1.4817122 1.8573399 2.4928558 0.13912967 0.15231766 0.1130441 0.37696249
0.29649891 1.3253263 1.4814024 1.8514038 2.4873272 0.1410314 0.15887654 0.14092228 0.42819888
0.32348011 1.3239833 1.4804781 1.8501519 2.484249 0.20208633 0.17259289 0.15748758 0.46833729
0.35291659 1.313898 1.4781957 1.8505258 2.4702946 0.21386715 0.18958966 0.28114068 0.49229579
0.38503176 1.319091 1.4750892 1.8359054 2.4770243 0.14127862 0.18433915 0.21163626 0.18115421
0.42006939 1.31089 1.4693269 1.8283872 2.4553953 0.11248707 0.18455737 0.22998904 0.086228737
0.45829542 1.3066354 1.4635032 1.8236919 2.4284247 0.11681666 0.19224676 0.31973122 0.029215658
0.5 1.300491 1.4543301 1.8303983 2.3820828 0.13653957 0.19698671 -0.11602334 -0.13599823
0.04 1.3381329 1.4999788 1.8787191 2.4930566 -0.46266102 -0.32251019 -0.38225255 0.65922736
0.047908294 1.3411167 1.5118521 1.8926123 2.4918739 -0.6752128 -1.930795 -2.3997318 0.7262388
0.057380116 1.3401232 1.5025145 1.866187 2.495374 -0.55026284 -1.492368 -1.5913984 0.50568962
0.068724587 1.3392482 1.499955 1.8686185 2.4567321 -0.49697509 -1.6440522 -1.5036031 -0.33172053
0.082311943 1.3325319 1.4929585 1.8623174 2.5010071 0.0055267476 -0.19337736 -0.77893535 0.3299451
0.098585619 1.3299865 1.4873203 1.8680285 2.5028521 0.12559677 0.089068567 0.029512964 0.21690769
0.11807672 1.3299307 1.4863715 1.8655956 2.4859742 0.12491019 0.12254915 0.11366381 0.30556599
0.14142136 1.3297583 1.4861824 1.8658884 2.4813578 0.12465669 0.12583373 0.09647262 0.36853261
0.1693814 1.3298647 1.4858589 1.8658617 2.483714 0.10203462 0.13023858 0.098492637 0.29272995
0.20286935 1.3297874 1.4848699 1.8643866 2.4822511 0.11674149 0.13731115 0.11750215 0.27785594
0.24297811 1.3279995 1.4837369 1.8619613 2.4907091 0.15532157 0.15736339 0.13307426 0.34989682
0.29101666 1.325198 1.4814203 1.8517356 2.4874891 0.14358875 0.15721699 0.12982034 0.42029021
0.3485528 1.3246067 1.4779591 1.8512401 2.4740521 0.2059828 0.16827516 0.26548021 0.45436587
0.41746425 1.3119797 1.4700176 1.8290014 2.4616246 0.11466808 0.17759162 0.22527831 0.10232274
0.5 1.300491 1.4543301 1.8303983 2.3820828 0.13653957 0.19698671 -0.11602334 -0.13599823
0.04 1.3381329 1.4999788 1.8787191 2.4930566 -0.46266102 -0.32251019 -0.38225255 0.65922736
0.047908294 1.3411167 1.5118521 1.8926123 2.4918739 -0.6752128 -1.930795 -2.3997318 0.7262388
0.057380116 1.3401232 1.5025145 1.866187 2.495374 -0.55026284 -1.492368 -1.5913984 0.50568962
0.068724587 1.3392482 1.499955 1.8686185 2.4567321 -0.49697509 -1.6440522 -1.5036031 -0.33172053
0.082311943 1.3325319 1.4929585 1.8623174 2.5010071 0.0055267476 -0.19337736 -0.77893535 0.3299451
0.098585619 1.3299865 1.4873203 1.8680285 2.5028521 0.12559677 0.089068567 0.029512964 0.21690769
0.11807672 1.3299307 1.4863715 1.8655956 2.4859742 0.12491019 0.12254915 0.11366381 0.30556599
0.14142136 1.3297583 1.4861824 1.8658884 2.4813578 0.12465669 0.12583373 0.09647262 0.36853261
0.1693814 1.3298647 1.4858589 1.8658617 2.483714 0.10203462 0.13023858 0.098492637 0.29272995
0.20286935 1.3297874 1.4848699 1.8643866 2.4822511 0.11674149 0.13731115 0.11750215 0.27785594
0.24297811 1.3279995 1.4837369 1.8619613 2.4907091 0.15532157 0.15736339 0.13307426 0.34989682
0.29101666 1.325198 1.4814203 1.8517356 2.4874891 0.14358875 0.15721699 0.12982034 0.42029021
0.3485528 1.3246067 1.4779591 1.8512401 2.4740521 0.2059828 0.16827516 0.26548021 0.45436587
0.41746425 1.3119797 1.4700176 1.8290014 2.4616246 0.11466808 0.17759162 0.22527831 0.10232274
0.5 1.300491 1.4543301 1.8303983 2.3820828 0.13653957 0.19698671 -0.11602334 -0.13599823
0.04 1.3900351 1.5637892 1.963021 2.6236563 -0.031842472 -0.098683119 -0.083235025 0.91551875
0.047908294 1.3925898 1.5689299 1.9714656 2.6285097 -0.39411099 -0.88000235 -1.4016414 0.78608337
0.057380116 1.3934545 1.5659999 1.9627692 2.6282333 -0.51473972 -0.485966 -0.22092258 0.37149713
0.068724587 1.3910211 1.5654469 1.954865 2.5952254 -0.36347965 -0.5552955 -0.15832714 -0.25498849
0.082311943 1.388186 1.5625559 1.9511281 2.6350628 -0.036769102 -0.20152284 -1.0018549 0.41277291
0.098585619 1.3868604 1.5580817 1.9597347 2.6403869 0.039534127 0.073656672 -0.038528733 0.20182825
0.11807672 1.3809922 1.5561073 1.953296 2.6368272 0.036115049 0.095199763 0.061167426 0.28940206
0.14142136 1.3820988 1.5509885 1.9575992 2.6133886 0.075089392 0.11083829 0.073656732 0.35027858
0.1693814 1.3851177 1.5557222 1.9559144 2.6276367 0.08585555 0.11914859 0.11992748 0.13883386
0.20286935 1.3849114 1.5563043 1.9547184 2.6233432 0.092314715 0.12529308 0.13495385 0.20237817
0.24297811 1.3818282 1.5553406 1.9534907 2.6317791 0.16456131 0.15662203 0.15607939 0.40174524
0.29101666 1.3802443 1.553654 1.9433641 2.6182654 0.14573171 0.18958513 0.16749436 0.46746951
0.3485528 1.3748187 1.5476925 1.935237 2.6029464 0.14090301 0.16641366 0.19026432 0.51699803
0.41746425 1.3670548 1.5382883 1.9180215 2.5935018 0.13298563 0.1787459 0.28086509 0.094402482
0.5 1.3563411 1.5250524 1.9202517 2.4980744 0.1743116 0.25197882 -0.092324614 -0.11495203
0.25 1.3278476 1.483254 1.8597588 2.4889641 0.15475535 0.15938882 0.12745547 0.35924522
0.25 1.3278476 1.483254 1.8597588 2.4889641 0.15475535 0.15938882 0.12745547 0.35924522
0.15 1.3294785 1.4876303 1.8655952 2.499755 0.13649446 0.087017965 0.10454877 0.35756334
0.15 1.3294785 1.4876303 1.8655952 2.499755 0.13649446 0.087017965 0.10454877 0.35756334
0.15 1.3294785 1.4876303 1.8655952 2.499755 0.13649446 0.087017965 0.10454877 0.35756334
0.15 1.3853031 1.5538516 1.9575146 2.6167665 0.069918345 0.073739713 0.076464215 0.28471249
0.15 1.3294785 1.4876303 1.8655952 2.499755 0.13649446 0.087017965 0.10454877 0.35756334
0.15 1.3853031 1.5538516 1.9575146 2.6167665 0.069918345 0.073739713 0.076464215 0.28471249
0.15 1.3853031 1.5538516 1.9575146 2.6167665 0.069918345 0.073739713 0.076464215 0.28471249
0.15 1.3853031 1.5538516 1.9575146 2.6167665 0.069918345 0.073739713 0.076464215 0.28471249
0.15 1.3853031 1.5538516 1.9575146 2.6167665 0.069918345 0.073739713 0.076464215 0.28471249
0.15 1.3853031 1.5538516 1.9575146 2.6167665 0.069918345 0.073739713 0.076464215 0.28471249
0.15 1.3853031 1.5538516 1.9575146 2.6167665 0.069918345 0.073739713 0.076464215 0.28471249
0.15 1.3294785 1.4876303 1.8655952 2.499755 0.13649446 0.087017965 0.10454877 0.35756334
0.15 1.3853031 1.5538516 1.9575146 2.6167665 0.069918345 0.073739713 0.076464215 0.28471249
0.15 1.3294785 1.4876303 1.8655952 2.499755 0.13649446 0.087017965 0.10454877 0.35756334
0.15 1.3853031 1.5538516 1.9575146 2.6167665 0.069918345 0.073739713 0.076464215 0.28471249
0.15 1.3853031 1.5538516 1.9575146 2.6167665 0.069918345 0.073739713 0.076464215 0.28471249
0.15 1.3294785 1.4876303 1.8655952 2.499755 0.13649446 0.087017965 0.10454877 0.35756334
0.15 1.3853031 1.5538516 1.9575146 2.6167665 0.069918345 0.073739713 0.076464215 0.28471249
0.15 1.3294785 1.4876303 1.8655952 2.499755 0.13649446 0.087017965 0.10454877 0.35756334
0.15 1.3853031 1.5538516 1.9575146 2.6167665 0.069918345 0.073739713 0.076464215 0.28471249
0.15 1.3853031 1.5538516 1.9575146 2.6167665 0.069918345 0.073739713 0.076464215 0.28471249
0.15 1.3853031 1.5538516 1.9575146 2.6167665 0.069918345 0.073739713 0.076464215 0.28471249
0.15 1.3853031 1.5538516 1.9575146 2.6167665 0.069918345 0.073739713 0.076464215 0.28471249
0.15 1.3853031 1.5538516 1.9575146 2.6167665 0.069918345 0.073739713 0.076464215 0.28471249
0.15 1.3853031 1.5538516 1.9575146 2.6167665 0.069918345 0.073739713 0.076464215 0.28471249
0.15 1.3853031 1.5538516 1.9575146 2.6167665 0.069918345 0.073739713 0.076464215 0.28471249
0.15 1.3853031 1.5538516 1.9575146 2.6167665 0.069918345 0.073739713 0.076464215 0.28471249
0.15 1.3853031 1.5538516 1.9575146 2.6167665 0.069918345 0.073739713 0.076464215 0.28471249
0.15 1.3853031 1.5538516 1.9575146 2.6167665 0.069918345 0.073739713 0.076464215 0.28471249
0.15 1.3853031 1.5538516 1.9575146 2.6167665 0.069918345 0.073739713 0.076464215 0.28471249
0.15 1.3853031 1.5538516 1.9575146 2.6167665 0.069918345 0.073739713 0.076464215 0.28471249
0.15 1.3853031 1.5538516 1.9575146 2.6167665 0.069918345 0.073739713 0.076464215 0.28471249
0.15 1.3853031 1.5538516 1.9575146 2.6167665 0.069918345 0.073739713 0.076464215 0.28471249
0.15 1.3853031 1.5538516 1.9575146 2.6167665 0.069918345 0.073739713 0.076464215 0.28471249
0.15 1.3853031 1.5538516 1.9575146 2.6167665 0.069918345 0.073739713 0.076464215 0.28471249
0.15 1.3853031 1.5538516 1.9575146 2.6167665 0.069918345 0.073739713 0.076464215 0.28471249
0.15 1.3853031 1.5538516 1.9575146 2.6167665 0.069918345 0.073739713 0.076464215 0.28471249
0.15 1.3853031 1.5538516 1.9575146 2.6167665 0.069918345 0.073739713 0.076464215 0.28471249
0.15 1.3853031 1.5538516 1.9575146 2.6167665 0.069918345 0.073739713 0.076464215 0.28471249
0.15 1.3853031 1.5538516 1.9575146 2.6167665 0.069918345 0.073739713 0.076464215 0.28471249
0.15 1.3853031 1.5538516 1.9575146 2.6167665 0.069918345 0.073739713 0.076464215 0.28471249
0.15 1.3853031 1.5538516 1.9575146 2.6167665 0.069918345 0.073739713 0.076464215 0.28471249
0.15 1.3853031 1.5538516 1.9575146 2.6167665 0.069918345 0.073739713 0.076464215 0.28471249
0.15 1.3853031 1.5538516 1.9575146 2.6167665 0.069918345 0.073739713 0.076464215 0.28471249
0.15 1.3853031 1.5538516 1.9575146 2.6167665 0.069918345 0.073739713 0.076464215 0.28471249
0.15 1.3853031 1.5538516 1.9575146 2.6167665 0.069918345 0.073739713 0.076464215 0.28471249
0.15 1.3294785 1.4876303 1.8655952 2.499755 0.13649446 0.087017965 0.10454877 0.35756334
0.15 1.3853031 1.5538516 1.9575146 2.6167665 0.069918345 0.073739713 0.076464215 0.28471249
0.15 1.3294785 1.4876303 1.8655952 2.499755 0.13649446 0.087017965 0.10454877 0.35756334
0.15 1.3853031 1.5538516 1.9575146 2.6167665 0.069918345 0.073739713 0.076464215 0.28471249
0.15 1.3294785 1.4876303 1.8655952 2.499755 0.13649446 0.087017965 0.10454877 0.35756334
0.15 1.3853031 1.5538516 1.9575146 2.6167665 0.069918345 0.073739713 0.076464215 0.28471249
0.15 1.3294785 1.4876303 1.8655952 2.499755 0.13649446 0.087017965 0.10454877 0.35756334
0.15 1.3853031 1.5538516 1.9575146 2.6167665 0.069918345 0.073739713 0.076464215 0.28471249
0.15 1.3853031 1.5538516 1.9575146 2.6167665 0.069918345 0.073739713 0.076464215 0.28471249
0.15 1.3294785 1.4876303 1.8655952 2.499755 0.13649446 0.087017965 0.10454877 0.35756334
0.15 1.3853031 1.5538516 1.9575146 2.6167665 0.069918345 0.073739713 0.076464215 0.28471249
0.15 1.3294785 1.4876303 1.8655952 2.499755 0.13649446 0.087017965 0.10454877 0.35756334
0.15 1.3853031 1.5538516 1.9575146 2.6167665 0.069918345 0.073739713 0.076464215 0.28471249
0.15 1.3294785 1.4876303 1.8655952 2.499755 0.13649446 0.087017965 0.10454877 0.35756334
0.15 1.3853031 1.5538516 1.9575146 2.6167665 0.069918345 0.073739713 0.076464215 0.28471249
0.15 1.3294785 1.4876303 1.8655952 2.499755 0.13649446 0.087017965 0.10454877 0.35756334
0.15 1.3853031 1.5538516 1.9575146 2.6167665 0.069918345 0.073739713 0.076464215 0.28471249
0.15 1.3294785 1.4876303 1.8655952 2.499755 0.13649446 0.087017965 0.10454877 0.35756334
0.15 1.3853031 1.5538516 1.9575146 2.6167665 0.069918345 0.073739713 0.076464215 0.28471249
0.15 1.3294785 1.4876303 1.8655952 2.499755 0.13649446 0.087017965 0.10454877 0.35756334
0.15 1.3853031 1.5538516 1.9575146 2.6167665 0.069918345 0.073739713 0.076464215 0.28471249
0.15 1.3294785 1.4876303 1.8655952 2.499755 0.13649446 0.087017965 0.10454877 0.35756334
0.15 1.3853031 1.5538516 1.9575146 2.6167665 0.069918345 0.073739713 0.076464215 0.28471249
0.15 1.3294785 1.4876303 1.8655952 2.499755 0.13649446 0.087017965 0.10454877 0.35756334
0.15 1.3853031 1.5538516 1.9575146 2.6167665 0.069918345 0.073739713 0.076464215 0.28471249
0.15 1.3294785 1.4876303 1.8655952 2.499755 0.13649446 0.087017965 0.10454877 0.35756334
0.15 1.3853031 1.5538516 1.9575146 2.6167665 0.069918345 0.073739713 0.076464215 0.28471249
0.15 1.3294785 1.4876303 1.8655952 2.499755 0.13649446 0.087017965 0.10454877 0.35756334
