0.04 1.4005596e-28 0 2.8436319e-28 1.5323664e-28 0.3035624 0.049820808 0.20864867 0.37799329 0.22286677 0.047010943 0.18785368 0.36394857 0.38889875 0.047871468 0.21241652 0.3776551 4
0.047908294 0.15736164 0.020012745 0.19372178 0.47132192 0.41160066 0.15143188 0.2785153 0.5160565 0.30919515 0.12997944 0.24069959 0.52937476 0.4302859 0.17049486 0.27351787 0.53238728 6
0.057380116 0.32635848 0.29616203 0.19952848 0.48181976 0.41738404 0.54252393 0.3137649 0.65474878 0.32011726 0.44284885 0.28728807 0.59342034 0.43202959 0.5951462 0.31871804 0.79162594 7
0.068724587 0.38948102 0.64910974 0.20877405 0.59431295 0.55794725 0.70195935 0.43358001 0.82367421 0.46056554 0.69915778 0.40117281 0.79519622 0.57198901 0.69986625 0.43936798 0.83740427 9
0.082311943 0.5466566 0.67450704 0.4298953 0.72558897 0.59785074 0.78472364 0.48828175 0.83670686 0.48121993 0.75178087 0.42796608 0.81966946 0.63195792 0.8099671 0.49325525 0.87931876 11
0.098585619 0.79067282 0.93052541 0.53908246 0.86973273 1.1577854 0.98867243 0.67834192 0.90147966 1.1226179 0.94531956 0.55192443 0.87577303 1.131515 1.0901037 0.62296679 0.94688604 14
0.11807672 1.4940325 1.2101512 0.59153584 1.1310711 1.7909539 1.2589498 0.8197981 1.1542143 1.7874968 1.2482087 0.78113905 1.1093756 1.8043041 1.3588612 0.85485959 1.1572762 17
0.14142136 2.0228827 1.2940685 0.99957912 1.8679631 1.9027998 1.3138764 1.3849063 1.4012404 1.8975712 1.3075568 1.3531622 1.3852624 1.9300507 1.4192986 1.3737201 1.4941337 21
0.1693814 2.494062 1.7491841 1.8412775 2.0672723 2.7767832 1.7335867 1.742888 2.0357596 2.4764117 1.6148913 1.5655543 1.68706 2.5153529 1.6584051 1.7201329 2.3667142 25
0.20286935 2.9098908 2.1779421 2.2923928 2.5987372 3.3096502 2.1272198 2.270582 2.3811917 2.9540399 1.9769222 2.0881084 2.0469482 2.9861851 2.020394 2.8284694 3.0552541 30
0.24297811 3.2139324 2.716745 3.4209895 3.13229 4.2549805 2.6767137 2.6489911 3.7039263 3.2413423 2.2082871 2.4309231 2.7391996 3.4707253 2.3424114 3.8281133 5.2280203 37
0.29101666 4.3120915 3.1466582 4.6273829 3.4691086 6.0904985 4.0107175 4.4702197 4.5685136 4.4071823 2.9487493 3.9083542 3.6558285 5.120107 3.8064284 8.7923659 10.125707 44
0.3485528 4.7485048 3.6687983 5.3716567 3.8455583 6.8590702 3.8354716 5.2858467 6.6878177 4.7505195 3.5401385 4.5293825 4.1068251 5.8527153 6.5930321 14.638847 22.503859 53
0.41746425 5.9706773 6.3781951 6.8708611 5.072208 7.5481636 11.545621 9.0796662 9.516965 6.9177882 7.1413055 5.6405018 6.0662288 12.209057 16.568479 31.948651 42.355358 64
0.5 7.3375824 7.3811254 9.5098343 8.8082656 12.102466 13.900191 18.731446 19.676432 11.429062 13.590195 17.694944 15.500521 33.414814 47.150564 101.19464 127.08175 78
