0.04 9.8631447e-29 2.7145014e-27 3.4962064e-28 5.6752272e-28 0.097978144 0.14486461 0.11574089 0.21332582 0.078197486 0.10847905 0.11405047 0.20255961 0.09713687 0.14199813 0.11852972 0.21353405 4
0.047908294 0.24952978 0.32068135 0.094379116 0.12459535 0.39522363 0.38580245 0.33778074 0.65590254 0.39313641 0.38350571 0.23787824 0.64539278 0.44303707 0.40405698 0.35194281 0.68135972 6
0.057380116 0.24993688 0.32074979 0.30707815 0.61593825 0.44794597 0.4549852 0.35757588 0.65889135 0.43849428 0.44963961 0.32593472 0.65092277 0.45922632 0.49905295 0.36231561 0.69529184 7
0.068724587 0.61887714 0.89416624 0.67798825 0.87228441 0.61289724 1.0216437 1.0376568 1.010556 0.59515879 0.93742666 1.1161086 1.0083971 0.62612806 1.0405413 1.1228778 1.0254499 9
0.082311943 0.95403384 1.0127815 1.032002 1.0098686 1.0113936 1.2242152 1.124026 1.0883788 0.99174902 1.032721 1.1240432 0.98113142 1.1721877 1.3317313 1.4244082 1.2141483 11
0.098585619 1.1484687 1.163814 1.1826003 1.3472096 1.1519013 1.2643882 1.154645 1.5062427 1.1571132 1.3113813 1.2116668 1.4753998 1.4356321 1.5643924 2.5304368 2.5454807 14
0.11807672 1.1909708 1.5717152 1.8984674 1.8813152 1.1932093 1.954153 1.8340781 2.4449184 1.3548299 1.7172136 2.029906 2.1118312 1.6098275 2.540346 1.83574 4.0291762 17
0.14142136 1.5426137 2.2697994 2.6048923 2.4012016 1.8131308 2.6194821 3.4739075 3.0287862 1.617561 2.3568466 2.4851792 2.3272122 2.3818653 4.2625967 4.6778127 4.3711193 21
0.1693814 2.3396591 3.1474917 3.4035102 3.7418097 2.3432858 3.1301017 4.6370286 3.9547247 2.58692 3.383548 3.1785207 3.25342 29.52239 7.6665797 6.5508976 7.0538247 25
0.20286935 3.9388376 3.8953681 3.5274888 4.1704956 7.0712942 4.1428528 4.0664531 7.2581147 6.0688649 5.1114608 5.1743053 5.6238648 13.153664 15.122091 11.347572 12.321229 30
0.24297811 6.9711442 7.5121481 5.4572544 5.3827195 13.069739 10.867538 7.9434095 8.272707 13.329065 8.4555752 7.351573 7.4213828 47.98468 39.465896 51.163226 19.643861 37
0.29101666 7.4397205 8.1595482 6.6934891 6.7993922 15.573191 38.911299 15.570269 12.841343 15.822071 41.028397 12.293176 12.688891 88.814738 87.11459 53.743477 48.012557 44
0.3485528 9.621752 10.887092 10.114565 7.6789999 57.998669 33.029591 35.145887 30.653929 223.66447 34.56569 171.24714 28.233578 247.51014 198.99361 103.43203 123.08168 53
0.41746425 11.448407 14.314291 14.329931 11.446878 144.04165 112.65233 88.611811 165.09563 120.2046 471.43641 79.27483 377.28637 544.58532 435.62137 96.15764 537.47006 64
0.5 14.925867 24.792937 31.311558 15.253771 366.67499 287.47563 392.67882 1321.6731 nan 252.12249 257.88761 355.34262 462.62851 290.77287 416.19476 2277.0548 78
