1.8074949e-14
1.5665263e-14
1.3428276e-14
1.1477143e-14
9.8915678e-15
8.5548555e-15
7.2608601e-15
6.252348e-15
5.3560261e-15
4.5935074e-15
3.9068998e-15
3.3860301e-15
2.8877428e-15
2.483449e-15
2.1504905e-15
1.8104384e-15
1.5535882e-15
1.3285734e-15
1.1554962e-15
9.767551e-16
8.3739135e-16
7.1368792e-16
6.0951561e-16
5.2265275e-16
4.4667562e-16
3.7859045e-16
3.1867785e-16
2.7367286e-16
2.3319144e-16
1.9916109e-16
1.6808064e-16
1.4355502e-16
1.2132041e-16
1.0349274e-16
8.7778868e-17
7.4303783e-17
6.2663575e-17
5.3138827e-17
4.4486937e-17
3.7681564e-17
3.1817718e-17
2.6839077e-17
2.2487704e-17
1.8893397e-17
1.5910303e-17
1.3367424e-17
1.1200464e-17
9.203757e-18
7.7751273e-18
6.4880383e-18
5.364968e-18
4.4553936e-18
3.6912984e-18
3.0723438e-18
2.5167687e-18
2.0929303e-18
1.7246812e-18
1.4077698e-18
1.157066e-18
9.3404511e-19
7.5864219e-19
6.2086427e-19
5.0347559e-19
4.0423357e-19
3.2566109e-19
2.6266155e-19
2.0891426e-19
1.6780468e-19
1.3322267e-19
1.0517302e-19
8.1967092e-20
6.4738693e-20
5.0340917e-20
3.9448685e-20
3.020702e-20
2.3246097e-20
1.7774149e-20
1.3464844e-20
1.0201004e-20
7.6884353e-21
5.6927032e-21
4.1978004e-21
3.1095959e-21
2.2480219e-21
1.652536e-21
1.1728256e-21
8.2029496e-22
5.7657647e-22
4.0091612e-22
2.767993e-22
1.8727225e-22
1.2515497e-22
8.3434677e-23
5.4658437e-23
3.4894104e-23
2.2455481e-23
1.3886991e-23
8.5206306e-24
5.1345564e-24
