1.4379983e-14 1.4385816e-14 1.437504e-14 1.4390453e-14 1.4380424e-14 1.44034e-14 1.4386393e-14 1.4391113e-14 1.4410697e-14 1.4398366e-14 5.3105843e+11 2.5148347e+11
5.6589759e-15 5.6637463e-15 5.6633906e-15 5.6619381e-15 5.6663628e-15 5.6610328e-15 5.6656887e-15 5.6617341e-15 5.6660245e-15 5.6654922e-15 8.4904038e+11 4.0206427e+11
2.2731269e-15 2.2724253e-15 2.2772899e-15 2.2733245e-15 2.2791007e-15 2.2725078e-15 2.2739032e-15 2.2759474e-15 2.2736963e-15 2.2732296e-15 1.3574204e+12 6.4280836e+11
9.2398014e-16 9.2135389e-16 9.2361427e-16 9.2173533e-16 9.2323771e-16 9.2352475e-16 9.235773e-16 9.2136751e-16 9.2436449e-16 9.2325911e-16 2.1702033e+12 1.0277028e+12
3.74876e-16 3.7412192e-16 3.7446336e-16 3.7322725e-16 3.7405254e-16 3.7421322e-16 3.7463012e-16 3.7416453e-16 3.7408845e-16 3.7377318e-16 3.4696563e+12 1.6430606e+12
1.4549448e-16 1.4584699e-16 1.452912e-16 1.4553064e-16 1.4527863e-16 1.4539474e-16 1.4570043e-16 1.4527407e-16 1.4548458e-16 1.453936e-16 5.5471829e+12 2.6268763e+12
5.7438125e-17 5.7241448e-17 5.7481699e-17 5.7360978e-17 5.7385265e-17 5.7238591e-17 5.7381694e-17 5.7275974e-17 5.7227876e-17 5.7336215e-17 8.8686706e+12 4.1997715e+12
2.1863232e-17 2.1713257e-17 2.180217e-17 2.1746916e-17 2.1661429e-17 2.1897933e-17 2.1820191e-17 2.1824063e-17 2.1783404e-17 2.1730087e-17 1.4178966e+13 6.7144693e+12
8.1094425e-18 8.1200621e-18 8.1268624e-18 8.0984504e-18 8.1426054e-18 8.1387861e-18 8.1220184e-18 8.1174538e-18 8.148381e-18 8.0945379e-18 2.2668908e+13 1.0734893e+13
2.9232704e-18 2.9064898e-18 2.9250767e-18 2.9095779e-18 2.9267081e-18 2.9133652e-18 2.9041591e-18 2.9184926e-18 2.9547341e-18 2.9203571e-18 3.6242373e+13 1.7162627e+13
9.9755473e-19 1.0021467e-18 9.9788272e-19 9.8654853e-19 9.977005e-19 9.9981427e-19 9.9197874e-19 9.9766406e-19 9.8574676e-19 9.9795561e-19 5.7943225e+13 2.7439096e+13
3.1947528e-19 3.208202e-19 3.1774285e-19 3.2054666e-19 3.1897379e-19 3.1751489e-19 3.1888261e-19 3.1774285e-19 3.1662588e-19 3.1899658e-19 9.26379e+13 4.3868808e+13
9.1536258e-20 9.314741e-20 9.2520059e-20 9.4002889e-20 9.1236841e-20 9.0310072e-20 9.2719671e-20 9.2876509e-20 9.1265356e-20 9.2719671e-20 1.4810671e+14 7.0136142e+13
2.3748887e-20 2.3204883e-20 2.3650788e-20 2.3802395e-20 2.4087774e-20 2.3748887e-20 2.3552689e-20 2.3722133e-20 2.3401081e-20 2.4310727e-20 2.3678859e+14 1.1213157e+14
5.1653177e-21 5.3995978e-21 4.9031472e-21 5.3270826e-21 5.1262711e-21 5.1541616e-21 5.1095368e-21 5.0035529e-21 5.2322549e-21 5.0983806e-21 3.7857053e+14 1.7927261e+14
7.780453e-22 8.234022e-22 8.3038019e-22 8.3386918e-22 8.1642422e-22 9.2807197e-22 8.1293522e-22 8.5480313e-22 9.0364902e-22 8.0944623e-22 6.0524728e+14 2.866157e+14
9.8203394e-23 8.5109608e-23 1.0911488e-22 9.8203394e-23 9.3838799e-23 8.9474204e-23 1.2657326e-22 9.6021097e-23 9.8203394e-23 1.1129718e-22 9.6765129e+14 4.5823263e+14
5.4599409e-24 4.0949557e-24 5.4599409e-24 8.1899113e-24 8.1899113e-24 2.7299704e-24 6.8249261e-24 2.7299704e-24 6.8249261e-24 8.1899113e-24 1.547052e+15 7.3260867e+14
0 0 0 8.5377201e-25 8.5377201e-25 0 0 8.5377201e-25 0 0 2.4733806e+15 1.1712729e+15
0 0 0 0 0 0 0 0 0 0 3.9543671e+15 1.8725961e+15
