2.1784694e-14 2.1825163e-14 2.1130272e-14 2.0532631e-14 2.1052891e-14 2.1184616e-14 2.1414805e-14 2.1216539e-14 2.1903522e-14 2.1458305e-14 4.4524942e+11 4.0546632e+10
1.6432196e-14 1.6464703e-14 2.2937474e-14 2.2205497e-14 2.2825742e-14 2.2946281e-14 1.615126e-14 2.3047177e-14 1.6560162e-14 1.619303e-14 4.8768425e+11 4.441096e+10
1.8310747e-14 1.8298419e-14 1.1257003e-14 1.0910341e-14 1.1246204e-14 1.1309544e-14 1.7964168e-14 1.1361572e-14 1.8415732e-14 1.8015265e-14 5.3416336e+11 4.864358e+10
9.2266245e-15 9.1990838e-15 8.8601414e-15 1.242901e-14 8.8194202e-15 8.8854023e-15 9.0234326e-15 8.935694e-15 9.2761759e-15 9.0415669e-15 5.8507221e+11 5.3279593e+10
1.0690616e-14 1.0666136e-14 1.0241213e-14 9.2555542e-15 1.018658e-14 1.026421e-14 1.0427336e-14 1.0352034e-14 1.0730424e-14 1.0449258e-14 6.4083295e+11 5.8357444e+10
8.1250475e-15 8.0894412e-15 7.7667893e-15 7.0141176e-15 7.7021615e-15 7.7785563e-15 7.9376891e-15 7.8112085e-15 8.1625309e-15 7.9397528e-15 7.0190802e+11 6.3919244e+10
6.277219e-15 6.2525204e-15 7.7767655e-15 5.4511484e-15 7.7355713e-15 7.7942039e-15 6.1186461e-15 7.839425e-15 6.3030331e-15 6.1026309e-15 7.6880389e+11 7.0011116e+10
4.9171127e-15 4.9010034e-15 4.4471462e-15 5.5551892e-15 4.4224508e-15 4.4639971e-15 6.2423163e-15 4.4946849e-15 4.9568495e-15 6.2399018e-15 8.4207532e+11 7.6683578e+10
5.0901709e-15 5.0800914e-15 4.6195155e-15 4.210718e-15 5.6231813e-15 4.6333035e-15 4.737191e-15 4.6583128e-15 5.1358423e-15 4.7525975e-15 9.2232994e+11 8.3991964e+10
3.9306059e-15 4.8038707e-15 4.3652761e-15 3.9953951e-15 3.4123757e-15 4.3765731e-15 3.6562075e-15 4.4302152e-15 3.9586339e-15 3.6611024e-15 1.0102333e+12 9.1996881e+10
3.7701477e-15 2.9546475e-15 3.3031023e-15 3.0168959e-15 3.2845611e-15 3.315686e-15 3.5162255e-15 2.7206827e-15 3.7964178e-15 3.5270879e-15 1.1065143e+12 1.0076471e+11
2.8847824e-15 2.8775812e-15 2.545058e-15 2.7368967e-15 2.5203111e-15 2.5511367e-15 2.6892821e-15 3.1334953e-15 2.9010366e-15 2.7025183e-15 1.2119715e+12 1.1036817e+11
2.658158e-15 2.6484322e-15 2.3432849e-15 2.0766679e-15 2.3226692e-15 2.3486617e-15 2.4826059e-15 1.9978487e-15 2.2704618e-15 2.4877801e-15 1.3274794e+12 1.2088689e+11
2.0388452e-15 2.0192485e-15 1.8010134e-15 1.8545892e-15 2.0561744e-15 1.8047918e-15 1.9073099e-15 2.1513822e-15 2.1012217e-15 1.9096867e-15 1.4539958e+12 1.3240811e+11
1.5827645e-15 1.5753376e-15 1.6191038e-15 1.412676e-15 1.5627195e-15 1.6206011e-15 1.7113995e-15 1.6381845e-15 1.8890063e-15 1.7161865e-15 1.59257e+12 1.4502736e+11
1.445991e-15 1.6185705e-15 1.4180127e-15 1.3753322e-15 1.3673616e-15 1.4207209e-15 1.325923e-15 1.2687848e-15 1.4526964e-15 1.3243684e-15 1.744351e+12 1.588493e+11
1.2691516e-15 1.0942758e-15 1.2083138e-15 1.0372121e-15 1.0500865e-15 1.0810816e-15 1.2990864e-15 1.2522701e-15 1.2798962e-15 1.301212e-15 1.9105977e+12 1.7398856e+11
1.0965432e-15 1.0897967e-15 9.2537428e-16 8.8139381e-16 1.0094008e-15 1.0343104e-15 9.9158279e-16 9.5313511e-16 9.8924867e-16 8.8978542e-16 2.0926887e+12 1.9057067e+11
8.4814451e-16 8.4156762e-16 7.8897605e-16 7.3415837e-16 7.6513556e-16 7.9158482e-16 7.6735962e-16 8.1042124e-16 9.5425316e-16 8.5970534e-16 2.2921339e+12 2.0873315e+11
7.3073988e-16 7.9361864e-16 6.6364218e-16 6.0880381e-16 6.4892045e-16 6.6746991e-16 7.2241448e-16 6.8648671e-16 7.3943e-16 7.2897462e-16 2.5105875e+12 2.2862662e+11
6.7490947e-16 6.1075101e-16 5.6112738e-16 5.0203143e-16 5.8366333e-16 5.5813583e-16 6.073126e-16 5.7534495e-16 6.2832142e-16 6.0650266e-16 2.7498609e+12 2.5041605e+11
5.1638754e-16 5.1176892e-16 4.972163e-16 4.3992473e-16 4.4587128e-16 4.6758879e-16 5.0132096e-16 4.7772863e-16 5.3146626e-16 5.0143987e-16 3.0119385e+12 2.7428214e+11
4.3601357e-16 4.6336629e-16 4.0493628e-16 3.5669413e-16 3.9675615e-16 4.1181186e-16 4.1758077e-16 4.225336e-16 4.4746567e-16 4.1688247e-16 3.2989935e+12 3.004228e+11
3.8798779e-16 3.7903526e-16 3.3083686e-16 2.8770004e-16 3.2390633e-16 3.3682858e-16 3.449546e-16 3.4459835e-16 3.9442258e-16 3.4425874e-16 3.6134066e+12 3.2905482e+11
3.1873837e-16 3.1423771e-16 2.7103157e-16 2.5753997e-16 2.7815713e-16 2.8872682e-16 3.0134467e-16 2.8024884e-16 3.2565832e-16 2.999953e-16 3.957785e+12 3.6041564e+11
2.7637383e-16 2.7124626e-16 2.4343533e-16 2.0440803e-16 2.3633348e-16 2.3220918e-16 2.5796022e-16 2.4198068e-16 2.6685707e-16 2.5567089e-16 4.3349847e+12 3.9476532e+11
2.2514845e-16 2.211754e-16 1.9502972e-16 1.7801363e-16 1.9777359e-16 1.9657561e-16 2.0608173e-16 2.0347806e-16 2.3123114e-16 2.0809053e-16 4.7481337e+12 4.3238873e+11
1.9235057e-16 1.8816127e-16 1.7132717e-16 1.4122917e-16 1.5794636e-16 1.7339988e-16 1.8319226e-16 1.7126429e-16 1.9591e-16 1.7535763e-16 5.2006581e+12 4.7359786e+11
1.6188518e-16 1.6072222e-16 1.358087e-16 1.2404862e-16 1.3660486e-16 1.380082e-16 1.4709686e-16 1.4218032e-16 1.6691317e-16 1.5309374e-16 5.6963108e+12 5.1873446e+11
1.3628208e-16 1.3406731e-16 1.1750895e-16 1.0029102e-16 1.1597799e-16 1.1766898e-16 1.260385e-16 1.2172865e-16 1.3895901e-16 1.2228849e-16 6.239202e+12 5.6817284e+11
1.1697195e-16 1.1493644e-16 9.8455962e-17 8.3599741e-17 9.4645891e-17 9.9754358e-17 1.0458145e-16 9.9552064e-17 1.1524167e-16 1.0892254e-16 6.8338338e+12 6.2232298e+11
9.6724308e-17 9.5858184e-17 8.2185686e-17 7.0783177e-17 7.9974818e-17 8.3460559e-17 8.8120943e-17 8.3794536e-17 9.9200292e-17 8.8434563e-17 7.4851375e+12 6.8163394e+11
7.9610149e-17 8.3268061e-17 6.865946e-17 5.7920397e-17 6.8216195e-17 6.7427855e-17 7.3555865e-17 7.0247832e-17 8.2090134e-17 7.3972916e-17 8.1985141e+12 7.4659758e+11
6.8426132e-17 6.7159527e-17 5.7889049e-17 4.9357291e-17 5.6906984e-17 5.8619787e-17 6.3432115e-17 6.0307504e-17 7.0658177e-17 6.1518604e-17 8.9798797e+12 8.1775262e+11
5.9017292e-17 5.6347873e-17 4.7717354e-17 4.0383172e-17 4.6769747e-17 4.8172692e-17 5.2248897e-17 5.0034973e-17 5.911319e-17 5.2048191e-17 9.8357139e+12 8.9568915e+11
4.8354622e-17 4.9142828e-17 4.0404682e-17 3.3682162e-17 3.9658504e-17 4.1018724e-17 4.3675621e-17 4.1004105e-17 4.927486e-17 4.4745777e-17 1.0773114e+13 9.8105348e+11
4.090095e-17 4.0467381e-17 3.4054343e-17 2.7833745e-17 3.2595492e-17 3.3803715e-17 3.7337838e-17 3.5465509e-17 4.2037439e-17 3.6635681e-17 1.1799854e+13 1.0745535e+12
3.4411382e-17 3.418856e-17 2.8030737e-17 2.3617911e-17 2.7633258e-17 2.8586979e-17 3.0794711e-17 2.9323835e-17 3.4660035e-17 3.074094e-17 1.2924448e+13 1.1769646e+12
2.9579605e-17 2.8709159e-17 2.3609393e-17 1.9308104e-17 2.301494e-17 2.3829716e-17 2.5947821e-17 2.4569303e-17 2.9590961e-17 2.6229192e-17 1.4156222e+13 1.2891361e+12
2.4177399e-17 2.3982717e-17 1.9859443e-17 1.6078157e-17 1.9001552e-17 1.9869092e-17 2.1756652e-17 2.0451163e-17 2.5191445e-17 2.1565183e-17 1.5505391e+13 1.4119982e+12
2.0420792e-17 2.0065102e-17 1.6419879e-17 1.3553729e-17 1.5996926e-17 1.6693692e-17 1.7899139e-17 1.7108859e-17 2.0719568e-17 1.8186053e-17 1.6983144e+13 1.5465698e+12
1.7380634e-17 1.6686241e-17 1.3730345e-17 1.0998734e-17 1.3305383e-17 1.400907e-17 1.525117e-17 1.4286272e-17 1.766357e-17 1.5232294e-17 1.8601735e+13 1.6939668e+12
1.4526364e-17 1.4230235e-17 1.1602111e-17 9.2726573e-18 1.1046464e-17 1.1509651e-17 1.2855429e-17 1.1883601e-17 1.4678267e-17 1.256325e-17 2.0374588e+13 1.8554116e+12
1.2138692e-17 1.1735293e-17 9.3867038e-18 7.5221852e-18 9.1110828e-18 9.5026699e-18 1.047053e-17 9.9765818e-18 1.2445538e-17 1.0483491e-17 2.2316403e+13 2.032243e+12
1.0062248e-17 9.974848e-18 7.8736128e-18 6.3315562e-18 7.7190519e-18 7.9930354e-18 8.7674262e-18 8.2050234e-18 1.0312798e-17 8.9171821e-18 2.4443285e+13 2.2259274e+12
8.5300574e-18 8.4212594e-18 6.5875965e-18 5.1618445e-18 6.3209815e-18 6.5168106e-18 7.3752073e-18 6.8646834e-18 8.6836874e-18 7.3160295e-18 2.677287e+13 2.4380711e+12
6.9885888e-18 6.9169253e-18 5.4970982e-18 4.2870694e-18 5.2613184e-18 5.5695577e-18 6.1361435e-18 5.7475928e-18 7.3181158e-18 6.0960145e-18 2.9324479e+13 2.6704333e+12
5.8564349e-18 5.8131033e-18 4.5295657e-18 3.5234236e-18 4.3481014e-18 4.5771401e-18 5.0695328e-18 4.7439013e-18 6.0705576e-18 5.1351464e-18 3.2119271e+13 2.9249409e+12
4.9710101e-18 4.7943964e-18 3.7197417e-18 2.9186272e-18 3.6139629e-18 3.7883346e-18 4.229627e-18 3.9182928e-18 5.0561871e-18 4.246334e-18 3.5180422e+13 3.2037046e+12
4.080118e-18 4.0012896e-18 3.1519574e-18 2.3801797e-18 3.0116077e-18 3.1258263e-18 3.5327863e-18 3.2505411e-18 4.2078888e-18 3.4881374e-18 3.8533318e+13 3.5090361e+12
3.444565e-18 3.3660214e-18 2.5284341e-18 1.9572795e-18 2.4680275e-18 2.6219103e-18 2.8896543e-18 2.7301048e-18 3.4664536e-18 2.9408341e-18 4.2205765e+13 3.8434674e+12
2.8076205e-18 2.8157296e-18 2.1263072e-18 1.5955474e-18 2.0382683e-18 2.1774186e-18 2.4028093e-18 2.2288529e-18 2.9612149e-18 2.453102e-18 4.6228217e+13 4.209772e+12
2.3348797e-18 2.3617544e-18 1.7642159e-18 1.2927927e-18 1.6781541e-18 1.731593e-18 2.0054358e-18 1.8645658e-18 2.4258283e-18 2.0067285e-18 5.0634032e+13 4.6109875e+12
1.9329886e-18 1.9015253e-18 1.467156e-18 1.0611934e-18 1.3610032e-18 1.4627036e-18 1.6558766e-18 1.5106592e-18 2.0554271e-18 1.6311446e-18 5.5459747e+13 5.0504411e+12
1.6234842e-18 1.589271e-18 1.1704621e-18 8.8684235e-19 1.1404639e-18 1.186824e-18 1.3768616e-18 1.2615775e-18 1.6971377e-18 1.3821959e-18 6.074538e+13 5.5317772e+12
1.3411504e-18 1.3299436e-18 9.9074905e-19 7.2164891e-19 9.3734093e-19 9.9881065e-19 1.1317349e-18 1.0324898e-18 1.3806057e-18 1.12329e-18 6.6534764e+13 6.0589874e+12
1.1122719e-18 1.0833068e-18 7.9707414e-19 5.8095567e-19 7.7784296e-19 8.2773358e-19 9.3763687e-19 8.5892712e-19 1.1417287e-18 9.3965989e-19 7.287591e+13 6.6364437e+12
9.3211692e-19 9.1350618e-19 6.635554e-19 4.6712898e-19 6.2705304e-19 6.7751501e-19 7.6354129e-19 6.9938196e-19 9.5949688e-19 7.5857055e-19 7.9821403e+13 7.268935e+12
7.6449e-19 7.5026522e-19 5.3874968e-19 3.8543499e-19 5.0953472e-19 5.3399588e-19 6.3519729e-19 5.7098311e-19 7.7480595e-19 6.2285643e-19 8.7428842e+13 7.9617063e+12
6.4040038e-19 6.0881515e-19 4.3855993e-19 3.1075668e-19 4.211962e-19 4.4783684e-19 4.9665238e-19 4.5070921e-19 6.5411945e-19 5.1155308e-19 9.5761313e+13 8.7205027e+12
5.1960946e-19 5.1282671e-19 3.5969685e-19 2.5823773e-19 3.4468926e-19 3.713608e-19 4.1218056e-19 3.8768407e-19 5.340338e-19 4.2223218e-19 1.0488792e+14 9.5516168e+12
4.2258831e-19 4.1903879e-19 2.8775187e-19 2.0354276e-19 2.8241727e-19 2.8667252e-19 3.4246425e-19 3.1741666e-19 4.3370633e-19 3.4936156e-19 1.1488434e+14 1.0461941e+13
3.4529049e-19 3.4257343e-19 2.2848187e-19 1.6335926e-19 2.2289353e-19 2.3952888e-19 2.7645402e-19 2.5509065e-19 3.5863522e-19 2.7593973e-19 1.2583348e+14 1.1459024e+13
2.8107257e-19 2.728017e-19 1.8874621e-19 1.2866178e-19 1.7762136e-19 1.8639483e-19 2.2196258e-19 1.9809494e-19 2.9858173e-19 2.2970034e-19 1.3782613e+14 1.2551135e+13
2.2369342e-19 2.2365979e-19 1.4848414e-19 1.0474372e-19 1.4665707e-19 1.5543783e-19 1.9052901e-19 1.6252427e-19 2.4401102e-19 1.8701813e-19 1.5096175e+14 1.374733e+13
1.9128096e-19 1.8366271e-19 1.2646427e-19 8.0131597e-20 1.1538502e-19 1.2374229e-19 1.5070267e-19 1.284122e-19 1.9415327e-19 1.4477806e-19 1.6534928e+14 1.505753e+13
1.5597171e-19 1.5224337e-19 9.6169496e-20 6.5569428e-20 9.2507641e-20 9.5646882e-20 1.1896562e-19 1.1172018e-19 1.5749313e-19 1.1975068e-19 1.8110802e+14 1.6492599e+13
1.2337793e-19 1.1939458e-19 7.7858668e-20 5.2083709e-20 7.4188506e-20 7.9837499e-20 9.5695856e-20 8.4612757e-20 1.2478943e-19 9.6211127e-20 1.9836865e+14 1.8064439e+13
9.9492044e-20 9.9263588e-20 6.0382143e-20 3.8635376e-20 5.7810123e-20 6.2148964e-20 7.4618543e-20 6.7441312e-20 1.0059111e-19 7.6619509e-20 2.1727432e+14 1.9786083e+13
8.2071375e-20 7.4877712e-20 5.0470697e-20 2.9808753e-20 4.6582675e-20 5.0785524e-20 5.9383476e-20 5.3672513e-20 8.1848264e-20 6.2200616e-20 2.3798182e+14 2.1671811e+13
6.4763638e-20 6.2725355e-20 3.8490521e-20 2.4857056e-20 3.6151919e-20 3.898457e-20 4.6277366e-20 4.2710645e-20 6.8003723e-20 4.9921517e-20 2.6066285e+14 2.3737259e+13
5.0775833e-20 4.7600316e-20 3.1004886e-20 1.8732e-20 2.6664574e-20 3.2332358e-20 3.718831e-20 3.2464359e-20 5.3437443e-20 3.9731447e-20 2.8550552e+14 2.5999557e+13
3.9743378e-20 3.8297439e-20 2.3780983e-20 1.335871e-20 2.1883454e-20 2.4698623e-20 2.9925988e-20 2.6948395e-20 4.2855645e-20 3.1779515e-20 3.1271584e+14 2.8477464e+13
3.3429347e-20 2.880561e-20 1.7762824e-20 1.1383175e-20 1.6901654e-20 1.8071315e-20 2.473267e-20 2.0737726e-20 3.123726e-20 2.3467909e-20 3.4251946e+14 3.119153e+13
2.5743431e-20 2.623573e-20 1.5197722e-20 9.0641925e-21 1.3266848e-20 1.4967306e-20 1.8028774e-20 1.609469e-20 2.6936741e-20 1.8762296e-20 3.7516353e+14 3.4164262e+13
1.9341746e-20 1.9337686e-20 1.1580228e-20 6.475991e-21 1.058403e-20 1.1422808e-20 1.5101095e-20 1.2331726e-20 1.9441336e-20 1.5018581e-20 4.1091878e+14 3.7420313e+13
1.5182535e-20 1.4855446e-20 8.7666507e-21 4.4393007e-21 7.6797844e-21 8.3423626e-21 1.0528365e-20 8.5345576e-21 1.6472172e-20 1.0808388e-20 4.500817e+14 4.0986684e+13
1.1746452e-20 1.1225509e-20 6.3392195e-21 4.0057689e-21 5.7659355e-21 6.762432e-21 8.9015388e-21 7.0365304e-21 1.2645465e-20 9.244213e-21 4.9297708e+14 4.4892951e+13
9.4152719e-21 8.6817818e-21 4.489779e-21 2.530043e-21 4.3064644e-21 5.1758194e-21 6.0595388e-21 5.9065612e-21 1.0494539e-20 6.8332256e-21 5.3996063e+14 4.9171507e+13
7.120914e-21 7.706534e-21 3.51385e-21 1.8277179e-21 3.2524228e-21 3.8162008e-21 4.958506e-21 3.950405e-21 7.9223197e-21 4.957496e-21 5.9142198e+14 5.3857835e+13
5.5975311e-21 5.4945838e-21 3.0075979e-21 1.4350932e-21 2.3658225e-21 2.7627483e-21 3.7498742e-21 2.8293864e-21 5.4143472e-21 3.4920702e-21 6.477879e+14 5.8990796e+13
3.891896e-21 3.7979939e-21 2.1222999e-21 7.2874934e-22 1.9035285e-21 1.8234775e-21 2.9916661e-21 2.5091171e-21 4.806261e-21 2.9096331e-21 7.0952581e+14 6.4612958e+13
3.0710862e-21 2.8641066e-21 1.4702502e-21 6.0344503e-22 1.4681313e-21 1.6121268e-21 2.0836308e-21 1.5523375e-21 3.2801664e-21 2.1195139e-21 7.771477e+14 7.0770945e+13
2.2137551e-21 2.2673025e-21 1.0541746e-21 4.2287328e-22 9.0687945e-22 1.0881524e-21 1.4009841e-21 1.1161422e-21 2.0253846e-21 1.4835681e-21 8.5121434e+14 7.7515823e+13
1.6573576e-21 1.7117068e-21 7.0003357e-22 3.9278793e-22 6.6532804e-22 7.9175259e-22 1.255562e-21 1.040142e-21 2.0473846e-21 1.0482486e-21 9.3233997e+14 8.4903527e+13
1.1800301e-21 1.3447876e-21 5.4304805e-22 1.6373596e-22 3.4916578e-22 6.4501438e-22 7.8203271e-22 6.7921992e-22 1.1973915e-21 8.0649219e-22 1.0211973e+15 9.2995321e+13
9.0859964e-22 8.9411347e-22 3.7355212e-22 1.2184239e-22 2.2613513e-22 3.2483491e-22 5.0857273e-22 3.4627214e-22 1.0485208e-21 4.4179017e-22 1.1185233e+15 1.0185831e+14
7.2693187e-22 6.4370195e-22 2.6140629e-22 1.0465966e-22 2.5956096e-22 2.8021758e-22 4.1072886e-22 3.1590028e-22 7.4586254e-22 3.1371567e-22 1.225125e+15 1.1156599e+14
3.4183085e-22 4.296786e-22 9.3899825e-23 6.7191783e-23 1.3221181e-22 2.0443335e-22 2.6900416e-22 1.4409618e-22 4.8725576e-22 2.8641835e-22 1.3418865e+15 1.2219887e+14
2.9518941e-22 2.2202448e-22 8.5621755e-23 5.6018582e-23 6.3426804e-23 1.1319025e-22 1.7860926e-22 1.591326e-22 3.7433677e-22 1.7931172e-22 1.469776e+15 1.3384513e+14
1.984609e-22 2.4200862e-22 5.4050862e-23 2.3158687e-23 6.937616e-23 1.0322274e-22 9.5119253e-23 7.5743439e-23 1.4672764e-22 1.023183e-22 1.6098541e+15 1.4660134e+14
1.1613631e-22 1.141907e-22 3.8333414e-23 1.6850331e-23 5.2696916e-23 4.98351e-23 1.0544767e-22 5.7583257e-23 1.7147211e-22 1.1209834e-22 1.7632824e+15 1.6057329e+14
1.3273673e-22 1.0439324e-22 3.9947425e-23 0 1.9213274e-23 2.5248129e-23 2.2651435e-23 4.7279317e-23 1.7046369e-22 6.822956e-23 1.9313334e+15 1.7587685e+14
3.6410401e-23 5.3682969e-23 1.8212859e-23 0 2.18911e-23 2.7629741e-23 4.135932e-23 2.3962446e-23 8.1070238e-23 6.2292707e-23 2.1154006e+15 1.9263892e+14
5.5486497e-23 3.2718011e-23 8.3036202e-24 6.3385796e-24 7.981486e-24 1.2598336e-23 1.4159644e-23 1.7488541e-23 4.5628302e-23 1.8957479e-23 2.3170104e+15 2.1099852e+14
1.5220245e-23 2.4925695e-23 3.7857927e-24 5.7649621e-24 3.6375582e-24 1.1488929e-23 2.5854133e-23 3.9886511e-24 2.6081979e-23 4.3269833e-24 2.5378348e+15 2.3110789e+14
1.8555535e-23 0 3.4520428e-24 0 0 0 7.8678559e-24 7.2776053e-24 9.5417219e-24 3.9504798e-24 2.7797051e+15 2.5313381e+14
8.4831389e-24 4.1663957e-24 0 0 3.0221939e-24 0 1.0774455e-23 0 2.1816897e-23 0 3.044627e+15 2.7725891e+14
1.5513138e-23 3.8089225e-24 2.8702178e-24 2.1686026e-24 2.7547266e-24 2.9044066e-24 0 3.0284709e-24 7.9814023e-24 3.2929043e-24 3.3347974e+15 3.0368328e+14
